  114  144
  1
  2
  1  0  0  0  1  0  0  0  1    0.000000    0.000000    0.000000    1.000000    0.000000    0.000000    0.000000    0.000000    0.000000    1.000000    0.000000  1
  0  1  0  1  0  0  0  0  1    0.000000    0.000000    0.500000    0.000000    0.000000   -0.707107   -0.707107    0.707107   -0.707107    0.000000    0.000000 -1
  8
    0.000000    0.000000    0.000000
    0.000000    0.000000    0.500000
    0.000000    0.500000    0.500000
    0.500000    0.000000    0.500000
    0.500000    0.500000    0.500000
    0.000000    0.500000    0.000000
    0.500000    0.000000    0.000000
    0.500000    0.500000    0.000000
  1
    1
    1  2  -41.214516    2.000000    0.000000
    3  1  -41.211766    1.000000    0.000000
    4  1  -41.208456    1.000000    0.000000
    5  2  -40.886215    2.000000    0.000000
    7  1  -40.885052    1.000000    0.000000
    8  1  -40.877128    1.000000    0.000000
    9  2  -40.468741    2.000000    0.000000
   11  1  -40.465558    1.000000    0.000000
   12  1  -40.462626    1.000000    0.000000
   13  1  -37.831498    1.000000    0.000000
   14  1  -37.826271    1.000000    0.000000
   15  1  -37.810723    1.000000    0.000000
   16  1  -37.809289    1.000000    0.000000
   17  1  -37.493760    1.000000    0.000000
   18  1  -37.483705    1.000000    0.000000
   19  1  -37.457123    1.000000    0.000000
   20  1  -37.454591    1.000000    0.000000
   21  1  -37.142700    1.000000    0.000000
   22  1  -37.138008    1.000000    0.000000
   23  1  -37.124802    1.000000    0.000000
   24  1  -37.123089    1.000000    0.000000
   25  1  -25.637272    1.000000    0.000000
   26  1  -25.633601    1.000000    0.000000
   27  1  -25.600696    1.000000    0.000000
   28  1  -25.597070    1.000000    0.000000
   29  1  -10.150505    1.000000    0.000000
   30  1   -9.862098    1.000000    0.000000
   31  1   -9.631222    1.000000    0.000000
   32  1   -9.592950    1.000000    0.000000
   33  1   -9.583476    1.000000    0.000000
   34  1   -9.555366    1.000000    0.000000
   35  1   -9.451662    1.000000    0.000000
   36  1   -9.413852    1.000000    0.000000
   37  1   -9.407853    1.000000    0.000000
   38  1   -9.388209    1.000000    0.000000
   39  1   -9.354235    1.000000    0.000000
   40  1   -9.323966    1.000000    0.000000
   41  1   -9.283871    1.000000    0.000000
   42  1   -9.218278    1.000000    0.000000
   43  1   -9.185979    1.000000    0.000000
   44  1   -9.008501    1.000000    0.000000
   45  1   -8.713280    1.000000    0.000000
   46  1   -8.501991    1.000000    0.000000
   47  1   -8.351701    1.000000    0.000000
   48  1   -8.190298    1.000000    0.000000
   49  1   -8.070647    1.000000    0.000000
   50  1   -8.054696    1.000000    0.000000
   51  1   -8.049649    1.000000    0.000000
   52  1   -8.034712    1.000000    0.000000
   53  1   -7.786071    1.000000    0.000000
   54  1   -7.768417    1.000000    0.000000
   55  1   -7.703646    1.000000    0.000000
   56  1   -7.691353    1.000000    0.000000
   57  1   -1.698202    1.000000    0.000000
   58  2   -1.465002    2.000000    0.000000
   60  1   -1.411026    1.000000    0.000000
   61  1   -1.314934    1.000000    0.000000
   62  1   -1.114109    1.000000    0.000000
   63  1   -1.103791    1.000000    0.000000
   64  1   -1.101221    1.000000    0.000000
   65  1   -0.751088    1.000000    0.000000
   66  1   -0.584160    1.000000    0.000000
   67  1   -0.479755    1.000000    0.000000
   68  1   -0.408607    1.000000    0.000000
   69  1   -0.355492    1.000000    0.000000
   70  1   -0.336553    1.000000    0.000000
   71  1   -0.285548    1.000000    0.000000
   72  1   -0.111079    1.000000    0.000000
   73  1    0.200277    1.000000    0.000000
   74  1    0.217511    1.000000    0.000000
   75  1    0.560761    1.000000    0.000000
   76  1    0.606862    1.000000    0.000000
   77  1    0.611340    1.000000    0.000000
   78  1    0.657329    1.000000    0.000000
   79  1    0.771991    1.000000    0.000000
   80  1    0.775826    1.000000    0.000000
   81  1    0.785572    1.000000    0.000000
   82  1    0.821038    1.000000    0.000000
   83  1    0.840385    1.000000    0.000000
   84  1    0.976913    1.000000    0.000000
   85  1    0.990973    1.000000    0.000000
   86  1    0.994340    1.000000    0.000000
   87  1    1.028405    1.000000    0.000000
   88  1    1.043742    1.000000    0.000000
   89  1    1.076471    1.000000    0.000000
   90  1    1.125161    1.000000    0.000000
   91  1    1.252059    1.000000    0.000000
   92  1    1.461400    1.000000    0.000000
   93  1    1.498538    1.000000    0.000000
   94  1    1.510356    1.000000    0.000000
   95  1    1.542511    1.000000    0.000000
   96  1    1.605482    1.000000    0.000000
   97  1    1.614811    1.000000    0.000000
   98  1    1.626768    1.000000    0.000000
   99  1    1.790507    1.000000    0.000000
  100  1    1.794984    1.000000    0.000000
  101  1    1.949276    1.000000    0.000000
  102  1    1.955417    1.000000    0.000000
  103  1    2.029286    1.000000    0.000000
  104  1    2.137611    1.000000    0.000000
  105  1    2.175230    1.000000    0.000000
  106  1    2.246685    1.000000    0.000000
  107  1    2.253987    1.000000    0.000000
  108  1    2.280350    1.000000    0.000000
  109  1    2.284350    1.000000    0.000000
  110  1    2.449983    1.000000    0.000000
  111  1    2.781731    1.000000    0.000000
  112  1    3.094663    1.000000    0.000000
  113  1    3.182824    1.000000    0.000000
  114  1    3.200127    1.000000    0.000000
  115  1    3.781624    1.000000    0.000000
  116  1    3.810473    1.000000    0.000000
  117  1    5.024674    1.000000    0.000000
  118  1    5.089225    1.000000    0.000000
  119  2    5.090393    2.000000    0.000000
  121  1    5.466137    1.000000    0.000000
  122  1    5.468192    1.000000    0.000000
  123  1    5.555995    1.000000    0.000000
  124  1    5.654572    1.000000    0.000000
  125  1    5.657078    1.000000    0.000000
  126  1    5.719831    1.000000    0.000000
  127  1    6.140014    1.000000    0.000000
  128  1    6.235724    1.000000    0.000000
  129  1    6.248553    1.000000    0.000000
  130  1    6.277194    1.000000    0.000000
  131  1    6.287919    1.000000    0.000000
  132  1    6.504095    1.000000    0.000000
  133  1    7.015430    1.000000    0.000000
  134  1    7.025413    1.000000    0.000000
  135  1    7.032644    1.000000    0.000000
  136  1    7.043457    1.000000    0.000000
  137  1    7.323487    1.000000    0.000000
  138  1    7.346347    1.000000    0.000000
  139  1    7.510473    1.000000    0.000000
  140  1    7.548527    1.000000    0.000000
  141  1    7.551119    1.000000    0.000000
  142  1    7.577662    1.000000    0.000000
  143  1    7.612100    1.000000    0.000000
  144  1    7.690324    1.000000    0.000000
  1
    1
    1  2  -41.214090    2.000000    0.000000
    3  2  -41.210274    2.000000    0.000000
    5  2  -40.885378    2.000000    0.000000
    7  2  -40.881670    2.000000    0.000000
    9  2  -40.468257    2.000000    0.000000
   11  2  -40.464428    2.000000    0.000000
   13  2  -37.828802    2.000000    0.000000
   15  2  -37.810108    2.000000    0.000000
   17  2  -37.488795    2.000000    0.000000
   19  2  -37.455937    2.000000    0.000000
   21  2  -37.140385    2.000000    0.000000
   23  2  -37.123986    2.000000    0.000000
   25  2  -25.635428    2.000000    0.000000
   27  2  -25.598874    2.000000    0.000000
   29  2  -10.045893    2.000000    0.000000
   31  2   -9.799981    2.000000    0.000000
   33  2   -9.630332    2.000000    0.000000
   35  2   -9.508992    2.000000    0.000000
   37  2   -9.300157    2.000000    0.000000
   39  2   -9.243516    2.000000    0.000000
   41  2   -8.970648    2.000000    0.000000
   43  2   -8.868884    2.000000    0.000000
   45  2   -8.412346    2.000000    0.000000
   47  2   -8.370958    2.000000    0.000000
   49  2   -8.204797    2.000000    0.000000
   51  2   -8.123816    2.000000    0.000000
   53  2   -7.983037    2.000000    0.000000
   55  2   -7.853843    2.000000    0.000000
   57  2   -1.007122    2.000000    0.000000
   59  2   -0.971634    2.000000    0.000000
   61  2   -0.785322    2.000000    0.000000
   63  2   -0.776909    2.000000    0.000000
   65  2   -0.638040    2.000000    0.000000
   67  2   -0.555175    2.000000    0.000000
   69  2   -0.353295    2.000000    0.000000
   71  2   -0.163522    2.000000    0.000000
   73  2   -0.113272    2.000000    0.000000
   75  2    0.093165    2.000000    0.000000
   77  2    0.237562    2.000000    0.000000
   79  2    0.356702    2.000000    0.000000
   81  2    0.552658    2.000000    0.000000
   83  2    0.903041    2.000000    0.000000
   85  2    0.943886    2.000000    0.000000
   87  2    1.120388    2.000000    0.000000
   89  2    1.174001    2.000000    0.000000
   91  2    1.249951    2.000000    0.000000
   93  2    1.508241    2.000000    0.000000
   95  2    1.550487    2.000000    0.000000
   97  2    1.611576    2.000000    0.000000
   99  2    1.690284    2.000000    0.000000
  101  2    1.826167    2.000000    0.000000
  103  2    2.075456    2.000000    0.000000
  105  2    2.310521    2.000000    0.000000
  107  2    2.361058    2.000000    0.000000
  109  2    2.852941    2.000000    0.000000
  111  2    2.920374    2.000000    0.000000
  113  2    3.021639    2.000000    0.000000
  115  2    3.331213    2.000000    0.000000
  117  2    4.438932    2.000000    0.000000
  119  2    4.865840    2.000000    0.000000
  121  2    5.256289    2.000000    0.000000
  123  2    5.349153    2.000000    0.000000
  125  2    6.085084    2.000000    0.000000
  127  2    6.378078    2.000000    0.000000
  129  2    6.466515    2.000000    0.000000
  131  2    6.610813    2.000000    0.000000
  133  2    6.801833    2.000000    0.000000
  135  2    6.845468    2.000000    0.000000
  137  2    6.987423    2.000000    0.000000
  139  2    7.144091    2.000000    0.000000
  141  2    7.382764    2.000000    0.000000
  143  2    7.545217    2.000000    0.000000
  1
    1
    1  1  -41.214235    1.000000    0.000000
    2  2  -41.213177    2.000000    0.000000
    4  1  -41.208768    1.000000    0.000000
    5  2  -40.885650    2.000000    0.000000
    7  2  -40.881704    2.000000    0.000000
    9  1  -40.468662    1.000000    0.000000
   10  2  -40.466985    2.000000    0.000000
   12  1  -40.462967    1.000000    0.000000
   13  1  -37.831350    1.000000    0.000000
   14  1  -37.825967    1.000000    0.000000
   15  2  -37.810361    2.000000    0.000000
   17  2  -37.488786    2.000000    0.000000
   19  1  -37.457147    1.000000    0.000000
   20  1  -37.454596    1.000000    0.000000
   21  1  -37.142615    1.000000    0.000000
   22  1  -37.137856    1.000000    0.000000
   23  2  -37.124193    2.000000    0.000000
   25  1  -25.636337    1.000000    0.000000
   26  1  -25.634517    1.000000    0.000000
   27  1  -25.599773    1.000000    0.000000
   28  1  -25.597976    1.000000    0.000000
   29  1  -10.167557    1.000000    0.000000
   30  1   -9.917279    1.000000    0.000000
   31  1   -9.819316    1.000000    0.000000
   32  1   -9.630289    1.000000    0.000000
   33  1   -9.545079    1.000000    0.000000
   34  1   -9.524646    1.000000    0.000000
   35  1   -9.462003    1.000000    0.000000
   36  1   -9.453900    1.000000    0.000000
   37  1   -9.372100    1.000000    0.000000
   38  1   -9.338005    1.000000    0.000000
   39  1   -9.280879    1.000000    0.000000
   40  1   -9.253263    1.000000    0.000000
   41  1   -9.209821    1.000000    0.000000
   42  1   -9.070716    1.000000    0.000000
   43  1   -9.027035    1.000000    0.000000
   44  1   -8.938560    1.000000    0.000000
   45  1   -8.559835    1.000000    0.000000
   46  1   -8.534349    1.000000    0.000000
   47  1   -8.283790    1.000000    0.000000
   48  1   -8.281414    1.000000    0.000000
   49  1   -8.248233    1.000000    0.000000
   50  1   -8.228246    1.000000    0.000000
   51  1   -8.135661    1.000000    0.000000
   52  1   -7.967224    1.000000    0.000000
   53  1   -7.930326    1.000000    0.000000
   54  1   -7.901369    1.000000    0.000000
   55  1   -7.838778    1.000000    0.000000
   56  1   -7.638850    1.000000    0.000000
   57  1   -1.283589    1.000000    0.000000
   58  1   -1.191658    1.000000    0.000000
   59  1   -1.181195    1.000000    0.000000
   60  1   -1.017985    1.000000    0.000000
   61  1   -0.885936    1.000000    0.000000
   62  1   -0.849017    1.000000    0.000000
   63  1   -0.691692    1.000000    0.000000
   64  1   -0.684634    1.000000    0.000000
   65  1   -0.601997    1.000000    0.000000
   66  1   -0.525900    1.000000    0.000000
   67  1   -0.480361    1.000000    0.000000
   68  1   -0.465584    1.000000    0.000000
   69  1   -0.355807    1.000000    0.000000
   70  1   -0.333875    1.000000    0.000000
   71  1   -0.296748    1.000000    0.000000
   72  1   -0.211864    1.000000    0.000000
   73  1   -0.173641    1.000000    0.000000
   74  1   -0.003098    1.000000    0.000000
   75  1    0.079862    1.000000    0.000000
   76  1    0.319156    1.000000    0.000000
   77  1    0.346491    1.000000    0.000000
   78  1    0.392326    1.000000    0.000000
   79  1    0.484079    1.000000    0.000000
   80  1    0.558458    1.000000    0.000000
   81  1    0.635402    1.000000    0.000000
   82  1    0.695193    1.000000    0.000000
   83  1    0.764886    1.000000    0.000000
   84  1    0.803262    1.000000    0.000000
   85  1    0.969121    1.000000    0.000000
   86  1    1.008761    1.000000    0.000000
   87  1    1.074172    1.000000    0.000000
   88  1    1.136112    1.000000    0.000000
   89  1    1.150522    1.000000    0.000000
   90  1    1.235695    1.000000    0.000000
   91  1    1.302800    1.000000    0.000000
   92  1    1.384405    1.000000    0.000000
   93  1    1.421168    1.000000    0.000000
   94  1    1.460680    1.000000    0.000000
   95  1    1.485757    1.000000    0.000000
   96  1    1.527800    1.000000    0.000000
   97  1    1.557137    1.000000    0.000000
   98  1    1.573532    1.000000    0.000000
   99  1    1.784847    1.000000    0.000000
  100  1    1.794554    1.000000    0.000000
  101  1    1.832356    1.000000    0.000000
  102  1    1.941839    1.000000    0.000000
  103  1    1.989958    1.000000    0.000000
  104  1    2.001056    1.000000    0.000000
  105  1    2.032830    1.000000    0.000000
  106  1    2.086278    1.000000    0.000000
  107  1    2.328150    1.000000    0.000000
  108  1    2.345625    1.000000    0.000000
  109  1    2.476172    1.000000    0.000000
  110  1    2.519988    1.000000    0.000000
  111  1    2.528499    1.000000    0.000000
  112  1    2.977288    1.000000    0.000000
  113  1    3.014260    1.000000    0.000000
  114  1    3.265623    1.000000    0.000000
  115  1    3.292103    1.000000    0.000000
  116  1    3.580915    1.000000    0.000000
  117  1    4.780519    1.000000    0.000000
  118  1    4.873591    1.000000    0.000000
  119  1    4.885796    1.000000    0.000000
  120  1    5.095739    1.000000    0.000000
  121  1    5.102917    1.000000    0.000000
  122  1    5.373067    1.000000    0.000000
  123  1    5.476603    1.000000    0.000000
  124  1    5.638792    1.000000    0.000000
  125  1    5.908582    1.000000    0.000000
  126  1    6.006135    1.000000    0.000000
  127  1    6.150608    1.000000    0.000000
  128  1    6.276082    1.000000    0.000000
  129  1    6.476569    1.000000    0.000000
  130  1    6.605663    1.000000    0.000000
  131  1    6.644438    1.000000    0.000000
  132  1    6.722431    1.000000    0.000000
  133  1    6.728907    1.000000    0.000000
  134  1    6.895661    1.000000    0.000000
  135  1    6.970850    1.000000    0.000000
  136  1    7.031929    1.000000    0.000000
  137  2    7.051551    2.000000    0.000000
  139  1    7.200061    1.000000    0.000000
  140  1    7.341631    1.000000    0.000000
  141  1    7.436124    1.000000    0.000000
  142  1    7.537795    1.000000    0.000000
  143  1    7.605687    1.000000    0.000000
  144  1    7.762740    1.000000    0.000000
  1
    1
    1  1  -41.214237    1.000000    0.000000
    2  2  -41.213181    2.000000    0.000000
    4  1  -41.208771    1.000000    0.000000
    5  2  -40.885651    2.000000    0.000000
    7  2  -40.881673    2.000000    0.000000
    9  1  -40.468665    1.000000    0.000000
   10  2  -40.466989    2.000000    0.000000
   12  1  -40.462970    1.000000    0.000000
   13  1  -37.831352    1.000000    0.000000
   14  1  -37.825962    1.000000    0.000000
   15  2  -37.810420    2.000000    0.000000
   17  2  -37.488804    2.000000    0.000000
   19  1  -37.457147    1.000000    0.000000
   20  1  -37.454596    1.000000    0.000000
   21  1  -37.142617    1.000000    0.000000
   22  1  -37.137852    1.000000    0.000000
   23  2  -37.124241    2.000000    0.000000
   25  1  -25.636337    1.000000    0.000000
   26  1  -25.634517    1.000000    0.000000
   27  1  -25.599773    1.000000    0.000000
   28  1  -25.597976    1.000000    0.000000
   29  1  -10.167558    1.000000    0.000000
   30  1   -9.917277    1.000000    0.000000
   31  1   -9.819317    1.000000    0.000000
   32  1   -9.630288    1.000000    0.000000
   33  1   -9.545070    1.000000    0.000000
   34  1   -9.524642    1.000000    0.000000
   35  1   -9.462022    1.000000    0.000000
   36  1   -9.453908    1.000000    0.000000
   37  1   -9.372076    1.000000    0.000000
   38  1   -9.338006    1.000000    0.000000
   39  1   -9.280889    1.000000    0.000000
   40  1   -9.253255    1.000000    0.000000
   41  1   -9.209828    1.000000    0.000000
   42  1   -9.070713    1.000000    0.000000
   43  1   -9.027039    1.000000    0.000000
   44  1   -8.938554    1.000000    0.000000
   45  1   -8.559836    1.000000    0.000000
   46  1   -8.534351    1.000000    0.000000
   47  1   -8.283785    1.000000    0.000000
   48  1   -8.281413    1.000000    0.000000
   49  1   -8.248235    1.000000    0.000000
   50  1   -8.228253    1.000000    0.000000
   51  1   -8.135658    1.000000    0.000000
   52  1   -7.967220    1.000000    0.000000
   53  1   -7.930324    1.000000    0.000000
   54  1   -7.901372    1.000000    0.000000
   55  1   -7.838779    1.000000    0.000000
   56  1   -7.638850    1.000000    0.000000
   57  1   -1.283589    1.000000    0.000000
   58  1   -1.191661    1.000000    0.000000
   59  1   -1.181194    1.000000    0.000000
   60  1   -1.017985    1.000000    0.000000
   61  1   -0.885931    1.000000    0.000000
   62  1   -0.849018    1.000000    0.000000
   63  1   -0.691691    1.000000    0.000000
   64  1   -0.684640    1.000000    0.000000
   65  1   -0.601993    1.000000    0.000000
   66  1   -0.525912    1.000000    0.000000
   67  1   -0.480345    1.000000    0.000000
   68  1   -0.465585    1.000000    0.000000
   69  1   -0.355806    1.000000    0.000000
   70  1   -0.333881    1.000000    0.000000
   71  1   -0.296749    1.000000    0.000000
   72  1   -0.211862    1.000000    0.000000
   73  1   -0.173640    1.000000    0.000000
   74  1   -0.003097    1.000000    0.000000
   75  1    0.079856    1.000000    0.000000
   76  1    0.319163    1.000000    0.000000
   77  1    0.346497    1.000000    0.000000
   78  1    0.392331    1.000000    0.000000
   79  1    0.484081    1.000000    0.000000
   80  1    0.558457    1.000000    0.000000
   81  1    0.635397    1.000000    0.000000
   82  1    0.695189    1.000000    0.000000
   83  1    0.764880    1.000000    0.000000
   84  1    0.803247    1.000000    0.000000
   85  1    0.969141    1.000000    0.000000
   86  1    1.008744    1.000000    0.000000
   87  1    1.074180    1.000000    0.000000
   88  1    1.136097    1.000000    0.000000
   89  1    1.150539    1.000000    0.000000
   90  1    1.235682    1.000000    0.000000
   91  1    1.302823    1.000000    0.000000
   92  1    1.384392    1.000000    0.000000
   93  1    1.421169    1.000000    0.000000
   94  1    1.460677    1.000000    0.000000
   95  1    1.485754    1.000000    0.000000
   96  1    1.527824    1.000000    0.000000
   97  1    1.557126    1.000000    0.000000
   98  1    1.573515    1.000000    0.000000
   99  1    1.784853    1.000000    0.000000
  100  1    1.794568    1.000000    0.000000
  101  1    1.832358    1.000000    0.000000
  102  1    1.941835    1.000000    0.000000
  103  1    1.989946    1.000000    0.000000
  104  1    2.001058    1.000000    0.000000
  105  1    2.032830    1.000000    0.000000
  106  1    2.086278    1.000000    0.000000
  107  1    2.328125    1.000000    0.000000
  108  1    2.345659    1.000000    0.000000
  109  1    2.476173    1.000000    0.000000
  110  1    2.519991    1.000000    0.000000
  111  1    2.528498    1.000000    0.000000
  112  1    2.977295    1.000000    0.000000
  113  1    3.014248    1.000000    0.000000
  114  1    3.265624    1.000000    0.000000
  115  1    3.292099    1.000000    0.000000
  116  1    3.580916    1.000000    0.000000
  117  1    4.780526    1.000000    0.000000
  118  1    4.873583    1.000000    0.000000
  119  1    4.885790    1.000000    0.000000
  120  1    5.095742    1.000000    0.000000
  121  1    5.102920    1.000000    0.000000
  122  1    5.373069    1.000000    0.000000
  123  1    5.476605    1.000000    0.000000
  124  1    5.638786    1.000000    0.000000
  125  1    5.908583    1.000000    0.000000
  126  1    6.006135    1.000000    0.000000
  127  1    6.150605    1.000000    0.000000
  128  1    6.276081    1.000000    0.000000
  129  1    6.476563    1.000000    0.000000
  130  1    6.605670    1.000000    0.000000
  131  1    6.644453    1.000000    0.000000
  132  1    6.722440    1.000000    0.000000
  133  1    6.728901    1.000000    0.000000
  134  1    6.895665    1.000000    0.000000
  135  1    6.970848    1.000000    0.000000
  136  1    7.031942    1.000000    0.000000
  137  2    7.051545    2.000000    0.000000
  139  1    7.200054    1.000000    0.000000
  140  1    7.341617    1.000000    0.000000
  141  1    7.436123    1.000000    0.000000
  142  1    7.537783    1.000000    0.000000
  143  1    7.605619    1.000000    0.000000
  144  1    7.762602    1.000000    0.000000
  1
    1
    1  2  -41.213270    2.000000    0.000000
    3  2  -41.211066    2.000000    0.000000
    5  2  -40.885371    2.000000    0.000000
    7  2  -40.881668    2.000000    0.000000
    9  2  -40.467076    2.000000    0.000000
   11  2  -40.465625    2.000000    0.000000
   13  2  -37.828499    2.000000    0.000000
   15  2  -37.810362    2.000000    0.000000
   17  2  -37.488784    2.000000    0.000000
   19  2  -37.455934    2.000000    0.000000
   21  2  -37.140161    2.000000    0.000000
   23  2  -37.124230    2.000000    0.000000
   25  2  -25.635423    2.000000    0.000000
   27  2  -25.598870    2.000000    0.000000
   29  2   -9.890778    2.000000    0.000000
   31  2   -9.661625    2.000000    0.000000
   33  2   -9.581193    2.000000    0.000000
   35  2   -9.519700    2.000000    0.000000
   37  2   -9.391417    2.000000    0.000000
   39  2   -9.321772    2.000000    0.000000
   41  2   -9.150744    2.000000    0.000000
   43  2   -9.032563    2.000000    0.000000
   45  2   -8.753293    2.000000    0.000000
   47  2   -8.395057    2.000000    0.000000
   49  2   -8.076640    2.000000    0.000000
   51  2   -8.025855    2.000000    0.000000
   53  2   -7.778758    2.000000    0.000000
   55  2   -7.699254    2.000000    0.000000
   57  2   -0.926563    2.000000    0.000000
   59  2   -0.806144    2.000000    0.000000
   61  2   -0.796301    2.000000    0.000000
   63  2   -0.671222    2.000000    0.000000
   65  2   -0.613948    2.000000    0.000000
   67  2   -0.519462    2.000000    0.000000
   69  2   -0.260767    2.000000    0.000000
   71  2   -0.181765    2.000000    0.000000
   73  2   -0.126663    2.000000    0.000000
   75  2   -0.058822    2.000000    0.000000
   77  2    0.399944    2.000000    0.000000
   79  2    0.405164    2.000000    0.000000
   81  2    0.497902    2.000000    0.000000
   83  2    0.590477    2.000000    0.000000
   85  2    0.771486    2.000000    0.000000
   87  2    1.104035    2.000000    0.000000
   89  2    1.146065    2.000000    0.000000
   91  2    1.168441    2.000000    0.000000
   93  2    1.503898    2.000000    0.000000
   95  2    1.530334    2.000000    0.000000
   97  2    1.743022    2.000000    0.000000
   99  2    1.757064    2.000000    0.000000
  101  2    1.932472    2.000000    0.000000
  103  2    1.981689    2.000000    0.000000
  105  2    2.237684    2.000000    0.000000
  107  2    2.495868    2.000000    0.000000
  109  2    2.514714    2.000000    0.000000
  111  2    2.559860    2.000000    0.000000
  113  2    2.766522    2.000000    0.000000
  115  2    3.696108    2.000000    0.000000
  117  2    4.566628    2.000000    0.000000
  119  2    4.992261    2.000000    0.000000
  121  2    5.009329    2.000000    0.000000
  123  2    5.274781    2.000000    0.000000
  125  2    6.031189    2.000000    0.000000
  127  2    6.144114    2.000000    0.000000
  129  2    6.743023    2.000000    0.000000
  131  2    6.798712    2.000000    0.000000
  133  2    6.868540    2.000000    0.000000
  135  2    6.907722    2.000000    0.000000
  137  2    6.960509    2.000000    0.000000
  139  2    7.128340    2.000000    0.000000
  141  2    7.282592    2.000000    0.000000
  143  2    7.427868    2.000000    0.000000
  1
    1
    1  1  -41.214347    1.000000    0.000000
    2  1  -41.212940    1.000000    0.000000
    3  2  -41.211160    2.000000    0.000000
    5  3  -40.886206    3.000000    0.000000
    8  1  -40.877143    1.000000    0.000000
    9  1  -40.468487    1.000000    0.000000
   10  1  -40.466754    1.000000    0.000000
   11  1  -40.465718    1.000000    0.000000
   12  1  -40.464408    1.000000    0.000000
   13  2  -37.828820    2.000000    0.000000
   15  1  -37.811048    1.000000    0.000000
   16  1  -37.809373    1.000000    0.000000
   17  1  -37.493765    1.000000    0.000000
   18  1  -37.483672    1.000000    0.000000
   19  2  -37.455923    2.000000    0.000000
   21  2  -37.140329    2.000000    0.000000
   23  1  -37.124982    1.000000    0.000000
   24  1  -37.123180    1.000000    0.000000
   25  1  -25.636337    1.000000    0.000000
   26  1  -25.634517    1.000000    0.000000
   27  1  -25.599773    1.000000    0.000000
   28  1  -25.597976    1.000000    0.000000
   29  1  -10.167654    1.000000    0.000000
   30  1   -9.916910    1.000000    0.000000
   31  1   -9.818672    1.000000    0.000000
   32  1   -9.637622    1.000000    0.000000
   33  1   -9.525279    1.000000    0.000000
   34  1   -9.509323    1.000000    0.000000
   35  1   -9.493568    1.000000    0.000000
   36  1   -9.471625    1.000000    0.000000
   37  1   -9.329998    1.000000    0.000000
   38  1   -9.327840    1.000000    0.000000
   39  1   -9.308632    1.000000    0.000000
   40  1   -9.260160    1.000000    0.000000
   41  1   -9.206865    1.000000    0.000000
   42  1   -9.070852    1.000000    0.000000
   43  1   -9.028833    1.000000    0.000000
   44  1   -8.936666    1.000000    0.000000
   45  1   -8.559769    1.000000    0.000000
   46  1   -8.534086    1.000000    0.000000
   47  1   -8.283664    1.000000    0.000000
   48  1   -8.281399    1.000000    0.000000
   49  1   -8.248340    1.000000    0.000000
   50  1   -8.229173    1.000000    0.000000
   51  1   -8.135121    1.000000    0.000000
   52  1   -7.966980    1.000000    0.000000
   53  1   -7.930208    1.000000    0.000000
   54  1   -7.901576    1.000000    0.000000
   55  1   -7.838864    1.000000    0.000000
   56  1   -7.638840    1.000000    0.000000
   57  1   -1.283602    1.000000    0.000000
   58  1   -1.191624    1.000000    0.000000
   59  1   -1.181227    1.000000    0.000000
   60  1   -1.018100    1.000000    0.000000
   61  1   -0.885865    1.000000    0.000000
   62  1   -0.848997    1.000000    0.000000
   63  1   -0.691685    1.000000    0.000000
   64  1   -0.684725    1.000000    0.000000
   65  1   -0.602010    1.000000    0.000000
   66  1   -0.525950    1.000000    0.000000
   67  1   -0.480380    1.000000    0.000000
   68  1   -0.465594    1.000000    0.000000
   69  1   -0.355678    1.000000    0.000000
   70  1   -0.334179    1.000000    0.000000
   71  1   -0.296437    1.000000    0.000000
   72  1   -0.211722    1.000000    0.000000
   73  1   -0.173699    1.000000    0.000000
   74  1   -0.002991    1.000000    0.000000
   75  1    0.079872    1.000000    0.000000
   76  1    0.320696    1.000000    0.000000
   77  1    0.346743    1.000000    0.000000
   78  1    0.390249    1.000000    0.000000
   79  1    0.483973    1.000000    0.000000
   80  1    0.558352    1.000000    0.000000
   81  1    0.635070    1.000000    0.000000
   82  1    0.695077    1.000000    0.000000
   83  1    0.765261    1.000000    0.000000
   84  1    0.803231    1.000000    0.000000
   85  1    0.973442    1.000000    0.000000
   86  1    1.005001    1.000000    0.000000
   87  1    1.074402    1.000000    0.000000
   88  1    1.135717    1.000000    0.000000
   89  1    1.151190    1.000000    0.000000
   90  1    1.233962    1.000000    0.000000
   91  1    1.304091    1.000000    0.000000
   92  1    1.384595    1.000000    0.000000
   93  1    1.421154    1.000000    0.000000
   94  1    1.461202    1.000000    0.000000
   95  1    1.486021    1.000000    0.000000
   96  1    1.527767    1.000000    0.000000
   97  1    1.559434    1.000000    0.000000
   98  1    1.570783    1.000000    0.000000
   99  1    1.783937    1.000000    0.000000
  100  1    1.793587    1.000000    0.000000
  101  1    1.831965    1.000000    0.000000
  102  1    1.943017    1.000000    0.000000
  103  1    1.990153    1.000000    0.000000
  104  1    2.000888    1.000000    0.000000
  105  1    2.032243    1.000000    0.000000
  106  1    2.086806    1.000000    0.000000
  107  1    2.328870    1.000000    0.000000
  108  1    2.345197    1.000000    0.000000
  109  1    2.475301    1.000000    0.000000
  110  1    2.520375    1.000000    0.000000
  111  1    2.529452    1.000000    0.000000
  112  1    2.991435    1.000000    0.000000
  113  1    2.998886    1.000000    0.000000
  114  1    3.267209    1.000000    0.000000
  115  1    3.291944    1.000000    0.000000
  116  1    3.580596    1.000000    0.000000
  117  1    4.780425    1.000000    0.000000
  118  1    4.873488    1.000000    0.000000
  119  1    4.885902    1.000000    0.000000
  120  1    5.095814    1.000000    0.000000
  121  1    5.102773    1.000000    0.000000
  122  1    5.372932    1.000000    0.000000
  123  1    5.476621    1.000000    0.000000
  124  1    5.638869    1.000000    0.000000
  125  1    5.908683    1.000000    0.000000
  126  1    6.006171    1.000000    0.000000
  127  1    6.150703    1.000000    0.000000
  128  1    6.276001    1.000000    0.000000
  129  1    6.475961    1.000000    0.000000
  130  1    6.604756    1.000000    0.000000
  131  1    6.644475    1.000000    0.000000
  132  1    6.723363    1.000000    0.000000
  133  1    6.728488    1.000000    0.000000
  134  1    6.896265    1.000000    0.000000
  135  1    6.970916    1.000000    0.000000
  136  1    7.031395    1.000000    0.000000
  137  1    7.051155    1.000000    0.000000
  138  1    7.053459    1.000000    0.000000
  139  1    7.200154    1.000000    0.000000
  140  1    7.340927    1.000000    0.000000
  141  1    7.436279    1.000000    0.000000
  142  1    7.538271    1.000000    0.000000
  143  1    7.605584    1.000000    0.000000
  144  1    7.762772    1.000000    0.000000
  1
    1
    1  1  -41.214349    1.000000    0.000000
    2  1  -41.212942    1.000000    0.000000
    3  2  -41.211142    2.000000    0.000000
    5  3  -40.886206    3.000000    0.000000
    8  1  -40.877143    1.000000    0.000000
    9  1  -40.468490    1.000000    0.000000
   10  1  -40.466758    1.000000    0.000000
   11  1  -40.465700    1.000000    0.000000
   12  1  -40.464420    1.000000    0.000000
   13  2  -37.828871    2.000000    0.000000
   15  1  -37.811059    1.000000    0.000000
   16  1  -37.809365    1.000000    0.000000
   17  1  -37.493765    1.000000    0.000000
   18  1  -37.483672    1.000000    0.000000
   19  2  -37.455952    2.000000    0.000000
   21  2  -37.140388    2.000000    0.000000
   23  1  -37.124990    1.000000    0.000000
   24  1  -37.123174    1.000000    0.000000
   25  1  -25.636337    1.000000    0.000000
   26  1  -25.634517    1.000000    0.000000
   27  1  -25.599773    1.000000    0.000000
   28  1  -25.597976    1.000000    0.000000
   29  1  -10.167654    1.000000    0.000000
   30  1   -9.916908    1.000000    0.000000
   31  1   -9.818671    1.000000    0.000000
   32  1   -9.637624    1.000000    0.000000
   33  1   -9.525275    1.000000    0.000000
   34  1   -9.509315    1.000000    0.000000
   35  1   -9.493582    1.000000    0.000000
   36  1   -9.471625    1.000000    0.000000
   37  1   -9.330000    1.000000    0.000000
   38  1   -9.327833    1.000000    0.000000
   39  1   -9.308637    1.000000    0.000000
   40  1   -9.260169    1.000000    0.000000
   41  1   -9.206859    1.000000    0.000000
   42  1   -9.070850    1.000000    0.000000
   43  1   -9.028835    1.000000    0.000000
   44  1   -8.936664    1.000000    0.000000
   45  1   -8.559766    1.000000    0.000000
   46  1   -8.534087    1.000000    0.000000
   47  1   -8.283668    1.000000    0.000000
   48  1   -8.281408    1.000000    0.000000
   49  1   -8.248333    1.000000    0.000000
   50  1   -8.229168    1.000000    0.000000
   51  1   -8.135122    1.000000    0.000000
   52  1   -7.966978    1.000000    0.000000
   53  1   -7.930209    1.000000    0.000000
   54  1   -7.901577    1.000000    0.000000
   55  1   -7.838863    1.000000    0.000000
   56  1   -7.638840    1.000000    0.000000
   57  1   -1.283602    1.000000    0.000000
   58  1   -1.191620    1.000000    0.000000
   59  1   -1.181229    1.000000    0.000000
   60  1   -1.018101    1.000000    0.000000
   61  1   -0.885865    1.000000    0.000000
   62  1   -0.848994    1.000000    0.000000
   63  1   -0.691688    1.000000    0.000000
   64  1   -0.684726    1.000000    0.000000
   65  1   -0.602011    1.000000    0.000000
   66  1   -0.525953    1.000000    0.000000
   67  1   -0.480376    1.000000    0.000000
   68  1   -0.465594    1.000000    0.000000
   69  1   -0.355680    1.000000    0.000000
   70  1   -0.334168    1.000000    0.000000
   71  1   -0.296448    1.000000    0.000000
   72  1   -0.211724    1.000000    0.000000
   73  1   -0.173699    1.000000    0.000000
   74  1   -0.002994    1.000000    0.000000
   75  1    0.079876    1.000000    0.000000
   76  1    0.320688    1.000000    0.000000
   77  1    0.346739    1.000000    0.000000
   78  1    0.390242    1.000000    0.000000
   79  1    0.483975    1.000000    0.000000
   80  1    0.558355    1.000000    0.000000
   81  1    0.635072    1.000000    0.000000
   82  1    0.695081    1.000000    0.000000
   83  1    0.765264    1.000000    0.000000
   84  1    0.803246    1.000000    0.000000
   85  1    0.973428    1.000000    0.000000
   86  1    1.005012    1.000000    0.000000
   87  1    1.074402    1.000000    0.000000
   88  1    1.135672    1.000000    0.000000
   89  1    1.151245    1.000000    0.000000
   90  1    1.233951    1.000000    0.000000
   91  1    1.304086    1.000000    0.000000
   92  1    1.384622    1.000000    0.000000
   93  1    1.421134    1.000000    0.000000
   94  1    1.461195    1.000000    0.000000
   95  1    1.486011    1.000000    0.000000
   96  1    1.527760    1.000000    0.000000
   97  1    1.559448    1.000000    0.000000
   98  1    1.570791    1.000000    0.000000
   99  1    1.783931    1.000000    0.000000
  100  1    1.793567    1.000000    0.000000
  101  1    1.831977    1.000000    0.000000
  102  1    1.943006    1.000000    0.000000
  103  1    1.990158    1.000000    0.000000
  104  1    2.000895    1.000000    0.000000
  105  1    2.032252    1.000000    0.000000
  106  1    2.086805    1.000000    0.000000
  107  1    2.328875    1.000000    0.000000
  108  1    2.345190    1.000000    0.000000
  109  1    2.475312    1.000000    0.000000
  110  1    2.520373    1.000000    0.000000
  111  1    2.529442    1.000000    0.000000
  112  1    2.991427    1.000000    0.000000
  113  1    2.998893    1.000000    0.000000
  114  1    3.267210    1.000000    0.000000
  115  1    3.291947    1.000000    0.000000
  116  1    3.580596    1.000000    0.000000
  117  1    4.780420    1.000000    0.000000
  118  1    4.873496    1.000000    0.000000
  119  1    4.885910    1.000000    0.000000
  120  1    5.095807    1.000000    0.000000
  121  1    5.102771    1.000000    0.000000
  122  1    5.372923    1.000000    0.000000
  123  1    5.476617    1.000000    0.000000
  124  1    5.638873    1.000000    0.000000
  125  1    5.908689    1.000000    0.000000
  126  1    6.006167    1.000000    0.000000
  127  1    6.150704    1.000000    0.000000
  128  1    6.276001    1.000000    0.000000
  129  1    6.475969    1.000000    0.000000
  130  1    6.604752    1.000000    0.000000
  131  1    6.644465    1.000000    0.000000
  132  1    6.723354    1.000000    0.000000
  133  1    6.728496    1.000000    0.000000
  134  1    6.896259    1.000000    0.000000
  135  1    6.970915    1.000000    0.000000
  136  1    7.031375    1.000000    0.000000
  137  1    7.051164    1.000000    0.000000
  138  1    7.053467    1.000000    0.000000
  139  1    7.200165    1.000000    0.000000
  140  1    7.340932    1.000000    0.000000
  141  1    7.436292    1.000000    0.000000
  142  1    7.538358    1.000000    0.000000
  143  1    7.605621    1.000000    0.000000
  144  1    7.764586    1.000000    0.000000
  1
    1
    1  3  -41.213565    3.000000    0.000000
    4  1  -41.209271    1.000000    0.000000
    5  2  -40.886205    2.000000    0.000000
    7  1  -40.885049    1.000000    0.000000
    8  1  -40.877181    1.000000    0.000000
    9  2  -40.467805    2.000000    0.000000
   11  1  -40.466513    1.000000    0.000000
   12  1  -40.463600    1.000000    0.000000
   13  1  -37.831208    1.000000    0.000000
   14  1  -37.825681    1.000000    0.000000
   15  1  -37.811359    1.000000    0.000000
   16  1  -37.809437    1.000000    0.000000
   17  1  -37.493765    1.000000    0.000000
   18  1  -37.483650    1.000000    0.000000
   19  1  -37.457175    1.000000    0.000000
   20  1  -37.454593    1.000000    0.000000
   21  1  -37.142520    1.000000    0.000000
   22  1  -37.137728    1.000000    0.000000
   23  1  -37.125132    1.000000    0.000000
   24  1  -37.123291    1.000000    0.000000
   25  2  -25.635428    2.000000    0.000000
   27  2  -25.598874    2.000000    0.000000
   29  2  -10.046224    2.000000    0.000000
   31  1   -9.800456    1.000000    0.000000
   32  1   -9.797643    1.000000    0.000000
   33  1   -9.635523    1.000000    0.000000
   34  1   -9.626221    1.000000    0.000000
   35  1   -9.515821    1.000000    0.000000
   36  1   -9.506730    1.000000    0.000000
   37  1   -9.292106    1.000000    0.000000
   38  1   -9.289984    1.000000    0.000000
   39  1   -9.252851    1.000000    0.000000
   40  1   -9.247219    1.000000    0.000000
   41  1   -8.973649    1.000000    0.000000
   42  1   -8.972192    1.000000    0.000000
   43  2   -8.867522    2.000000    0.000000
   45  2   -8.412044    2.000000    0.000000
   47  2   -8.371045    2.000000    0.000000
   49  2   -8.207016    2.000000    0.000000
   51  2   -8.122365    2.000000    0.000000
   53  2   -7.983035    2.000000    0.000000
   55  2   -7.854004    2.000000    0.000000
   57  1   -1.008199    1.000000    0.000000
   58  1   -1.005934    1.000000    0.000000
   59  1   -0.972558    1.000000    0.000000
   60  1   -0.970641    1.000000    0.000000
   61  1   -0.785396    1.000000    0.000000
   62  1   -0.783567    1.000000    0.000000
   63  1   -0.778491    1.000000    0.000000
   64  1   -0.776877    1.000000    0.000000
   65  2   -0.638462    2.000000    0.000000
   67  1   -0.555813    1.000000    0.000000
   68  1   -0.554750    1.000000    0.000000
   69  1   -0.354262    1.000000    0.000000
   70  1   -0.352245    1.000000    0.000000
   71  1   -0.167036    1.000000    0.000000
   72  1   -0.161157    1.000000    0.000000
   73  1   -0.115336    1.000000    0.000000
   74  1   -0.110102    1.000000    0.000000
   75  2    0.092832    2.000000    0.000000
   77  1    0.234731    1.000000    0.000000
   78  1    0.240278    1.000000    0.000000
   79  1    0.353591    1.000000    0.000000
   80  1    0.360392    1.000000    0.000000
   81  1    0.551788    1.000000    0.000000
   82  1    0.552885    1.000000    0.000000
   83  1    0.900484    1.000000    0.000000
   84  1    0.903277    1.000000    0.000000
   85  1    0.943717    1.000000    0.000000
   86  1    0.950347    1.000000    0.000000
   87  1    1.117582    1.000000    0.000000
   88  1    1.122746    1.000000    0.000000
   89  1    1.174636    1.000000    0.000000
   90  1    1.176378    1.000000    0.000000
   91  1    1.246823    1.000000    0.000000
   92  1    1.249200    1.000000    0.000000
   93  1    1.502363    1.000000    0.000000
   94  1    1.506975    1.000000    0.000000
   95  1    1.546454    1.000000    0.000000
   96  1    1.552403    1.000000    0.000000
   97  1    1.610762    1.000000    0.000000
   98  1    1.618936    1.000000    0.000000
   99  1    1.689517    1.000000    0.000000
  100  1    1.691210    1.000000    0.000000
  101  2    1.825554    2.000000    0.000000
  103  1    2.074404    1.000000    0.000000
  104  1    2.076984    1.000000    0.000000
  105  1    2.303899    1.000000    0.000000
  106  1    2.316256    1.000000    0.000000
  107  1    2.355888    1.000000    0.000000
  108  1    2.368216    1.000000    0.000000
  109  1    2.851229    1.000000    0.000000
  110  1    2.854400    1.000000    0.000000
  111  1    2.916642    1.000000    0.000000
  112  1    2.918969    1.000000    0.000000
  113  2    3.024174    2.000000    0.000000
  115  2    3.330463    2.000000    0.000000
  117  2    4.439113    2.000000    0.000000
  119  2    4.865965    2.000000    0.000000
  121  2    5.255394    2.000000    0.000000
  123  2    5.348732    2.000000    0.000000
  125  2    6.085471    2.000000    0.000000
  127  1    6.376269    1.000000    0.000000
  128  1    6.378536    1.000000    0.000000
  129  1    6.464143    1.000000    0.000000
  130  1    6.467845    1.000000    0.000000
  131  1    6.608928    1.000000    0.000000
  132  1    6.613757    1.000000    0.000000
  133  1    6.794132    1.000000    0.000000
  134  1    6.808816    1.000000    0.000000
  135  1    6.836254    1.000000    0.000000
  136  1    6.853950    1.000000    0.000000
  137  1    6.984431    1.000000    0.000000
  138  1    6.990360    1.000000    0.000000
  139  1    7.142965    1.000000    0.000000
  140  1    7.145353    1.000000    0.000000
  141  2    7.386140    2.000000    0.000000
  143  1    7.541783    1.000000    0.000000
  144  1    7.542834    1.000000    0.000000
