  110  144
  1
  8
  1  0  0  0  1  0  0  0  1    0.000000    0.000000    0.000000    1.000000    0.000000    0.000000    0.000000    0.000000    0.000000    1.000000    0.000000  1
 -1  0  0 -1  0  1 -1  1  0    0.000000    0.000000    0.000000    0.000000    0.707107    0.707107    0.000000   -0.707107    0.000000    0.000000   -0.707107  1
 -1  0  0  0 -1  0  0  0 -1    0.000000    0.000000    0.000000    1.000000    0.000000    0.000000    0.000000    0.000000    0.000000    1.000000    0.000000  1
  1  0  0  1  0 -1  1 -1  0    0.000000    0.000000    0.000000    0.000000    0.707107    0.707107    0.000000   -0.707107    0.000000    0.000000   -0.707107  1
  0  1 -1  1  0 -1  0  0 -1    0.500000    0.000000    0.500000    0.000000    0.000000    0.000000   -1.000000    0.000000   -1.000000    0.000000    0.000000 -1
  0 -1  1  0 -1  0  1 -1  0    0.500000    0.000000    0.500000    0.000000   -0.707107    0.707107    0.000000   -0.707107    0.000000    0.000000    0.707107 -1
  0 -1  1 -1  0  1  0  0  1    0.500000    0.000000    0.500000    0.000000    0.000000    0.000000   -1.000000    0.000000   -1.000000    0.000000    0.000000 -1
  0  1 -1  0  1  0 -1  1  0    0.500000    0.000000    0.500000    0.000000   -0.707107    0.707107    0.000000   -0.707107    0.000000    0.000000    0.707107 -1
  7
    0.000000    0.000000    0.000000
    0.000000    0.500000    0.000000
    0.500000    0.000000    0.000000
    0.000000    0.500000    0.500000
    0.500000    0.500000    0.000000
    0.250000    0.250000    0.250000
    0.500000    0.500000    0.500000
  4
    1    2    3    4
    1  1  -41.088970    1.000000    0.000000    0.000000   -0.999999   -1.000000    0.000000    0.000000    1.000000
    2  1  -41.085849    1.000000    0.000000    0.000000   -0.999956   -1.000000    0.000000    0.000000    0.999956
    3  2  -41.076419    2.000000    0.000000    0.000000    0.000053   -2.000000    0.000000    0.000000   -0.000053
    5  1  -40.770868    1.000000    0.000000    0.000000   -0.999423   -1.000000    0.000000    0.000000    0.999424
    6  1  -40.762529    1.000000    0.000000    0.000000    0.999422   -1.000000    0.000000    0.000000   -0.999422
    7  2  -40.744263    2.000000    0.000000    0.000000    2.000000   -2.000000    0.000000    0.000000   -1.999999
    9  1  -40.344178    1.000000    0.000000    0.000000   -1.000000   -1.000000    0.000000    0.000000    1.000000
   10  1  -40.340637    1.000000    0.000000    0.000000   -0.999979   -1.000000    0.000000    0.000000    0.999979
   11  2  -40.329392    2.000000    0.000000    0.000000   -0.000006   -2.000000    0.000000    0.000000    0.000006
   13  1  -37.789939    1.000000    0.000000    0.000000    1.000000   -1.000000    0.000000    0.000000   -1.000000
   14  1  -37.784519    1.000000    0.000000    0.000000    1.000000   -1.000000    0.000000    0.000000   -1.000000
   15  2  -37.737824    2.000000    0.000000    0.000000    0.000024   -2.000000    0.000000    0.000000   -0.000023
   17  1  -37.479713    1.000000    0.000000    0.000000    0.999623   -1.000000    0.000000    0.000000   -0.999623
   18  1  -37.469132    1.000000    0.000000    0.000000   -0.999621   -1.000000    0.000000    0.000000    0.999622
   19  1  -37.374033    1.000000    0.000000    0.000000   -1.000000   -1.000000    0.000000    0.000000    1.000000
   20  1  -37.372529    1.000000    0.000000    0.000000   -1.000000   -1.000000    0.000000    0.000000    1.000000
   21  1  -37.170838    1.000000    0.000000    0.000000    1.000000   -1.000000    0.000000    0.000000   -1.000000
   22  1  -37.165880    1.000000    0.000000    0.000000    1.000000   -1.000000    0.000000    0.000000   -1.000000
   23  1  -37.116708    1.000000    0.000000    0.000000    0.974199   -1.000000    0.000000    0.000000   -0.974198
   24  1  -37.115378    1.000000    0.000000    0.000000   -0.974181   -1.000000    0.000000    0.000000    0.974182
   25  2  -19.376370    2.000000    0.000000    0.000000    0.000000    0.000000    0.000000    0.000000   -1.999979
   27  2  -19.374449    2.000000    0.000000    0.000000    0.000000    0.000000    0.000000    0.000000    1.999979
   29  2  -19.200839    2.000000    0.000000    0.000000    0.000000    0.000000    0.000000    0.000000   -1.999984
   31  2  -19.198888    2.000000    0.000000    0.000000    0.000000    0.000000    0.000000    0.000000    1.999933
   33  2  -19.196976    2.000000    0.000000    0.000000    0.000000    0.000000    0.000000    0.000000   -1.999911
   35  2  -19.195096    2.000000    0.000000    0.000000    0.000000    0.000000    0.000000    0.000000    1.999962
   37  1   -9.975807    1.000000    0.000000    0.000000   -1.000000    1.000000    0.000000    0.000000   -1.000000
   38  1   -9.747113    1.000000    0.000000    0.000000    1.000000    1.000000    0.000000    0.000000    1.000000
   39  1   -9.032113    1.000000    0.000000    0.000000    1.000000   -1.000000    0.000000    0.000000   -1.000000
   40  1   -8.693030    1.000000    0.000000    0.000000   -1.000000   -1.000000    0.000000    0.000000    1.000000
   41  3   -8.428440    3.000000    0.000000    0.000000    1.000002   -3.000000    0.000000    0.000000   -1.000002
   44  3   -8.388021    3.000000    0.000000    0.000000   -0.999995    3.000000    0.000000    0.000000   -0.999995
   47  3   -8.087789    3.000000    0.000000    0.000000    1.000001    3.000000    0.000000    0.000000    1.000001
   50  3   -8.068914    3.000000    0.000000    0.000000   -0.999998   -3.000000    0.000000    0.000000    0.999999
   53  1   -1.804473    1.000000    0.000000    0.000000    1.000000    1.000000    0.000000    0.000000    1.000000
   54  1   -1.519253    1.000000    0.000000    0.000000    0.998475    1.000000    0.000000    0.000000    0.998475
   55  1   -1.517049    1.000000    0.000000    0.000000   -0.997210    1.000000    0.000000    0.000000   -0.997210
   56  1   -1.514607    1.000000    0.000000    0.000000    0.998734    1.000000    0.000000    0.000000    0.998734
   57  1   -1.350277    1.000000    0.000000    0.000000   -0.999999    1.000000    0.000000    0.000000   -0.999999
   58  3   -1.157472    3.000000    0.000000    0.000000   -1.000002    3.000000    0.000000    0.000000   -1.000002
   61  1   -0.592820    1.000000    0.000000    0.000000    1.000000   -1.000000    0.000000    0.000000   -0.999999
   62  2   -0.439210    2.000000    0.000000    0.000000   -0.000000   -2.000000    0.000000    0.000000    0.000000
   64  1   -0.355296    1.000000    0.000000    0.000000   -0.999800   -1.000000    0.000000    0.000000    0.999800
   65  2   -0.352776    2.000000    0.000000    0.000000   -0.000215   -2.000000    0.000000    0.000000    0.000216
   67  2   -0.304069    2.000000    0.000000    0.000000    0.000003    2.000000    0.000000    0.000000    0.000003
   69  1    0.632107    1.000000    0.000000    0.000000   -0.999816    1.000000    0.000000    0.000000   -0.999816
   70  1    0.637576    1.000000    0.000000    0.000000    0.999717    1.000000    0.000000    0.000000    0.999717
   71  1    0.643178    1.000000    0.000000    0.000000   -0.999899    1.000000    0.000000    0.000000   -0.999899
   72  1    0.728033    1.000000    0.000000    0.000000    0.999879    1.000000    0.000000    0.000000    0.999879
   73  1    0.739246    1.000000    0.000000    0.000000   -0.999865    1.000000    0.000000    0.000000   -0.999865
   74  1    0.753851    1.000000    0.000000    0.000000    0.999937    1.000000    0.000000    0.000000    0.999937
   75  1    0.772692    1.000000    0.000000    0.000000   -0.998191    1.000000    0.000000    0.000000   -0.998191
   76  1    0.773876    1.000000    0.000000    0.000000    0.998177    1.000000    0.000000    0.000000    0.998177
   77  1    1.225775    1.000000    0.000000    0.000000    0.999976   -1.000000    0.000000    0.000000   -0.999976
   78  1    1.237640    1.000000    0.000000    0.000000   -0.999956   -1.000000    0.000000    0.000000    0.999956
   79  1    1.250643    1.000000    0.000000    0.000000    0.999978   -1.000000    0.000000    0.000000   -0.999978
   80  1    1.271213    1.000000    0.000000    0.000000    0.998015    1.000000    0.000000    0.000000    0.998015
   81  1    1.273760    1.000000    0.000000    0.000000   -0.998006    1.000000    0.000000    0.000000   -0.998006
   82  1    1.465008    1.000000    0.000000    0.000000   -0.999958   -1.000000    0.000000    0.000000    0.999958
   83  2    1.477449    2.000000    0.000000    0.000000    0.006364    2.000000    0.000000    0.000000    0.006364
   85  1    1.479184    1.000000    0.000000    0.000000    0.999899   -1.000000    0.000000    0.000000   -0.999899
   86  2    1.491342    2.000000    0.000000    0.000000   -1.999882    0.000000    0.000000    0.000000   -0.000006
   88  1    1.522725    1.000000    0.000000    0.000000    0.999986    1.000000    0.000000    0.000000    0.999986
   89  1    1.533294    1.000000    0.000000    0.000000   -0.999716    1.000000    0.000000    0.000000   -0.999716
   90  1    1.534649    1.000000    0.000000    0.000000    0.999597    1.000000    0.000000    0.000000    0.999597
   91  1    1.542955    1.000000    0.000000    0.000000    0.999978    1.000000    0.000000    0.000000    0.999978
   92  1    1.559628    1.000000    0.000000    0.000000   -0.999975    1.000000    0.000000    0.000000   -0.999975
   93  1    1.579453    1.000000    0.000000    0.000000    0.999993    1.000000    0.000000    0.000000    0.999993
   94  1    1.843750    1.000000    0.000000    0.000000   -0.999999   -1.000000    0.000000    0.000000    0.999999
   95  1    1.860528    1.000000    0.000000    0.000000    0.999998   -1.000000    0.000000    0.000000   -0.999998
   96  1    1.880965    1.000000    0.000000    0.000000   -0.999999   -1.000000    0.000000    0.000000    0.999999
   97  1    1.947590    1.000000    0.000000    0.000000   -0.999989    1.000000    0.000000    0.000000   -0.999989
   98  1    1.959133    1.000000    0.000000    0.000000    0.999979    1.000000    0.000000    0.000000    0.999979
   99  1    1.970114    1.000000    0.000000    0.000000   -0.999989    1.000000    0.000000    0.000000   -0.999989
  100  1    2.056017    1.000000    0.000000    0.000000    0.999998   -1.000000    0.000000    0.000000   -0.999998
  101  1    2.072767    1.000000    0.000000    0.000000   -0.999995   -1.000000    0.000000    0.000000    0.999995
  102  1    2.087132    1.000000    0.000000    0.000000    0.999996   -1.000000    0.000000    0.000000   -0.999996
  103  1    2.143394    1.000000    0.000000    0.000000    0.999999    1.000000    0.000000    0.000000    0.999999
  104  1    2.194386    1.000000    0.000000    0.000000    0.998498    1.000000    0.000000    0.000000    0.998498
  105  1    2.196610    1.000000    0.000000    0.000000   -0.997886    1.000000    0.000000    0.000000   -0.997886
  106  1    2.200230    1.000000    0.000000    0.000000    0.999392    1.000000    0.000000    0.000000    0.999392
  107  1    2.953265    1.000000    0.000000    0.000000    0.999989   -1.000000    0.000000    0.000000   -0.999989
  108  1    2.984941    1.000000    0.000000    0.000000   -0.999979   -1.000000    0.000000    0.000000    0.999979
  109  1    3.022874    1.000000    0.000000    0.000000    0.999990   -1.000000    0.000000    0.000000   -0.999990
  110  1    3.360416    1.000000    0.000000    0.000000   -0.999985   -1.000000    0.000000    0.000000    0.999985
  111  1    3.391184    1.000000    0.000000    0.000000    0.999971   -1.000000    0.000000    0.000000   -0.999971
  112  1    3.418577    1.000000    0.000000    0.000000   -0.999986   -1.000000    0.000000    0.000000    0.999986
  113  2    5.569009    2.000000    0.000000    0.000000    0.000000    2.000000    0.000000    0.000000    0.000000
  115  1    5.643944    1.000000    0.000000    0.000000    0.992253    1.000000    0.000000    0.000000    0.992253
  116  1    5.645187    1.000000    0.000000    0.000000   -0.988376    1.000000    0.000000    0.000000   -0.988376
  117  1    5.646774    1.000000    0.000000    0.000000    0.996101    1.000000    0.000000    0.000000    0.996101
  118  2    5.883216    2.000000    0.000000    0.000000    0.000007    2.000000    0.000000    0.000000    0.000007
  120  1    5.916948    1.000000    0.000000    0.000000   -0.999830    1.000000    0.000000    0.000000   -0.999830
  121  1    5.923823    1.000000    0.000000    0.000000    0.999680    1.000000    0.000000    0.000000    0.999680
  122  1    5.929898    1.000000    0.000000    0.000000   -0.999835    1.000000    0.000000    0.000000   -0.999835
  123  1    6.126606    1.000000    0.000000    0.000000   -1.000000    1.000000    0.000000    0.000000   -1.000000
  124  1    6.429950    1.000000    0.000000    0.000000   -0.999951    1.000000    0.000000    0.000000   -0.999951
  125  1    6.440488    1.000000    0.000000    0.000000    0.999869    1.000000    0.000000    0.000000    0.999869
  126  1    6.448673    1.000000    0.000000    0.000000   -0.999917    1.000000    0.000000    0.000000   -0.999917
  127  1    6.833366    1.000000    0.000000    0.000000   -0.999969    1.000000    0.000000    0.000000   -0.999969
  128  1    6.836189    1.000000    0.000000    0.000000    0.999965    1.000000    0.000000    0.000000    0.999965
  129  1    6.840232    1.000000    0.000000    0.000000   -0.999993    1.000000    0.000000    0.000000   -0.999993
  130  1    6.952527    1.000000    0.000000    0.000000    0.999943    0.999999    0.000000    0.000000    0.999943
  131  1    6.960537    1.000000    0.000000    0.000000   -0.999888    0.999999    0.000000    0.000000   -0.999888
  132  1    6.968520    1.000000    0.000000    0.000000    0.999944    0.999999    0.000000    0.000000    0.999944
  133  2    7.765464    2.000000    0.000000    0.000000    0.002732    1.999931    0.000000    0.000000    0.002715
  135  1    7.793920    1.000000    0.000000    0.000000   -0.986041    0.999927    0.000000    0.000000   -0.986041
  136  1    7.804342    1.000000    0.000000    0.000000    0.957298    0.999609    0.000000    0.000000    0.957154
  137  1    7.813908    1.000000    0.000000    0.000000   -0.978698    0.999801    0.000000    0.000000   -0.978668
  138  1    7.884449    1.000000    0.000000    0.000000    0.998021    0.999927    0.000000    0.000000    0.998020
  139  1    7.897524    1.000000    0.000000    0.000000   -0.980229    0.999929    0.000000    0.000000   -0.980208
  140  1    7.908433    1.000000    0.000000    0.000000    0.977025    0.999950    0.000000    0.000000    0.977040
  141  1    8.121865    1.000000    0.000000    0.000000    0.996180    0.999909    0.000000    0.000000    0.996119
  142  1    8.208371    1.000000    0.000000    0.000000    0.923396    0.999929    0.000000    0.000000    0.923346
  143  1    8.209846    1.000000    0.000000    0.000000   -0.700684    0.999959    0.000000    0.000000   -0.700687
  144  1    8.226246    1.000000    0.000000    0.000000    0.351834    0.999888    0.000000    0.000000    0.351879
  2
    1    3
    1  1  -41.088942    1.000000    0.000000   -1.000000    0.000000
    2  1  -41.085432    1.000000    0.000000   -1.000000    0.000000
    3  2  -41.076507    2.000000    0.000000    0.000000    0.000000
    5  2  -40.766824    2.000000    0.000000    0.000000    0.000000
    7  2  -40.744345    2.000000    0.000000   -2.000000    0.000000
    9  1  -40.344184    1.000000    0.000000   -1.000000    0.000000
   10  1  -40.340303    1.000000    0.000000   -1.000000    0.000000
   11  2  -40.329426    2.000000    0.000000    0.000000    0.000000
   13  1  -37.789864    1.000000    0.000000   -1.000000    0.000000
   14  1  -37.784334    1.000000    0.000000   -1.000000    0.000000
   15  2  -37.737550    2.000000    0.000000    0.000000    0.000000
   17  2  -37.474576    2.000000    0.000000    0.000000    0.000000
   19  1  -37.374060    1.000000    0.000000   -1.000000    0.000000
   20  1  -37.372531    1.000000    0.000000   -1.000000    0.000000
   21  1  -37.170848    1.000000    0.000000   -1.000000    0.000000
   22  1  -37.165852    1.000000    0.000000   -1.000000    0.000000
   23  2  -37.116201    2.000000    0.000000    0.000000    0.000000
   25  2  -19.376150    2.000000    0.000000    0.000000    0.000000
   27  2  -19.374207    2.000000    0.000000    0.000000    0.000000
   29  2  -19.200849    2.000000    0.000000    0.000000    0.000000
   31  2  -19.198410    2.000000    0.000000    0.000000    0.000000
   33  2  -19.196597    2.000000    0.000000    0.000000    0.000000
   35  2  -19.194978    2.000000    0.000000    0.000000    0.000000
   37  1   -9.725678    1.000000    0.000000    1.000000    0.000000
   38  1   -9.480357    1.000000    0.000000    1.000000    0.000000
   39  1   -9.302639    1.000000    0.000000   -1.000000    0.000000
   40  1   -9.008389    1.000000    0.000000   -1.000000    0.000000
   41  1   -8.561930    1.000000    0.000000   -1.000000    0.000000
   42  1   -8.463228    1.000000    0.000000    1.000000    0.000000
   43  1   -8.461274    1.000000    0.000000    1.000000    0.000000
   44  1   -8.362395    1.000000    0.000000   -1.000000    0.000000
   45  1   -8.359968    1.000000    0.000000   -1.000000    0.000000
   46  1   -8.334693    1.000000    0.000000    1.000000    0.000000
   47  1   -8.211110    1.000000    0.000000   -1.000000    0.000000
   48  1   -8.148607    1.000000    0.000000    1.000000    0.000000
   49  1   -8.146848    1.000000    0.000000    1.000000    0.000000
   50  2   -8.016699    2.000000    0.000000    0.000000    0.000000
   52  1   -8.014298    1.000000    0.000000   -1.000000    0.000000
   53  1   -1.326924    1.000000    0.000000    1.000000    0.000000
   54  2   -1.136985    2.000000    0.000000    2.000000    0.000000
   56  1   -0.885968    1.000000    0.000000    1.000000    0.000000
   57  1   -0.800414    1.000000    0.000000    1.000000    0.000000
   58  1   -0.799000    1.000000    0.000000    1.000000    0.000000
   59  1   -0.683067    1.000000    0.000000   -1.000000    0.000000
   60  1   -0.592997    1.000000    0.000000    1.000000    0.000000
   61  1   -0.520941    1.000000    0.000000   -1.000000    0.000000
   62  1   -0.482191    1.000000    0.000000   -1.000000    0.000000
   63  1   -0.476692    1.000000    0.000000   -1.000000    0.000000
   64  1   -0.324849    1.000000    0.000000    1.000000    0.000000
   65  1   -0.323561    1.000000    0.000000    1.000000    0.000000
   66  1   -0.238629    1.000000    0.000000   -1.000000    0.000000
   67  1   -0.230658    1.000000    0.000000   -1.000000    0.000000
   68  1    0.020261    1.000000    0.000000    1.000000    0.000000
   69  1    0.063264    1.000000    0.000000   -1.000000    0.000000
   70  1    0.108962    1.000000    0.000000   -1.000000    0.000000
   71  1    0.411682    1.000000    0.000000    1.000000    0.000000
   72  1    0.418227    1.000000    0.000000    1.000000    0.000000
   73  1    0.448465    1.000000    0.000000   -1.000000    0.000000
   74  1    0.481266    1.000000    0.000000   -1.000000    0.000000
   75  1    0.562112    1.000000    0.000000    1.000000    0.000000
   76  1    0.685560    1.000000    0.000000    1.000000    0.000000
   77  1    0.687908    1.000000    0.000000    1.000000    0.000000
   78  1    0.926398    1.000000    0.000000    1.000000    0.000000
   79  1    0.928627    1.000000    0.000000    1.000000    0.000000
   80  1    0.930612    1.000000    0.000000   -1.000000    0.000000
   81  1    0.941880    1.000000    0.000000   -1.000000    0.000000
   82  1    1.254485    1.000000    0.000000   -1.000000    0.000000
   83  1    1.287643    1.000000    0.000000   -1.000000    0.000000
   84  1    1.330155    1.000000    0.000000    1.000000    0.000000
   85  1    1.364248    1.000000    0.000000   -1.000000    0.000000
   86  1    1.365829    1.000000    0.000000    1.000000    0.000000
   87  1    1.422748    1.000000    0.000000    1.000000    0.000000
   88  1    1.431425    1.000000    0.000000    1.000000    0.000000
   89  1    1.449918    1.000000    0.000000   -1.000000    0.000000
   90  1    1.461037    1.000000    0.000000   -1.000000    0.000000
   91  1    1.487634    1.000000    0.000000    1.000000    0.000000
   92  1    1.499920    1.000000    0.000000    1.000000    0.000000
   93  1    1.529395    1.000000    0.000000    1.000000    0.000000
   94  1    1.594360    1.000000    0.000000    1.000000    0.000000
   95  1    1.604635    1.000000    0.000000    1.000000    0.000000
   96  1    1.605936    1.000000    0.000000   -1.000000    0.000000
   97  1    1.740719    1.000000    0.000000    1.000000    0.000000
   98  1    2.082400    1.000000    0.000000   -1.000000    0.000000
   99  1    2.151418    1.000000    0.000000   -1.000000    0.000000
  100  1    2.186156    1.000000    0.000000   -1.000000    0.000000
  101  1    2.199255    1.000000    0.000000    1.000000    0.000000
  102  1    2.267641    1.000000    0.000000    1.000000    0.000000
  103  1    2.279937    1.000000    0.000000   -1.000000    0.000000
  104  1    2.287730    1.000000    0.000000    1.000000    0.000000
  105  1    2.373807    1.000000    0.000000    1.000000    0.000000
  106  1    2.412456    1.000000    0.000000   -1.000000    0.000000
  107  1    2.843240    1.000000    0.000000   -1.000000    0.000000
  108  1    2.889894    1.000000    0.000000   -1.000000    0.000000
  109  1    2.920083    1.000000    0.000000    1.000000    0.000000
  110  1    2.944990    1.000000    0.000000    1.000000    0.000000
  111  1    3.115999    1.000000    0.000000   -1.000000    0.000000
  112  1    3.162311    1.000000    0.000000   -1.000000    0.000000
  113  1    5.211824    1.000000    0.000000    1.000000    0.000000
  114  1    5.214491    1.000000    0.000000    1.000000    0.000000
  115  1    5.282363    1.000000    0.000000   -1.000000    0.000000
  116  1    5.290935    1.000000    0.000000   -1.000000    0.000000
  117  1    5.343673    1.000000    0.000000    1.000000    0.000000
  118  1    5.594773    1.000000    0.000000    1.000000    0.000000
  119  1    5.847903    1.000000    0.000000    1.000000    0.000000
  120  1    5.854512    1.000000    0.000000    1.000000    0.000000
  121  1    6.064081    1.000000    0.000000    1.000000    0.000000
  122  1    6.074467    1.000000    0.000000    1.000000    0.000000
  123  1    6.381151    1.000000    0.000000    1.000000    0.000000
  124  1    6.538239    1.000000    0.000000    1.000000    0.000000
  125  1    6.581180    1.000000    0.000000    1.000000    0.000000
  126  1    6.641922    1.000000    0.000000   -0.999999    0.000000
  127  1    6.824991    1.000000    0.000000   -0.999999    0.000000
  128  2    6.836210    2.000000    0.000000   -0.000003    0.000000
  130  1    6.970315    1.000000    0.000000    1.000000    0.000000
  131  1    6.979931    1.000000    0.000000    0.999999    0.000000
  132  1    7.136990    1.000000    0.000000    0.999999    0.000000
  133  1    7.170525    1.000000    0.000000   -0.999996    0.000000
  134  1    7.204806    1.000000    0.000000   -0.999998    0.000000
  135  1    7.517022    1.000000    0.000000    0.999998    0.000000
  136  1    7.544296    1.000000    0.000000    0.999999    0.000000
  137  1    7.557643    1.000000    0.000000    0.999995    0.000000
  138  1    7.641914    1.000000    0.000000    0.999979    0.000000
  139  1    7.656808    1.000000    0.000000    0.999999    0.000000
  140  1    7.717450    1.000000    0.000000    0.999998    0.000000
  141  1    8.847763    1.000000    0.000000   -0.979366    0.000000
  142  1    8.857276    1.000000    0.000000    0.981351    0.000000
  143  1    8.900014    1.000000    0.000000    0.998271    0.000000
  144  1    9.111405    1.000000    0.000000   -0.991753    0.000000
  4
    1    2    3    4
    1  2  -41.087346    2.000000    0.000000    0.000000   -0.000013    0.000000    0.000000    0.000000    1.999987
    3  2  -41.076691    2.000000    0.000000    0.000000    0.000040    2.000000    0.000000    0.000000    0.000040
    5  1  -40.770867    1.000000    0.000000    0.000000    0.999431    1.000000    0.000000    0.000000    0.999431
    6  1  -40.762458    1.000000    0.000000    0.000000   -0.999429    1.000000    0.000000    0.000000   -0.999429
    7  2  -40.743898    2.000000    0.000000    0.000000    0.000000    0.000000    0.000000    0.000000   -2.000000
    9  2  -40.342370    2.000000    0.000000    0.000000   -0.000006    0.000000    0.000000    0.000000    1.999994
   11  2  -40.329751    2.000000    0.000000    0.000000    0.000031    2.000000    0.000000    0.000000    0.000031
   13  2  -37.787272    2.000000    0.000000    0.000000    0.000000    0.000000    0.000000    0.000000   -2.000000
   15  1  -37.738053    1.000000    0.000000    0.000000   -0.961786    1.000000    0.000000    0.000000   -0.961786
   16  1  -37.736947    1.000000    0.000000    0.000000    0.961764    1.000000    0.000000    0.000000    0.961764
   17  1  -37.479730    1.000000    0.000000    0.000000   -0.999625    1.000000    0.000000    0.000000   -0.999625
   18  1  -37.469119    1.000000    0.000000    0.000000    0.999623    1.000000    0.000000    0.000000    0.999623
   19  2  -37.373364    2.000000    0.000000    0.000000    0.000000    0.000000    0.000000    0.000000    2.000000
   21  2  -37.168431    2.000000    0.000000    0.000000    0.000000    0.000000    0.000000    0.000000   -2.000000
   23  1  -37.116805    1.000000    0.000000    0.000000   -0.976839    1.000000    0.000000    0.000000   -0.976839
   24  1  -37.115402    1.000000    0.000000    0.000000    0.976823    1.000000    0.000000    0.000000    0.976823
   25  2  -19.376129    2.000000    0.000000    0.000000    0.000001    0.000000    0.000000    0.000000   -1.999979
   27  2  -19.374229    2.000000    0.000000    0.000000   -0.000000    0.000000    0.000000    0.000000    1.999979
   29  2  -19.200428    2.000000    0.000000    0.000000    0.000003    0.000000    0.000000    0.000000   -1.999983
   31  2  -19.198875    2.000000    0.000000    0.000000   -0.000000    0.000000    0.000000    0.000000    1.999936
   33  2  -19.196908    2.000000    0.000000    0.000000   -0.000010    0.000000    0.000000    0.000000   -1.999913
   35  2  -19.194622    2.000000    0.000000    0.000000    0.000007    0.000000    0.000000    0.000000    1.999960
   37  1   -9.725674    1.000000    0.000000    0.000000    1.000000   -1.000000    0.000000    0.000000   -1.000000
   38  1   -9.480341    1.000000    0.000000    0.000000   -1.000000   -1.000000    0.000000    0.000000    1.000000
   39  1   -9.302643    1.000000    0.000000    0.000000   -1.000000    1.000000    0.000000    0.000000   -1.000000
   40  1   -9.008433    1.000000    0.000000    0.000000    1.000000    1.000000    0.000000    0.000000    1.000000
   41  1   -8.561964    1.000000    0.000000    0.000000   -1.000000    1.000000    0.000000    0.000000   -1.000000
   42  2   -8.462393    2.000000    0.000000    0.000000    0.000002   -2.000000    0.000000    0.000000   -0.000002
   44  2   -8.361323    2.000000    0.000000    0.000000   -0.000000    2.000000    0.000000    0.000000   -0.000000
   46  1   -8.334713    1.000000    0.000000    0.000000    0.999999   -1.000000    0.000000    0.000000   -0.999999
   47  1   -8.210986    1.000000    0.000000    0.000000    1.000000    1.000000    0.000000    0.000000    1.000000
   48  2   -8.147856    2.000000    0.000000    0.000000   -0.000001   -2.000000    0.000000    0.000000    0.000001
   50  3   -8.016335    3.000000    0.000000    0.000000   -0.999999    1.000000    0.000000    0.000000    0.999999
   53  1   -1.326933    1.000000    0.000000    0.000000   -0.999999   -1.000000    0.000000    0.000000    1.000000
   54  2   -1.136990    2.000000    0.000000    0.000000    0.000002   -2.000000    0.000000    0.000000   -0.000002
   56  1   -0.885933    1.000000    0.000000    0.000000    0.999998   -1.000000    0.000000    0.000000   -0.999998
   57  2   -0.799806    2.000000    0.000000    0.000000    0.000056   -2.000000    0.000000    0.000000   -0.000056
   59  1   -0.683298    1.000000    0.000000    0.000000    0.999998    1.000000    0.000000    0.000000    0.999998
   60  1   -0.593008    1.000000    0.000000    0.000000   -0.999999   -1.000000    0.000000    0.000000    0.999999
   61  1   -0.520904    1.000000    0.000000    0.000000   -0.999996    1.000000    0.000000    0.000000   -0.999996
   62  2   -0.479659    2.000000    0.000000    0.000000    0.000158    2.000000    0.000000    0.000000    0.000158
   64  2   -0.324240    2.000000    0.000000    0.000000   -0.000001   -2.000000    0.000000    0.000000    0.000001
   66  2   -0.234677    2.000000    0.000000    0.000000    0.000003    2.000000    0.000000    0.000000    0.000003
   68  1    0.020065    1.000000    0.000000    0.000000    1.000000   -1.000000    0.000000    0.000000   -1.000000
   69  1    0.063255    1.000000    0.000000    0.000000    0.999997    1.000000    0.000000    0.000000    0.999997
   70  1    0.109056    1.000000    0.000000    0.000000   -0.999997    1.000000    0.000000    0.000000   -0.999997
   71  2    0.414922    2.000000    0.000000    0.000000   -0.000026   -2.000000    0.000000    0.000000    0.000026
   73  2    0.464624    2.000000    0.000000    0.000000   -0.000072    2.000000    0.000000    0.000000   -0.000072
   75  1    0.561736    1.000000    0.000000    0.000000    0.999999   -1.000000    0.000000    0.000000   -0.999999
   76  2    0.686763    2.000000    0.000000    0.000000   -0.000211   -2.000000    0.000000    0.000000    0.000211
   78  2    0.927212    2.000000    0.000000    0.000000    0.000001   -2.000000    0.000000    0.000000   -0.000001
   80  2    0.936142    2.000000    0.000000    0.000000    0.000000    2.000000    0.000000    0.000000    0.000000
   82  1    1.264799    1.000000    0.000000    0.000000    0.999844    1.000000    0.000000    0.000000    0.999844
   83  1    1.271142    1.000000    0.000000    0.000000   -0.999847    1.000000    0.000000    0.000000   -0.999847
   84  1    1.330957    1.000000    0.000000    0.000000   -1.000000   -1.000000    0.000000    0.000000    1.000000
   85  1    1.368049    1.000000    0.000000    0.000000   -0.999996   -1.000000    0.000000    0.000000    0.999996
   86  1    1.372541    1.000000    0.000000    0.000000    0.999997    1.000000    0.000000    0.000000    0.999997
   87  1    1.426050    1.000000    0.000000    0.000000    0.998190   -1.000000    0.000000    0.000000   -0.998190
   88  1    1.428721    1.000000    0.000000    0.000000   -0.998254   -1.000000    0.000000    0.000000    0.998254
   89  1    1.452506    1.000000    0.000000    0.000000   -0.999748    1.000000    0.000000    0.000000   -0.999748
   90  1    1.456477    1.000000    0.000000    0.000000    0.999746    1.000000    0.000000    0.000000    0.999746
   91  1    1.481691    1.000000    0.000000    0.000000    0.999935   -1.000000    0.000000    0.000000   -0.999935
   92  1    1.513780    1.000000    0.000000    0.000000    0.992410   -1.000000    0.000000    0.000000   -0.992410
   93  1    1.515406    1.000000    0.000000    0.000000   -0.992406   -1.000000    0.000000    0.000000    0.992407
   94  2    1.600441    2.000000    0.000000    0.000000   -0.002057   -2.000000    0.000000    0.000000    0.002057
   96  1    1.606039    1.000000    0.000000    0.000000   -1.000000    1.000000    0.000000    0.000000   -1.000000
   97  1    1.740362    1.000000    0.000000    0.000000    1.000000   -1.000000    0.000000    0.000000   -1.000000
   98  1    2.082681    1.000000    0.000000    0.000000    1.000000    1.000000    0.000000    0.000000    1.000000
   99  2    2.167463    2.000000    0.000000    0.000000    0.000018    2.000000    0.000000    0.000000    0.000018
  101  1    2.201568    1.000000    0.000000    0.000000   -0.999998   -1.000000    0.000000    0.000000    0.999998
  102  1    2.275564    1.000000    0.000000    0.000000    0.999960   -1.000000    0.000000    0.000000   -0.999960
  103  1    2.277681    1.000000    0.000000    0.000000   -0.999959   -1.000000    0.000000    0.000000    0.999959
  104  1    2.280574    1.000000    0.000000    0.000000   -0.999998    1.000000    0.000000    0.000000   -0.999998
  105  1    2.374330    1.000000    0.000000    0.000000   -0.999999   -1.000000    0.000000    0.000000    1.000000
  106  1    2.413126    1.000000    0.000000    0.000000    1.000000    1.000000    0.000000    0.000000    1.000000
  107  2    2.864115    2.000000    0.000000    0.000000   -0.000028    2.000000    0.000000    0.000000   -0.000028
  109  2    2.932439    2.000000    0.000000    0.000000    0.000010   -2.000000    0.000000    0.000000   -0.000010
  111  2    3.140908    2.000000    0.000000    0.000000   -0.000012    2.000000    0.000000    0.000000   -0.000012
  113  2    5.212934    2.000000    0.000000    0.000000   -0.000000   -2.000000    0.000000    0.000000    0.000000
  115  2    5.286332    2.000000    0.000000    0.000000   -0.000021    2.000000    0.000000    0.000000   -0.000021
  117  1    5.343646    1.000000    0.000000    0.000000   -0.999999   -1.000000    0.000000    0.000000    0.999999
  118  1    5.594924    1.000000    0.000000    0.000000    1.000000   -1.000000    0.000000    0.000000   -1.000000
  119  2    5.851187    2.000000    0.000000    0.000000    0.000025   -2.000000    0.000000    0.000000   -0.000025
  121  2    6.069010    2.000000    0.000000    0.000000   -0.000015   -2.000000    0.000000    0.000000    0.000015
  123  1    6.380638    1.000000    0.000000    0.000000    1.000000   -1.000000    0.000000    0.000000   -1.000000
  124  2    6.559536    2.000000    0.000000    0.000000    0.000006   -1.999998    0.000000    0.000000   -0.000004
  126  1    6.639729    1.000000    0.000000    0.000000   -1.000000    1.000000    0.000000    0.000000   -1.000000
  127  1    6.830395    1.000000    0.000000    0.000000    0.999950    1.000000    0.000000    0.000000    0.999950
  128  1    6.832532    1.000000    0.000000    0.000000   -0.999950    1.000000    0.000000    0.000000   -0.999950
  129  1    6.837114    1.000000    0.000000    0.000000   -0.999997   -0.999997    0.000000    0.000000    0.999999
  130  2    6.975302    2.000000    0.000000    0.000000    0.000520   -1.999997    0.000000    0.000000   -0.000516
  132  1    7.137217    1.000000    0.000000    0.000000    0.999998   -1.000000    0.000000    0.000000   -0.999998
  133  2    7.187575    2.000000    0.000000    0.000000    0.000001    1.999996    0.000000    0.000000    0.000004
  135  1    7.515752    1.000000    0.000000    0.000000    0.999990   -0.999992    0.000000    0.000000   -0.999983
  136  1    7.549835    1.000000    0.000000    0.000000   -0.999962   -0.999986    0.000000    0.000000    0.999976
  137  1    7.552373    1.000000    0.000000    0.000000    0.999973   -0.999994    0.000000    0.000000   -0.999967
  138  1    7.647580    1.000000    0.000000    0.000000   -0.999867   -0.999967    0.000000    0.000000    0.999899
  139  1    7.650971    1.000000    0.000000    0.000000    0.999889   -0.999999    0.000000    0.000000   -0.999888
  140  1    7.718489    1.000000    0.000000    0.000000   -0.999981   -0.999998    0.000000    0.000000    0.999982
  141  1    8.847464    1.000000    0.000000    0.000000    0.994190    0.994020    0.000000    0.000000    0.995510
  142  1    8.856819    1.000000    0.000000    0.000000   -0.996694   -0.996800    0.000000    0.000000    0.999564
  143  1    8.901076    1.000000    0.000000    0.000000    0.998862   -0.993886    0.000000    0.000000   -0.994389
  144  1    9.127022    1.000000    0.000000    0.000000   -0.936559    0.993305    0.000000    0.000000   -0.932207
  4
    1    2    3    4
    1  2  -41.087331    2.000000    0.000000    0.000000    0.000013    0.000000    0.000000    0.000000    1.999987
    3  2  -41.076691    2.000000    0.000000    0.000000   -0.000040   -2.000000    0.000000    0.000000    0.000041
    5  1  -40.770867    1.000000    0.000000    0.000000   -0.999431   -1.000000    0.000000    0.000000    0.999431
    6  1  -40.762458    1.000000    0.000000    0.000000    0.999429   -1.000000    0.000000    0.000000   -0.999429
    7  2  -40.743932    2.000000    0.000000    0.000000   -0.000000    0.000000    0.000000    0.000000   -2.000000
    9  2  -40.342358    2.000000    0.000000    0.000000    0.000006    0.000000    0.000000    0.000000    1.999994
   11  2  -40.329750    2.000000    0.000000    0.000000   -0.000031   -2.000000    0.000000    0.000000    0.000031
   13  2  -37.787151    2.000000    0.000000    0.000000    0.000000    0.000000    0.000000    0.000000   -2.000000
   15  1  -37.738052    1.000000    0.000000    0.000000    0.961750   -1.000000    0.000000    0.000000   -0.961750
   16  1  -37.736947    1.000000    0.000000    0.000000   -0.961728   -1.000000    0.000000    0.000000    0.961728
   17  1  -37.479730    1.000000    0.000000    0.000000    0.999625   -1.000000    0.000000    0.000000   -0.999625
   18  1  -37.469119    1.000000    0.000000    0.000000   -0.999623   -1.000000    0.000000    0.000000    0.999623
   19  2  -37.373384    2.000000    0.000000    0.000000    0.000000    0.000000    0.000000    0.000000    2.000000
   21  2  -37.168409    2.000000    0.000000    0.000000    0.000000    0.000000    0.000000    0.000000   -2.000000
   23  1  -37.116805    1.000000    0.000000    0.000000    0.976833   -1.000000    0.000000    0.000000   -0.976832
   24  1  -37.115402    1.000000    0.000000    0.000000   -0.976816   -1.000000    0.000000    0.000000    0.976816
   25  2  -19.376129    2.000000    0.000000    0.000000   -0.000000    0.000000    0.000000    0.000000   -1.999979
   27  2  -19.374229    2.000000    0.000000    0.000000    0.000001    0.000000    0.000000    0.000000    1.999979
   29  2  -19.200429    2.000000    0.000000    0.000000   -0.000011    0.000000    0.000000    0.000000   -1.999979
   31  2  -19.198872    2.000000    0.000000    0.000000    0.000015    0.000000    0.000000    0.000000    1.999934
   33  2  -19.196907    2.000000    0.000000    0.000000    0.000025    0.000000    0.000000    0.000000   -1.999904
   35  2  -19.194625    2.000000    0.000000    0.000000   -0.000029    0.000000    0.000000    0.000000    1.999950
   37  1   -9.725753    1.000000    0.000000    0.000000   -1.000000    1.000000    0.000000    0.000000   -1.000000
   38  1   -9.480273    1.000000    0.000000    0.000000    1.000000    1.000000    0.000000    0.000000    1.000000
   39  1   -9.302460    1.000000    0.000000    0.000000    1.000000   -1.000000    0.000000    0.000000   -1.000000
   40  1   -9.008574    1.000000    0.000000    0.000000   -1.000000   -1.000000    0.000000    0.000000    1.000000
   41  1   -8.562436    1.000000    0.000000    0.000000    1.000000   -1.000000    0.000000    0.000000   -1.000000
   42  2   -8.462169    2.000000    0.000000    0.000000   -0.000000    2.000000    0.000000    0.000000   -0.000000
   44  2   -8.361103    2.000000    0.000000    0.000000    0.000001   -2.000000    0.000000    0.000000   -0.000000
   46  1   -8.334946    1.000000    0.000000    0.000000   -0.999999    1.000000    0.000000    0.000000   -0.999999
   47  1   -8.210756    1.000000    0.000000    0.000000   -1.000000   -1.000000    0.000000    0.000000    1.000000
   48  2   -8.147925    2.000000    0.000000    0.000000   -0.000001    2.000000    0.000000    0.000000   -0.000001
   50  3   -8.016266    3.000000    0.000000    0.000000    1.000001   -1.000000    0.000000    0.000000    0.999998
   53  1   -1.326930    1.000000    0.000000    0.000000    1.000000    1.000000    0.000000    0.000000    1.000000
   54  2   -1.136823    2.000000    0.000000    0.000000    0.000006    2.000000    0.000000    0.000000    0.000006
   56  1   -0.885826    1.000000    0.000000    0.000000   -0.999999    1.000000    0.000000    0.000000   -0.999999
   57  2   -0.799881    2.000000    0.000000    0.000000   -0.000109    2.000000    0.000000    0.000000   -0.000109
   59  1   -0.683487    1.000000    0.000000    0.000000   -0.999998   -1.000000    0.000000    0.000000    0.999999
   60  1   -0.593052    1.000000    0.000000    0.000000    0.999999    1.000000    0.000000    0.000000    0.999999
   61  1   -0.520741    1.000000    0.000000    0.000000    0.999996   -1.000000    0.000000    0.000000   -0.999996
   62  2   -0.479760    2.000000    0.000000    0.000000   -0.000029   -2.000000    0.000000    0.000000    0.000030
   64  2   -0.324288    2.000000    0.000000    0.000000    0.000008    2.000000    0.000000    0.000000    0.000008
   66  2   -0.234629    2.000000    0.000000    0.000000    0.000001   -2.000000    0.000000    0.000000   -0.000001
   68  1    0.020089    1.000000    0.000000    0.000000   -0.999999    1.000000    0.000000    0.000000   -0.999999
   69  1    0.063093    1.000000    0.000000    0.000000   -0.999998   -1.000000    0.000000    0.000000    0.999998
   70  1    0.109210    1.000000    0.000000    0.000000    0.999999   -1.000000    0.000000    0.000000   -0.999998
   71  2    0.415006    2.000000    0.000000    0.000000    0.000054    2.000000    0.000000    0.000000    0.000054
   73  2    0.464568    2.000000    0.000000    0.000000    0.000061   -2.000000    0.000000    0.000000   -0.000061
   75  1    0.561821    1.000000    0.000000    0.000000   -0.999999    1.000000    0.000000    0.000000   -0.999999
   76  2    0.686752    2.000000    0.000000    0.000000    0.000209    2.000000    0.000000    0.000000    0.000209
   78  2    0.927245    2.000000    0.000000    0.000000   -0.000117    2.000000    0.000000    0.000000   -0.000117
   80  2    0.936263    2.000000    0.000000    0.000000    0.000025   -2.000000    0.000000    0.000000   -0.000024
   82  1    1.265118    1.000000    0.000000    0.000000   -0.999840   -1.000000    0.000000    0.000000    0.999841
   83  1    1.271345    1.000000    0.000000    0.000000    0.999843   -1.000000    0.000000    0.000000   -0.999843
   84  1    1.330767    1.000000    0.000000    0.000000    1.000000    1.000000    0.000000    0.000000    1.000000
   85  1    1.367993    1.000000    0.000000    0.000000    0.999999    1.000000    0.000000    0.000000    0.999999
   86  1    1.372685    1.000000    0.000000    0.000000   -0.999997   -1.000000    0.000000    0.000000    0.999997
   87  1    1.425900    1.000000    0.000000    0.000000   -0.999560    1.000000    0.000000    0.000000   -0.999560
   88  1    1.428667    1.000000    0.000000    0.000000    0.999578    1.000000    0.000000    0.000000    0.999578
   89  1    1.452300    1.000000    0.000000    0.000000    0.999997   -1.000000    0.000000    0.000000   -0.999997
   90  1    1.456242    1.000000    0.000000    0.000000   -0.999998   -1.000000    0.000000    0.000000    0.999998
   91  1    1.481696    1.000000    0.000000    0.000000   -0.999988    1.000000    0.000000    0.000000   -0.999988
   92  1    1.513753    1.000000    0.000000    0.000000   -0.999369    1.000000    0.000000    0.000000   -0.999369
   93  1    1.515398    1.000000    0.000000    0.000000    0.999368    1.000000    0.000000    0.000000    0.999368
   94  2    1.600459    2.000000    0.000000    0.000000    0.000046    2.000000    0.000000    0.000000    0.000046
   96  1    1.605974    1.000000    0.000000    0.000000    1.000000   -1.000000    0.000000    0.000000   -0.999999
   97  1    1.740541    1.000000    0.000000    0.000000   -1.000000    1.000000    0.000000    0.000000   -1.000000
   98  1    2.082646    1.000000    0.000000    0.000000   -1.000000   -1.000000    0.000000    0.000000    1.000000
   99  1    2.167476    1.000000    0.000000    0.000000    0.995914   -1.000000    0.000000    0.000000   -0.995914
  100  1    2.168478    1.000000    0.000000    0.000000   -0.995949   -1.000000    0.000000    0.000000    0.995950
  101  1    2.201500    1.000000    0.000000    0.000000    0.999998    1.000000    0.000000    0.000000    0.999998
  102  1    2.275500    1.000000    0.000000    0.000000   -0.999760    1.000000    0.000000    0.000000   -0.999760
  103  1    2.277825    1.000000    0.000000    0.000000    0.999753    1.000000    0.000000    0.000000    0.999753
  104  1    2.280682    1.000000    0.000000    0.000000    0.999999   -1.000000    0.000000    0.000000   -0.999999
  105  1    2.374277    1.000000    0.000000    0.000000    1.000000    1.000000    0.000000    0.000000    1.000000
  106  1    2.413007    1.000000    0.000000    0.000000   -1.000000   -1.000000    0.000000    0.000000    1.000000
  107  2    2.863900    2.000000    0.000000    0.000000    0.000009   -2.000000    0.000000    0.000000   -0.000009
  109  2    2.932345    2.000000    0.000000    0.000000   -0.000005    2.000000    0.000000    0.000000   -0.000005
  111  2    3.140960    2.000000    0.000000    0.000000    0.000009   -2.000000    0.000000    0.000000   -0.000008
  113  2    5.213008    2.000000    0.000000    0.000000    0.000001    2.000000    0.000000    0.000000    0.000001
  115  2    5.286493    2.000000    0.000000    0.000000   -0.000018   -2.000000    0.000000    0.000000    0.000018
  117  1    5.343528    1.000000    0.000000    0.000000    0.999998    1.000000    0.000000    0.000000    0.999998
  118  1    5.594979    1.000000    0.000000    0.000000   -0.999999    1.000000    0.000000    0.000000   -0.999999
  119  2    5.851094    2.000000    0.000000    0.000000    0.000010    2.000000    0.000000    0.000000    0.000010
  121  2    6.068980    2.000000    0.000000    0.000000    0.000001    2.000000    0.000000    0.000000    0.000001
  123  1    6.380644    1.000000    0.000000    0.000000   -1.000000    1.000000    0.000000    0.000000   -1.000000
  124  2    6.559585    2.000000    0.000000    0.000000   -0.000029    2.000000    0.000000    0.000000   -0.000029
  126  1    6.639752    1.000000    0.000000    0.000000    1.000000   -1.000000    0.000000    0.000000   -0.999999
  127  1    6.830326    1.000000    0.000000    0.000000   -0.999182   -1.000000    0.000000    0.000000    0.999183
  128  1    6.832448    1.000000    0.000000    0.000000    0.999186   -0.999999    0.000000    0.000000   -0.999186
  129  1    6.837137    1.000000    0.000000    0.000000    0.999998    0.999999    0.000000    0.000000    0.999999
  130  2    6.975359    2.000000    0.000000    0.000000   -0.000154    1.999999    0.000000    0.000000   -0.000153
  132  1    7.137283    1.000000    0.000000    0.000000   -0.999998    0.999999    0.000000    0.000000   -0.999997
  133  2    7.187389    2.000000    0.000000    0.000000    0.000014   -1.999996    0.000000    0.000000   -0.000012
  135  1    7.515873    1.000000    0.000000    0.000000   -0.999991    0.999995    0.000000    0.000000   -0.999986
  136  1    7.549864    1.000000    0.000000    0.000000    0.999436    0.999999    0.000000    0.000000    0.999437
  137  1    7.552334    1.000000    0.000000    0.000000   -0.999438    0.999995    0.000000    0.000000   -0.999433
  138  1    7.647597    1.000000    0.000000    0.000000    0.999871    0.999991    0.000000    0.000000    0.999880
  139  1    7.650998    1.000000    0.000000    0.000000   -0.999860    0.999986    0.000000    0.000000   -0.999847
  140  1    7.718496    1.000000    0.000000    0.000000    0.999992    0.999999    0.000000    0.000000    0.999993
  141  1    8.845735    1.000000    0.000000    0.000000   -0.993531   -0.993722    0.000000    0.000000    0.998594
  142  1    8.857687    1.000000    0.000000    0.000000    0.993884    0.993918    0.000000    0.000000    0.998549
  143  1    8.900190    1.000000    0.000000    0.000000   -0.995781    0.999509    0.000000    0.000000   -0.995907
  144  1    9.104941    1.000000    0.000000    0.000000    0.983939   -0.990638    0.000000    0.000000   -0.978196
  2
    1    3
    1  2  -41.087156    2.000000    0.000000    0.000000    0.000000
    3  2  -41.076636    2.000000    0.000000    0.000000    0.000000
    5  2  -40.766803    2.000000    0.000000    0.000000    0.000000
    7  2  -40.743905    2.000000    0.000000    0.000000    0.000000
    9  2  -40.342235    2.000000    0.000000    0.000000    0.000000
   11  2  -40.329572    2.000000    0.000000    0.000000    0.000000
   13  2  -37.787144    2.000000    0.000000    0.000000    0.000000
   15  2  -37.737654    2.000000    0.000000    0.000000    0.000000
   17  2  -37.474575    2.000000    0.000000    0.000000    0.000000
   19  2  -37.373373    2.000000    0.000000    0.000000    0.000000
   21  2  -37.168423    2.000000    0.000000    0.000000    0.000000
   23  2  -37.116260    2.000000    0.000000    0.000000    0.000000
   25  2  -19.375911    2.000000    0.000000    0.000000    0.000000
   27  2  -19.373990    2.000000    0.000000    0.000000    0.000000
   29  2  -19.200443    2.000000    0.000000    0.000000    0.000000
   31  2  -19.198394    2.000000    0.000000    0.000000    0.000000
   33  2  -19.196530    2.000000    0.000000    0.000000    0.000000
   35  2  -19.194532    2.000000    0.000000    0.000000    0.000000
   37  2   -9.505403    2.000000    0.000000    0.000000    0.000000
   39  2   -9.238723    2.000000    0.000000    0.000000    0.000000
   41  2   -8.538160    2.000000    0.000000    0.000000    0.000000
   43  2   -8.475276    2.000000    0.000000    0.000000    0.000000
   45  2   -8.287242    2.000000    0.000000    0.000000    0.000000
   47  2   -8.211113    2.000000    0.000000    0.000000    0.000000
   49  2   -8.138002    2.000000    0.000000    0.000000    0.000000
   51  2   -7.956715    2.000000    0.000000    0.000000    0.000000
   53  2   -0.968916    2.000000    0.000000    0.000000    0.000000
   55  2   -0.725511    2.000000    0.000000    0.000000    0.000000
   57  2   -0.708023    2.000000    0.000000    0.000000    0.000000
   59  2   -0.562846    2.000000    0.000000    0.000000    0.000000
   61  2   -0.481895    2.000000    0.000000    0.000000    0.000000
   63  2   -0.255296    2.000000    0.000000    0.000000    0.000000
   65  2   -0.208628    2.000000    0.000000    0.000000    0.000000
   67  2   -0.089351    2.000000    0.000000    0.000000    0.000000
   69  2    0.033567    2.000000    0.000000    0.000000    0.000000
   71  2    0.181759    2.000000    0.000000    0.000000    0.000000
   73  2    0.235747    2.000000    0.000000    0.000000    0.000000
   75  2    0.531718    2.000000    0.000000    0.000000    0.000000
   77  2    0.643358    2.000000    0.000000    0.000000    0.000000
   79  2    0.787641    2.000000    0.000000    0.000000    0.000000
   81  2    0.977317    2.000000    0.000000    0.000000    0.000000
   83  2    1.062593    2.000000    0.000000    0.000000    0.000000
   85  2    1.339416    2.000000    0.000000    0.000000    0.000000
   87  2    1.492357    2.000000    0.000000    0.000000    0.000000
   89  2    1.497138    2.000000    0.000000    0.000000    0.000000
   91  2    1.606420    2.000000    0.000000    0.000000    0.000000
   93  2    1.679942    2.000000    0.000000    0.000000    0.000000
   95  2    1.745886    2.000000    0.000000    0.000000    0.000000
   97  2    1.788938    2.000000    0.000000    0.000000    0.000000
   99  2    1.828978    2.000000    0.000000    0.000000    0.000000
  101  2    2.276673    2.000000    0.000000    0.000000    0.000000
  103  2    2.512529    2.000000    0.000000    0.000000    0.000000
  105  2    2.581276    2.000000    0.000000    0.000000    0.000000
  107  2    2.639800    2.000000    0.000000    0.000000    0.000000
  109  2    2.794064    2.000000    0.000000    0.000000    0.000000
  111  2    3.177287    2.000000    0.000000    0.000000    0.000000
  113  2    4.733986    2.000000    0.000000    0.000000    0.000000
  115  2    4.932682    2.000000    0.000000    0.000000    0.000000
  117  2    5.611775    2.000000    0.000000    0.000000    0.000000
  119  2    5.792137    2.000000    0.000000    0.000000    0.000000
  121  2    6.178296    2.000000    0.000000    0.000000    0.000000
  123  2    6.418490    2.000000    0.000000    0.000000    0.000000
  125  2    6.706010    2.000000    0.000000    0.000000    0.000000
  127  2    6.788442    2.000000    0.000000    0.000000    0.000000
  129  2    6.884723    2.000000    0.000000    0.000001    0.000000
  131  2    6.948896    2.000000    0.000000    0.000001    0.000000
  133  2    7.187029    2.000000    0.000000    0.000002    0.000000
  135  2    7.441636    2.000000    0.000000   -0.000000    0.000000
  137  2    7.455147    2.000000    0.000000   -0.000001    0.000000
  139  2    7.579177    2.000000    0.000000    0.000011    0.000000
  141  1    9.650758    1.000000    0.000000    0.357990    0.000000
  142  1    9.711957    1.000000    0.000000    0.269207    0.000000
  143  1    9.788898    1.000000    0.000000   -0.629499    0.000000
  144  1    9.975063    1.000000    0.000000   -0.406054    0.000000
  2
    1    2
    1  2  -41.087147    2.000000    0.000000    0.000000   -0.000000
    3  2  -41.076630    2.000000    0.000000    0.000000    0.000000
    5  2  -40.766799    2.000000    0.000000    0.000000    0.000000
    7  2  -40.743902    2.000000    0.000000    0.000000    0.000000
    9  2  -40.342229    2.000000    0.000000    0.000000   -0.000000
   11  2  -40.329568    2.000000    0.000000    0.000000    0.000000
   13  2  -37.787137    2.000000    0.000000    0.000000    0.000000
   15  2  -37.737645    2.000000    0.000000    0.000000   -0.000000
   17  2  -37.474574    2.000000    0.000000    0.000000    0.000000
   19  2  -37.373372    2.000000    0.000000    0.000000    0.000000
   21  2  -37.168416    2.000000    0.000000    0.000000    0.000000
   23  2  -37.116254    2.000000    0.000000    0.000000   -0.000000
   25  2  -19.375910    2.000000    0.000000    0.000000   -0.000000
   27  2  -19.373989    2.000000    0.000000    0.000000    0.000001
   29  2  -19.200444    2.000000    0.000000    0.000000   -0.000004
   31  2  -19.198389    2.000000    0.000000    0.000000    0.000006
   33  2  -19.196531    2.000000    0.000000    0.000000    0.000003
   35  2  -19.194527    2.000000    0.000000    0.000000   -0.000008
   37  2   -9.502562    2.000000    0.000000    0.000000    0.000000
   39  2   -9.235664    2.000000    0.000000    0.000000    0.000001
   41  2   -8.600770    2.000000    0.000000    0.000000    0.000001
   43  2   -8.374585    2.000000    0.000000    0.000000    0.000001
   45  2   -8.327541    2.000000    0.000000    0.000000   -0.000001
   47  2   -8.274377    2.000000    0.000000    0.000000   -0.000001
   49  2   -8.036323    2.000000    0.000000    0.000000   -0.000002
   51  2   -7.997343    2.000000    0.000000    0.000000    0.000003
   53  2   -0.936831    2.000000    0.000000    0.000000   -0.000003
   55  2   -0.847526    2.000000    0.000000    0.000000   -0.000010
   57  2   -0.551387    2.000000    0.000000    0.000000    0.000004
   59  2   -0.537599    2.000000    0.000000    0.000000    0.000001
   61  2   -0.454735    2.000000    0.000000    0.000000   -0.000016
   63  2   -0.437651    2.000000    0.000000    0.000000   -0.000014
   65  2   -0.161037    2.000000    0.000000    0.000000    0.000009
   67  2    0.028791    2.000000    0.000000    0.000000    0.000042
   69  2    0.039331    2.000000    0.000000    0.000000    0.000296
   71  2    0.056597    2.000000    0.000000    0.000000   -0.000163
   73  2    0.164224    2.000000    0.000000    0.000000    0.000000
   75  2    0.564776    2.000000    0.000000    0.000000   -0.000011
   77  2    0.637631    2.000000    0.000000    0.000000   -0.000005
   79  2    0.740117    2.000000    0.000000    0.000000    0.000038
   81  2    1.077328    2.000000    0.000000    0.000000    0.000033
   83  2    1.215030    2.000000    0.000000    0.000000    0.000019
   85  2    1.252867    2.000000    0.000000    0.000000    0.000107
   87  2    1.368967    2.000000    0.000000    0.000000    0.000014
   89  2    1.460760    2.000000    0.000000    0.000000   -0.000065
   91  2    1.576123    2.000000    0.000000    0.000000   -0.000017
   93  2    1.729717    2.000000    0.000000    0.000000   -0.000002
   95  2    1.838677    2.000000    0.000000    0.000000    0.000039
   97  2    1.892581    2.000000    0.000000    0.000000    0.000007
   99  2    2.051832    2.000000    0.000000    0.000000   -0.000024
  101  2    2.090324    2.000000    0.000000    0.000000    0.000023
  103  2    2.318425    2.000000    0.000000    0.000000   -0.000002
  105  2    2.508406    2.000000    0.000000    0.000000   -0.000003
  107  2    2.642420    2.000000    0.000000    0.000000   -0.000000
  109  2    2.919192    2.000000    0.000000    0.000000    0.000004
  111  2    3.038490    2.000000    0.000000    0.000000    0.000013
  113  2    5.047726    2.000000    0.000000    0.000000   -0.000032
  115  2    5.068055    2.000000    0.000000    0.000000    0.000003
  117  2    5.412147    2.000000    0.000000    0.000000   -0.000014
  119  2    5.622173    2.000000    0.000000    0.000000    0.000028
  121  2    6.488890    2.000000    0.000000    0.000000   -0.000175
  123  2    6.499264    2.000000    0.000000    0.000000    0.000172
  125  2    6.653325    2.000000    0.000000    0.000000   -0.000012
  127  2    6.672757    2.000000    0.000000    0.000000    0.000014
  129  2    6.866920    2.000000    0.000000    0.000000   -0.000016
  131  2    6.940638    2.000000    0.000000    0.000000   -0.000008
  133  2    7.118136    2.000000    0.000000    0.000000   -0.000005
  135  2    7.327380    2.000000    0.000000    0.000000   -0.000007
  137  2    7.450417    2.000000    0.000000    0.000000    0.000002
  139  2    7.557267    2.000000    0.000000    0.000000    0.000035
  141  1    9.631324    1.000000    0.000000    0.000000    0.677664
  142  1    9.723101    1.000000    0.000000    0.000000   -0.315284
  143  1    9.912648    1.000000    0.000000    0.000000    0.430644
  144  1   10.016970    1.000000    0.000000    0.000000   -0.231846
  4
    1    2    3    4
    1  1  -41.088927    1.000000    0.000000    0.000000   -1.000000   -1.000000    0.000000    0.000000    1.000000
    2  1  -41.084993    1.000000    0.000000    0.000000   -1.000000   -1.000000    0.000000    0.000000    1.000000
    3  2  -41.077034    2.000000    0.000000    0.000000    0.000030    2.000000    0.000000    0.000000    0.000030
    5  1  -40.770873    1.000000    0.000000    0.000000    0.999439    1.000000    0.000000    0.000000    0.999439
    6  1  -40.762385    1.000000    0.000000    0.000000   -0.999437    1.000000    0.000000    0.000000   -0.999437
    7  2  -40.744415    2.000000    0.000000    0.000000    2.000000   -2.000000    0.000000    0.000000   -2.000000
    9  1  -40.344200    1.000000    0.000000    0.000000   -1.000000   -1.000000    0.000000    0.000000    1.000000
   10  1  -40.339970    1.000000    0.000000    0.000000   -1.000000   -1.000000    0.000000    0.000000    1.000000
   11  2  -40.330054    2.000000    0.000000    0.000000    0.000023    2.000000    0.000000    0.000000    0.000023
   13  1  -37.789787    1.000000    0.000000    0.000000    1.000000   -1.000000    0.000000    0.000000   -1.000000
   14  1  -37.784143    1.000000    0.000000    0.000000    1.000000   -1.000000    0.000000    0.000000   -1.000000
   15  1  -37.738262    1.000000    0.000000    0.000000   -0.973848    1.000000    0.000000    0.000000   -0.973848
   16  1  -37.736926    1.000000    0.000000    0.000000    0.973828    1.000000    0.000000    0.000000    0.973828
   17  1  -37.479741    1.000000    0.000000    0.000000   -0.999627    1.000000    0.000000    0.000000   -0.999627
   18  1  -37.469103    1.000000    0.000000    0.000000    0.999625    1.000000    0.000000    0.000000    0.999625
   19  1  -37.374091    1.000000    0.000000    0.000000   -1.000000   -1.000000    0.000000    0.000000    1.000000
   20  1  -37.372535    1.000000    0.000000    0.000000   -1.000000   -1.000000    0.000000    0.000000    1.000000
   21  1  -37.170852    1.000000    0.000000    0.000000    1.000000   -1.000000    0.000000    0.000000   -1.000000
   22  1  -37.165820    1.000000    0.000000    0.000000    1.000000   -1.000000    0.000000    0.000000   -1.000000
   23  1  -37.116896    1.000000    0.000000    0.000000   -0.978988    1.000000    0.000000    0.000000   -0.978988
   24  1  -37.115423    1.000000    0.000000    0.000000    0.978972    1.000000    0.000000    0.000000    0.978972
   25  2  -19.375934    2.000000    0.000000    0.000000   -0.000001    0.000000    0.000000    0.000000   -1.999979
   27  2  -19.374012    2.000000    0.000000    0.000000    0.000001    0.000000    0.000000    0.000000    1.999979
   29  2  -19.200792    2.000000    0.000000    0.000000   -0.000018    0.000000    0.000000    0.000000   -1.999972
   31  2  -19.198816    2.000000    0.000000    0.000000    0.000020    0.000000    0.000000    0.000000    1.999925
   33  2  -19.196892    2.000000    0.000000    0.000000    0.000050    0.000000    0.000000    0.000000   -1.999881
   35  2  -19.195011    2.000000    0.000000    0.000000   -0.000051    0.000000    0.000000    0.000000    1.999929
   37  2   -9.505336    2.000000    0.000000    0.000000    0.000000    0.000000    0.000000    0.000000   -2.000000
   39  2   -9.238620    2.000000    0.000000    0.000000    0.000000    0.000000    0.000000    0.000000    2.000000
   41  2   -8.538043    2.000000    0.000000    0.000000   -1.999993    0.000000    0.000000    0.000000   -0.000007
   43  2   -8.475224    2.000000    0.000000    0.000000   -0.000006    0.000000    0.000000    0.000000   -1.999993
   45  2   -8.287089    2.000000    0.000000    0.000000    2.000000    0.000000    0.000000    0.000000    0.000000
   47  2   -8.211014    2.000000    0.000000    0.000000    1.999993    0.000000    0.000000    0.000000    0.000007
   49  2   -8.137935    2.000000    0.000000    0.000000    0.000007    0.000000    0.000000    0.000000    1.999992
   51  2   -7.956643    2.000000    0.000000    0.000000   -1.999999    0.000000    0.000000    0.000000    0.000000
   53  2   -0.968800    2.000000    0.000000    0.000000   -0.000000    0.000000    0.000000    0.000000    1.999999
   55  2   -0.725495    2.000000    0.000000    0.000000    1.999995    0.000000    0.000000    0.000000    0.000001
   57  2   -0.707859    2.000000    0.000000    0.000000    0.000003    0.000000    0.000000    0.000000    1.999995
   59  2   -0.562859    2.000000    0.000000    0.000000    0.000000    0.000000    0.000000    0.000000   -1.999997
   61  2   -0.481746    2.000000    0.000000    0.000000   -1.999998    0.000000    0.000000    0.000000   -0.000000
   63  2   -0.256693    2.000000    0.000000    0.000000   -0.000002    0.000000    0.000000    0.000000   -1.999997
   65  2   -0.207114    2.000000    0.000000    0.000000    0.000000    0.000000    0.000000    0.000000   -1.999999
   67  1   -0.090505    1.000000    0.000000    0.000000   -0.999996   -1.000000    0.000000    0.000000    0.999997
   68  1   -0.088780    1.000000    0.000000    0.000000   -0.999999    1.000000    0.000000    0.000000   -0.999999
   69  1    0.033396    1.000000    0.000000    0.000000    1.000000    1.000000    0.000000    0.000000    1.000000
   70  1    0.034643    1.000000    0.000000    0.000000   -1.000000   -1.000000    0.000000    0.000000    1.000000
   71  2    0.182072    2.000000    0.000000    0.000000    0.000000    0.000000    0.000000    0.000000    1.999998
   73  2    0.235528    2.000000    0.000000    0.000000    0.000000    0.000000    0.000000    0.000000   -1.999998
   75  2    0.531416    2.000000    0.000000    0.000000    2.000000    0.000000    0.000000    0.000000    0.000000
   77  2    0.643319    2.000000    0.000000    0.000000    2.000000    0.000000    0.000000    0.000000    0.000000
   79  2    0.787703    2.000000    0.000000    0.000000    0.000000    0.000000    0.000000    0.000000   -1.999999
   81  1    0.977179    1.000000    0.000000    0.000000    1.000000    1.000000    0.000000    0.000000    1.000000
   82  1    0.978215    1.000000    0.000000    0.000000    1.000000   -1.000000    0.000000    0.000000   -1.000000
   83  2    1.063177    2.000000    0.000000    0.000000   -2.000000    0.000000    0.000000    0.000000    0.000000
   85  2    1.343353    2.000000    0.000000    0.000000   -1.999997    0.000000    0.000000    0.000000    0.000003
   87  1    1.485492    1.000000    0.000000    0.000000    0.999999    1.000000    0.000000    0.000000    0.999999
   88  2    1.491111    2.000000    0.000000    0.000000   -0.088704   -2.000000    0.000000    0.000000    0.088704
   90  1    1.494390    1.000000    0.000000    0.000000    0.999999    1.000000    0.000000    0.000000    0.999999
   91  1    1.606236    1.000000    0.000000    0.000000   -0.999999   -1.000000    0.000000    0.000000    0.999999
   92  1    1.609306    1.000000    0.000000    0.000000    1.000000    1.000000    0.000000    0.000000    1.000000
   93  2    1.681171    2.000000    0.000000    0.000000    0.000003    0.000000    0.000000    0.000000    1.999997
   95  1    1.745027    1.000000    0.000000    0.000000    0.999999   -1.000000    0.000000    0.000000   -0.999998
   96  1    1.748179    1.000000    0.000000    0.000000    0.999996    1.000000    0.000000    0.000000    0.999996
   97  1    1.787429    1.000000    0.000000    0.000000   -0.999996    1.000000    0.000000    0.000000   -0.999996
   98  1    1.790506    1.000000    0.000000    0.000000    1.000000   -1.000000    0.000000    0.000000   -1.000000
   99  2    1.829066    2.000000    0.000000    0.000000   -0.000000    0.000000    0.000000    0.000000   -1.999999
  101  2    2.276585    2.000000    0.000000    0.000000   -2.000000    0.000000    0.000000    0.000000    0.000000
  103  2    2.512462    2.000000    0.000000    0.000000   -1.999999    0.000000    0.000000    0.000000    0.000001
  105  1    2.580086    1.000000    0.000000    0.000000    0.999999    1.000000    0.000000    0.000000    0.999999
  106  1    2.585479    1.000000    0.000000    0.000000   -1.000000   -1.000000    0.000000    0.000000    1.000000
  107  1    2.635242    1.000000    0.000000    0.000000    1.000000   -1.000000    0.000000    0.000000   -1.000000
  108  1    2.640264    1.000000    0.000000    0.000000    1.000000    1.000000    0.000000    0.000000    1.000000
  109  2    2.795524    2.000000    0.000000    0.000000   -2.000000    0.000000    0.000000    0.000000    0.000000
  111  2    3.176529    2.000000    0.000000    0.000000    2.000000    0.000000    0.000000    0.000000    0.000000
  113  2    4.734159    2.000000    0.000000    0.000000    0.000000    0.000000    0.000000    0.000000    2.000000
  115  2    4.932868    2.000000    0.000000    0.000000    2.000000    0.000000    0.000000    0.000000    0.000000
  117  2    5.611340    2.000000    0.000000    0.000000   -1.999999    0.000000    0.000000    0.000000   -0.000000
  119  2    5.791582    2.000000    0.000000    0.000000   -0.000000    0.000000    0.000000    0.000000   -1.999999
  121  2    6.178517    2.000000    0.000000    0.000000    0.000000    0.000000    0.000000    0.000000   -1.999999
  123  1    6.417330    1.000000    0.000000    0.000000   -1.000000    1.000000    0.000000    0.000000   -1.000000
  124  1    6.419256    1.000000    0.000000    0.000000   -0.999999   -1.000000    0.000000    0.000000    1.000000
  125  1    6.704124    1.000000    0.000000    0.000000   -1.000000    1.000000    0.000000    0.000000   -1.000000
  126  1    6.706487    1.000000    0.000000    0.000000    1.000000   -0.999999    0.000000    0.000000   -0.999999
  127  2    6.788739    2.000000    0.000000    0.000000    0.000001    0.000001    0.000000    0.000000    1.999999
  129  2    6.883724    2.000000    0.000000    0.000000   -0.000001   -0.000000    0.000000    0.000000   -1.999994
  131  1    6.948263    1.000000    0.000000    0.000000   -0.999995   -1.000000    0.000000    0.000000    0.999996
  132  1    6.952191    1.000000    0.000000    0.000000   -0.999999    1.000000    0.000000    0.000000   -0.999999
  133  1    7.186350    1.000000    0.000000    0.000000    1.000000    0.999999    0.000000    0.000000    0.999999
  134  1    7.187398    1.000000    0.000000    0.000000    0.999999   -0.999999    0.000000    0.000000   -0.999998
  135  2    7.441382    2.000000    0.000000    0.000000    0.000004    0.000001    0.000000    0.000000    1.999994
  137  2    7.458274    2.000000    0.000000    0.000000   -1.999980    0.000012    0.000000    0.000000    0.000004
  139  2    7.576253    2.000000    0.000000    0.000000    1.999996    0.000005    0.000000    0.000000    0.000009
  141  1    9.656266    1.000000    0.000000    0.000000    0.555419    0.211614    0.000000    0.000000    0.628890
  142  1    9.687569    1.000000    0.000000    0.000000    0.860437    0.308061    0.000000    0.000000    0.374988
  143  1    9.816264    1.000000    0.000000    0.000000    0.168965   -0.487890    0.000000    0.000000    0.280324
  144  1    9.856848    1.000000    0.000000    0.000000    0.137584    0.000901    0.000000    0.000000    0.482582
