  116  144
  1
  4
  1  0  0  0  1  0  0  0  1    0.000000    0.000000    0.000000    1.000000    0.000000    0.000000    0.000000    0.000000    0.000000    1.000000    0.000000  1
  0 -1  0 -1  0  0  0  0 -1    0.000000    0.000000    0.500000    0.000000    0.000000   -0.707107   -0.707107    0.707107   -0.707107    0.000000    0.000000  1
 -1  0  0  0 -1  0  0  0 -1    0.000000    0.000000    0.000000    1.000000    0.000000    0.000000    0.000000    0.000000    0.000000    1.000000    0.000000  1
  0  1  0  1  0  0  0  0  1    0.000000    0.000000    0.500000    0.000000    0.000000   -0.707107   -0.707107    0.707107   -0.707107    0.000000    0.000000  1
  6
    0.000000    0.000000    0.000000
    0.000000    0.000000    0.500000
    0.000000    0.500000    0.500000
    0.500000    0.500000    0.500000
    0.000000    0.500000    0.000000
    0.500000    0.500000    0.000000
  4
    1    2    3    4
    1  2  -53.273741    2.000000    0.000000    0.000000   -0.000001   -2.000000    0.000000    0.000000    0.000001
    3  2  -53.259730    2.000000    0.000000    0.000000    0.000002   -2.000000    0.000000    0.000000   -0.000002
    5  2  -52.799679    2.000000    0.000000    0.000000   -0.000002   -2.000000    0.000000    0.000000    0.000003
    7  2  -52.772684    2.000000    0.000000    0.000000    0.000001   -2.000000    0.000000    0.000000   -0.000001
    9  2  -52.153925    2.000000    0.000000    0.000000    0.000000   -2.000000    0.000000    0.000000   -0.000000
   11  2  -52.139488    2.000000    0.000000    0.000000    0.000002   -2.000000    0.000000    0.000000   -0.000002
   13  2  -48.540509    2.000000    0.000000    0.000000    0.000001   -2.000000    0.000000    0.000000   -0.000000
   15  2  -48.534223    2.000000    0.000000    0.000000   -0.000000   -2.000000    0.000000    0.000000    0.000001
   17  2  -48.066623    2.000000    0.000000    0.000000   -0.000002   -2.000000    0.000000    0.000000    0.000002
   19  2  -48.053408    2.000000    0.000000    0.000000   -0.000000   -2.000000    0.000000    0.000000    0.000000
   21  2  -47.656060    2.000000    0.000000    0.000000    0.000000   -2.000000    0.000000    0.000000   -0.000000
   23  2  -47.648790    2.000000    0.000000    0.000000    0.000002   -2.000000    0.000000    0.000000   -0.000002
   25  2  -40.614777    2.000000    0.000000    0.000000   -0.000003    2.000000    0.000000    0.000000   -0.000003
   27  2  -40.613718    2.000000    0.000000    0.000000    0.000006    2.000000    0.000000    0.000000    0.000006
   29  2  -40.595018    2.000000    0.000000    0.000000    0.000009    2.000000    0.000000    0.000000    0.000009
   31  2  -40.593991    2.000000    0.000000    0.000000   -0.000004    2.000000    0.000000    0.000000   -0.000004
   33  2   -8.647891    2.000000    0.000000    0.000000    0.000000    2.000000    0.000000    0.000000    0.000000
   35  2   -7.313531    2.000000    0.000000    0.000000    0.000000   -2.000000    0.000000    0.000000    0.000000
   37  2   -7.239860    2.000000    0.000000    0.000000    0.000000   -2.000000    0.000000    0.000000    0.000000
   39  2   -7.152152    2.000000    0.000000    0.000000    0.000000   -2.000000    0.000000    0.000000    0.000000
   41  2   -7.132460    2.000000    0.000000    0.000000    0.000000    2.000000    0.000000    0.000000    0.000000
   43  2   -7.116472    2.000000    0.000000    0.000000    0.000000   -2.000000    0.000000    0.000000    0.000000
   45  2   -7.040100    2.000000    0.000000    0.000000    0.000000    2.000000    0.000000    0.000000    0.000000
   47  2   -6.912754    2.000000    0.000000    0.000000    0.000000    2.000000    0.000000    0.000000    0.000000
   49  2   -2.396978    2.000000    0.000000    0.000000    0.000000    2.000000    0.000000    0.000000    0.000000
   51  2   -2.352199    2.000000    0.000000    0.000000    0.000000    2.000000    0.000000    0.000000    0.000000
   53  1   -2.304370    1.000000    0.000000    0.000000   -0.999999    1.000000    0.000000    0.000000   -0.999999
   54  1   -2.301170    1.000000    0.000000    0.000000    1.000000    1.000000    0.000000    0.000000    1.000000
   55  2   -2.231539    2.000000    0.000000    0.000000    0.000000    2.000000    0.000000    0.000000    0.000000
   57  1   -2.206775    1.000000    0.000000    0.000000   -0.999998    1.000000    0.000000    0.000000   -0.999998
   58  1   -2.202876    1.000000    0.000000    0.000000    0.999998    1.000000    0.000000    0.000000    0.999998
   59  1   -2.070523    1.000000    0.000000    0.000000    0.999996    1.000000    0.000000    0.000000    0.999996
   60  1   -2.069045    1.000000    0.000000    0.000000   -0.999996    1.000000    0.000000    0.000000   -0.999996
   61  1   -2.010613    1.000000    0.000000    0.000000    1.000000    1.000000    0.000000    0.000000    1.000000
   62  1   -2.005073    1.000000    0.000000    0.000000   -1.000000    1.000000    0.000000    0.000000   -1.000000
   63  1   -1.942552    1.000000    0.000000    0.000000    0.999998    1.000000    0.000000    0.000000    0.999998
   64  1   -1.936779    1.000000    0.000000    0.000000   -0.999997    1.000000    0.000000    0.000000   -0.999997
   65  1   -1.906714    1.000000    0.000000    0.000000   -0.999998    1.000000    0.000000    0.000000   -0.999998
   66  1   -1.903496    1.000000    0.000000    0.000000    0.999998    1.000000    0.000000    0.000000    0.999998
   67  2   -1.660176    2.000000    0.000000    0.000000    0.000000    2.000000    0.000000    0.000000    0.000000
   69  1   -0.515291    1.000000    0.000000    0.000000   -1.000000    1.000000    0.000000    0.000000   -1.000000
   70  1   -0.510044    1.000000    0.000000    0.000000    1.000000    1.000000    0.000000    0.000000    1.000000
   71  2   -0.357314    2.000000    0.000000    0.000000    0.000000    2.000000    0.000000    0.000000    0.000000
   73  1   -0.007286    1.000000    0.000000    0.000000    1.000000    1.000000    0.000000    0.000000    1.000000
   74  1   -0.005025    1.000000    0.000000    0.000000   -1.000000    1.000000    0.000000    0.000000   -1.000000
   75  2    0.049446    2.000000    0.000000    0.000000    0.000000   -2.000000    0.000000    0.000000    0.000000
   77  2    0.052213    2.000000    0.000000    0.000000    0.000000   -2.000000    0.000000    0.000000    0.000000
   79  2    0.180833    2.000000    0.000000    0.000000    0.000000    2.000000    0.000000    0.000000    0.000000
   81  2    0.191271    2.000000    0.000000    0.000000    0.000000   -2.000000    0.000000    0.000000    0.000000
   83  2    2.279318    2.000000    0.000000    0.000000    0.000000    2.000000    0.000000    0.000000    0.000000
   85  1    2.487324    1.000000    0.000000    0.000000   -0.999973    1.000000    0.000000    0.000000   -0.999973
   86  1    2.488410    1.000000    0.000000    0.000000    0.999972    1.000000    0.000000    0.000000    0.999972
   87  2    2.501963    2.000000    0.000000    0.000000   -0.000008    2.000000    0.000000    0.000000   -0.000008
   89  1    2.597861    1.000000    0.000000    0.000000   -1.000000   -1.000000    0.000000    0.000000    1.000000
   90  1    2.602337    1.000000    0.000000    0.000000    1.000000   -1.000000    0.000000    0.000000   -1.000000
   91  1    2.616364    1.000000    0.000000    0.000000    1.000000   -1.000000    0.000000    0.000000   -1.000000
   92  1    2.627995    1.000000    0.000000    0.000000   -1.000000   -1.000000    0.000000    0.000000    1.000000
   93  1    2.631435    1.000000    0.000000    0.000000    1.000000   -1.000000    0.000000    0.000000   -1.000000
   94  1    2.642848    1.000000    0.000000    0.000000   -1.000000   -1.000000    0.000000    0.000000    1.000000
   95  1    2.660880    1.000000    0.000000    0.000000   -1.000000   -1.000000    0.000000    0.000000    1.000000
   96  1    2.670266    1.000000    0.000000    0.000000    1.000000   -1.000000    0.000000    0.000000   -1.000000
   97  1    2.694240    1.000000    0.000000    0.000000   -1.000000   -1.000000    0.000000    0.000000    1.000000
   98  1    2.705691    1.000000    0.000000    0.000000    1.000000   -1.000000    0.000000    0.000000   -1.000000
   99  2    2.722166    2.000000    0.000000    0.000000    0.000000   -2.000000    0.000000    0.000000    0.000000
  101  1    2.745079    1.000000    0.000000    0.000000    1.000000    1.000000    0.000000    0.000000    1.000000
  102  1    2.747104    1.000000    0.000000    0.000000   -1.000000    1.000000    0.000000    0.000000   -1.000000
  103  2    4.300756    2.000000    0.000000    0.000000    0.000001    2.000000    0.000000    0.000000    0.000001
  105  1    4.344358    1.000000    0.000000    0.000000    1.000000   -1.000000    0.000000    0.000000   -1.000000
  106  1    4.351002    1.000000    0.000000    0.000000   -1.000000   -1.000000    0.000000    0.000000    1.000000
  107  1    4.359581    1.000000    0.000000    0.000000    0.999999    1.000000    0.000000    0.000000    0.999999
  108  1    4.363313    1.000000    0.000000    0.000000   -0.999998    1.000000    0.000000    0.000000   -0.999998
  109  1    4.440995    1.000000    0.000000    0.000000   -1.000000   -1.000000    0.000000    0.000000    1.000000
  110  1    4.448169    1.000000    0.000000    0.000000    1.000000   -1.000000    0.000000    0.000000   -1.000000
  111  1    4.457076    1.000000    0.000000    0.000000    1.000000   -1.000000    0.000000    0.000000   -1.000000
  112  1    4.459005    1.000000    0.000000    0.000000   -1.000000   -1.000000    0.000000    0.000000    1.000000
  113  2    4.533531    2.000000    0.000000    0.000000    0.000000    2.000000    0.000000    0.000000    0.000000
  115  1    4.581957    1.000000    0.000000    0.000000   -0.999996    1.000000    0.000000    0.000000   -0.999996
  116  1    4.583026    1.000000    0.000000    0.000000    0.999996    1.000000    0.000000    0.000000    0.999996
  117  2    5.508655    2.000000    0.000000    0.000000   -0.000000    2.000000    0.000000    0.000000   -0.000000
  119  1    5.934561    1.000000    0.000000    0.000000    0.999979    1.000000    0.000000    0.000000    0.999979
  120  1    5.936900    1.000000    0.000000    0.000000   -0.999979    1.000000    0.000000    0.000000   -0.999979
  121  2    6.072343    2.000000    0.000000    0.000000   -0.000000    2.000000    0.000000    0.000000   -0.000000
  123  1    6.152712    1.000000    0.000000    0.000000   -0.999982    1.000000    0.000000    0.000000   -0.999982
  124  1    6.160413    1.000000    0.000000    0.000000    0.999982    1.000000    0.000000    0.000000    0.999982
  125  1    6.244986    1.000000    0.000000    0.000000   -0.999993    1.000000    0.000000    0.000000   -0.999993
  126  1    6.249518    1.000000    0.000000    0.000000    0.999994    1.000000    0.000000    0.000000    0.999994
  127  1    6.336928    1.000000    0.000000    0.000000    0.999999    1.000000    0.000000    0.000000    0.999999
  128  1    6.345894    1.000000    0.000000    0.000000   -0.999999    1.000000    0.000000    0.000000   -0.999999
  129  2    6.513084    2.000000    0.000000    0.000000    0.000000    2.000000    0.000000    0.000000    0.000000
  131  2    6.591612    2.000000    0.000000    0.000000   -0.000006    2.000000    0.000000    0.000000   -0.000006
  133  2    6.749145    2.000000    0.000000    0.000000   -0.000114    2.000000    0.000000    0.000000   -0.000114
  135  1    6.874866    1.000000    0.000000    0.000000   -0.999941    1.000000    0.000000    0.000000   -0.999941
  136  1    6.877701    1.000000    0.000000    0.000000    0.999941    1.000000    0.000000    0.000000    0.999941
  137  2    8.276315    2.000000    0.000000    0.000000    0.000009    1.999640    0.000000    0.000000    0.000144
  139  1    8.511124    1.000000    0.000000    0.000000   -0.216057    0.998934    0.000000    0.000000   -0.215805
  140  1    8.514406    1.000000    0.000000    0.000000    0.213017    0.994039    0.000000    0.000000    0.215660
  141  1    8.879119    1.000000    0.000000    0.000000    0.211043    0.985672    0.000000    0.000000    0.215770
  142  1    8.895351    1.000000    0.000000    0.000000   -0.212873    0.927942    0.000000    0.000000   -0.211034
  143  1    9.322887    1.000000    0.000000    0.000000    0.699201   -0.996449    0.000000    0.000000   -0.697564
  144  1    9.352351    1.000000    0.000000    0.000000    0.182005   -0.995118    0.000000    0.000000   -0.177771
  4
    1    2    3    4
    1  2  -53.273741    2.000000    0.000000    0.000000   -0.000000    0.000000    0.000000   -0.000001    0.000000
    3  2  -53.259730    2.000000    0.000000    0.000000   -0.000001    0.000000    0.000000   -0.000000    0.000000
    5  2  -52.799679    2.000000    0.000000    0.000000    0.000000    0.000000    0.000000   -0.000000    0.000000
    7  2  -52.772685    2.000000    0.000000    0.000000   -0.000000    0.000000    0.000000    0.000000    0.000000
    9  2  -52.153927    2.000000    0.000000    0.000000    0.000001    0.000000    0.000000   -0.000000    0.000000
   11  2  -52.139490    2.000000    0.000000    0.000000   -0.000001    0.000000    0.000000    0.000001    0.000000
   13  2  -48.540509    2.000000    0.000000    0.000000   -0.000001    0.000000    0.000000    0.000000    0.000000
   15  2  -48.534222    2.000000    0.000000    0.000000    0.000001    0.000000    0.000000    0.000000    0.000000
   17  2  -48.066621    2.000000    0.000000    0.000000    0.000000    0.000000    0.000000   -0.000000    0.000000
   19  2  -48.053407    2.000000    0.000000    0.000000    0.000001    0.000000    0.000000   -0.000001    0.000000
   21  2  -47.656060    2.000000    0.000000    0.000000   -0.000001    0.000000    0.000000    0.000001    0.000000
   23  2  -47.648791    2.000000    0.000000    0.000000    0.000000    0.000000    0.000000    0.000001    0.000000
   25  2  -40.614707    2.000000    0.000000    0.000000   -0.000001    0.000000    0.000000    0.000000    0.000000
   27  2  -40.613688    2.000000    0.000000    0.000000    0.000001    0.000000    0.000000    0.000003    0.000000
   29  2  -40.595024    2.000000    0.000000    0.000000    0.000002    0.000000    0.000000   -0.000001    0.000000
   31  2  -40.593962    2.000000    0.000000    0.000000   -0.000000    0.000000    0.000000   -0.000002    0.000000
   33  2   -8.040313    2.000000    0.000000    0.000000    0.000000    0.000000    0.000000    0.000000    0.000000
   35  2   -7.905409    2.000000    0.000000    0.000000   -0.000000    0.000000    0.000000   -0.000000    0.000000
   37  2   -7.335190    2.000000    0.000000    0.000000    0.000000    0.000000    0.000000    0.000000    0.000000
   39  2   -7.273339    2.000000    0.000000    0.000000    0.000000    0.000000    0.000000    0.000000    0.000000
   41  2   -7.244889    2.000000    0.000000    0.000000    0.000000   -0.000000    0.000000    0.000000    0.000000
   43  2   -7.243266    2.000000    0.000000    0.000000    0.000000    0.000000    0.000000    0.000000    0.000000
   45  2   -7.064445    2.000000    0.000000    0.000000    0.000000    0.000000    0.000000    0.000000    0.000000
   47  2   -6.765974    2.000000    0.000000    0.000000    0.000000    0.000000    0.000000    0.000000    0.000000
   49  2   -2.437058    2.000000    0.000000    0.000000   -0.000000    0.000000    0.000000    0.000000    0.000000
   51  2   -2.300929    2.000000    0.000000    0.000000    0.000000    0.000000    0.000000   -0.000000    0.000000
   53  2   -2.278950    2.000000    0.000000    0.000000    0.000000    0.000000    0.000000    0.000000    0.000000
   55  2   -2.242659    2.000000    0.000000    0.000000    0.000000    0.000000    0.000000    0.000000    0.000000
   57  2   -2.179592    2.000000    0.000000    0.000000    0.000000    0.000000    0.000000    0.000000    0.000000
   59  2   -2.104722    2.000000    0.000000    0.000000    0.000000    0.000000    0.000000    0.000000    0.000000
   61  2   -2.017403    2.000000    0.000000    0.000000   -0.000000    0.000000    0.000000   -0.000000    0.000000
   63  2   -1.991044    2.000000    0.000000    0.000000   -0.000000    0.000000    0.000000    0.000001    0.000000
   65  2   -1.903331    2.000000    0.000000    0.000000    0.000000    0.000000    0.000000    0.000000    0.000000
   67  2   -1.634590    2.000000    0.000000    0.000000    0.000000    0.000000    0.000000    0.000000    0.000000
   69  2    0.461010    2.000000    0.000000    0.000000   -0.000001   -0.000001    0.000000   -0.000001    0.000000
   71  2    0.474441    2.000000    0.000000    0.000000    0.000002    0.000000    0.000000   -0.000001    0.000000
   73  2    0.662903    2.000000    0.000000    0.000000   -0.000001    0.000000    0.000000   -0.000002    0.000000
   75  2    0.802707    2.000000    0.000000    0.000000    0.000000    0.000000    0.000000   -0.000001    0.000000
   77  2    0.858841    2.000000    0.000000    0.000000    0.000000    0.000000    0.000000    0.000000    0.000000
   79  2    0.874643    2.000000    0.000000    0.000000    0.000001    0.000000    0.000000    0.000002    0.000000
   81  2    1.318018    2.000000    0.000000    0.000000   -0.000000   -0.000000    0.000000    0.000001    0.000000
   83  2    1.337005    2.000000    0.000000    0.000000    0.000000    0.000000    0.000000    0.000000    0.000000
   85  2    1.380776    2.000000    0.000000    0.000000    0.000000    0.000000    0.000000    0.000000    0.000000
   87  2    1.745595    2.000000    0.000000    0.000000   -0.000000    0.000000    0.000000    0.000000    0.000000
   89  2    1.825027    2.000000    0.000000    0.000000    0.000001    0.000000    0.000000   -0.000001    0.000000
   91  2    2.144785    2.000000    0.000000    0.000000   -0.000000   -0.000000    0.000000   -0.000000    0.000000
   93  2    2.233466    2.000000    0.000000    0.000000   -0.000001    0.000001    0.000000    0.000002    0.000000
   95  2    2.295018    2.000000    0.000000    0.000000    0.000000   -0.000000    0.000000    0.000000    0.000000
   97  2    2.345799    2.000000    0.000000    0.000000    0.000001   -0.000000    0.000000   -0.000001    0.000000
   99  2    2.603845    2.000000    0.000000    0.000000    0.000000    0.000000    0.000000    0.000000    0.000000
  101  2    2.925490    2.000000    0.000000    0.000000    0.000001    0.000001    0.000000   -0.000000    0.000000
  103  2    3.133569    2.000000    0.000000    0.000000    0.000004    0.000002    0.000000    0.000003    0.000000
  105  2    3.255723    2.000000    0.000000    0.000000   -0.000000    0.000000    0.000000    0.000000    0.000000
  107  2    3.349819    2.000000    0.000000    0.000000    0.000000    0.000000    0.000000    0.000000    0.000000
  109  2    3.537283    2.000000    0.000000    0.000000    0.000000    0.000000    0.000000    0.000000    0.000000
  111  2    3.699370    2.000000    0.000000    0.000000    0.000000    0.000000    0.000000    0.000000    0.000000
  113  2    4.564155    2.000000    0.000000    0.000000   -0.000000    0.000000    0.000000    0.000000    0.000000
  115  2    4.598293    2.000000    0.000000    0.000000    0.000000    0.000000    0.000000    0.000000    0.000000
  117  2    5.427610    2.000000    0.000000    0.000000    0.000000    0.000000    0.000000    0.000002    0.000000
  119  2    5.473345    2.000000    0.000000    0.000000    0.000003    0.000000    0.000000   -0.000002    0.000000
  121  2    5.929620    2.000000    0.000000    0.000000    0.000006    0.000000    0.000000   -0.000004    0.000000
  123  2    6.103300    2.000000    0.000000    0.000000    0.000001    0.000000    0.000000   -0.000000    0.000000
  125  2    6.269549    2.000000    0.000000    0.000000    0.000001    0.000000    0.000000    0.000000    0.000000
  127  2    6.353537    2.000000    0.000000    0.000000    0.000001    0.000000    0.000000   -0.000001    0.000000
  129  2    6.421357    2.000000    0.000000    0.000000    0.000001    0.000000    0.000000    0.000001    0.000000
  131  2    6.488890    2.000000    0.000000    0.000000    0.000001    0.000000    0.000000    0.000000    0.000000
  133  2    6.567031    2.000000    0.000000    0.000000    0.000001    0.000000    0.000000    0.000003    0.000000
  135  2    6.615960    2.000000    0.000000    0.000000    0.000000    0.000000    0.000000    0.000003    0.000000
  137  2    9.859861    2.000000    0.000000    0.000000   -0.000027    0.000015    0.000000   -0.000038    0.000000
  139  2   10.042651    2.000000    0.000000    0.000000   -0.000016    0.000047    0.000000   -0.000051    0.000000
  141  2   10.201158    2.000000    0.000000    0.000000   -0.000039    0.000038    0.000000    0.000011    0.000000
  143  2   10.317611    2.000000    0.000000    0.000000   -0.000015   -0.000021    0.000000    0.000008    0.000000
  2
    1    3
    1  2  -53.273742    2.000000    0.000000   -2.000000    0.000000
    3  2  -53.259743    2.000000    0.000000    0.000000    0.000000
    5  2  -52.799679    2.000000    0.000000    0.000000    0.000000
    7  2  -52.772688    2.000000    0.000000   -2.000000    0.000000
    9  2  -52.153927    2.000000    0.000000   -2.000000    0.000000
   11  2  -52.139505    2.000000    0.000000    0.000000    0.000000
   13  2  -48.540510    2.000000    0.000000   -2.000000    0.000000
   15  2  -48.534273    2.000000    0.000000    0.000000    0.000000
   17  2  -48.066613    2.000000    0.000000    0.000000    0.000000
   19  2  -48.053408    2.000000    0.000000   -2.000000    0.000000
   21  2  -47.656061    2.000000    0.000000   -2.000000    0.000000
   23  2  -47.648850    2.000000    0.000000    0.000000    0.000000
   25  3  -40.614752    3.000000    0.000000   -1.000000    0.000000
   28  1  -40.613660    1.000000    0.000000   -1.000000    0.000000
   29  3  -40.594975    3.000000    0.000000   -1.000000    0.000000
   32  1  -40.593970    1.000000    0.000000   -1.000000    0.000000
   33  1   -8.275404    1.000000    0.000000    1.000000    0.000000
   34  1   -8.244453    1.000000    0.000000    1.000000    0.000000
   35  1   -7.873522    1.000000    0.000000   -1.000000    0.000000
   36  1   -7.821509    1.000000    0.000000   -1.000000    0.000000
   37  1   -7.272035    1.000000    0.000000    1.000000    0.000000
   38  1   -7.235019    1.000000    0.000000    1.000000    0.000000
   39  1   -7.218276    1.000000    0.000000   -1.000000    0.000000
   40  1   -7.150907    1.000000    0.000000   -1.000000    0.000000
   41  1   -7.131477    1.000000    0.000000    1.000000    0.000000
   42  1   -7.121501    1.000000    0.000000    1.000000    0.000000
   43  1   -7.112903    1.000000    0.000000   -1.000000    0.000000
   44  1   -7.102089    1.000000    0.000000    1.000000    0.000000
   45  1   -7.067398    1.000000    0.000000   -1.000000    0.000000
   46  1   -7.025987    1.000000    0.000000   -1.000000    0.000000
   47  1   -6.978723    1.000000    0.000000    1.000000    0.000000
   48  1   -6.948724    1.000000    0.000000   -1.000000    0.000000
   49  1   -2.372895    1.000000    0.000000    1.000000    0.000000
   50  1   -2.317730    1.000000    0.000000    1.000000    0.000000
   51  1   -2.259936    1.000000    0.000000    1.000000    0.000000
   52  1   -2.242405    1.000000    0.000000    1.000000    0.000000
   53  1   -2.227054    1.000000    0.000000    1.000000    0.000000
   54  1   -2.222361    1.000000    0.000000    1.000000    0.000000
   55  1   -2.210191    1.000000    0.000000   -1.000000    0.000000
   56  1   -2.189807    1.000000    0.000000    1.000000    0.000000
   57  1   -2.180352    1.000000    0.000000   -1.000000    0.000000
   58  1   -2.143515    1.000000    0.000000    1.000000    0.000000
   59  1   -2.129680    1.000000    0.000000   -1.000000    0.000000
   60  1   -2.083058    1.000000    0.000000    1.000000    0.000000
   61  2   -2.049790    2.000000    0.000000    0.000014    0.000000
   63  1   -2.032347    1.000000    0.000000   -1.000000    0.000000
   64  1   -2.013560    1.000000    0.000000    1.000000    0.000000
   65  1   -2.006126    1.000000    0.000000    1.000000    0.000000
   66  1   -1.967140    1.000000    0.000000    1.000000    0.000000
   67  1   -1.920273    1.000000    0.000000    1.000000    0.000000
   68  1   -1.778877    1.000000    0.000000    1.000000    0.000000
   69  1   -0.213828    1.000000    0.000000    1.000000    0.000000
   70  1   -0.109886    1.000000    0.000000    1.000000    0.000000
   71  1    0.213118    1.000000    0.000000    1.000000    0.000000
   72  1    0.246287    1.000000    0.000000    1.000000    0.000000
   73  1    0.291367    1.000000    0.000000   -1.000000    0.000000
   74  1    0.454048    1.000000    0.000000   -1.000000    0.000000
   75  1    0.459367    1.000000    0.000000   -1.000000    0.000000
   76  1    0.499633    1.000000    0.000000    1.000000    0.000000
   77  1    0.546947    1.000000    0.000000   -1.000000    0.000000
   78  1    0.799552    1.000000    0.000000    1.000000    0.000000
   79  1    0.833865    1.000000    0.000000   -1.000000    0.000000
   80  1    0.926071    1.000000    0.000000   -1.000000    0.000000
   81  1    1.351764    1.000000    0.000000    1.000000    0.000000
   82  1    1.458337    1.000000    0.000000   -1.000000    0.000000
   83  1    1.574542    1.000000    0.000000    1.000000    0.000000
   84  1    1.591132    1.000000    0.000000    1.000000    0.000000
   85  1    1.683251    1.000000    0.000000   -1.000000    0.000000
   86  1    1.756868    1.000000    0.000000    1.000000    0.000000
   87  1    1.808013    1.000000    0.000000    1.000000    0.000000
   88  1    1.828972    1.000000    0.000000   -1.000000    0.000000
   89  1    1.843220    1.000000    0.000000   -1.000000    0.000000
   90  1    2.047595    1.000000    0.000000    1.000000    0.000000
   91  1    2.141668    1.000000    0.000000    1.000000    0.000000
   92  1    2.184492    1.000000    0.000000    1.000000    0.000000
   93  1    2.392217    1.000000    0.000000   -1.000000    0.000000
   94  1    2.526667    1.000000    0.000000   -1.000000    0.000000
   95  1    2.550880    1.000000    0.000000    1.000000    0.000000
   96  1    2.564682    1.000000    0.000000   -1.000000    0.000000
   97  1    2.602678    1.000000    0.000000   -1.000000    0.000000
   98  1    2.667048    1.000000    0.000000   -1.000000    0.000000
   99  1    2.687219    1.000000    0.000000   -1.000000    0.000000
  100  1    2.732757    1.000000    0.000000    1.000000    0.000000
  101  1    3.109315    1.000000    0.000000   -1.000000    0.000000
  102  1    3.134501    1.000000    0.000000   -1.000000    0.000000
  103  1    3.247215    1.000000    0.000000    1.000000    0.000000
  104  1    3.299735    1.000000    0.000000    1.000000    0.000000
  105  1    3.371836    1.000000    0.000000   -1.000000    0.000000
  106  1    3.418724    1.000000    0.000000   -1.000000    0.000000
  107  1    3.492427    1.000000    0.000000    1.000000    0.000000
  108  1    3.843608    1.000000    0.000000    1.000000    0.000000
  109  1    3.895181    1.000000    0.000000    1.000000    0.000000
  110  1    3.924680    1.000000    0.000000   -1.000000    0.000000
  111  1    3.930033    1.000000    0.000000   -1.000000    0.000000
  112  1    3.960442    1.000000    0.000000    1.000000    0.000000
  113  1    4.233323    1.000000    0.000000    1.000000    0.000000
  114  1    4.363679    1.000000    0.000000    1.000000    0.000000
  115  1    4.467256    1.000000    0.000000   -1.000000    0.000000
  116  1    4.484502    1.000000    0.000000   -1.000000    0.000000
  117  1    5.524109    1.000000    0.000000    1.000000    0.000000
  118  1    5.786842    1.000000    0.000000    1.000000    0.000000
  119  1    5.907344    1.000000    0.000000    1.000000    0.000000
  120  1    5.922852    1.000000    0.000000   -1.000000    0.000000
  121  1    5.932247    1.000000    0.000000    1.000000    0.000000
  122  1    5.964388    1.000000    0.000000   -1.000000    0.000000
  123  1    6.034928    1.000000    0.000000    1.000000    0.000000
  124  1    6.082325    1.000000    0.000000    1.000000    0.000000
  125  1    6.093901    1.000000    0.000000    1.000000    0.000000
  126  1    6.147676    1.000000    0.000000   -1.000000    0.000000
  127  1    6.150467    1.000000    0.000000    1.000000    0.000000
  128  1    6.218859    1.000000    0.000000    1.000000    0.000000
  129  1    6.254158    1.000000    0.000000    1.000000    0.000000
  130  1    6.309705    1.000000    0.000000   -1.000000    0.000000
  131  1    6.318690    1.000000    0.000000    1.000000    0.000000
  132  1    6.352099    1.000000    0.000000    1.000000    0.000000
  133  1    6.362273    1.000000    0.000000   -1.000000    0.000000
  134  1    6.449147    1.000000    0.000000    1.000000    0.000000
  135  1    6.586278    1.000000    0.000000    1.000000    0.000000
  136  1    6.655276    1.000000    0.000000    1.000000    0.000000
  137  1    9.026922    1.000000    0.000000    0.999996    0.000000
  138  1    9.217477    1.000000    0.000000    0.999992    0.000000
  139  1    9.263198    1.000000    0.000000    0.999984    0.000000
  140  1    9.381277    1.000000    0.000000   -0.999975    0.000000
  141  1    9.593504    1.000000    0.000000    0.999302    0.000000
  142  1    9.861181    1.000000    0.000000   -0.996702    0.000000
  143  1    9.963155    1.000000    0.000000    0.975894    0.000000
  144  1   10.118294    1.000000    0.000000    0.758032    0.000000
  4
    1    2    3    4
    1  2  -53.273730    2.000000    0.000000    0.000000    0.000000    0.000000    0.000000    0.000001    0.000000
    3  2  -53.259742    2.000000    0.000000    0.000000    0.000001    0.000000    0.000000   -0.000001    0.000000
    5  2  -52.799677    2.000000    0.000000    0.000000   -0.000001    0.000000    0.000000   -0.000000    0.000000
    7  2  -52.772688    2.000000    0.000000    0.000000    0.000000    0.000000    0.000000    0.000001    0.000000
    9  2  -52.153913    2.000000    0.000000    0.000000    0.000000    0.000000    0.000000    0.000000    0.000000
   11  2  -52.139506    2.000000    0.000000    0.000000    0.000000    0.000000    0.000000   -0.000000    0.000000
   13  2  -48.540458    2.000000    0.000000    0.000000    0.000001    0.000000    0.000000    0.000000    0.000000
   15  2  -48.534273    2.000000    0.000000    0.000000    0.000001    0.000000    0.000000    0.000000    0.000000
   17  2  -48.066611    2.000000    0.000000    0.000000    0.000001    0.000000    0.000000   -0.000000    0.000000
   19  2  -48.053417    2.000000    0.000000    0.000000   -0.000000    0.000000    0.000000    0.000001    0.000000
   21  2  -47.656007    2.000000    0.000000    0.000000   -0.000000    0.000000    0.000000   -0.000000    0.000000
   23  2  -47.648850    2.000000    0.000000    0.000000   -0.000001    0.000000    0.000000    0.000000    0.000000
   25  4  -40.614424    4.000000    0.000000    0.000000    0.000000    0.000000    0.000000   -0.000004    0.000000
   29  4  -40.594765    4.000000    0.000000    0.000000   -0.000001    0.000000    0.000000   -0.000001    0.000000
   33  4   -7.965518    4.000000    0.000000    0.000000   -0.000000    0.000000    0.000000    0.000000    0.000000
   37  4   -7.373331    4.000000    0.000000    0.000000   -0.000000    0.000000    0.000000    0.000000    0.000000
   41  4   -7.187025    4.000000    0.000000    0.000000    0.000000    0.000000    0.000000   -0.000000    0.000000
   45  4   -6.918502    4.000000    0.000000    0.000000   -0.000000    0.000000    0.000000   -0.000000    0.000000
   49  2   -2.211059    2.000000    0.000000    0.000000   -0.000000    0.000000    0.000000   -0.000000    0.000000
   51  2   -2.205005    2.000000    0.000000    0.000000    0.000000    0.000000    0.000000    0.000000    0.000000
   53  2   -2.180409    2.000000    0.000000    0.000000   -0.000000    0.000000    0.000000   -0.000000    0.000000
   55  2   -2.174180    2.000000    0.000000    0.000000    0.000001    0.000000    0.000000    0.000000    0.000000
   57  2   -2.140255    2.000000    0.000000    0.000000   -0.000000    0.000000    0.000000   -0.000000    0.000000
   59  2   -2.137270    2.000000    0.000000    0.000000    0.000001    0.000000    0.000000   -0.000000    0.000000
   61  2   -2.121295    2.000000    0.000000    0.000000   -0.000000    0.000000    0.000000   -0.000000    0.000000
   63  2   -2.117908    2.000000    0.000000    0.000000    0.000000    0.000000    0.000000    0.000001    0.000000
   65  4   -1.955223    4.000000    0.000000    0.000000    0.000000    0.000000    0.000000    0.000000    0.000000
   69  4    0.400028    4.000000    0.000000    0.000000    0.000001    0.000000    0.000000   -0.000000    0.000000
   73  4    0.931542    4.000000    0.000000    0.000000    0.000000    0.000000    0.000000   -0.000000    0.000000
   77  2    1.073913    2.000000    0.000000    0.000000   -0.000000    0.000000    0.000000    0.000000    0.000000
   79  2    1.076651    2.000000    0.000000    0.000000   -0.000000    0.000000    0.000000    0.000000    0.000000
   81  2    1.113566    2.000000    0.000000    0.000000    0.000000    0.000000    0.000000    0.000000    0.000000
   83  2    1.115654    2.000000    0.000000    0.000000    0.000000    0.000000    0.000000   -0.000000    0.000000
   85  2    1.539648    2.000000    0.000000    0.000000    0.000000    0.000000    0.000000    0.000000    0.000000
   87  2    1.543101    2.000000    0.000000    0.000000    0.000000    0.000000    0.000000   -0.000001    0.000000
   89  2    2.016088    2.000000    0.000000    0.000000   -0.000000    0.000000    0.000000    0.000000    0.000000
   91  2    2.028163    2.000000    0.000000    0.000000    0.000000    0.000000    0.000000    0.000001    0.000000
   93  2    2.241206    2.000000    0.000000    0.000000   -0.000001    0.000000    0.000000    0.000000    0.000000
   95  2    2.253164    2.000000    0.000000    0.000000    0.000000    0.000000    0.000000    0.000000    0.000000
   97  2    2.474047    2.000000    0.000000    0.000000    0.000000    0.000000    0.000000    0.000000    0.000000
   99  2    2.484346    2.000000    0.000000    0.000000   -0.000000    0.000000    0.000000    0.000000    0.000000
  101  2    2.923334    2.000000    0.000000    0.000000    0.000002    0.000000    0.000000    0.000001    0.000000
  103  2    2.928922    2.000000    0.000000    0.000000    0.000001    0.000000    0.000000    0.000000    0.000000
  105  2    3.401808    2.000000    0.000000    0.000000    0.000000    0.000000    0.000000    0.000000    0.000000
  107  2    3.405158    2.000000    0.000000    0.000000    0.000000    0.000000    0.000000    0.000000    0.000000
  109  2    3.499416    2.000000    0.000000    0.000000    0.000000    0.000000    0.000000   -0.000000    0.000000
  111  2    3.502461    2.000000    0.000000    0.000000   -0.000000    0.000000    0.000000    0.000000    0.000000
  113  4    4.579815    4.000000    0.000000    0.000000   -0.000000    0.000000    0.000000   -0.000000    0.000000
  117  4    5.541254    4.000000    0.000000    0.000000    0.000019    0.000000    0.000000   -0.000002    0.000000
  121  4    6.025560    4.000000    0.000000    0.000000    0.000002    0.000000    0.000000   -0.000001    0.000000
  125  4    6.326559    4.000000    0.000000    0.000000   -0.000001    0.000000    0.000000   -0.000001    0.000000
  129  2    6.418508    2.000000    0.000000    0.000000   -0.000008    0.000000    0.000000    0.000001    0.000000
  131  2    6.420981    2.000000    0.000000    0.000000    0.000008   -0.000000    0.000000   -0.000002    0.000000
  133  2    6.491549    2.000000    0.000000    0.000000    0.000013   -0.000000    0.000000    0.000003    0.000000
  135  2    6.493810    2.000000    0.000000    0.000000   -0.000013    0.000000    0.000000    0.000000    0.000000
  137  2    9.914799    2.000000    0.000000    0.000000   -0.000041    0.000006    0.000000   -0.000002    0.000000
  139  2    9.922107    2.000000    0.000000    0.000000    0.000008   -0.000036    0.000000   -0.000058    0.000000
  141  2   10.333305    2.000000    0.000000    0.000000    0.000399   -0.000078    0.000000    0.000331    0.000000
  143  2   10.343004    2.000000    0.000000    0.000000   -0.000063    0.000196    0.000000   -0.000776    0.000000
  2
    1    3
    1  2  -53.273744    2.000000    0.000000    0.000000    0.000000
    3  2  -53.259744    2.000000    0.000000    2.000000    0.000000
    5  2  -52.799677    2.000000    0.000000    2.000000    0.000000
    7  2  -52.772685    2.000000    0.000000    0.000000    0.000000
    9  2  -52.153927    2.000000    0.000000    0.000000    0.000000
   11  2  -52.139506    2.000000    0.000000    2.000000    0.000000
   13  2  -48.540510    2.000000    0.000000    0.000000    0.000000
   15  2  -48.534274    2.000000    0.000000    2.000000    0.000000
   17  2  -48.066611    2.000000    0.000000    2.000000    0.000000
   19  2  -48.053407    2.000000    0.000000    0.000000    0.000000
   21  2  -47.656061    2.000000    0.000000    0.000000    0.000000
   23  2  -47.648850    2.000000    0.000000    2.000000    0.000000
   25  3  -40.614752    3.000000    0.000000    1.000000    0.000000
   28  1  -40.613660    1.000000    0.000000    1.000000    0.000000
   29  3  -40.594976    3.000000    0.000000    1.000000    0.000000
   32  1  -40.593970    1.000000    0.000000    1.000000    0.000000
   33  1   -8.275374    1.000000    0.000000   -1.000000    0.000000
   34  1   -8.244504    1.000000    0.000000   -1.000000    0.000000
   35  1   -7.873449    1.000000    0.000000    1.000000    0.000000
   36  1   -7.821587    1.000000    0.000000    1.000000    0.000000
   37  1   -7.272151    1.000000    0.000000   -1.000000    0.000000
   38  1   -7.235022    1.000000    0.000000   -1.000000    0.000000
   39  1   -7.218059    1.000000    0.000000    1.000000    0.000000
   40  1   -7.150919    1.000000    0.000000    1.000000    0.000000
   41  1   -7.131431    1.000000    0.000000   -1.000000    0.000000
   42  1   -7.121396    1.000000    0.000000   -1.000000    0.000000
   43  1   -7.113047    1.000000    0.000000    1.000000    0.000000
   44  1   -7.102096    1.000000    0.000000   -1.000000    0.000000
   45  1   -7.067253    1.000000    0.000000    1.000000    0.000000
   46  1   -7.026156    1.000000    0.000000    1.000000    0.000000
   47  1   -6.978752    1.000000    0.000000   -1.000000    0.000000
   48  1   -6.948728    1.000000    0.000000    1.000000    0.000000
   49  1   -2.373369    1.000000    0.000000   -1.000000    0.000000
   50  1   -2.319135    1.000000    0.000000   -1.000000    0.000000
   51  1   -2.255239    1.000000    0.000000   -1.000000    0.000000
   52  1   -2.248564    1.000000    0.000000   -1.000000    0.000000
   53  1   -2.219886    1.000000    0.000000   -1.000000    0.000000
   54  1   -2.214385    1.000000    0.000000   -1.000000    0.000000
   55  1   -2.211058    1.000000    0.000000    1.000000    0.000000
   56  1   -2.188785    1.000000    0.000000   -1.000000    0.000000
   57  1   -2.169930    1.000000    0.000000    1.000000    0.000000
   58  1   -2.156604    1.000000    0.000000   -1.000000    0.000000
   59  1   -2.141958    1.000000    0.000000    1.000000    0.000000
   60  1   -2.084401    1.000000    0.000000   -1.000000    0.000000
   61  1   -2.058599    1.000000    0.000000    1.000000    0.000000
   62  1   -2.050285    1.000000    0.000000   -1.000000    0.000000
   63  1   -2.021075    1.000000    0.000000    1.000000    0.000000
   64  1   -2.018384    1.000000    0.000000   -1.000000    0.000000
   65  1   -2.007029    1.000000    0.000000   -1.000000    0.000000
   66  1   -1.959294    1.000000    0.000000   -1.000000    0.000000
   67  1   -1.921256    1.000000    0.000000   -1.000000    0.000000
   68  1   -1.777390    1.000000    0.000000   -1.000000    0.000000
   69  1   -0.214029    1.000000    0.000000   -1.000000    0.000000
   70  1   -0.109862    1.000000    0.000000   -1.000000    0.000000
   71  1    0.212979    1.000000    0.000000   -1.000000    0.000000
   72  1    0.246540    1.000000    0.000000   -1.000000    0.000000
   73  1    0.291354    1.000000    0.000000    1.000000    0.000000
   74  1    0.454097    1.000000    0.000000    1.000000    0.000000
   75  1    0.459313    1.000000    0.000000    1.000000    0.000000
   76  1    0.499978    1.000000    0.000000   -1.000000    0.000000
   77  1    0.547025    1.000000    0.000000    1.000000    0.000000
   78  1    0.799421    1.000000    0.000000   -1.000000    0.000000
   79  1    0.833740    1.000000    0.000000    1.000000    0.000000
   80  1    0.926062    1.000000    0.000000    1.000000    0.000000
   81  1    1.351927    1.000000    0.000000   -1.000000    0.000000
   82  1    1.458373    1.000000    0.000000    1.000000    0.000000
   83  1    1.574098    1.000000    0.000000   -1.000000    0.000000
   84  1    1.590438    1.000000    0.000000   -1.000000    0.000000
   85  1    1.682139    1.000000    0.000000    1.000000    0.000000
   86  1    1.757257    1.000000    0.000000   -1.000000    0.000000
   87  1    1.807991    1.000000    0.000000   -1.000000    0.000000
   88  1    1.827548    1.000000    0.000000    1.000000    0.000000
   89  1    1.844675    1.000000    0.000000    1.000000    0.000000
   90  1    2.047616    1.000000    0.000000   -1.000000    0.000000
   91  1    2.139601    1.000000    0.000000   -1.000000    0.000000
   92  1    2.186980    1.000000    0.000000   -1.000000    0.000000
   93  1    2.392794    1.000000    0.000000    1.000000    0.000000
   94  1    2.526554    1.000000    0.000000    1.000000    0.000000
   95  1    2.550635    1.000000    0.000000   -1.000000    0.000000
   96  1    2.561895    1.000000    0.000000    1.000000    0.000000
   97  1    2.605787    1.000000    0.000000    1.000000    0.000000
   98  1    2.666910    1.000000    0.000000    1.000000    0.000000
   99  1    2.687590    1.000000    0.000000    1.000000    0.000000
  100  1    2.732990    1.000000    0.000000   -1.000000    0.000000
  101  1    3.109437    1.000000    0.000000    1.000000    0.000000
  102  1    3.134331    1.000000    0.000000    1.000000    0.000000
  103  1    3.247674    1.000000    0.000000   -1.000000    0.000000
  104  1    3.299733    1.000000    0.000000   -1.000000    0.000000
  105  1    3.371354    1.000000    0.000000    1.000000    0.000000
  106  1    3.419114    1.000000    0.000000    1.000000    0.000000
  107  1    3.492335    1.000000    0.000000   -1.000000    0.000000
  108  1    3.845540    1.000000    0.000000   -1.000000    0.000000
  109  1    3.895844    1.000000    0.000000   -1.000000    0.000000
  110  1    3.911216    1.000000    0.000000    1.000000    0.000000
  111  1    3.945270    1.000000    0.000000    1.000000    0.000000
  112  1    3.959816    1.000000    0.000000   -1.000000    0.000000
  113  1    4.231219    1.000000    0.000000   -1.000000    0.000000
  114  1    4.363095    1.000000    0.000000   -1.000000    0.000000
  115  1    4.449849    1.000000    0.000000    1.000000    0.000000
  116  1    4.499888    1.000000    0.000000    1.000000    0.000000
  117  1    5.522996    1.000000    0.000000   -1.000000    0.000000
  118  1    5.787029    1.000000    0.000000   -1.000000    0.000000
  119  1    5.905327    1.000000    0.000000   -1.000000    0.000000
  120  1    5.925582    1.000000    0.000000    1.000000    0.000000
  121  1    5.938417    1.000000    0.000000   -1.000000    0.000000
  122  1    5.972216    1.000000    0.000000    1.000000    0.000000
  123  1    6.032504    1.000000    0.000000   -1.000000    0.000000
  124  1    6.091628    1.000000    0.000000   -1.000000    0.000000
  125  1    6.097009    1.000000    0.000000   -1.000000    0.000000
  126  1    6.139382    1.000000    0.000000    1.000000    0.000000
  127  1    6.156644    1.000000    0.000000   -1.000000    0.000000
  128  1    6.207965    1.000000    0.000000   -1.000000    0.000000
  129  1    6.246997    1.000000    0.000000   -1.000000    0.000000
  130  1    6.284057    1.000000    0.000000    1.000000    0.000000
  131  1    6.309689    1.000000    0.000000   -1.000000    0.000000
  132  1    6.363058    1.000000    0.000000   -1.000000    0.000000
  133  1    6.385450    1.000000    0.000000    1.000000    0.000000
  134  1    6.438928    1.000000    0.000000   -1.000000    0.000000
  135  1    6.592055    1.000000    0.000000   -1.000000    0.000000
  136  1    6.657218    1.000000    0.000000   -1.000000    0.000000
  137  1    9.026802    1.000000    0.000000   -0.999999    0.000000
  138  1    9.217661    1.000000    0.000000   -0.999991    0.000000
  139  1    9.263075    1.000000    0.000000   -0.999993    0.000000
  140  1    9.381231    1.000000    0.000000    0.999979    0.000000
  141  1    9.593723    1.000000    0.000000   -0.999375    0.000000
  142  1    9.861934    1.000000    0.000000    0.989211    0.000000
  143  1    9.970499    1.000000    0.000000   -0.959050    0.000000
  144  1   10.159977    1.000000    0.000000   -0.083510    0.000000
  4
    1    2    3    4
    1  2  -53.273730    2.000000    0.000000    0.000000   -0.000001    2.000000    0.000000    0.000000   -0.000001
    3  2  -53.259743    2.000000    0.000000    0.000000    0.000001   -2.000000    0.000000    0.000000   -0.000001
    5  2  -52.799677    2.000000    0.000000    0.000000   -0.000003   -2.000000    0.000000    0.000000    0.000003
    7  2  -52.772688    2.000000    0.000000    0.000000    0.000001    2.000000    0.000000    0.000000    0.000001
    9  2  -52.153913    2.000000    0.000000    0.000000    0.000001    2.000000    0.000000    0.000000    0.000001
   11  2  -52.139506    2.000000    0.000000    0.000000    0.000003   -2.000000    0.000000    0.000000   -0.000003
   13  2  -48.540458    2.000000    0.000000    0.000000   -0.000000    2.000000    0.000000    0.000000   -0.000000
   15  2  -48.534272    2.000000    0.000000    0.000000    0.000000   -2.000000    0.000000    0.000000   -0.000000
   17  2  -48.066612    2.000000    0.000000    0.000000   -0.000003   -2.000000    0.000000    0.000000    0.000003
   19  2  -48.053417    2.000000    0.000000    0.000000   -0.000001    2.000000    0.000000    0.000000   -0.000001
   21  2  -47.656007    2.000000    0.000000    0.000000    0.000000    2.000000    0.000000    0.000000    0.000000
   23  2  -47.648849    2.000000    0.000000    0.000000    0.000001   -2.000000    0.000000    0.000000   -0.000001
   25  4  -40.614424    4.000000    0.000000    0.000000   -0.000007    0.000000    0.000000    0.000000    0.000001
   29  4  -40.594764    4.000000    0.000000    0.000000   -0.000008    0.000000    0.000000    0.000000   -0.000002
   33  4   -7.965464    4.000000    0.000000    0.000000    0.000000    0.000000    0.000000    0.000000    0.000000
   37  4   -7.373246    4.000000    0.000000    0.000000    0.000000    0.000000    0.000000    0.000000   -0.000000
   41  4   -7.187171    4.000000    0.000000    0.000000    0.000000    0.000000    0.000000    0.000000    0.000000
   45  4   -6.918497    4.000000    0.000000    0.000000    0.000009    0.000000    0.000000    0.000000   -0.000009
   49  2   -2.218053    2.000000    0.000000    0.000000   -0.000008    2.000000    0.000000    0.000000   -0.000008
   51  1   -2.214371    1.000000    0.000000    0.000000    0.996870   -1.000000    0.000000    0.000000   -0.996870
   52  1   -2.212783    1.000000    0.000000    0.000000   -0.996860   -1.000000    0.000000    0.000000    0.996861
   53  2   -2.169347    2.000000    0.000000    0.000000   -1.991132    0.000000    0.000000    0.000000    0.007240
   55  1   -2.167788    1.000000    0.000000    0.000000    0.991955    1.000000    0.000000    0.000000    0.991955
   56  1   -2.166656    1.000000    0.000000    0.000000    0.999134   -1.000000    0.000000    0.000000   -0.999134
   57  1   -2.162431    1.000000    0.000000    0.000000    0.999367   -1.000000    0.000000    0.000000   -0.999367
   58  1   -2.159588    1.000000    0.000000    0.000000   -0.999326   -1.000000    0.000000    0.000000    0.999326
   59  2   -2.149855    2.000000    0.000000    0.000000   -0.000025    2.000000    0.000000    0.000000   -0.000025
   61  2   -2.100875    2.000000    0.000000    0.000000   -0.000013    2.000000    0.000000    0.000000   -0.000013
   63  2   -2.094502    2.000000    0.000000    0.000000   -0.000707   -2.000000    0.000000    0.000000    0.000707
   65  4   -1.962241    4.000000    0.000000    0.000000    0.000269    0.000000    0.000000    0.000000    0.000274
   69  4    0.400073    4.000000    0.000000    0.000000    0.000001    0.000000    0.000000    0.000000    0.000001
   73  4    0.931140    4.000000    0.000000    0.000000    0.000000    0.000000    0.000000    0.000000    0.000000
   77  2    1.075047    2.000000    0.000000    0.000000    0.000001    0.000000    0.000000    0.000000    1.999965
   79  2    1.077161    2.000000    0.000000    0.000000   -0.000001    0.000000    0.000000    0.000000   -1.999965
   81  2    1.112539    2.000000    0.000000    0.000000   -1.999997    0.000000    0.000000    0.000000    0.000000
   83  2    1.114610    2.000000    0.000000    0.000000    1.999997    0.000000    0.000000    0.000000    0.000000
   85  2    1.539179    2.000000    0.000000    0.000000    1.999918    0.000000    0.000000    0.000000   -0.000019
   87  2    1.542643    2.000000    0.000000    0.000000   -1.999918    0.000000    0.000000    0.000000    0.000019
   89  1    2.015264    1.000000    0.000000    0.000000   -1.000000    1.000000    0.000000    0.000000   -1.000000
   90  1    2.018243    1.000000    0.000000    0.000000   -1.000000   -1.000000    0.000000    0.000000    1.000000
   91  1    2.025853    1.000000    0.000000    0.000000    1.000000   -1.000000    0.000000    0.000000   -1.000000
   92  1    2.029794    1.000000    0.000000    0.000000    1.000000    1.000000    0.000000    0.000000    1.000000
   93  1    2.241562    1.000000    0.000000    0.000000    1.000000    1.000000    0.000000    0.000000    1.000000
   94  1    2.244997    1.000000    0.000000    0.000000   -0.999997   -1.000000    0.000000    0.000000    0.999997
   95  1    2.249766    1.000000    0.000000    0.000000    0.999997   -1.000000    0.000000    0.000000   -0.999997
   96  1    2.253175    1.000000    0.000000    0.000000   -1.000000    1.000000    0.000000    0.000000   -1.000000
   97  1    2.474197    1.000000    0.000000    0.000000    0.999990   -1.000000    0.000000    0.000000   -0.999990
   98  2    2.479650    2.000000    0.000000    0.000000    0.000008    2.000000    0.000000    0.000000    0.000008
  100  1    2.485709    1.000000    0.000000    0.000000   -0.999990   -1.000000    0.000000    0.000000    0.999990
  101  1    2.923000    1.000000    0.000000    0.000000    1.000000   -1.000000    0.000000    0.000000   -1.000000
  102  2    2.926141    2.000000    0.000000    0.000000    0.000000    2.000000    0.000000    0.000000    0.000000
  104  1    2.929516    1.000000    0.000000    0.000000   -1.000000   -1.000000    0.000000    0.000000    1.000000
  105  2    3.402465    2.000000    0.000000    0.000000   -1.999996    0.000000    0.000000    0.000000   -0.000001
  107  2    3.404900    2.000000    0.000000    0.000000    1.999996    0.000000    0.000000    0.000000    0.000001
  109  2    3.499212    2.000000    0.000000    0.000000   -0.000001    0.000000    0.000000    0.000000    1.999997
  111  1    3.500916    1.000000    0.000000    0.000000   -0.999998    1.000000    0.000000    0.000000   -0.999998
  112  1    3.502042    1.000000    0.000000    0.000000    0.999999   -1.000000    0.000000    0.000000   -0.999999
  113  4    4.579576    4.000000    0.000000    0.000000    0.000000    0.000000    0.000000    0.000000    0.000001
  117  3    5.537446    3.000000    0.000000    0.000000    0.993166    1.000000    0.000000    0.000000   -0.993068
  120  1    5.538458    1.000000    0.000000    0.000000   -0.993121   -1.000000    0.000000    0.000000    0.993122
  121  2    6.030198    2.000000    0.000000    0.000000    0.000037   -2.000000    0.000000    0.000000   -0.000037
  123  2    6.031414    2.000000    0.000000    0.000000    0.000000    2.000000    0.000000    0.000000    0.000000
  125  1    6.327108    1.000000    0.000000    0.000000   -0.996970   -1.000000    0.000000    0.000000    0.996970
  126  2    6.328527    2.000000    0.000000    0.000000    0.015024    0.000000    0.000000    0.000000   -1.978896
  128  1    6.329609    1.000000    0.000000    0.000000    0.981867    1.000000    0.000000    0.000000    0.981867
  129  1    6.416039    1.000000    0.000000    0.000000    0.999455    1.000000    0.000000    0.000000    0.999455
  130  2    6.418184    2.000000    0.000000    0.000000   -1.998059    0.000000    0.000000    0.000000   -0.000826
  132  1    6.420467    1.000000    0.000000    0.000000    0.998614   -1.000000    0.000000    0.000000   -0.998614
  133  2    6.489953    2.000000    0.000000    0.000000    0.000402   -0.000001    0.000000    0.000000   -1.998559
  135  2    6.491570    2.000000    0.000000    0.000000   -0.000404    0.000001    0.000000    0.000000    1.998557
  137  1    9.914313    1.000000    0.000000    0.000000   -0.999252   -0.999095    0.000000    0.000000    0.999736
  138  2    9.918277    2.000000    0.000000    0.000000   -0.000612    1.998711    0.000000    0.000000   -0.000161
  140  1    9.922803    1.000000    0.000000    0.000000    0.999714   -0.999594    0.000000    0.000000   -0.999745
  141  1   10.333106    1.000000    0.000000    0.000000    0.973432   -0.957144    0.000000    0.000000   -0.978986
  142  1   10.338363    1.000000    0.000000    0.000000   -0.077317    0.998755    0.000000    0.000000   -0.077039
  143  1   10.341613    1.000000    0.000000    0.000000   -0.392788    0.092282    0.000000    0.000000    0.484769
  144  1   10.346971    1.000000    0.000000    0.000000   -0.507606   -0.135727    0.000000    0.000000    0.570197
