  126  152
  1
  2
  1  0  0  0  1  0  0  0  1    0.000000    0.000000    0.000000    1.000000    0.000000    0.000000    0.000000    0.000000    0.000000    1.000000    0.000000  1
 -1  0  0  0 -1  0  0  0 -1    0.000000    0.000000    0.000000    1.000000    0.000000    0.000000    0.000000    0.000000    0.000000    1.000000    0.000000  1
  8
    0.000000    0.000000    0.000000
    0.500000    0.500000    0.500000
    0.000000    0.500000    0.500000
    0.500000    0.000000    0.500000
    0.500000    0.500000    0.000000
    0.500000    0.000000    0.000000
    0.000000    0.500000    0.000000
    0.000000    0.000000    0.500000
  2
    1    2
    1  1  -49.404032    1.000000    0.000000   -1.000000    0.000000
    2  1  -49.383981    1.000000    0.000000   -1.000000    0.000000
    3  1  -49.351300    1.000000    0.000000   -1.000000    0.000000
    4  1  -49.270078    1.000000    0.000000   -1.000000    0.000000
    5  1  -48.946392    1.000000    0.000000   -1.000000    0.000000
    6  1  -48.884721    1.000000    0.000000   -1.000000    0.000000
    7  1  -48.865356    1.000000    0.000000   -1.000000    0.000000
    8  1  -48.824277    1.000000    0.000000   -1.000000    0.000000
    9  1  -48.234289    1.000000    0.000000   -1.000000    0.000000
   10  1  -48.217072    1.000000    0.000000   -1.000000    0.000000
   11  1  -48.190644    1.000000    0.000000   -1.000000    0.000000
   12  1  -48.114257    1.000000    0.000000   -1.000000    0.000000
   13  1  -45.504847    1.000000    0.000000   -1.000000    0.000000
   14  1  -45.499542    1.000000    0.000000   -1.000000    0.000000
   15  1  -45.485649    1.000000    0.000000   -1.000000    0.000000
   16  1  -45.468067    1.000000    0.000000   -1.000000    0.000000
   17  1  -45.052727    1.000000    0.000000   -1.000000    0.000000
   18  1  -45.039969    1.000000    0.000000   -1.000000    0.000000
   19  1  -45.017401    1.000000    0.000000   -1.000000    0.000000
   20  1  -45.000071    1.000000    0.000000   -1.000000    0.000000
   21  1  -44.651307    1.000000    0.000000   -1.000000    0.000000
   22  1  -44.647690    1.000000    0.000000   -1.000000    0.000000
   23  1  -44.634460    1.000000    0.000000   -1.000000    0.000000
   24  1  -44.613134    1.000000    0.000000   -1.000000    0.000000
   25  1  -29.626716    1.000000    0.000000    1.000000    0.000000
   26  1  -29.624764    1.000000    0.000000    1.000000    0.000000
   27  1  -12.390264    1.000000    0.000000   -1.000000    0.000000
   28  1  -12.386189    1.000000    0.000000   -1.000000    0.000000
   29  1  -11.270988    1.000000    0.000000   -1.000000    0.000000
   30  1  -11.268284    1.000000    0.000000   -1.000000    0.000000
   31  1  -11.262654    1.000000    0.000000   -1.000000    0.000000
   32  1  -11.260967    1.000000    0.000000   -1.000000    0.000000
   33  1   -5.121522    1.000000    0.000000    1.000000    0.000000
   34  1   -5.118458    1.000000    0.000000    1.000000    0.000000
   35  1   -3.659898    1.000000    0.000000    1.000000    0.000000
   36  1   -3.656149    1.000000    0.000000    1.000000    0.000000
   37  1   -3.612344    1.000000    0.000000    1.000000    0.000000
   38  1   -3.609396    1.000000    0.000000    1.000000    0.000000
   39  1   -2.802794    1.000000    0.000000   -1.000000    0.000000
   40  1   -2.799767    1.000000    0.000000   -1.000000    0.000000
   41  1   -2.782622    1.000000    0.000000   -1.000000    0.000000
   42  2   -2.779926    2.000000    0.000000   -2.000000    0.000000
   44  1   -2.776325    1.000000    0.000000   -1.000000    0.000000
   45  1   -2.521035    1.000000    0.000000   -1.000000    0.000000
   46  1   -2.517816    1.000000    0.000000   -1.000000    0.000000
   47  1   -2.516615    1.000000    0.000000   -1.000000    0.000000
   48  1   -2.513962    1.000000    0.000000   -1.000000    0.000000
   49  1   -2.486512    1.000000    0.000000   -1.000000    0.000000
   50  1   -2.483198    1.000000    0.000000   -1.000000    0.000000
   51  1   -1.740446    1.000000    0.000000    1.000000    0.000000
   52  1   -1.736797    1.000000    0.000000    1.000000    0.000000
   53  1   -1.685943    1.000000    0.000000    1.000000    0.000000
   54  1   -1.681617    1.000000    0.000000    1.000000    0.000000
   55  1   -1.624767    1.000000    0.000000    1.000000    0.000000
   56  1   -1.619512    1.000000    0.000000    1.000000    0.000000
   57  1    1.080521    1.000000    0.000000    1.000000    0.000000
   58  1    1.107003    1.000000    0.000000    1.000000    0.000000
   59  1    1.147954    1.000000    0.000000    1.000000    0.000000
   60  1    1.157097    1.000000    0.000000    1.000000    0.000000
   61  1    1.165723    1.000000    0.000000    1.000000    0.000000
   62  1    1.190095    1.000000    0.000000    1.000000    0.000000
   63  1    1.274883    1.000000    0.000000    1.000000    0.000000
   64  1    1.305697    1.000000    0.000000    1.000000    0.000000
   65  1    1.338018    1.000000    0.000000    1.000000    0.000000
   66  1    1.357501    1.000000    0.000000    1.000000    0.000000
   67  1    1.419578    1.000000    0.000000    1.000000    0.000000
   68  1    1.449297    1.000000    0.000000    1.000000    0.000000
   69  1    1.591658    1.000000    0.000000    1.000000    0.000000
   70  1    1.609895    1.000000    0.000000    1.000000    0.000000
   71  1    1.643473    1.000000    0.000000    1.000000    0.000000
   72  1    1.665190    1.000000    0.000000    1.000000    0.000000
   73  1    1.844327    1.000000    0.000000    1.000000    0.000000
   74  1    1.892630    1.000000    0.000000    1.000000    0.000000
   75  1    1.908142    1.000000    0.000000    1.000000    0.000000
   76  1    1.916543    1.000000    0.000000    1.000000    0.000000
   77  1    2.112870    1.000000    0.000000    1.000000    0.000000
   78  1    2.125347    1.000000    0.000000    1.000000    0.000000
   79  1    2.821152    1.000000    0.000000    1.000000    0.000000
   80  1    2.828976    1.000000    0.000000    1.000000    0.000000
   81  1    2.922332    1.000000    0.000000    1.000000    0.000000
   82  1    2.987138    1.000000    0.000000    1.000000    0.000000
   83  1    3.041231    1.000000    0.000000    1.000000    0.000000
   84  1    3.054377    1.000000    0.000000    1.000000    0.000000
   85  1    3.118770    1.000000    0.000000   -1.000000    0.000000
   86  1    3.123991    1.000000    0.000000   -1.000000    0.000000
   87  1    3.146467    1.000000    0.000000   -1.000000    0.000000
   88  1    3.149609    1.000000    0.000000   -1.000000    0.000000
   89  1    3.211364    1.000000    0.000000    1.000000    0.000000
   90  1    3.238907    1.000000    0.000000    1.000000    0.000000
   91  1    3.267658    1.000000    0.000000   -1.000000    0.000000
   92  1    3.273495    1.000000    0.000000   -1.000000    0.000000
   93  1    3.562120    1.000000    0.000000    1.000000    0.000000
   94  1    3.578986    1.000000    0.000000    1.000000    0.000000
   95  1    3.605893    1.000000    0.000000    1.000000    0.000000
   96  1    3.697781    1.000000    0.000000    1.000000    0.000000
   97  1    4.292312    1.000000    0.000000   -1.000000    0.000000
   98  1    4.294363    1.000000    0.000000   -1.000000    0.000000
   99  1    4.323825    1.000000    0.000000    1.000000    0.000000
  100  1    4.340055    1.000000    0.000000    1.000000    0.000000
  101  1    4.382028    1.000000    0.000000   -1.000000    0.000000
  102  1    4.388002    1.000000    0.000000   -1.000000    0.000000
  103  1    4.413901    1.000000    0.000000   -1.000000    0.000000
  104  1    4.420414    1.000000    0.000000   -1.000000    0.000000
  105  1    4.830347    1.000000    0.000000   -1.000000    0.000000
  106  1    4.834956    1.000000    0.000000   -1.000000    0.000000
  107  1    4.864966    1.000000    0.000000   -1.000000    0.000000
  108  2    4.879191    2.000000    0.000000   -0.000004    0.000000
  110  1    4.939396    1.000000    0.000000    1.000000    0.000000
  111  1    4.951679    1.000000    0.000000    1.000000    0.000000
  112  1    4.980595    1.000000    0.000000    1.000000    0.000000
  113  1    5.046393    1.000000    0.000000   -1.000000    0.000000
  114  1    5.052260    1.000000    0.000000   -1.000000    0.000000
  115  1    5.343736    1.000000    0.000000   -1.000000    0.000000
  116  1    5.354057    1.000000    0.000000   -1.000000    0.000000
  117  1    5.424415    1.000000    0.000000   -1.000000    0.000000
  118  1    5.443133    1.000000    0.000000   -1.000000    0.000000
  119  1    5.612285    1.000000    0.000000    1.000000    0.000000
  120  1    5.696624    1.000000    0.000000    1.000000    0.000000
  121  1    5.843804    1.000000    0.000000    1.000000    0.000000
  122  1    5.859227    1.000000    0.000000    1.000000    0.000000
  123  1    6.166891    1.000000    0.000000    1.000000    0.000000
  124  1    6.195564    1.000000    0.000000    1.000000    0.000000
  125  1    6.469121    1.000000    0.000000   -1.000000    0.000000
  126  1    6.474743    1.000000    0.000000   -1.000000    0.000000
  127  1    6.641276    1.000000    0.000000    1.000000    0.000000
  128  1    6.671833    1.000000    0.000000    1.000000    0.000000
  129  1    6.980680    1.000000    0.000000    1.000000    0.000000
  130  1    7.022024    1.000000    0.000000    1.000000    0.000000
  131  1    7.094221    1.000000    0.000000    1.000000    0.000000
  132  1    7.115643    1.000000    0.000000    1.000000    0.000000
  133  1    7.422544    1.000000    0.000000   -1.000000    0.000000
  134  1    7.427432    1.000000    0.000000   -1.000000    0.000000
  135  1    7.445734    1.000000    0.000000   -1.000000    0.000000
  136  1    7.449840    1.000000    0.000000   -1.000000    0.000000
  137  1    7.469404    1.000000    0.000000   -1.000000    0.000000
  138  1    7.476395    1.000000    0.000000   -1.000000    0.000000
  139  1    7.599879    1.000000    0.000000    1.000000    0.000000
  140  1    7.616381    1.000000    0.000000    1.000000    0.000000
  141  1    7.987019    1.000000    0.000000    1.000000    0.000000
  142  1    8.013431    1.000000    0.000000    1.000000    0.000000
  143  1    8.161604    1.000000    0.000000    1.000000    0.000000
  144  1    8.263156    1.000000    0.000000    0.999999    0.000000
  145  1    8.452876    1.000000    0.000000    0.999961    0.000000
  146  1    8.477175    1.000000    0.000000    0.999987    0.000000
  147  1    8.503977    1.000000    0.000000    0.999947    0.000000
  148  1    8.521730    1.000000    0.000000    0.999887    0.000000
  149  1    8.717490    1.000000    0.000000    0.997474    0.000000
  150  1    8.749908    1.000000    0.000000    0.993821    0.000000
  151  1    8.856296    1.000000    0.000000   -0.984062    0.000000
  152  1    8.886512    1.000000    0.000000   -0.786655    0.000000
  2
    1    2
    1  1  -49.404029    1.000000    0.000000    1.000000    0.000000
    2  1  -49.383979    1.000000    0.000000    1.000000    0.000000
    3  1  -49.351298    1.000000    0.000000    1.000000    0.000000
    4  1  -49.270077    1.000000    0.000000    1.000000    0.000000
    5  1  -48.946392    1.000000    0.000000    1.000000    0.000000
    6  1  -48.884722    1.000000    0.000000    1.000000    0.000000
    7  1  -48.865357    1.000000    0.000000    1.000000    0.000000
    8  1  -48.824277    1.000000    0.000000    1.000000    0.000000
    9  1  -48.234287    1.000000    0.000000    1.000000    0.000000
   10  1  -48.217070    1.000000    0.000000    1.000000    0.000000
   11  1  -48.190642    1.000000    0.000000    1.000000    0.000000
   12  1  -48.114256    1.000000    0.000000    1.000000    0.000000
   13  1  -45.504846    1.000000    0.000000    1.000000    0.000000
   14  1  -45.499539    1.000000    0.000000    1.000000    0.000000
   15  1  -45.485647    1.000000    0.000000    1.000000    0.000000
   16  1  -45.468065    1.000000    0.000000    1.000000    0.000000
   17  1  -45.052728    1.000000    0.000000    1.000000    0.000000
   18  1  -45.039970    1.000000    0.000000    1.000000    0.000000
   19  1  -45.017402    1.000000    0.000000    1.000000    0.000000
   20  1  -45.000072    1.000000    0.000000    1.000000    0.000000
   21  1  -44.651306    1.000000    0.000000    1.000000    0.000000
   22  1  -44.647687    1.000000    0.000000    1.000000    0.000000
   23  1  -44.634459    1.000000    0.000000    1.000000    0.000000
   24  1  -44.613132    1.000000    0.000000    1.000000    0.000000
   25  1  -29.626715    1.000000    0.000000    1.000000    0.000000
   26  1  -29.624763    1.000000    0.000000    1.000000    0.000000
   27  1  -12.390402    1.000000    0.000000   -1.000000    0.000000
   28  1  -12.386340    1.000000    0.000000   -1.000000    0.000000
   29  1  -11.271229    1.000000    0.000000   -1.000000    0.000000
   30  1  -11.268543    1.000000    0.000000   -1.000000    0.000000
   31  1  -11.262918    1.000000    0.000000   -1.000000    0.000000
   32  1  -11.261239    1.000000    0.000000   -1.000000    0.000000
   33  1   -4.316173    1.000000    0.000000    1.000000    0.000000
   34  1   -4.313155    1.000000    0.000000    1.000000    0.000000
   35  1   -4.306268    1.000000    0.000000    1.000000    0.000000
   36  1   -4.303188    1.000000    0.000000    1.000000    0.000000
   37  1   -3.688921    1.000000    0.000000    1.000000    0.000000
   38  1   -3.685649    1.000000    0.000000    1.000000    0.000000
   39  1   -3.517731    1.000000    0.000000   -1.000000    0.000000
   40  1   -3.513374    1.000000    0.000000   -1.000000    0.000000
   41  1   -3.470289    1.000000    0.000000   -1.000000    0.000000
   42  1   -3.467730    1.000000    0.000000   -1.000000    0.000000
   43  1   -3.426471    1.000000    0.000000   -1.000000    0.000000
   44  1   -3.423376    1.000000    0.000000   -1.000000    0.000000
   45  1   -2.150542    1.000000    0.000000   -1.000000    0.000000
   46  1   -2.145991    1.000000    0.000000   -1.000000    0.000000
   47  1   -2.133559    1.000000    0.000000   -1.000000    0.000000
   48  1   -2.129354    1.000000    0.000000   -1.000000    0.000000
   49  1   -2.097600    1.000000    0.000000   -1.000000    0.000000
   50  1   -2.094366    1.000000    0.000000   -1.000000    0.000000
   51  1   -1.201697    1.000000    0.000000    1.000000    0.000000
   52  1   -1.198929    1.000000    0.000000    1.000000    0.000000
   53  1   -1.164657    1.000000    0.000000    1.000000    0.000000
   54  1   -1.161356    1.000000    0.000000    1.000000    0.000000
   55  1   -1.121590    1.000000    0.000000    1.000000    0.000000
   56  1   -1.117719    1.000000    0.000000    1.000000    0.000000
   57  1    1.181729    1.000000    0.000000   -1.000000    0.000000
   58  1    1.211486    1.000000    0.000000   -1.000000    0.000000
   59  1    1.225395    1.000000    0.000000   -1.000000    0.000000
   60  1    1.236484    1.000000    0.000000   -1.000000    0.000000
   61  1    1.262530    1.000000    0.000000   -1.000000    0.000000
   62  1    1.279443    1.000000    0.000000   -1.000000    0.000000
   63  1    1.285502    1.000000    0.000000   -1.000000    0.000000
   64  1    1.323594    1.000000    0.000000   -1.000000    0.000000
   65  1    1.345815    1.000000    0.000000   -1.000000    0.000000
   66  1    1.366882    1.000000    0.000000   -1.000000    0.000000
   67  1    1.420778    1.000000    0.000000   -1.000000    0.000000
   68  1    1.443463    1.000000    0.000000   -1.000000    0.000000
   69  1    1.578579    1.000000    0.000000   -1.000000    0.000000
   70  1    1.604834    1.000000    0.000000   -1.000000    0.000000
   71  1    1.773888    1.000000    0.000000   -1.000000    0.000000
   72  1    1.789264    1.000000    0.000000   -1.000000    0.000000
   73  1    1.955485    1.000000    0.000000   -1.000000    0.000000
   74  1    1.987246    1.000000    0.000000   -1.000000    0.000000
   75  1    2.013110    1.000000    0.000000   -1.000000    0.000000
   76  1    2.037059    1.000000    0.000000   -1.000000    0.000000
   77  1    2.131841    1.000000    0.000000    1.000000    0.000000
   78  1    2.136886    1.000000    0.000000    1.000000    0.000000
   79  1    2.183345    1.000000    0.000000   -1.000000    0.000000
   80  1    2.201233    1.000000    0.000000   -1.000000    0.000000
   81  1    3.031639    1.000000    0.000000   -1.000000    0.000000
   82  1    3.104340    1.000000    0.000000   -1.000000    0.000000
   83  1    3.178029    1.000000    0.000000    1.000000    0.000000
   84  1    3.181514    1.000000    0.000000    1.000000    0.000000
   85  1    3.205878    1.000000    0.000000   -1.000000    0.000000
   86  1    3.217093    1.000000    0.000000    1.000000    0.000000
   87  1    3.221030    1.000000    0.000000    1.000000    0.000000
   88  1    3.226457    1.000000    0.000000   -0.999999    0.000000
   89  1    3.459565    1.000000    0.000000   -1.000000    0.000000
   90  1    3.471107    1.000000    0.000000   -1.000000    0.000000
   91  1    3.715622    1.000000    0.000000    1.000000    0.000000
   92  1    3.727996    1.000000    0.000000    0.999999    0.000000
   93  1    3.729622    1.000000    0.000000   -0.999998    0.000000
   94  1    3.732276    1.000000    0.000000    1.000000    0.000000
   95  1    3.741150    1.000000    0.000000    1.000000    0.000000
   96  1    3.841840    1.000000    0.000000   -1.000000    0.000000
   97  1    3.895858    1.000000    0.000000   -1.000000    0.000000
   98  1    3.915163    1.000000    0.000000    1.000000    0.000000
   99  1    3.930597    1.000000    0.000000    1.000000    0.000000
  100  1    3.996119    1.000000    0.000000   -1.000000    0.000000
  101  1    4.076841    1.000000    0.000000    1.000000    0.000000
  102  1    4.086861    1.000000    0.000000    1.000000    0.000000
  103  1    4.099112    1.000000    0.000000    1.000000    0.000000
  104  1    4.112660    1.000000    0.000000    1.000000    0.000000
  105  1    4.140645    1.000000    0.000000    1.000000    0.000000
  106  1    4.153019    1.000000    0.000000    1.000000    0.000000
  107  1    4.173457    1.000000    0.000000   -1.000000    0.000000
  108  1    4.252607    1.000000    0.000000   -1.000000    0.000000
  109  1    4.452987    1.000000    0.000000   -1.000000    0.000000
  110  1    4.511659    1.000000    0.000000   -1.000000    0.000000
  111  1    4.716396    1.000000    0.000000    1.000000    0.000000
  112  1    4.727288    1.000000    0.000000   -0.999977    0.000000
  113  1    4.728538    1.000000    0.000000    0.999984    0.000000
  114  1    4.830042    1.000000    0.000000    1.000000    0.000000
  115  1    4.836029    1.000000    0.000000    1.000000    0.000000
  116  1    4.871675    1.000000    0.000000    0.999998    0.000000
  117  1    4.873896    1.000000    0.000000   -0.999997    0.000000
  118  1    4.881082    1.000000    0.000000    1.000000    0.000000
  119  1    5.219945    1.000000    0.000000   -1.000000    0.000000
  120  1    5.268623    1.000000    0.000000   -1.000000    0.000000
  121  1    5.487547    1.000000    0.000000   -1.000000    0.000000
  122  1    5.579393    1.000000    0.000000   -1.000000    0.000000
  123  1    5.736525    1.000000    0.000000   -1.000000    0.000000
  124  1    5.792188    1.000000    0.000000   -1.000000    0.000000
  125  1    6.083430    1.000000    0.000000   -1.000000    0.000000
  126  1    6.141727    1.000000    0.000000   -1.000000    0.000000
  127  1    6.428983    1.000000    0.000000   -1.000000    0.000000
  128  1    6.452869    1.000000    0.000000   -1.000000    0.000000
  129  1    6.876044    1.000000    0.000000   -1.000000    0.000000
  130  1    6.903708    1.000000    0.000000   -1.000000    0.000000
  131  1    6.946299    1.000000    0.000000   -1.000000    0.000000
  132  1    6.973080    1.000000    0.000000   -1.000000    0.000000
  133  1    7.193301    1.000000    0.000000   -1.000000    0.000000
  134  1    7.236100    1.000000    0.000000   -1.000000    0.000000
  135  1    8.296017    1.000000    0.000000   -1.000000    0.000000
  136  1    8.341304    1.000000    0.000000   -0.999999    0.000000
  137  1    8.418380    1.000000    0.000000   -0.999991    0.000000
  138  1    8.448176    1.000000    0.000000   -0.999992    0.000000
  139  1    8.619380    1.000000    0.000000    0.999934    0.000000
  140  1    8.625896    1.000000    0.000000    0.999957    0.000000
  141  1    8.634563    1.000000    0.000000    0.999788    0.000000
  142  1    8.652405    1.000000    0.000000    0.998345    0.000000
  143  1    8.658774    1.000000    0.000000   -0.996818    0.000000
  144  1    8.691418    1.000000    0.000000   -0.999920    0.000000
  145  1    8.728703    1.000000    0.000000    0.999442    0.000000
  146  1    8.749466    1.000000    0.000000    0.999590    0.000000
  147  1    8.877376    1.000000    0.000000   -0.997741    0.000000
  148  1    8.889723    1.000000    0.000000   -0.996211    0.000000
  149  1    9.010832    1.000000    0.000000   -0.991202    0.000000
  150  1    9.021990    1.000000    0.000000   -0.957852    0.000000
  151  1    9.203514    1.000000    0.000000   -0.838328    0.000000
  152  1    9.227672    1.000000    0.000000   -0.391311    0.000000
  2
    1    2
    1  1  -49.404030    1.000000    0.000000   -1.000000    0.000000
    2  1  -49.383980    1.000000    0.000000    1.000000    0.000000
    3  1  -49.351298    1.000000    0.000000    1.000000    0.000000
    4  1  -49.270077    1.000000    0.000000   -1.000000    0.000000
    5  1  -48.946393    1.000000    0.000000   -1.000000    0.000000
    6  1  -48.884722    1.000000    0.000000    1.000000    0.000000
    7  1  -48.865357    1.000000    0.000000   -1.000000    0.000000
    8  1  -48.824277    1.000000    0.000000    1.000000    0.000000
    9  1  -48.234287    1.000000    0.000000   -1.000000    0.000000
   10  1  -48.217071    1.000000    0.000000    1.000000    0.000000
   11  1  -48.190642    1.000000    0.000000    1.000000    0.000000
   12  1  -48.114256    1.000000    0.000000   -1.000000    0.000000
   13  1  -45.504846    1.000000    0.000000   -1.000000    0.000000
   14  1  -45.499539    1.000000    0.000000    1.000000    0.000000
   15  1  -45.485646    1.000000    0.000000    1.000000    0.000000
   16  1  -45.468066    1.000000    0.000000   -1.000000    0.000000
   17  1  -45.052729    1.000000    0.000000   -1.000000    0.000000
   18  1  -45.039970    1.000000    0.000000    1.000000    0.000000
   19  1  -45.017402    1.000000    0.000000   -1.000000    0.000000
   20  1  -45.000073    1.000000    0.000000    1.000000    0.000000
   21  1  -44.651305    1.000000    0.000000   -1.000000    0.000000
   22  1  -44.647688    1.000000    0.000000    1.000000    0.000000
   23  1  -44.634459    1.000000    0.000000    1.000000    0.000000
   24  1  -44.613133    1.000000    0.000000   -1.000000    0.000000
   25  1  -29.626715    1.000000    0.000000    1.000000    0.000000
   26  1  -29.624764    1.000000    0.000000    1.000000    0.000000
   27  1  -12.390356    1.000000    0.000000   -1.000000    0.000000
   28  1  -12.386284    1.000000    0.000000   -1.000000    0.000000
   29  1  -11.271167    1.000000    0.000000   -1.000000    0.000000
   30  1  -11.268471    1.000000    0.000000   -1.000000    0.000000
   31  1  -11.262874    1.000000    0.000000   -1.000000    0.000000
   32  1  -11.261089    1.000000    0.000000   -1.000000    0.000000
   33  1   -4.616074    1.000000    0.000000   -1.000000    0.000000
   34  1   -4.612161    1.000000    0.000000   -1.000000    0.000000
   35  1   -4.365107    1.000000    0.000000    1.000000    0.000000
   36  1   -4.362116    1.000000    0.000000    1.000000    0.000000
   37  1   -3.810898    1.000000    0.000000   -1.000000    0.000000
   38  1   -3.805739    1.000000    0.000000   -1.000000    0.000000
   39  1   -3.091595    1.000000    0.000000    1.000000    0.000000
   40  1   -3.086620    1.000000    0.000000    1.000000    0.000000
   41  1   -2.909322    1.000000    0.000000    0.999991    0.000000
   42  1   -2.902388    1.000000    0.000000   -0.999990    0.000000
   43  1   -2.898744    1.000000    0.000000   -0.999763    0.000000
   44  1   -2.897361    1.000000    0.000000    0.999761    0.000000
   45  1   -2.664416    1.000000    0.000000    1.000000    0.000000
   46  1   -2.661829    1.000000    0.000000    1.000000    0.000000
   47  1   -2.510760    1.000000    0.000000   -1.000000    0.000000
   48  1   -2.509274    1.000000    0.000000   -1.000000    0.000000
   49  1   -2.239624    1.000000    0.000000    1.000000    0.000000
   50  1   -2.237875    1.000000    0.000000    1.000000    0.000000
   51  1   -1.299975    1.000000    0.000000   -1.000000    0.000000
   52  1   -1.283968    1.000000    0.000000   -1.000000    0.000000
   53  1   -1.078093    1.000000    0.000000   -0.999993    0.000000
   54  2   -1.071422    2.000000    0.000000    0.000002    0.000000
   56  1   -1.065558    1.000000    0.000000    0.999992    0.000000
   57  1    1.160734    1.000000    0.000000    1.000000    0.000000
   58  1    1.191477    1.000000    0.000000    1.000000    0.000000
   59  1    1.194730    1.000000    0.000000   -1.000000    0.000000
   60  1    1.216985    1.000000    0.000000   -1.000000    0.000000
   61  1    1.243072    1.000000    0.000000    1.000000    0.000000
   62  1    1.272640    1.000000    0.000000    1.000000    0.000000
   63  1    1.281839    1.000000    0.000000   -1.000000    0.000000
   64  1    1.293146    1.000000    0.000000   -1.000000    0.000000
   65  1    1.342352    1.000000    0.000000   -1.000000    0.000000
   66  1    1.368680    1.000000    0.000000    1.000000    0.000000
   67  1    1.375985    1.000000    0.000000   -1.000000    0.000000
   68  1    1.389381    1.000000    0.000000    1.000000    0.000000
   69  1    1.568823    1.000000    0.000000   -1.000000    0.000000
   70  1    1.592861    1.000000    0.000000   -1.000000    0.000000
   71  1    1.725043    1.000000    0.000000    1.000000    0.000000
   72  1    1.745945    1.000000    0.000000    1.000000    0.000000
   73  1    1.904767    1.000000    0.000000    1.000000    0.000000
   74  1    1.923534    1.000000    0.000000   -1.000000    0.000000
   75  1    1.956374    1.000000    0.000000   -1.000000    0.000000
   76  1    1.964119    1.000000    0.000000    1.000000    0.000000
   77  1    2.003140    1.000000    0.000000   -1.000000    0.000000
   78  1    2.064450    1.000000    0.000000   -1.000000    0.000000
   79  1    2.098342    1.000000    0.000000    1.000000    0.000000
   80  1    2.122560    1.000000    0.000000    1.000000    0.000000
   81  1    2.486289    1.000000    0.000000   -1.000000    0.000000
   82  1    2.512022    1.000000    0.000000    0.999999    0.000000
   83  1    2.522413    1.000000    0.000000   -0.999998    0.000000
   84  1    2.544142    1.000000    0.000000    1.000000    0.000000
   85  1    2.768624    1.000000    0.000000   -1.000000    0.000000
   86  1    2.785711    1.000000    0.000000   -1.000000    0.000000
   87  1    2.953620    1.000000    0.000000    1.000000    0.000000
   88  1    3.016567    1.000000    0.000000    1.000000    0.000000
   89  1    3.219401    1.000000    0.000000    1.000000    0.000000
   90  1    3.238295    1.000000    0.000000    1.000000    0.000000
   91  1    3.363425    1.000000    0.000000   -1.000000    0.000000
   92  1    3.392277    1.000000    0.000000   -1.000000    0.000000
   93  1    3.431553    1.000000    0.000000   -1.000000    0.000000
   94  1    3.478687    1.000000    0.000000   -1.000000    0.000000
   95  1    3.724112    1.000000    0.000000    1.000000    0.000000
   96  1    3.757887    1.000000    0.000000    1.000000    0.000000
   97  1    4.111887    1.000000    0.000000   -1.000000    0.000000
   98  1    4.169077    1.000000    0.000000   -1.000000    0.000000
   99  1    4.193532    1.000000    0.000000    1.000000    0.000000
  100  1    4.284935    1.000000    0.000000    1.000000    0.000000
  101  1    4.332965    1.000000    0.000000    1.000000    0.000000
  102  1    4.387529    1.000000    0.000000    1.000000    0.000000
  103  1    4.417417    1.000000    0.000000   -1.000000    0.000000
  104  1    4.436499    1.000000    0.000000   -1.000000    0.000000
  105  1    4.554776    1.000000    0.000000   -1.000000    0.000000
  106  1    4.632631    1.000000    0.000000   -1.000000    0.000000
  107  1    4.685417    1.000000    0.000000    1.000000    0.000000
  108  1    4.701366    1.000000    0.000000    1.000000    0.000000
  109  1    4.951271    1.000000    0.000000    1.000000    0.000000
  110  1    4.977305    1.000000    0.000000   -1.000000    0.000000
  111  1    5.005275    1.000000    0.000000    1.000000    0.000000
  112  1    5.044473    1.000000    0.000000   -1.000000    0.000000
  113  1    5.096530    1.000000    0.000000    1.000000    0.000000
  114  1    5.150779    1.000000    0.000000    1.000000    0.000000
  115  1    5.310121    1.000000    0.000000   -1.000000    0.000000
  116  1    5.317494    1.000000    0.000000   -1.000000    0.000000
  117  1    5.776648    1.000000    0.000000   -1.000000    0.000000
  118  1    5.833757    1.000000    0.000000    1.000000    0.000000
  119  1    5.860033    1.000000    0.000000    1.000000    0.000000
  120  1    5.913627    1.000000    0.000000   -1.000000    0.000000
  121  1    6.388855    1.000000    0.000000   -1.000000    0.000000
  122  1    6.401337    1.000000    0.000000    1.000000    0.000000
  123  1    6.487667    1.000000    0.000000    1.000000    0.000000
  124  1    6.511036    1.000000    0.000000   -1.000000    0.000000
  125  1    6.745158    1.000000    0.000000   -0.999999    0.000000
  126  1    6.749666    1.000000    0.000000    0.999999    0.000000
  127  1    6.801562    1.000000    0.000000    1.000000    0.000000
  128  1    6.850321    1.000000    0.000000   -1.000000    0.000000
  129  1    7.147891    1.000000    0.000000    1.000000    0.000000
  130  1    7.174867    1.000000    0.000000    1.000000    0.000000
  131  1    7.283844    1.000000    0.000000   -1.000000    0.000000
  132  1    7.300874    1.000000    0.000000    1.000000    0.000000
  133  1    7.307313    1.000000    0.000000    1.000000    0.000000
  134  1    7.369894    1.000000    0.000000   -1.000000    0.000000
  135  1    7.672857    1.000000    0.000000    1.000000    0.000000
  136  1    7.703911    1.000000    0.000000    1.000000    0.000000
  137  1    7.717209    1.000000    0.000000   -1.000000    0.000000
  138  1    7.775137    1.000000    0.000000   -1.000000    0.000000
  139  1    7.861744    1.000000    0.000000   -1.000000    0.000000
  140  1    7.882305    1.000000    0.000000    1.000000    0.000000
  141  1    7.929262    1.000000    0.000000   -1.000000    0.000000
  142  1    7.936012    1.000000    0.000000    1.000000    0.000000
  143  1    8.066176    1.000000    0.000000   -1.000000    0.000000
  144  1    8.153141    1.000000    0.000000   -0.999999    0.000000
  145  1    8.172977    1.000000    0.000000    0.999937    0.000000
  146  1    8.274694    1.000000    0.000000    0.999662    0.000000
  147  1    8.347941    1.000000    0.000000    0.999825    0.000000
  148  1    8.397101    1.000000    0.000000    0.999048    0.000000
  149  1    8.478774    1.000000    0.000000   -0.999484    0.000000
  150  1    8.557844    1.000000    0.000000   -0.998498    0.000000
  151  1    8.610987    1.000000    0.000000    0.980874    0.000000
  152  1    8.627828    1.000000    0.000000    0.995992    0.000000
  2
    1    2
    1  1  -49.404029    1.000000    0.000000   -1.000000    0.000000
    2  1  -49.383979    1.000000    0.000000    1.000000    0.000000
    3  1  -49.351298    1.000000    0.000000   -1.000000    0.000000
    4  1  -49.270077    1.000000    0.000000    1.000000    0.000000
    5  1  -48.946393    1.000000    0.000000    1.000000    0.000000
    6  1  -48.884722    1.000000    0.000000   -1.000000    0.000000
    7  1  -48.865357    1.000000    0.000000   -1.000000    0.000000
    8  1  -48.824277    1.000000    0.000000    1.000000    0.000000
    9  1  -48.234288    1.000000    0.000000   -1.000000    0.000000
   10  1  -48.217070    1.000000    0.000000    1.000000    0.000000
   11  1  -48.190642    1.000000    0.000000   -1.000000    0.000000
   12  1  -48.114256    1.000000    0.000000    1.000000    0.000000
   13  1  -45.504845    1.000000    0.000000   -1.000000    0.000000
   14  1  -45.499539    1.000000    0.000000   -1.000000    0.000000
   15  1  -45.485646    1.000000    0.000000    1.000000    0.000000
   16  1  -45.468065    1.000000    0.000000    1.000000    0.000000
   17  1  -45.052729    1.000000    0.000000    1.000000    0.000000
   18  1  -45.039969    1.000000    0.000000   -1.000000    0.000000
   19  1  -45.017403    1.000000    0.000000   -1.000000    0.000000
   20  1  -45.000073    1.000000    0.000000    1.000000    0.000000
   21  1  -44.651305    1.000000    0.000000   -1.000000    0.000000
   22  1  -44.647687    1.000000    0.000000   -1.000000    0.000000
   23  1  -44.634459    1.000000    0.000000    1.000000    0.000000
   24  1  -44.613132    1.000000    0.000000    1.000000    0.000000
   25  1  -29.626715    1.000000    0.000000    1.000000    0.000000
   26  1  -29.624764    1.000000    0.000000    1.000000    0.000000
   27  1  -12.390350    1.000000    0.000000   -1.000000    0.000000
   28  1  -12.386285    1.000000    0.000000   -1.000000    0.000000
   29  1  -11.271155    1.000000    0.000000   -1.000000    0.000000
   30  1  -11.268449    1.000000    0.000000   -1.000000    0.000000
   31  1  -11.262768    1.000000    0.000000   -1.000000    0.000000
   32  1  -11.261211    1.000000    0.000000   -1.000000    0.000000
   33  1   -4.614381    1.000000    0.000000   -1.000000    0.000000
   34  1   -4.597181    1.000000    0.000000   -1.000000    0.000000
   35  1   -4.411544    1.000000    0.000000    1.000000    0.000000
   36  1   -4.387760    1.000000    0.000000    1.000000    0.000000
   37  1   -3.771932    1.000000    0.000000   -1.000000    0.000000
   38  1   -3.758194    1.000000    0.000000   -1.000000    0.000000
   39  1   -3.108616    1.000000    0.000000    1.000000    0.000000
   40  1   -3.064489    1.000000    0.000000    1.000000    0.000000
   41  1   -2.919926    1.000000    0.000000   -1.000000    0.000000
   42  1   -2.891955    1.000000    0.000000    0.999993    0.000000
   43  1   -2.889210    1.000000    0.000000   -0.999992    0.000000
   44  1   -2.849468    1.000000    0.000000    1.000000    0.000000
   45  1   -2.682445    1.000000    0.000000    1.000000    0.000000
   46  1   -2.673572    1.000000    0.000000    1.000000    0.000000
   47  1   -2.564482    1.000000    0.000000   -1.000000    0.000000
   48  1   -2.522745    1.000000    0.000000   -1.000000    0.000000
   49  1   -2.268870    1.000000    0.000000    1.000000    0.000000
   50  1   -2.197218    1.000000    0.000000    1.000000    0.000000
   51  1   -1.315424    1.000000    0.000000   -1.000000    0.000000
   52  1   -1.214713    1.000000    0.000000   -1.000000    0.000000
   53  1   -1.169774    1.000000    0.000000   -1.000000    0.000000
   54  1   -1.128629    1.000000    0.000000    1.000000    0.000000
   55  1   -1.069937    1.000000    0.000000   -1.000000    0.000000
   56  1   -1.004996    1.000000    0.000000    1.000000    0.000000
   57  1    1.079448    1.000000    0.000000    1.000000    0.000000
   58  1    1.172298    1.000000    0.000000   -1.000000    0.000000
   59  1    1.190773    1.000000    0.000000    1.000000    0.000000
   60  1    1.230736    1.000000    0.000000   -1.000000    0.000000
   61  1    1.245329    1.000000    0.000000    1.000000    0.000000
   62  1    1.262869    1.000000    0.000000   -1.000000    0.000000
   63  1    1.294995    1.000000    0.000000    1.000000    0.000000
   64  1    1.296752    1.000000    0.000000   -1.000000    0.000000
   65  1    1.329503    1.000000    0.000000    1.000000    0.000000
   66  1    1.343864    1.000000    0.000000   -1.000000    0.000000
   67  1    1.422817    1.000000    0.000000    1.000000    0.000000
   68  1    1.447345    1.000000    0.000000   -1.000000    0.000000
   69  1    1.614441    1.000000    0.000000    1.000000    0.000000
   70  1    1.636045    1.000000    0.000000   -1.000000    0.000000
   71  1    1.700131    1.000000    0.000000   -1.000000    0.000000
   72  1    1.732001    1.000000    0.000000   -1.000000    0.000000
   73  1    1.829083    1.000000    0.000000    1.000000    0.000000
   74  1    1.866701    1.000000    0.000000   -1.000000    0.000000
   75  1    1.914149    1.000000    0.000000    1.000000    0.000000
   76  1    1.942665    1.000000    0.000000    1.000000    0.000000
   77  1    1.999842    1.000000    0.000000   -1.000000    0.000000
   78  1    2.010844    1.000000    0.000000    1.000000    0.000000
   79  1    2.339890    1.000000    0.000000   -1.000000    0.000000
   80  2    2.437832    2.000000    0.000000   -0.000005    0.000000
   82  1    2.453263    1.000000    0.000000    1.000000    0.000000
   83  1    2.488634    1.000000    0.000000    1.000000    0.000000
   84  1    2.498379    1.000000    0.000000   -1.000000    0.000000
   85  1    2.579140    1.000000    0.000000   -1.000000    0.000000
   86  1    2.794911    1.000000    0.000000    1.000000    0.000000
   87  1    3.015734    1.000000    0.000000   -1.000000    0.000000
   88  1    3.086966    1.000000    0.000000    1.000000    0.000000
   89  1    3.128652    1.000000    0.000000    1.000000    0.000000
   90  1    3.272072    1.000000    0.000000   -1.000000    0.000000
   91  1    3.340165    1.000000    0.000000   -1.000000    0.000000
   92  1    3.358672    1.000000    0.000000    1.000000    0.000000
   93  1    3.479797    1.000000    0.000000    1.000000    0.000000
   94  1    3.518262    1.000000    0.000000   -1.000000    0.000000
   95  1    3.766725    1.000000    0.000000   -1.000000    0.000000
   96  1    3.807066    1.000000    0.000000    1.000000    0.000000
   97  1    3.868103    1.000000    0.000000   -1.000000    0.000000
   98  1    3.987615    1.000000    0.000000    1.000000    0.000000
   99  1    4.253852    1.000000    0.000000    1.000000    0.000000
  100  1    4.324521    1.000000    0.000000    1.000000    0.000000
  101  1    4.335174    1.000000    0.000000   -1.000000    0.000000
  102  1    4.395445    1.000000    0.000000   -1.000000    0.000000
  103  1    4.445715    1.000000    0.000000   -1.000000    0.000000
  104  1    4.495776    1.000000    0.000000   -1.000000    0.000000
  105  1    4.525744    1.000000    0.000000   -1.000000    0.000000
  106  1    4.541167    1.000000    0.000000    1.000000    0.000000
  107  1    4.747860    1.000000    0.000000    1.000000    0.000000
  108  1    4.811477    1.000000    0.000000    1.000000    0.000000
  109  1    4.912915    1.000000    0.000000    1.000000    0.000000
  110  1    4.943249    1.000000    0.000000   -1.000000    0.000000
  111  1    5.020657    1.000000    0.000000    1.000000    0.000000
  112  1    5.080206    1.000000    0.000000    1.000000    0.000000
  113  1    5.232520    1.000000    0.000000   -1.000000    0.000000
  114  1    5.294285    1.000000    0.000000    1.000000    0.000000
  115  1    5.331540    1.000000    0.000000   -1.000000    0.000000
  116  1    5.387789    1.000000    0.000000   -1.000000    0.000000
  117  1    5.602853    1.000000    0.000000   -1.000000    0.000000
  118  1    5.879110    1.000000    0.000000    1.000000    0.000000
  119  1    5.955492    1.000000    0.000000    1.000000    0.000000
  120  1    6.259084    1.000000    0.000000   -1.000000    0.000000
  121  1    6.312682    1.000000    0.000000    1.000000    0.000000
  122  1    6.315774    1.000000    0.000000   -0.999999    0.000000
  123  1    6.532935    1.000000    0.000000   -1.000000    0.000000
  124  1    6.569235    1.000000    0.000000   -1.000000    0.000000
  125  1    6.631259    1.000000    0.000000    1.000000    0.000000
  126  1    6.673070    1.000000    0.000000    1.000000    0.000000
  127  1    6.808907    1.000000    0.000000    1.000000    0.000000
  128  1    6.939258    1.000000    0.000000    1.000000    0.000000
  129  1    6.998340    1.000000    0.000000    1.000000    0.000000
  130  1    7.004253    1.000000    0.000000   -1.000000    0.000000
  131  1    7.224881    1.000000    0.000000    1.000000    0.000000
  132  1    7.239768    1.000000    0.000000   -1.000000    0.000000
  133  1    7.253017    1.000000    0.000000    1.000000    0.000000
  134  1    7.315193    1.000000    0.000000   -1.000000    0.000000
  135  1    7.469768    1.000000    0.000000   -1.000000    0.000000
  136  1    7.526229    1.000000    0.000000   -1.000000    0.000000
  137  1    7.620950    1.000000    0.000000    1.000000    0.000000
  138  1    7.734866    1.000000    0.000000    1.000000    0.000000
  139  1    7.804351    1.000000    0.000000   -1.000000    0.000000
  140  1    7.847328    1.000000    0.000000   -1.000000    0.000000
  141  1    7.860764    1.000000    0.000000    1.000000    0.000000
  142  1    7.923063    1.000000    0.000000    0.999999    0.000000
  143  1    8.095347    1.000000    0.000000    0.999999    0.000000
  144  1    8.144034    1.000000    0.000000   -0.999998    0.000000
  145  1    8.197693    1.000000    0.000000    0.999993    0.000000
  146  1    8.257345    1.000000    0.000000   -0.999992    0.000000
  147  1    8.340966    1.000000    0.000000   -0.999931    0.000000
  148  1    8.473074    1.000000    0.000000    0.999152    0.000000
  149  1    8.681184    1.000000    0.000000    0.841412    0.000000
  150  1    8.690165    1.000000    0.000000   -0.885347    0.000000
  151  1    8.713587    1.000000    0.000000    0.913247    0.000000
  152  1    8.846277    1.000000    0.000000    0.522256    0.000000
  2
    1    2
    1  1  -49.404029    1.000000    0.000000   -1.000000    0.000000
    2  1  -49.383979    1.000000    0.000000   -1.000000    0.000000
    3  1  -49.351298    1.000000    0.000000    1.000000    0.000000
    4  1  -49.270076    1.000000    0.000000    1.000000    0.000000
    5  1  -48.946393    1.000000    0.000000    1.000000    0.000000
    6  1  -48.884722    1.000000    0.000000    1.000000    0.000000
    7  1  -48.865356    1.000000    0.000000   -1.000000    0.000000
    8  1  -48.824277    1.000000    0.000000   -1.000000    0.000000
    9  1  -48.234288    1.000000    0.000000   -1.000000    0.000000
   10  1  -48.217071    1.000000    0.000000   -1.000000    0.000000
   11  1  -48.190642    1.000000    0.000000    1.000000    0.000000
   12  1  -48.114256    1.000000    0.000000    1.000000    0.000000
   13  1  -45.504845    1.000000    0.000000   -1.000000    0.000000
   14  1  -45.499539    1.000000    0.000000    1.000000    0.000000
   15  1  -45.485646    1.000000    0.000000   -1.000000    0.000000
   16  1  -45.468065    1.000000    0.000000    1.000000    0.000000
   17  1  -45.052729    1.000000    0.000000    1.000000    0.000000
   18  1  -45.039970    1.000000    0.000000    1.000000    0.000000
   19  1  -45.017402    1.000000    0.000000   -1.000000    0.000000
   20  1  -45.000073    1.000000    0.000000   -1.000000    0.000000
   21  1  -44.651305    1.000000    0.000000   -1.000000    0.000000
   22  1  -44.647688    1.000000    0.000000    1.000000    0.000000
   23  1  -44.634458    1.000000    0.000000   -1.000000    0.000000
   24  1  -44.613132    1.000000    0.000000    1.000000    0.000000
   25  1  -29.626715    1.000000    0.000000    1.000000    0.000000
   26  1  -29.624763    1.000000    0.000000    1.000000    0.000000
   27  1  -12.390359    1.000000    0.000000   -1.000000    0.000000
   28  1  -12.386288    1.000000    0.000000   -1.000000    0.000000
   29  1  -11.271091    1.000000    0.000000   -1.000000    0.000000
   30  1  -11.268499    1.000000    0.000000   -1.000000    0.000000
   31  1  -11.262859    1.000000    0.000000   -1.000000    0.000000
   32  1  -11.261181    1.000000    0.000000   -1.000000    0.000000
   33  1   -4.615215    1.000000    0.000000   -1.000000    0.000000
   34  1   -4.611748    1.000000    0.000000   -1.000000    0.000000
   35  1   -4.368715    1.000000    0.000000    1.000000    0.000000
   36  1   -4.365993    1.000000    0.000000    1.000000    0.000000
   37  1   -3.791290    1.000000    0.000000   -1.000000    0.000000
   38  1   -3.787775    1.000000    0.000000   -1.000000    0.000000
   39  1   -3.078582    1.000000    0.000000    1.000000    0.000000
   40  1   -3.074947    1.000000    0.000000    1.000000    0.000000
   41  1   -2.933371    1.000000    0.000000   -1.000000    0.000000
   42  1   -2.930490    1.000000    0.000000   -1.000000    0.000000
   43  1   -2.874893    1.000000    0.000000    1.000000    0.000000
   44  1   -2.870881    1.000000    0.000000    1.000000    0.000000
   45  1   -2.668338    1.000000    0.000000    1.000000    0.000000
   46  1   -2.664278    1.000000    0.000000    1.000000    0.000000
   47  1   -2.574309    1.000000    0.000000   -1.000000    0.000000
   48  1   -2.571237    1.000000    0.000000   -1.000000    0.000000
   49  1   -2.231036    1.000000    0.000000    1.000000    0.000000
   50  1   -2.227424    1.000000    0.000000    1.000000    0.000000
   51  1   -1.232781    1.000000    0.000000   -1.000000    0.000000
   52  1   -1.227130    1.000000    0.000000   -1.000000    0.000000
   53  1   -1.104007    1.000000    0.000000    1.000000    0.000000
   54  1   -1.099601    1.000000    0.000000    1.000000    0.000000
   55  1   -1.079549    1.000000    0.000000   -1.000000    0.000000
   56  1   -1.075638    1.000000    0.000000   -1.000000    0.000000
   57  1    1.187300    1.000000    0.000000   -1.000000    0.000000
   58  1    1.199004    1.000000    0.000000   -1.000000    0.000000
   59  1    1.210128    1.000000    0.000000    1.000000    0.000000
   60  1    1.248167    1.000000    0.000000    1.000000    0.000000
   61  1    1.249495    1.000000    0.000000   -1.000000    0.000000
   62  1    1.267198    1.000000    0.000000    1.000000    0.000000
   63  1    1.273322    1.000000    0.000000    1.000000    0.000000
   64  1    1.286824    1.000000    0.000000   -1.000000    0.000000
   65  1    1.325406    1.000000    0.000000    1.000000    0.000000
   66  1    1.349185    1.000000    0.000000   -1.000000    0.000000
   67  1    1.356024    1.000000    0.000000    1.000000    0.000000
   68  1    1.380946    1.000000    0.000000   -1.000000    0.000000
   69  1    1.606111    1.000000    0.000000   -1.000000    0.000000
   70  1    1.610435    1.000000    0.000000    1.000000    0.000000
   71  1    1.621121    1.000000    0.000000   -1.000000    0.000000
   72  1    1.631436    1.000000    0.000000    1.000000    0.000000
   73  1    1.874620    1.000000    0.000000   -1.000000    0.000000
   74  1    1.918641    1.000000    0.000000   -1.000000    0.000000
   75  1    1.966919    1.000000    0.000000    1.000000    0.000000
   76  1    1.986907    1.000000    0.000000    1.000000    0.000000
   77  1    2.103950    1.000000    0.000000   -1.000000    0.000000
   78  1    2.112540    1.000000    0.000000    1.000000    0.000000
   79  1    2.142977    1.000000    0.000000    1.000000    0.000000
   80  1    2.149251    1.000000    0.000000   -1.000000    0.000000
   81  1    2.482504    1.000000    0.000000   -1.000000    0.000000
   82  1    2.516769    1.000000    0.000000   -1.000000    0.000000
   83  1    2.544307    1.000000    0.000000    1.000000    0.000000
   84  1    2.556460    1.000000    0.000000    1.000000    0.000000
   85  1    2.770144    1.000000    0.000000   -1.000000    0.000000
   86  1    2.793439    1.000000    0.000000   -1.000000    0.000000
   87  1    2.951661    1.000000    0.000000    1.000000    0.000000
   88  1    3.004912    1.000000    0.000000    1.000000    0.000000
   89  1    3.218866    1.000000    0.000000    1.000000    0.000000
   90  1    3.225043    1.000000    0.000000    1.000000    0.000000
   91  1    3.367820    1.000000    0.000000   -1.000000    0.000000
   92  1    3.386805    1.000000    0.000000   -1.000000    0.000000
   93  1    3.454192    1.000000    0.000000   -1.000000    0.000000
   94  1    3.498682    1.000000    0.000000   -1.000000    0.000000
   95  1    3.775700    1.000000    0.000000    1.000000    0.000000
   96  1    3.809564    1.000000    0.000000    1.000000    0.000000
   97  1    4.111574    1.000000    0.000000   -1.000000    0.000000
   98  1    4.207146    1.000000    0.000000   -0.999999    0.000000
   99  1    4.209644    1.000000    0.000000    1.000000    0.000000
  100  1    4.244568    1.000000    0.000000    1.000000    0.000000
  101  1    4.258643    1.000000    0.000000   -1.000000    0.000000
  102  1    4.274273    1.000000    0.000000   -1.000000    0.000000
  103  1    4.295291    1.000000    0.000000    1.000000    0.000000
  104  1    4.349281    1.000000    0.000000    1.000000    0.000000
  105  1    4.572498    1.000000    0.000000   -1.000000    0.000000
  106  1    4.579961    1.000000    0.000000   -0.999998    0.000000
  107  1    4.587698    1.000000    0.000000    0.999998    0.000000
  108  1    4.791260    1.000000    0.000000    1.000000    0.000000
  109  1    4.897904    1.000000    0.000000    1.000000    0.000000
  110  1    4.982428    1.000000    0.000000    1.000000    0.000000
  111  1    5.041782    1.000000    0.000000   -1.000000    0.000000
  112  1    5.087812    1.000000    0.000000   -1.000000    0.000000
  113  1    5.221995    1.000000    0.000000    1.000000    0.000000
  114  1    5.249599    1.000000    0.000000    1.000000    0.000000
  115  1    5.319194    1.000000    0.000000   -1.000000    0.000000
  116  1    5.354805    1.000000    0.000000   -1.000000    0.000000
  117  1    5.884020    1.000000    0.000000   -1.000000    0.000000
  118  1    5.910312    1.000000    0.000000    1.000000    0.000000
  119  1    5.929852    1.000000    0.000000    1.000000    0.000000
  120  1    6.020794    1.000000    0.000000   -1.000000    0.000000
  121  1    6.383695    1.000000    0.000000    1.000000    0.000000
  122  1    6.424889    1.000000    0.000000    1.000000    0.000000
  123  1    6.511738    1.000000    0.000000   -1.000000    0.000000
  124  1    6.599164    1.000000    0.000000   -1.000000    0.000000
  125  1    6.624697    1.000000    0.000000    1.000000    0.000000
  126  1    6.674460    1.000000    0.000000    1.000000    0.000000
  127  1    6.780829    1.000000    0.000000   -1.000000    0.000000
  128  1    6.813271    1.000000    0.000000   -1.000000    0.000000
  129  1    6.976688    1.000000    0.000000    1.000000    0.000000
  130  1    7.016413    1.000000    0.000000    1.000000    0.000000
  131  1    7.159081    1.000000    0.000000   -1.000000    0.000000
  132  1    7.245680    1.000000    0.000000   -1.000000    0.000000
  133  1    7.300264    1.000000    0.000000    1.000000    0.000000
  134  1    7.354080    1.000000    0.000000    1.000000    0.000000
  135  1    7.640113    1.000000    0.000000   -1.000000    0.000000
  136  1    7.653506    1.000000    0.000000    1.000000    0.000000
  137  1    7.664307    1.000000    0.000000    1.000000    0.000000
  138  1    7.695351    1.000000    0.000000   -1.000000    0.000000
  139  1    7.774871    1.000000    0.000000   -1.000000    0.000000
  140  1    7.864087    1.000000    0.000000   -1.000000    0.000000
  141  1    7.945498    1.000000    0.000000    1.000000    0.000000
  142  1    7.965246    1.000000    0.000000    1.000000    0.000000
  143  1    8.089625    1.000000    0.000000    0.999999    0.000000
  144  1    8.136124    1.000000    0.000000   -1.000000    0.000000
  145  1    8.145602    1.000000    0.000000   -0.999999    0.000000
  146  1    8.178241    1.000000    0.000000    0.999993    0.000000
  147  1    8.398057    1.000000    0.000000   -0.999934    0.000000
  148  1    8.455101    1.000000    0.000000   -0.999666    0.000000
  149  1    8.551472    1.000000    0.000000    0.998782    0.000000
  150  1    8.582558    1.000000    0.000000    0.993764    0.000000
  151  1    8.753015    1.000000    0.000000    0.985081    0.000000
  152  1    8.772592    1.000000    0.000000    0.839511    0.000000
  2
    1    2
    1  1  -49.404030    1.000000    0.000000    1.000000    0.000000
    2  1  -49.383981    1.000000    0.000000   -1.000000    0.000000
    3  1  -49.351299    1.000000    0.000000   -1.000000    0.000000
    4  1  -49.270078    1.000000    0.000000    1.000000    0.000000
    5  1  -48.946392    1.000000    0.000000    1.000000    0.000000
    6  1  -48.884721    1.000000    0.000000   -1.000000    0.000000
    7  1  -48.865355    1.000000    0.000000    1.000000    0.000000
    8  1  -48.824275    1.000000    0.000000   -1.000000    0.000000
    9  1  -48.234288    1.000000    0.000000    1.000000    0.000000
   10  1  -48.217072    1.000000    0.000000   -1.000000    0.000000
   11  1  -48.190643    1.000000    0.000000   -1.000000    0.000000
   12  1  -48.114256    1.000000    0.000000    1.000000    0.000000
   13  1  -45.504846    1.000000    0.000000    1.000000    0.000000
   14  1  -45.499541    1.000000    0.000000   -1.000000    0.000000
   15  1  -45.485647    1.000000    0.000000   -1.000000    0.000000
   16  1  -45.468066    1.000000    0.000000    1.000000    0.000000
   17  1  -45.052726    1.000000    0.000000    1.000000    0.000000
   18  1  -45.039968    1.000000    0.000000   -1.000000    0.000000
   19  1  -45.017401    1.000000    0.000000    1.000000    0.000000
   20  1  -45.000072    1.000000    0.000000   -1.000000    0.000000
   21  1  -44.651306    1.000000    0.000000    1.000000    0.000000
   22  1  -44.647689    1.000000    0.000000   -1.000000    0.000000
   23  1  -44.634459    1.000000    0.000000   -1.000000    0.000000
   24  1  -44.613133    1.000000    0.000000    1.000000    0.000000
   25  1  -29.626715    1.000000    0.000000    1.000000    0.000000
   26  1  -29.624764    1.000000    0.000000    1.000000    0.000000
   27  1  -12.390353    1.000000    0.000000   -1.000000    0.000000
   28  1  -12.386287    1.000000    0.000000   -1.000000    0.000000
   29  1  -11.271158    1.000000    0.000000   -1.000000    0.000000
   30  1  -11.268497    1.000000    0.000000   -1.000000    0.000000
   31  1  -11.262779    1.000000    0.000000   -1.000000    0.000000
   32  1  -11.261167    1.000000    0.000000   -1.000000    0.000000
   33  1   -4.615134    1.000000    0.000000   -1.000000    0.000000
   34  1   -4.612757    1.000000    0.000000   -1.000000    0.000000
   35  1   -4.365125    1.000000    0.000000    1.000000    0.000000
   36  1   -4.362383    1.000000    0.000000    1.000000    0.000000
   37  1   -3.809266    1.000000    0.000000   -1.000000    0.000000
   38  1   -3.807489    1.000000    0.000000   -1.000000    0.000000
   39  1   -3.095306    1.000000    0.000000    1.000000    0.000000
   40  1   -3.083798    1.000000    0.000000    1.000000    0.000000
   41  1   -2.906250    1.000000    0.000000    0.999995    0.000000
   42  1   -2.901750    1.000000    0.000000   -0.999914    0.000000
   43  2   -2.899916    2.000000    0.000000   -0.000081    0.000000
   45  1   -2.667964    1.000000    0.000000    1.000000    0.000000
   46  1   -2.658223    1.000000    0.000000    1.000000    0.000000
   47  1   -2.513331    1.000000    0.000000   -1.000000    0.000000
   48  1   -2.506745    1.000000    0.000000   -1.000000    0.000000
   49  1   -2.242932    1.000000    0.000000    1.000000    0.000000
   50  1   -2.234828    1.000000    0.000000    1.000000    0.000000
   51  1   -1.296684    1.000000    0.000000   -1.000000    0.000000
   52  1   -1.286809    1.000000    0.000000   -1.000000    0.000000
   53  1   -1.076146    1.000000    0.000000   -0.999991    0.000000
   54  1   -1.072574    1.000000    0.000000   -0.999986    0.000000
   55  1   -1.070104    1.000000    0.000000    0.999987    0.000000
   56  1   -1.066686    1.000000    0.000000    0.999990    0.000000
   57  1    1.180440    1.000000    0.000000    1.000000    0.000000
   58  1    1.186740    1.000000    0.000000    1.000000    0.000000
   59  1    1.193971    1.000000    0.000000   -1.000000    0.000000
   60  1    1.208270    1.000000    0.000000   -1.000000    0.000000
   61  1    1.231341    1.000000    0.000000    1.000000    0.000000
   62  1    1.259464    1.000000    0.000000    1.000000    0.000000
   63  1    1.273499    1.000000    0.000000   -1.000000    0.000000
   64  1    1.324941    1.000000    0.000000   -1.000000    0.000000
   65  1    1.347427    1.000000    0.000000   -1.000000    0.000000
   66  1    1.360180    1.000000    0.000000    1.000000    0.000000
   67  1    1.371434    1.000000    0.000000   -1.000000    0.000000
   68  1    1.391110    1.000000    0.000000    1.000000    0.000000
   69  1    1.570926    1.000000    0.000000   -1.000000    0.000000
   70  1    1.590585    1.000000    0.000000   -1.000000    0.000000
   71  1    1.726900    1.000000    0.000000    1.000000    0.000000
   72  1    1.747163    1.000000    0.000000    1.000000    0.000000
   73  1    1.905153    1.000000    0.000000   -1.000000    0.000000
   74  1    1.920067    1.000000    0.000000    1.000000    0.000000
   75  1    1.957099    1.000000    0.000000    1.000000    0.000000
   76  1    1.959615    1.000000    0.000000   -1.000000    0.000000
   77  1    2.034023    1.000000    0.000000   -1.000000    0.000000
   78  1    2.056724    1.000000    0.000000   -1.000000    0.000000
   79  1    2.086114    1.000000    0.000000    1.000000    0.000000
   80  1    2.120223    1.000000    0.000000    1.000000    0.000000
   81  1    2.487862    1.000000    0.000000   -1.000000    0.000000
   82  1    2.512620    1.000000    0.000000    0.999999    0.000000
   83  1    2.525610    1.000000    0.000000   -0.999999    0.000000
   84  1    2.540091    1.000000    0.000000    1.000000    0.000000
   85  1    2.759864    1.000000    0.000000   -1.000000    0.000000
   86  1    2.792975    1.000000    0.000000   -1.000000    0.000000
   87  1    2.946085    1.000000    0.000000    1.000000    0.000000
   88  1    3.021563    1.000000    0.000000    1.000000    0.000000
   89  1    3.221905    1.000000    0.000000    1.000000    0.000000
   90  1    3.237767    1.000000    0.000000    1.000000    0.000000
   91  1    3.364457    1.000000    0.000000   -1.000000    0.000000
   92  1    3.401319    1.000000    0.000000   -1.000000    0.000000
   93  1    3.433133    1.000000    0.000000   -1.000000    0.000000
   94  1    3.470240    1.000000    0.000000   -1.000000    0.000000
   95  1    3.707489    1.000000    0.000000    1.000000    0.000000
   96  1    3.766695    1.000000    0.000000    1.000000    0.000000
   97  1    4.119981    1.000000    0.000000   -1.000000    0.000000
   98  1    4.147341    1.000000    0.000000   -1.000000    0.000000
   99  1    4.204742    1.000000    0.000000    1.000000    0.000000
  100  1    4.275723    1.000000    0.000000    1.000000    0.000000
  101  1    4.321152    1.000000    0.000000    1.000000    0.000000
  102  1    4.392556    1.000000    0.000000    1.000000    0.000000
  103  1    4.415016    1.000000    0.000000   -1.000000    0.000000
  104  1    4.441129    1.000000    0.000000   -1.000000    0.000000
  105  1    4.550487    1.000000    0.000000   -1.000000    0.000000
  106  1    4.651934    1.000000    0.000000   -1.000000    0.000000
  107  1    4.668621    1.000000    0.000000    1.000000    0.000000
  108  1    4.702392    1.000000    0.000000    1.000000    0.000000
  109  1    4.972575    1.000000    0.000000    0.999999    0.000000
  110  1    4.984796    1.000000    0.000000   -0.999999    0.000000
  111  1    5.024683    1.000000    0.000000   -1.000000    0.000000
  112  1    5.028419    1.000000    0.000000    1.000000    0.000000
  113  1    5.090364    1.000000    0.000000    1.000000    0.000000
  114  1    5.132130    1.000000    0.000000    1.000000    0.000000
  115  1    5.317377    1.000000    0.000000   -1.000000    0.000000
  116  1    5.323226    1.000000    0.000000   -1.000000    0.000000
  117  1    5.795512    1.000000    0.000000   -1.000000    0.000000
  118  1    5.836807    1.000000    0.000000    1.000000    0.000000
  119  1    5.869621    1.000000    0.000000    1.000000    0.000000
  120  1    5.874913    1.000000    0.000000   -1.000000    0.000000
  121  1    6.397558    1.000000    0.000000   -1.000000    0.000000
  122  1    6.409962    1.000000    0.000000    1.000000    0.000000
  123  1    6.479736    1.000000    0.000000    1.000000    0.000000
  124  1    6.526502    1.000000    0.000000   -1.000000    0.000000
  125  1    6.724319    1.000000    0.000000   -0.999998    0.000000
  126  1    6.725329    1.000000    0.000000    0.999999    0.000000
  127  1    6.831343    1.000000    0.000000    1.000000    0.000000
  128  1    6.864544    1.000000    0.000000   -1.000000    0.000000
  129  1    7.144214    1.000000    0.000000    1.000000    0.000000
  130  1    7.184551    1.000000    0.000000    1.000000    0.000000
  131  1    7.284705    1.000000    0.000000   -0.999998    0.000000
  132  1    7.291827    1.000000    0.000000    0.999998    0.000000
  133  1    7.312015    1.000000    0.000000    1.000000    0.000000
  134  1    7.360081    1.000000    0.000000   -1.000000    0.000000
  135  1    7.665737    1.000000    0.000000    1.000000    0.000000
  136  1    7.689656    1.000000    0.000000    1.000000    0.000000
  137  1    7.720084    1.000000    0.000000   -1.000000    0.000000
  138  1    7.756193    1.000000    0.000000   -1.000000    0.000000
  139  1    7.867282    1.000000    0.000000    1.000000    0.000000
  140  1    7.880926    1.000000    0.000000   -1.000000    0.000000
  141  1    7.920000    1.000000    0.000000   -1.000000    0.000000
  142  1    7.944669    1.000000    0.000000    1.000000    0.000000
  143  1    8.093354    1.000000    0.000000   -1.000000    0.000000
  144  1    8.160039    1.000000    0.000000   -0.999999    0.000000
  145  1    8.175419    1.000000    0.000000    0.999988    0.000000
  146  1    8.255411    1.000000    0.000000    0.999970    0.000000
  147  1    8.370962    1.000000    0.000000    0.999821    0.000000
  148  1    8.402424    1.000000    0.000000    0.999671    0.000000
  149  1    8.447363    1.000000    0.000000   -0.999913    0.000000
  150  1    8.575112    1.000000    0.000000   -0.999414    0.000000
  151  1    8.608307    1.000000    0.000000    0.993100    0.000000
  152  1    8.641423    1.000000    0.000000    0.982054    0.000000
  2
    1    2
    1  1  -49.404030    1.000000    0.000000    1.000000    0.000000
    2  1  -49.383980    1.000000    0.000000   -1.000000    0.000000
    3  1  -49.351299    1.000000    0.000000    1.000000    0.000000
    4  1  -49.270078    1.000000    0.000000   -1.000000    0.000000
    5  1  -48.946391    1.000000    0.000000   -1.000000    0.000000
    6  1  -48.884721    1.000000    0.000000    1.000000    0.000000
    7  1  -48.865355    1.000000    0.000000    1.000000    0.000000
    8  1  -48.824276    1.000000    0.000000   -1.000000    0.000000
    9  1  -48.234288    1.000000    0.000000    1.000000    0.000000
   10  1  -48.217071    1.000000    0.000000   -1.000000    0.000000
   11  1  -48.190643    1.000000    0.000000    1.000000    0.000000
   12  1  -48.114257    1.000000    0.000000   -1.000000    0.000000
   13  1  -45.504846    1.000000    0.000000    1.000000    0.000000
   14  1  -45.499541    1.000000    0.000000    1.000000    0.000000
   15  1  -45.485647    1.000000    0.000000   -1.000000    0.000000
   16  1  -45.468065    1.000000    0.000000   -1.000000    0.000000
   17  1  -45.052727    1.000000    0.000000   -1.000000    0.000000
   18  1  -45.039968    1.000000    0.000000    1.000000    0.000000
   19  1  -45.017401    1.000000    0.000000    1.000000    0.000000
   20  1  -45.000071    1.000000    0.000000   -1.000000    0.000000
   21  1  -44.651306    1.000000    0.000000    1.000000    0.000000
   22  1  -44.647688    1.000000    0.000000    1.000000    0.000000
   23  1  -44.634459    1.000000    0.000000   -1.000000    0.000000
   24  1  -44.613132    1.000000    0.000000   -1.000000    0.000000
   25  1  -29.626715    1.000000    0.000000    1.000000    0.000000
   26  1  -29.624764    1.000000    0.000000    1.000000    0.000000
   27  1  -12.390354    1.000000    0.000000   -1.000000    0.000000
   28  1  -12.386281    1.000000    0.000000   -1.000000    0.000000
   29  1  -11.271180    1.000000    0.000000   -1.000000    0.000000
   30  1  -11.268436    1.000000    0.000000   -1.000000    0.000000
   31  1  -11.262873    1.000000    0.000000   -1.000000    0.000000
   32  1  -11.261096    1.000000    0.000000   -1.000000    0.000000
   33  1   -4.617587    1.000000    0.000000   -1.000000    0.000000
   34  1   -4.595019    1.000000    0.000000   -1.000000    0.000000
   35  1   -4.407417    1.000000    0.000000    1.000000    0.000000
   36  1   -4.390859    1.000000    0.000000    1.000000    0.000000
   37  1   -3.774343    1.000000    0.000000   -1.000000    0.000000
   38  1   -3.755588    1.000000    0.000000   -1.000000    0.000000
   39  1   -3.104995    1.000000    0.000000    1.000000    0.000000
   40  1   -3.066822    1.000000    0.000000    1.000000    0.000000
   41  1   -2.924548    1.000000    0.000000   -1.000000    0.000000
   42  1   -2.888266    1.000000    0.000000    0.999933    0.000000
   43  1   -2.885779    1.000000    0.000000   -0.999934    0.000000
   44  1   -2.851994    1.000000    0.000000    1.000000    0.000000
   45  1   -2.680604    1.000000    0.000000    1.000000    0.000000
   46  1   -2.676732    1.000000    0.000000    1.000000    0.000000
   47  1   -2.568188    1.000000    0.000000   -1.000000    0.000000
   48  1   -2.519643    1.000000    0.000000   -1.000000    0.000000
   49  1   -2.264761    1.000000    0.000000    1.000000    0.000000
   50  1   -2.200007    1.000000    0.000000    1.000000    0.000000
   51  1   -1.319831    1.000000    0.000000   -1.000000    0.000000
   52  1   -1.211830    1.000000    0.000000   -1.000000    0.000000
   53  1   -1.173922    1.000000    0.000000   -1.000000    0.000000
   54  1   -1.123282    1.000000    0.000000    1.000000    0.000000
   55  1   -1.067666    1.000000    0.000000   -1.000000    0.000000
   56  1   -1.008487    1.000000    0.000000    1.000000    0.000000
   57  1    1.096808    1.000000    0.000000    1.000000    0.000000
   58  1    1.147269    1.000000    0.000000   -1.000000    0.000000
   59  1    1.209340    1.000000    0.000000   -1.000000    0.000000
   60  1    1.218459    1.000000    0.000000    1.000000    0.000000
   61  1    1.245686    1.000000    0.000000   -1.000000    0.000000
   62  1    1.266442    1.000000    0.000000    1.000000    0.000000
   63  1    1.277636    1.000000    0.000000   -1.000000    0.000000
   64  1    1.308017    1.000000    0.000000   -1.000000    0.000000
   65  1    1.319415    1.000000    0.000000    1.000000    0.000000
   66  1    1.350682    1.000000    0.000000    1.000000    0.000000
   67  1    1.420233    1.000000    0.000000   -1.000000    0.000000
   68  1    1.450155    1.000000    0.000000    1.000000    0.000000
   69  1    1.625889    1.000000    0.000000   -1.000000    0.000000
   70  1    1.640206    1.000000    0.000000    1.000000    0.000000
   71  1    1.700063    1.000000    0.000000   -1.000000    0.000000
   72  1    1.711975    1.000000    0.000000   -1.000000    0.000000
   73  1    1.843166    1.000000    0.000000    1.000000    0.000000
   74  1    1.853716    1.000000    0.000000   -1.000000    0.000000
   75  1    1.912778    1.000000    0.000000    1.000000    0.000000
   76  2    1.970497    2.000000    0.000000    0.000008    0.000000
   78  1    2.032713    1.000000    0.000000    1.000000    0.000000
   79  1    2.318673    1.000000    0.000000   -1.000000    0.000000
   80  1    2.435524    1.000000    0.000000   -0.999999    0.000000
   81  1    2.444693    1.000000    0.000000    0.999999    0.000000
   82  1    2.456536    1.000000    0.000000    1.000000    0.000000
   83  1    2.488595    1.000000    0.000000   -1.000000    0.000000
   84  1    2.509853    1.000000    0.000000    1.000000    0.000000
   85  1    2.581368    1.000000    0.000000   -1.000000    0.000000
   86  1    2.791884    1.000000    0.000000    1.000000    0.000000
   87  1    3.000037    1.000000    0.000000   -1.000000    0.000000
   88  1    3.081846    1.000000    0.000000    1.000000    0.000000
   89  1    3.141801    1.000000    0.000000    1.000000    0.000000
   90  1    3.270889    1.000000    0.000000   -1.000000    0.000000
   91  1    3.344489    1.000000    0.000000   -1.000000    0.000000
   92  1    3.360428    1.000000    0.000000    1.000000    0.000000
   93  1    3.482290    1.000000    0.000000    1.000000    0.000000
   94  1    3.510250    1.000000    0.000000   -1.000000    0.000000
   95  1    3.756974    1.000000    0.000000   -1.000000    0.000000
   96  1    3.806430    1.000000    0.000000    1.000000    0.000000
   97  1    3.883480    1.000000    0.000000   -1.000000    0.000000
   98  1    3.982447    1.000000    0.000000    1.000000    0.000000
   99  1    4.267130    1.000000    0.000000    1.000000    0.000000
  100  1    4.321493    1.000000    0.000000    1.000000    0.000000
  101  1    4.348264    1.000000    0.000000   -1.000000    0.000000
  102  1    4.387194    1.000000    0.000000   -1.000000    0.000000
  103  1    4.438786    1.000000    0.000000   -1.000000    0.000000
  104  1    4.494481    1.000000    0.000000   -1.000000    0.000000
  105  1    4.534571    1.000000    0.000000   -1.000000    0.000000
  106  1    4.550575    1.000000    0.000000    1.000000    0.000000
  107  1    4.730811    1.000000    0.000000    1.000000    0.000000
  108  1    4.795405    1.000000    0.000000    1.000000    0.000000
  109  1    4.928068    1.000000    0.000000   -1.000000    0.000000
  110  1    4.936319    1.000000    0.000000    1.000000    0.000000
  111  1    5.039637    1.000000    0.000000    1.000000    0.000000
  112  1    5.079806    1.000000    0.000000    1.000000    0.000000
  113  1    5.245253    1.000000    0.000000   -1.000000    0.000000
  114  1    5.266821    1.000000    0.000000    1.000000    0.000000
  115  1    5.327718    1.000000    0.000000   -1.000000    0.000000
  116  1    5.387516    1.000000    0.000000   -1.000000    0.000000
  117  1    5.597899    1.000000    0.000000   -1.000000    0.000000
  118  1    5.873033    1.000000    0.000000    1.000000    0.000000
  119  1    5.957096    1.000000    0.000000    1.000000    0.000000
  120  1    6.262811    1.000000    0.000000   -1.000000    0.000000
  121  1    6.310950    1.000000    0.000000    1.000000    0.000000
  122  1    6.333527    1.000000    0.000000   -1.000000    0.000000
  123  1    6.512083    1.000000    0.000000   -1.000000    0.000000
  124  1    6.572535    1.000000    0.000000   -1.000000    0.000000
  125  1    6.647918    1.000000    0.000000    1.000000    0.000000
  126  1    6.685167    1.000000    0.000000    1.000000    0.000000
  127  1    6.809141    1.000000    0.000000    1.000000    0.000000
  128  1    6.935277    1.000000    0.000000    1.000000    0.000000
  129  1    6.990909    1.000000    0.000000   -1.000000    0.000000
  130  1    7.038585    1.000000    0.000000    1.000000    0.000000
  131  1    7.197579    1.000000    0.000000   -1.000000    0.000000
  132  1    7.214101    1.000000    0.000000    1.000000    0.000000
  133  1    7.246872    1.000000    0.000000    1.000000    0.000000
  134  1    7.348744    1.000000    0.000000   -1.000000    0.000000
  135  1    7.469158    1.000000    0.000000   -1.000000    0.000000
  136  1    7.511066    1.000000    0.000000   -1.000000    0.000000
  137  1    7.611154    1.000000    0.000000    1.000000    0.000000
  138  1    7.743950    1.000000    0.000000    1.000000    0.000000
  139  1    7.796495    1.000000    0.000000   -1.000000    0.000000
  140  1    7.838279    1.000000    0.000000   -1.000000    0.000000
  141  1    7.871656    1.000000    0.000000    1.000000    0.000000
  142  1    7.925081    1.000000    0.000000    1.000000    0.000000
  143  1    8.040366    1.000000    0.000000    0.999998    0.000000
  144  1    8.134869    1.000000    0.000000   -0.999999    0.000000
  145  1    8.245150    1.000000    0.000000    0.999991    0.000000
  146  1    8.277775    1.000000    0.000000   -0.999894    0.000000
  147  1    8.321814    1.000000    0.000000   -0.999781    0.000000
  148  1    8.476752    1.000000    0.000000    0.998560    0.000000
  149  1    8.682514    1.000000    0.000000    0.151525    0.000000
  150  1    8.705048    1.000000    0.000000   -0.006503    0.000000
  151  1    8.760920    1.000000    0.000000    0.684213    0.000000
  152  1    8.871529    1.000000    0.000000   -0.154852    0.000000
  2
    1    2
    1  1  -49.404030    1.000000    0.000000    1.000000    0.000000
    2  1  -49.383979    1.000000    0.000000    1.000000    0.000000
    3  1  -49.351298    1.000000    0.000000   -1.000000    0.000000
    4  1  -49.270076    1.000000    0.000000   -1.000000    0.000000
    5  1  -48.946391    1.000000    0.000000   -1.000000    0.000000
    6  1  -48.884720    1.000000    0.000000   -1.000000    0.000000
    7  1  -48.865354    1.000000    0.000000    1.000000    0.000000
    8  1  -48.824275    1.000000    0.000000    1.000000    0.000000
    9  1  -48.234288    1.000000    0.000000    1.000000    0.000000
   10  1  -48.217071    1.000000    0.000000    1.000000    0.000000
   11  1  -48.190642    1.000000    0.000000   -1.000000    0.000000
   12  1  -48.114256    1.000000    0.000000   -1.000000    0.000000
   13  1  -45.504845    1.000000    0.000000    1.000000    0.000000
   14  1  -45.499540    1.000000    0.000000   -1.000000    0.000000
   15  1  -45.485647    1.000000    0.000000    1.000000    0.000000
   16  1  -45.468066    1.000000    0.000000   -1.000000    0.000000
   17  1  -45.052725    1.000000    0.000000   -1.000000    0.000000
   18  1  -45.039967    1.000000    0.000000   -1.000000    0.000000
   19  1  -45.017400    1.000000    0.000000    1.000000    0.000000
   20  1  -45.000070    1.000000    0.000000    1.000000    0.000000
   21  1  -44.651305    1.000000    0.000000    1.000000    0.000000
   22  1  -44.647688    1.000000    0.000000   -1.000000    0.000000
   23  1  -44.634459    1.000000    0.000000    1.000000    0.000000
   24  1  -44.613133    1.000000    0.000000   -1.000000    0.000000
   25  1  -29.626715    1.000000    0.000000    1.000000    0.000000
   26  1  -29.624764    1.000000    0.000000    1.000000    0.000000
   27  1  -12.390347    1.000000    0.000000   -1.000000    0.000000
   28  1  -12.386281    1.000000    0.000000   -1.000000    0.000000
   29  1  -11.271180    1.000000    0.000000   -1.000000    0.000000
   30  1  -11.268410    1.000000    0.000000   -1.000000    0.000000
   31  1  -11.262846    1.000000    0.000000   -1.000000    0.000000
   32  1  -11.261124    1.000000    0.000000   -1.000000    0.000000
   33  1   -4.597447    1.000000    0.000000   -1.000000    0.000000
   34  1   -4.594342    1.000000    0.000000   -1.000000    0.000000
   35  1   -4.404954    1.000000    0.000000    1.000000    0.000000
   36  1   -4.401910    1.000000    0.000000    1.000000    0.000000
   37  1   -3.798993    1.000000    0.000000   -1.000000    0.000000
   38  1   -3.795631    1.000000    0.000000   -1.000000    0.000000
   39  1   -3.069519    1.000000    0.000000    1.000000    0.000000
   40  1   -3.065392    1.000000    0.000000    1.000000    0.000000
   41  2   -2.897279    2.000000    0.000000   -0.000001    0.000000
   43  1   -2.894505    1.000000    0.000000   -0.999998    0.000000
   44  1   -2.893116    1.000000    0.000000    0.999998    0.000000
   45  1   -2.632761    1.000000    0.000000    1.000000    0.000000
   46  1   -2.630085    1.000000    0.000000    1.000000    0.000000
   47  1   -2.565176    1.000000    0.000000   -1.000000    0.000000
   48  1   -2.561838    1.000000    0.000000   -1.000000    0.000000
   49  1   -2.232749    1.000000    0.000000    1.000000    0.000000
   50  1   -2.228615    1.000000    0.000000    1.000000    0.000000
   51  1   -1.242287    1.000000    0.000000   -1.000000    0.000000
   52  1   -1.236379    1.000000    0.000000   -1.000000    0.000000
   53  1   -1.119943    1.000000    0.000000    1.000000    0.000000
   54  1   -1.116619    1.000000    0.000000    1.000000    0.000000
   55  1   -1.088154    1.000000    0.000000   -1.000000    0.000000
   56  1   -1.083437    1.000000    0.000000   -1.000000    0.000000
   57  1    1.171816    1.000000    0.000000   -1.000000    0.000000
   58  1    1.190728    1.000000    0.000000   -1.000000    0.000000
   59  1    1.199771    1.000000    0.000000    1.000000    0.000000
   60  1    1.228662    1.000000    0.000000    1.000000    0.000000
   61  1    1.257144    1.000000    0.000000   -1.000000    0.000000
   62  1    1.268907    1.000000    0.000000    1.000000    0.000000
   63  1    1.278880    1.000000    0.000000   -1.000000    0.000000
   64  1    1.287008    1.000000    0.000000    1.000000    0.000000
   65  1    1.331332    1.000000    0.000000    1.000000    0.000000
   66  1    1.358495    1.000000    0.000000   -1.000000    0.000000
   67  1    1.360857    1.000000    0.000000    1.000000    0.000000
   68  1    1.379597    1.000000    0.000000   -1.000000    0.000000
   69  1    1.605333    1.000000    0.000000   -1.000000    0.000000
   70  1    1.626482    1.000000    0.000000   -1.000000    0.000000
   71  1    1.637597    1.000000    0.000000    1.000000    0.000000
   72  1    1.658734    1.000000    0.000000    1.000000    0.000000
   73  1    1.877054    1.000000    0.000000   -1.000000    0.000000
   74  1    1.908820    1.000000    0.000000   -1.000000    0.000000
   75  1    1.972803    1.000000    0.000000    1.000000    0.000000
   76  1    1.990849    1.000000    0.000000    1.000000    0.000000
   77  1    2.088088    1.000000    0.000000    1.000000    0.000000
   78  1    2.098441    1.000000    0.000000   -1.000000    0.000000
   79  1    2.130618    1.000000    0.000000   -1.000000    0.000000
   80  1    2.137757    1.000000    0.000000    1.000000    0.000000
   81  1    2.467344    1.000000    0.000000   -1.000000    0.000000
   82  1    2.491862    1.000000    0.000000   -1.000000    0.000000
   83  1    2.509597    1.000000    0.000000    1.000000    0.000000
   84  1    2.535401    1.000000    0.000000    1.000000    0.000000
   85  1    2.746656    1.000000    0.000000   -1.000000    0.000000
   86  1    2.785073    1.000000    0.000000   -1.000000    0.000000
   87  1    2.932452    1.000000    0.000000    1.000000    0.000000
   88  1    3.011183    1.000000    0.000000    1.000000    0.000000
   89  1    3.198447    1.000000    0.000000    1.000000    0.000000
   90  1    3.211113    1.000000    0.000000    1.000000    0.000000
   91  1    3.356800    1.000000    0.000000   -1.000000    0.000000
   92  1    3.374421    1.000000    0.000000   -1.000000    0.000000
   93  1    3.462314    1.000000    0.000000   -1.000000    0.000000
   94  1    3.486067    1.000000    0.000000   -1.000000    0.000000
   95  1    3.756984    1.000000    0.000000    1.000000    0.000000
   96  1    3.810675    1.000000    0.000000    1.000000    0.000000
   97  1    4.110944    1.000000    0.000000   -1.000000    0.000000
   98  1    4.168922    1.000000    0.000000   -1.000000    0.000000
   99  1    4.202835    1.000000    0.000000    1.000000    0.000000
  100  1    4.247812    1.000000    0.000000    1.000000    0.000000
  101  1    4.276509    1.000000    0.000000    1.000000    0.000000
  102  1    4.286480    1.000000    0.000000   -1.000000    0.000000
  103  1    4.314594    1.000000    0.000000   -1.000000    0.000000
  104  1    4.337655    1.000000    0.000000    1.000000    0.000000
  105  1    4.556463    1.000000    0.000000   -1.000000    0.000000
  106  1    4.576856    1.000000    0.000000   -1.000000    0.000000
  107  1    4.689149    1.000000    0.000000    1.000000    0.000000
  108  1    4.794317    1.000000    0.000000    1.000000    0.000000
  109  1    4.985878    1.000000    0.000000    1.000000    0.000000
  110  1    5.029769    1.000000    0.000000   -1.000000    0.000000
  111  1    5.048016    1.000000    0.000000    1.000000    0.000000
  112  1    5.066026    1.000000    0.000000   -1.000000    0.000000
  113  1    5.232924    1.000000    0.000000    1.000000    0.000000
  114  1    5.257030    1.000000    0.000000    1.000000    0.000000
  115  1    5.313666    1.000000    0.000000   -1.000000    0.000000
  116  1    5.336309    1.000000    0.000000   -1.000000    0.000000
  117  1    5.885800    1.000000    0.000000    1.000000    0.000000
  118  2    5.906883    2.000000    0.000000    0.000006    0.000000
  120  1    5.991263    1.000000    0.000000   -1.000000    0.000000
  121  1    6.390967    1.000000    0.000000    1.000000    0.000000
  122  1    6.464728    1.000000    0.000000    1.000000    0.000000
  123  1    6.571023    1.000000    0.000000   -1.000000    0.000000
  124  2    6.601762    2.000000    0.000000    0.000001    0.000000
  126  1    6.675401    1.000000    0.000000    1.000000    0.000000
  127  1    6.757369    1.000000    0.000000   -1.000000    0.000000
  128  1    6.814516    1.000000    0.000000   -1.000000    0.000000
  129  1    6.966150    1.000000    0.000000    1.000000    0.000000
  130  1    7.023969    1.000000    0.000000    1.000000    0.000000
  131  1    7.187424    1.000000    0.000000   -1.000000    0.000000
  132  1    7.284129    1.000000    0.000000   -1.000000    0.000000
  133  1    7.333987    1.000000    0.000000    1.000000    0.000000
  134  1    7.382361    1.000000    0.000000    1.000000    0.000000
  135  1    7.622348    1.000000    0.000000   -1.000000    0.000000
  136  1    7.645342    1.000000    0.000000    1.000000    0.000000
  137  1    7.668595    1.000000    0.000000    1.000000    0.000000
  138  1    7.690244    1.000000    0.000000   -1.000000    0.000000
  139  1    7.803976    1.000000    0.000000   -1.000000    0.000000
  140  1    7.894818    1.000000    0.000000   -1.000000    0.000000
  141  1    7.972715    1.000000    0.000000    0.999997    0.000000
  142  1    7.997754    1.000000    0.000000    0.999999    0.000000
  143  1    8.118035    1.000000    0.000000    0.999989    0.000000
  144  1    8.147598    1.000000    0.000000   -0.999998    0.000000
  145  1    8.161540    1.000000    0.000000   -0.999981    0.000000
  146  1    8.186150    1.000000    0.000000    0.999984    0.000000
  147  1    8.441841    1.000000    0.000000   -0.998810    0.000000
  148  1    8.528455    1.000000    0.000000   -0.944161    0.000000
  149  1    8.576730    1.000000    0.000000    0.975188    0.000000
  150  1    8.595039    1.000000    0.000000    0.986735    0.000000
  151  1    8.696397    1.000000    0.000000    0.996010    0.000000
  152  1    8.857573    1.000000    0.000000   -0.010258    0.000000
