  134  160
  1
  2
  1  0  0  0  1  0  0  0  1    0.000000    0.000000    0.000000    1.000000    0.000000    0.000000    0.000000    0.000000    0.000000    1.000000    0.000000  1
 -1  0  0  0 -1  0  0  0 -1    0.000000    0.000000    0.000000    1.000000    0.000000    0.000000    0.000000    0.000000    0.000000    1.000000    0.000000 -1
  8
    0.000000    0.000000    0.000000
    0.500000    0.500000    0.500000
    0.000000    0.500000    0.500000
    0.500000    0.000000    0.500000
    0.500000    0.500000    0.000000
    0.500000    0.000000    0.000000
    0.000000    0.500000    0.000000
    0.000000    0.000000    0.500000
  1
    1
    1  2  -34.844795    2.000000    0.000000
    3  2  -34.830940    2.000000    0.000000
    5  2  -16.155024    2.000000    0.000000
    7  2  -16.103626    2.000000    0.000000
    9  2  -15.815177    2.000000    0.000000
   11  2  -15.737892    2.000000    0.000000
   13  2  -15.724303    2.000000    0.000000
   15  2  -15.716058    2.000000    0.000000
   17  2   -8.783802    2.000000    0.000000
   19  2   -8.763370    2.000000    0.000000
   21  2   -8.753433    2.000000    0.000000
   23  2   -8.737114    2.000000    0.000000
   25  2   -8.587744    2.000000    0.000000
   27  2   -8.584591    2.000000    0.000000
   29  2   -8.559411    2.000000    0.000000
   31  2   -8.548765    2.000000    0.000000
   33  2   -8.526211    2.000000    0.000000
   35  2   -8.511959    2.000000    0.000000
   37  2   -8.494935    2.000000    0.000000
   39  2   -8.490581    2.000000    0.000000
   41  2   -8.317007    2.000000    0.000000
   43  2   -8.303724    2.000000    0.000000
   45  2   -8.254551    2.000000    0.000000
   47  2   -8.239967    2.000000    0.000000
   49  2   -8.212524    2.000000    0.000000
   51  2   -8.200418    2.000000    0.000000
   53  2   -8.102146    2.000000    0.000000
   55  2   -8.091840    2.000000    0.000000
   57  2   -8.063662    2.000000    0.000000
   59  2   -8.048413    2.000000    0.000000
   61  2   -8.046217    2.000000    0.000000
   63  2   -8.044086    2.000000    0.000000
   65  2   -8.024844    2.000000    0.000000
   67  2   -8.015763    2.000000    0.000000
   69  2   -7.996076    2.000000    0.000000
   71  2   -7.986404    2.000000    0.000000
   73  2   -7.964462    2.000000    0.000000
   75  2   -7.959689    2.000000    0.000000
   77  2   -3.954425    2.000000    0.000000
   79  2   -1.006176    2.000000    0.000000
   81  2   -0.367193    2.000000    0.000000
   83  2   -0.291218    2.000000    0.000000
   85  2    0.647626    2.000000    0.000000
   87  2    1.411936    2.000000    0.000000
   89  2    1.998313    2.000000    0.000000
   91  2    2.272073    2.000000    0.000000
   93  2    3.106567    2.000000    0.000000
   95  2    3.343998    2.000000    0.000000
   97  2    3.382084    2.000000    0.000000
   99  2    3.754372    2.000000    0.000000
  101  2    3.788694    2.000000    0.000000
  103  2    3.827042    2.000000    0.000000
  105  2    4.048421    2.000000    0.000000
  107  2    4.127308    2.000000    0.000000
  109  2    4.265977    2.000000    0.000000
  111  2    4.334290    2.000000    0.000000
  113  2    4.388801    2.000000    0.000000
  115  2    4.640684    2.000000    0.000000
  117  2    4.876302    2.000000    0.000000
  119  2    4.992878    2.000000    0.000000
  121  2    5.053212    2.000000    0.000000
  123  2    5.161187    2.000000    0.000000
  125  2    5.395462    2.000000    0.000000
  127  2    5.474585    2.000000    0.000000
  129  2    5.585023    2.000000    0.000000
  131  2    5.751417    2.000000    0.000000
  133  2    5.987922    2.000000    0.000000
  135  2    6.344299    2.000000    0.000000
  137  2    6.377843    2.000000    0.000000
  139  2    7.107394    2.000000    0.000000
  141  2    7.375385    2.000000    0.000000
  143  2    7.754521    2.000000    0.000000
  145  2    7.991895    2.000000    0.000000
  147  2    8.026046    2.000000    0.000000
  149  2    8.580193    2.000000    0.000000
  151  2    8.660622    2.000000    0.000000
  153  1    9.569153    1.000000    0.000000
  154  1    9.570901    1.000000    0.000000
  155  2    9.633431    2.000000    0.000000
  157  1    9.997576    1.000000    0.000000
  158  1   10.009318    1.000000    0.000000
  159  1   10.074949    1.000000    0.000000
  160  1   10.121005    1.000000    0.000000
  1
    1
    1  4  -34.837854    4.000000    0.000000
    5  2  -16.136616    2.000000    0.000000
    7  2  -16.133650    2.000000    0.000000
    9  2  -15.784681    2.000000    0.000000
   11  2  -15.783403    2.000000    0.000000
   13  2  -15.714026    2.000000    0.000000
   15  2  -15.710578    2.000000    0.000000
   17  2   -8.778506    2.000000    0.000000
   19  2   -8.776552    2.000000    0.000000
   21  2   -8.738819    2.000000    0.000000
   23  2   -8.736847    2.000000    0.000000
   25  2   -8.577084    2.000000    0.000000
   27  2   -8.575702    2.000000    0.000000
   29  4   -8.559487    4.000000    0.000000
   33  2   -8.518584    2.000000    0.000000
   35  2   -8.517293    2.000000    0.000000
   37  2   -8.505063    2.000000    0.000000
   39  2   -8.503756    2.000000    0.000000
   41  4   -8.325891    4.000000    0.000000
   45  4   -8.236817    4.000000    0.000000
   49  2   -8.194813    2.000000    0.000000
   51  2   -8.193599    2.000000    0.000000
   53  4   -8.091078    4.000000    0.000000
   57  4   -8.083064    4.000000    0.000000
   61  4   -8.034455    4.000000    0.000000
   65  4   -8.006112    4.000000    0.000000
   69  4   -7.980473    4.000000    0.000000
   73  4   -7.971130    4.000000    0.000000
   77  4   -1.832991    4.000000    0.000000
   81  4   -1.258256    4.000000    0.000000
   85  4   -0.021036    4.000000    0.000000
   89  2    2.772151    2.000000    0.000000
   91  2    2.776174    2.000000    0.000000
   93  2    3.295963    2.000000    0.000000
   95  2    3.302574    2.000000    0.000000
   97  2    3.642424    2.000000    0.000000
   99  2    3.678631    2.000000    0.000000
  101  2    3.816650    2.000000    0.000000
  103  2    3.865385    2.000000    0.000000
  105  2    3.962076    2.000000    0.000000
  107  2    3.979781    2.000000    0.000000
  109  2    4.173605    2.000000    0.000000
  111  2    4.227369    2.000000    0.000000
  113  2    4.623706    2.000000    0.000000
  115  2    4.694639    2.000000    0.000000
  117  2    4.752537    2.000000    0.000000
  119  2    4.760022    2.000000    0.000000
  121  2    4.929302    2.000000    0.000000
  123  2    4.952734    2.000000    0.000000
  125  2    5.242437    2.000000    0.000000
  127  2    5.259253    2.000000    0.000000
  129  2    5.750709    2.000000    0.000000
  131  2    5.800226    2.000000    0.000000
  133  2    7.148327    2.000000    0.000000
  135  2    7.182691    2.000000    0.000000
  137  2    7.500525    2.000000    0.000000
  139  2    7.532688    2.000000    0.000000
  141  2    7.965796    2.000000    0.000000
  143  2    7.982104    2.000000    0.000000
  145  2    8.596770    2.000000    0.000000
  147  2    8.615277    2.000000    0.000000
  149  2    9.013746    2.000000    0.000000
  151  2    9.017577    2.000000    0.000000
  153  2    9.600964    2.000000    0.000000
  155  1    9.602157    1.000000    0.000000
  156  1    9.606763    1.000000    0.000000
  157  1   10.167287    1.000000    0.000000
  158  1   10.208581    1.000000    0.000000
  159  1   10.285816    1.000000    0.000000
  160  1   10.346635    1.000000    0.000000
  1
    1
    1  2  -34.844729    2.000000    0.000000
    3  2  -34.830978    2.000000    0.000000
    5  2  -16.154595    2.000000    0.000000
    7  2  -16.105061    2.000000    0.000000
    9  2  -15.815297    2.000000    0.000000
   11  2  -15.738219    2.000000    0.000000
   13  2  -15.723001    2.000000    0.000000
   15  2  -15.718666    2.000000    0.000000
   17  2   -8.780776    2.000000    0.000000
   19  2   -8.756395    2.000000    0.000000
   21  2   -8.742073    2.000000    0.000000
   23  2   -8.731261    2.000000    0.000000
   25  2   -8.577685    2.000000    0.000000
   27  2   -8.570798    2.000000    0.000000
   29  2   -8.558802    2.000000    0.000000
   31  2   -8.545904    2.000000    0.000000
   33  2   -8.517884    2.000000    0.000000
   35  2   -8.505514    2.000000    0.000000
   37  2   -8.499022    2.000000    0.000000
   39  2   -8.493715    2.000000    0.000000
   41  2   -8.316482    2.000000    0.000000
   43  2   -8.309598    2.000000    0.000000
   45  2   -8.264705    2.000000    0.000000
   47  2   -8.254649    2.000000    0.000000
   49  2   -8.208048    2.000000    0.000000
   51  2   -8.183158    2.000000    0.000000
   53  2   -8.100620    2.000000    0.000000
   55  2   -8.089925    2.000000    0.000000
   57  2   -8.068519    2.000000    0.000000
   59  2   -8.057314    2.000000    0.000000
   61  2   -8.046868    2.000000    0.000000
   63  2   -8.034700    2.000000    0.000000
   65  2   -8.031008    2.000000    0.000000
   67  2   -8.019447    2.000000    0.000000
   69  2   -8.007225    2.000000    0.000000
   71  2   -7.992751    2.000000    0.000000
   73  2   -7.983084    2.000000    0.000000
   75  2   -7.968319    2.000000    0.000000
   77  2   -2.825762    2.000000    0.000000
   79  2   -2.595274    2.000000    0.000000
   81  2   -1.878082    2.000000    0.000000
   83  2    0.619660    2.000000    0.000000
   85  2    1.635233    2.000000    0.000000
   87  2    1.767136    2.000000    0.000000
   89  2    2.436125    2.000000    0.000000
   91  2    2.632410    2.000000    0.000000
   93  2    2.862145    2.000000    0.000000
   95  2    2.940865    2.000000    0.000000
   97  2    3.114210    2.000000    0.000000
   99  2    3.208105    2.000000    0.000000
  101  2    3.501697    2.000000    0.000000
  103  2    3.943555    2.000000    0.000000
  105  2    4.151009    2.000000    0.000000
  107  2    4.193204    2.000000    0.000000
  109  2    4.380075    2.000000    0.000000
  111  2    4.537549    2.000000    0.000000
  113  2    4.636792    2.000000    0.000000
  115  2    4.666979    2.000000    0.000000
  117  2    4.738206    2.000000    0.000000
  119  2    5.018531    2.000000    0.000000
  121  2    5.025677    2.000000    0.000000
  123  2    5.331156    2.000000    0.000000
  125  2    5.456519    2.000000    0.000000
  127  2    5.634481    2.000000    0.000000
  129  2    5.724231    2.000000    0.000000
  131  2    5.907663    2.000000    0.000000
  133  2    6.202330    2.000000    0.000000
  135  2    6.422777    2.000000    0.000000
  137  2    6.601947    2.000000    0.000000
  139  2    7.119617    2.000000    0.000000
  141  2    7.295772    2.000000    0.000000
  143  2    7.763332    2.000000    0.000000
  145  1    8.118695    1.000000    0.000000
  146  1    8.120420    1.000000    0.000000
  147  2    8.274660    2.000000    0.000000
  149  2    8.514170    2.000000    0.000000
  151  1    8.675305    1.000000    0.000000
  152  1    8.676705    1.000000    0.000000
  153  2    9.221584    2.000000    0.000000
  155  1    9.395710    1.000000    0.000000
  156  1    9.396959    1.000000    0.000000
  157  1   10.003764    1.000000    0.000000
  158  1   10.061341    1.000000    0.000000
  159  1   10.351843    1.000000    0.000000
  160  1   10.395867    1.000000    0.000000
  1
    1
    1  4  -34.837861    4.000000    0.000000
    5  2  -16.136633    2.000000    0.000000
    7  2  -16.133675    2.000000    0.000000
    9  2  -15.784701    2.000000    0.000000
   11  2  -15.783464    2.000000    0.000000
   13  2  -15.713392    2.000000    0.000000
   15  2  -15.709970    2.000000    0.000000
   17  2   -8.781066    2.000000    0.000000
   19  2   -8.779141    2.000000    0.000000
   21  2   -8.743482    2.000000    0.000000
   23  2   -8.741098    2.000000    0.000000
   25  2   -8.582135    2.000000    0.000000
   27  2   -8.581037    2.000000    0.000000
   29  2   -8.558928    2.000000    0.000000
   31  2   -8.557712    2.000000    0.000000
   33  2   -8.522933    2.000000    0.000000
   35  2   -8.520864    2.000000    0.000000
   37  2   -8.505581    2.000000    0.000000
   39  2   -8.504259    2.000000    0.000000
   41  4   -8.320078    4.000000    0.000000
   45  4   -8.236606    4.000000    0.000000
   49  2   -8.199480    2.000000    0.000000
   51  2   -8.198247    2.000000    0.000000
   53  4   -8.095803    4.000000    0.000000
   57  4   -8.080679    4.000000    0.000000
   61  4   -8.030055    4.000000    0.000000
   65  4   -7.997817    4.000000    0.000000
   69  2   -7.978870    2.000000    0.000000
   71  2   -7.977275    2.000000    0.000000
   73  2   -7.967795    2.000000    0.000000
   75  2   -7.966603    2.000000    0.000000
   77  2   -2.207559    2.000000    0.000000
   79  2   -2.202881    2.000000    0.000000
   81  2   -0.990662    2.000000    0.000000
   83  2   -0.989033    2.000000    0.000000
   85  2    0.518434    2.000000    0.000000
   87  2    0.587215    2.000000    0.000000
   89  2    2.428379    2.000000    0.000000
   91  2    2.579482    2.000000    0.000000
   93  2    3.287526    2.000000    0.000000
   95  2    3.327496    2.000000    0.000000
   97  2    3.479836    2.000000    0.000000
   99  2    3.578886    2.000000    0.000000
  101  2    3.682425    2.000000    0.000000
  103  2    3.705653    2.000000    0.000000
  105  2    3.945335    2.000000    0.000000
  107  2    4.096554    2.000000    0.000000
  109  2    4.234295    2.000000    0.000000
  111  2    4.375747    2.000000    0.000000
  113  2    4.493369    2.000000    0.000000
  115  2    4.525599    2.000000    0.000000
  117  2    4.728929    2.000000    0.000000
  119  2    4.771800    2.000000    0.000000
  121  2    4.940663    2.000000    0.000000
  123  2    4.988744    2.000000    0.000000
  125  2    5.450045    2.000000    0.000000
  127  2    5.539778    2.000000    0.000000
  129  2    5.830773    2.000000    0.000000
  131  2    6.155155    2.000000    0.000000
  133  2    6.508738    2.000000    0.000000
  135  2    6.568206    2.000000    0.000000
  137  2    6.782153    2.000000    0.000000
  139  2    6.894686    2.000000    0.000000
  141  2    7.387368    2.000000    0.000000
  143  2    7.720921    2.000000    0.000000
  145  2    8.215611    2.000000    0.000000
  147  2    8.310218    2.000000    0.000000
  149  2    8.682651    2.000000    0.000000
  151  2    8.820412    2.000000    0.000000
  153  1    9.880616    1.000000    0.000000
  154  1    9.886113    1.000000    0.000000
  155  1    9.932654    1.000000    0.000000
  156  1    9.940356    1.000000    0.000000
  157  1   10.472058    1.000000    0.000000
  158  1   10.496474    1.000000    0.000000
  159  1   10.536067    1.000000    0.000000
  160  1   10.691152    1.000000    0.000000
  1
    1
    1  4  -34.837861    4.000000    0.000000
    5  2  -16.136633    2.000000    0.000000
    7  2  -16.133674    2.000000    0.000000
    9  2  -15.784745    2.000000    0.000000
   11  2  -15.783417    2.000000    0.000000
   13  2  -15.713406    2.000000    0.000000
   15  2  -15.709957    2.000000    0.000000
   17  2   -8.781191    2.000000    0.000000
   19  2   -8.779021    2.000000    0.000000
   21  2   -8.743344    2.000000    0.000000
   23  2   -8.741235    2.000000    0.000000
   25  2   -8.582264    2.000000    0.000000
   27  2   -8.581011    2.000000    0.000000
   29  4   -8.558591    4.000000    0.000000
   33  2   -8.522634    2.000000    0.000000
   35  2   -8.521217    2.000000    0.000000
   37  2   -8.505784    2.000000    0.000000
   39  2   -8.503981    2.000000    0.000000
   41  4   -8.320056    4.000000    0.000000
   45  4   -8.236744    4.000000    0.000000
   49  2   -8.199561    2.000000    0.000000
   51  2   -8.198185    2.000000    0.000000
   53  4   -8.095839    4.000000    0.000000
   57  4   -8.080843    4.000000    0.000000
   61  4   -8.029974    4.000000    0.000000
   65  4   -7.997729    4.000000    0.000000
   69  2   -7.978937    2.000000    0.000000
   71  2   -7.977062    2.000000    0.000000
   73  2   -7.967902    2.000000    0.000000
   75  2   -7.966679    2.000000    0.000000
   77  2   -2.207644    2.000000    0.000000
   79  2   -2.202907    2.000000    0.000000
   81  2   -0.990499    2.000000    0.000000
   83  2   -0.988907    2.000000    0.000000
   85  2    0.518235    2.000000    0.000000
   87  2    0.586949    2.000000    0.000000
   89  2    2.428730    2.000000    0.000000
   91  2    2.579446    2.000000    0.000000
   93  2    3.289169    2.000000    0.000000
   95  2    3.326034    2.000000    0.000000
   97  2    3.479207    2.000000    0.000000
   99  2    3.579204    2.000000    0.000000
  101  2    3.674432    2.000000    0.000000
  103  2    3.715206    2.000000    0.000000
  105  2    3.938437    2.000000    0.000000
  107  2    4.102550    2.000000    0.000000
  109  2    4.234947    2.000000    0.000000
  111  2    4.371133    2.000000    0.000000
  113  2    4.495122    2.000000    0.000000
  115  2    4.527217    2.000000    0.000000
  117  2    4.729671    2.000000    0.000000
  119  2    4.776516    2.000000    0.000000
  121  2    4.947008    2.000000    0.000000
  123  2    4.979581    2.000000    0.000000
  125  2    5.435958    2.000000    0.000000
  127  2    5.551333    2.000000    0.000000
  129  2    5.828425    2.000000    0.000000
  131  2    6.155217    2.000000    0.000000
  133  2    6.507540    2.000000    0.000000
  135  2    6.569043    2.000000    0.000000
  137  2    6.784224    2.000000    0.000000
  139  2    6.895268    2.000000    0.000000
  141  2    7.387910    2.000000    0.000000
  143  2    7.720207    2.000000    0.000000
  145  2    8.216269    2.000000    0.000000
  147  2    8.309614    2.000000    0.000000
  149  2    8.682719    2.000000    0.000000
  151  2    8.820203    2.000000    0.000000
  153  1    9.881661    1.000000    0.000000
  154  1    9.884614    1.000000    0.000000
  155  1    9.931947    1.000000    0.000000
  156  1    9.941093    1.000000    0.000000
  157  1   10.467243    1.000000    0.000000
  158  1   10.490711    1.000000    0.000000
  159  1   10.513459    1.000000    0.000000
  160  1   10.604180    1.000000    0.000000
  1
    1
    1  4  -34.837868    4.000000    0.000000
    5  2  -16.136210    2.000000    0.000000
    7  2  -16.133256    2.000000    0.000000
    9  2  -15.784326    2.000000    0.000000
   11  2  -15.783064    2.000000    0.000000
   13  2  -15.713600    2.000000    0.000000
   15  2  -15.710153    2.000000    0.000000
   17  2   -8.783466    2.000000    0.000000
   19  2   -8.781345    2.000000    0.000000
   21  2   -8.748375    2.000000    0.000000
   23  2   -8.745830    2.000000    0.000000
   25  2   -8.588325    2.000000    0.000000
   27  2   -8.587298    2.000000    0.000000
   29  4   -8.559013    4.000000    0.000000
   33  2   -8.524461    2.000000    0.000000
   35  2   -8.522774    2.000000    0.000000
   37  2   -8.505574    2.000000    0.000000
   39  2   -8.503976    2.000000    0.000000
   41  4   -8.315577    4.000000    0.000000
   45  4   -8.237763    4.000000    0.000000
   49  2   -8.201697    2.000000    0.000000
   51  2   -8.200143    2.000000    0.000000
   53  4   -8.099248    4.000000    0.000000
   57  4   -8.080397    4.000000    0.000000
   61  4   -8.023352    4.000000    0.000000
   65  4   -7.991562    4.000000    0.000000
   69  4   -7.978012    4.000000    0.000000
   73  4   -7.963381    4.000000    0.000000
   77  4   -2.602263    4.000000    0.000000
   81  4   -0.102271    4.000000    0.000000
   85  2    0.783752    2.000000    0.000000
   87  2    0.785347    2.000000    0.000000
   89  2    2.209634    2.000000    0.000000
   91  2    2.212094    2.000000    0.000000
   93  2    2.545939    2.000000    0.000000
   95  2    2.547837    2.000000    0.000000
   97  2    3.403757    2.000000    0.000000
   99  2    3.427076    2.000000    0.000000
  101  2    3.839688    2.000000    0.000000
  103  2    3.859814    2.000000    0.000000
  105  2    4.084327    2.000000    0.000000
  107  2    4.102178    2.000000    0.000000
  109  2    4.449017    2.000000    0.000000
  111  2    4.469780    2.000000    0.000000
  113  2    4.568012    2.000000    0.000000
  115  2    4.598756    2.000000    0.000000
  117  2    4.671687    2.000000    0.000000
  119  2    4.739857    2.000000    0.000000
  121  2    5.059923    2.000000    0.000000
  123  2    5.105060    2.000000    0.000000
  125  2    5.329488    2.000000    0.000000
  127  2    5.339996    2.000000    0.000000
  129  2    5.722432    2.000000    0.000000
  131  2    5.747847    2.000000    0.000000
  133  2    5.898288    2.000000    0.000000
  135  2    5.918871    2.000000    0.000000
  137  2    6.785232    2.000000    0.000000
  139  2    6.790367    2.000000    0.000000
  141  2    7.211339    2.000000    0.000000
  143  2    7.213680    2.000000    0.000000
  145  2    8.426855    2.000000    0.000000
  147  2    8.430010    2.000000    0.000000
  149  2    9.656041    2.000000    0.000000
  151  2    9.658526    2.000000    0.000000
  153  1   10.437581    1.000000    0.000000
  154  1   10.443041    1.000000    0.000000
  155  1   10.461812    1.000000    0.000000
  156  1   10.500108    1.000000    0.000000
  157  1   10.615473    1.000000    0.000000
  158  1   10.670860    1.000000    0.000000
  159  1   10.692564    1.000000    0.000000
  160  1   10.751018    1.000000    0.000000
  1
    1
    1  2  -34.844743    2.000000    0.000000
    3  2  -34.830978    2.000000    0.000000
    5  2  -16.154259    2.000000    0.000000
    7  2  -16.104883    2.000000    0.000000
    9  2  -15.814384    2.000000    0.000000
   11  2  -15.738795    2.000000    0.000000
   13  2  -15.723433    2.000000    0.000000
   15  2  -15.717905    2.000000    0.000000
   17  2   -8.782361    2.000000    0.000000
   19  2   -8.759519    2.000000    0.000000
   21  2   -8.748100    2.000000    0.000000
   23  2   -8.734111    2.000000    0.000000
   25  2   -8.581400    2.000000    0.000000
   27  2   -8.578248    2.000000    0.000000
   29  2   -8.558733    2.000000    0.000000
   31  2   -8.549672    2.000000    0.000000
   33  2   -8.515877    2.000000    0.000000
   35  2   -8.514182    2.000000    0.000000
   37  2   -8.497161    2.000000    0.000000
   39  2   -8.492617    2.000000    0.000000
   41  2   -8.316797    2.000000    0.000000
   43  2   -8.306316    2.000000    0.000000
   45  2   -8.254386    2.000000    0.000000
   47  2   -8.250064    2.000000    0.000000
   49  2   -8.210118    2.000000    0.000000
   51  2   -8.193462    2.000000    0.000000
   53  2   -8.099411    2.000000    0.000000
   55  2   -8.095739    2.000000    0.000000
   57  2   -8.059647    2.000000    0.000000
   59  2   -8.054515    2.000000    0.000000
   61  2   -8.047196    2.000000    0.000000
   63  2   -8.041124    2.000000    0.000000
   65  2   -8.019529    2.000000    0.000000
   67  2   -8.016721    2.000000    0.000000
   69  2   -8.002190    2.000000    0.000000
   71  2   -8.000842    2.000000    0.000000
   73  2   -7.973819    2.000000    0.000000
   75  2   -7.960401    2.000000    0.000000
   77  2   -3.418164    2.000000    0.000000
   79  2   -2.435457    2.000000    0.000000
   81  2   -0.608781    2.000000    0.000000
   83  2    0.069914    2.000000    0.000000
   85  2    1.311906    2.000000    0.000000
   87  2    1.919907    2.000000    0.000000
   89  2    2.406929    2.000000    0.000000
   91  2    2.521247    2.000000    0.000000
   93  2    2.845474    2.000000    0.000000
   95  2    3.070908    2.000000    0.000000
   97  2    3.250825    2.000000    0.000000
   99  2    3.367177    2.000000    0.000000
  101  2    3.527426    2.000000    0.000000
  103  2    3.895819    2.000000    0.000000
  105  2    4.061732    2.000000    0.000000
  107  2    4.115801    2.000000    0.000000
  109  2    4.340403    2.000000    0.000000
  111  2    4.417575    2.000000    0.000000
  113  2    4.445666    2.000000    0.000000
  115  2    4.716282    2.000000    0.000000
  117  2    4.932061    2.000000    0.000000
  119  2    5.006896    2.000000    0.000000
  121  2    5.046203    2.000000    0.000000
  123  2    5.079165    2.000000    0.000000
  125  2    5.271618    2.000000    0.000000
  127  2    5.297881    2.000000    0.000000
  129  2    5.589475    2.000000    0.000000
  131  2    5.956341    2.000000    0.000000
  133  2    6.137587    2.000000    0.000000
  135  2    6.282249    2.000000    0.000000
  137  2    6.510220    2.000000    0.000000
  139  2    7.108099    2.000000    0.000000
  141  2    7.179597    2.000000    0.000000
  143  2    7.978930    2.000000    0.000000
  145  1    8.110951    1.000000    0.000000
  146  1    8.112887    1.000000    0.000000
  147  2    8.207333    2.000000    0.000000
  149  2    8.423641    2.000000    0.000000
  151  2    8.951959    2.000000    0.000000
  153  2    9.493304    2.000000    0.000000
  155  1    9.727047    1.000000    0.000000
  156  1    9.730087    1.000000    0.000000
  157  1    9.937864    1.000000    0.000000
  158  1    9.951109    1.000000    0.000000
  159  1   10.363140    1.000000    0.000000
  160  1   10.375174    1.000000    0.000000
  1
    1
    1  2  -34.844743    2.000000    0.000000
    3  2  -34.830978    2.000000    0.000000
    5  2  -16.154259    2.000000    0.000000
    7  2  -16.104882    2.000000    0.000000
    9  2  -15.814385    2.000000    0.000000
   11  2  -15.738795    2.000000    0.000000
   13  2  -15.723424    2.000000    0.000000
   15  2  -15.717912    2.000000    0.000000
   17  2   -8.782343    2.000000    0.000000
   19  2   -8.759539    2.000000    0.000000
   21  2   -8.748116    2.000000    0.000000
   23  2   -8.734085    2.000000    0.000000
   25  2   -8.581300    2.000000    0.000000
   27  2   -8.578241    2.000000    0.000000
   29  2   -8.558789    2.000000    0.000000
   31  2   -8.549691    2.000000    0.000000
   33  2   -8.516047    2.000000    0.000000
   35  2   -8.514083    2.000000    0.000000
   37  2   -8.496956    2.000000    0.000000
   39  2   -8.492802    2.000000    0.000000
   41  2   -8.316803    2.000000    0.000000
   43  2   -8.306319    2.000000    0.000000
   45  2   -8.254365    2.000000    0.000000
   47  2   -8.250068    2.000000    0.000000
   49  2   -8.210103    2.000000    0.000000
   51  2   -8.193461    2.000000    0.000000
   53  2   -8.099255    2.000000    0.000000
   55  2   -8.095914    2.000000    0.000000
   57  2   -8.059842    2.000000    0.000000
   59  2   -8.054255    2.000000    0.000000
   61  2   -8.047437    2.000000    0.000000
   63  2   -8.040943    2.000000    0.000000
   65  2   -8.019433    2.000000    0.000000
   67  2   -8.016796    2.000000    0.000000
   69  2   -8.002245    2.000000    0.000000
   71  2   -8.000860    2.000000    0.000000
   73  2   -7.974003    2.000000    0.000000
   75  2   -7.960175    2.000000    0.000000
   77  2   -3.418123    2.000000    0.000000
   79  2   -2.435584    2.000000    0.000000
   81  2   -0.608630    2.000000    0.000000
   83  2    0.069852    2.000000    0.000000
   85  2    1.311667    2.000000    0.000000
   87  2    1.920545    2.000000    0.000000
   89  2    2.407026    2.000000    0.000000
   91  2    2.520941    2.000000    0.000000
   93  2    2.844950    2.000000    0.000000
   95  2    3.070611    2.000000    0.000000
   97  2    3.250369    2.000000    0.000000
   99  2    3.367803    2.000000    0.000000
  101  2    3.526807    2.000000    0.000000
  103  2    3.896688    2.000000    0.000000
  105  2    4.062972    2.000000    0.000000
  107  2    4.117612    2.000000    0.000000
  109  2    4.340291    2.000000    0.000000
  111  2    4.409657    2.000000    0.000000
  113  2    4.450225    2.000000    0.000000
  115  2    4.713123    2.000000    0.000000
  117  2    4.952917    2.000000    0.000000
  119  2    4.992418    2.000000    0.000000
  121  2    5.041677    2.000000    0.000000
  123  2    5.074561    2.000000    0.000000
  125  2    5.269088    2.000000    0.000000
  127  2    5.308735    2.000000    0.000000
  129  2    5.590351    2.000000    0.000000
  131  2    5.953621    2.000000    0.000000
  133  2    6.137907    2.000000    0.000000
  135  2    6.279898    2.000000    0.000000
  137  2    6.513023    2.000000    0.000000
  139  2    7.106287    2.000000    0.000000
  141  2    7.180769    2.000000    0.000000
  143  2    7.979100    2.000000    0.000000
  145  1    8.111152    1.000000    0.000000
  146  1    8.113117    1.000000    0.000000
  147  2    8.206385    2.000000    0.000000
  149  2    8.424099    2.000000    0.000000
  151  2    8.952081    2.000000    0.000000
  153  2    9.493223    2.000000    0.000000
  155  1    9.726830    1.000000    0.000000
  156  1    9.729192    1.000000    0.000000
  157  1    9.937024    1.000000    0.000000
  158  1    9.964903    1.000000    0.000000
  159  1   10.369057    1.000000    0.000000
  160  1   10.428221    1.000000    0.000000
