   98  120
  1
  4
  1  0  0  0  1  0  0  0  1    0.000000    0.000000    0.000000    1.000000    0.000000    0.000000    0.000000    0.000000    0.000000    1.000000    0.000000  1
  0  1  0  1  0  0  0  0  1    0.000000    0.000000    0.500000    0.000000    0.000000   -0.866025   -0.500000    0.866025   -0.500000    0.000000    0.000000  1
  0 -1  0 -1  0  0  0  0 -1    0.000000    0.000000    0.500000    0.000000    0.000000   -0.866025   -0.500000    0.866025   -0.500000    0.000000    0.000000 -1
 -1  0  0  0 -1  0  0  0 -1    0.000000    0.000000    0.000000    1.000000    0.000000    0.000000    0.000000    0.000000    0.000000    1.000000    0.000000 -1
  6
    0.000000    0.000000    0.000000
    0.000000    0.000000    0.500000
    0.000000    0.500000    0.500000
    0.500000    0.500000    0.500000
    0.000000    0.500000    0.000000
    0.500000    0.500000    0.000000
  2
    1    2
    1  2  -37.145880    2.000000    0.000000    0.000000   -0.000006
    3  2  -37.144576    2.000000    0.000000    0.000000    0.000007
    5  2  -37.108150    2.000000    0.000000    0.000000    0.000000
    7  2  -36.843219    2.000000    0.000000    0.000000   -0.000000
    9  2  -36.800512    2.000000    0.000000    0.000000    0.000000
   11  2  -36.764994    2.000000    0.000000    0.000000   -0.000000
   13  2  -36.413316    2.000000    0.000000    0.000000   -0.000003
   15  2  -36.411670    2.000000    0.000000    0.000000    0.000003
   17  2  -36.370919    2.000000    0.000000    0.000000   -0.000000
   19  2  -33.296441    2.000000    0.000000    0.000000   -0.000002
   21  2  -33.292582    2.000000    0.000000    0.000000    0.000002
   23  2  -33.230073    2.000000    0.000000    0.000000   -0.000000
   25  2  -33.017774    2.000000    0.000000    0.000000   -0.000000
   27  2  -32.920609    2.000000    0.000000    0.000000    0.000000
   29  2  -32.881150    2.000000    0.000000    0.000000    0.000000
   31  2  -32.675858    2.000000    0.000000    0.000000    0.000005
   33  2  -32.672706    2.000000    0.000000    0.000000   -0.000005
   35  2  -32.611092    2.000000    0.000000    0.000000   -0.000000
   37  2   -7.747427    2.000000    0.000000    0.000000    0.000006
   39  2   -7.744076    2.000000    0.000000    0.000000   -0.000024
   41  2   -7.743049    2.000000    0.000000    0.000000    0.000016
   43  2   -7.739548    2.000000    0.000000    0.000000    0.000001
   45  2   -7.291423    2.000000    0.000000    0.000000   -0.000004
   47  2   -7.289189    2.000000    0.000000    0.000000   -0.000008
   49  2   -7.288001    2.000000    0.000000    0.000000    0.000007
   51  4   -7.286060    4.000000    0.000000    0.000000    0.000001
   55  2   -7.271487    2.000000    0.000000    0.000000    0.000004
   57  2   -1.696915    2.000000    0.000000    0.000000   -0.000005
   59  2    0.802409    2.000000    0.000000    0.000000    0.000001
   61  2    3.683893    2.000000    0.000000    0.000000   -0.000136
   63  2    3.691026    2.000000    0.000000    0.000000    0.000209
   65  2    3.764577    2.000000    0.000000    0.000000   -0.000003
   67  2    4.109756    2.000000    0.000000    0.000000   -0.000008
   69  2    4.115998    2.000000    0.000000    0.000000    0.000008
   71  2    4.353858    2.000000    0.000000    0.000000   -0.000004
   73  2    4.449994    2.000000    0.000000    0.000000   -0.000012
   75  2    4.493106    2.000000    0.000000    0.000000   -0.000075
   77  2    4.509943    2.000000    0.000000    0.000000    0.000272
   79  2    4.527300    2.000000    0.000000    0.000000    0.000077
   81  2    4.731015    2.000000    0.000000    0.000000   -0.000005
   83  2    4.740314    2.000000    0.000000    0.000000    0.000018
   85  2    5.214990    2.000000    0.000000    0.000000    0.000001
   87  2    5.225389    2.000000    0.000000    0.000000    0.000716
   89  2    5.237035    2.000000    0.000000    0.000000   -0.000478
   91  2    5.680068    2.000000    0.000000    0.000000   -0.000055
   93  2    5.694148    2.000000    0.000000    0.000000   -0.000088
   95  2    6.560458    2.000000    0.000000    0.000000   -0.000002
   97  2    7.402172    2.000000    0.000000    0.000000    0.000018
   99  2    7.413399    2.000000    0.000000    0.000000    0.000006
  101  2    9.038937    2.000000    0.000000    0.000000    0.000008
  103  2    9.104583    2.000000    0.000000    0.000000    0.000043
  105  2    9.113218    2.000000    0.000000    0.000000   -0.000124
  107  2    9.217453    2.000000    0.000000    0.000000   -0.000010
  109  2    9.499453    2.000000    0.000000    0.000000   -0.000005
  111  2   10.058292    2.000000    0.000000    0.000000   -0.000626
  113  2   10.067828    2.000000    0.000000    0.000000    0.000517
  115  1   10.100892    1.000000    0.000000    0.000000    0.223988
  116  1   10.101964    1.000000    0.000000    0.000000   -0.224436
  117  1   10.325698    1.000000    0.000000    0.000000   -0.438924
  118  1   10.329150    1.000000    0.000000    0.000000    0.265835
  119  1   10.333438    1.000000    0.000000    0.000000    0.719322
  120  1   10.335218    1.000000    0.000000    0.000000   -0.542848
  2
    1    2
    1  2  -37.148627    2.000000    0.000000   -0.000000    0.000000
    3  2  -37.141735    2.000000    0.000000    0.000000    0.000000
    5  2  -37.106891    2.000000    0.000000   -0.000000    0.000000
    7  2  -36.832236    2.000000    0.000000    0.000000    0.000000
    9  2  -36.785428    2.000000    0.000000    0.000001    0.000000
   11  2  -36.780171    2.000000    0.000000   -0.000000    0.000000
   13  2  -36.415115    2.000000    0.000000   -0.000000    0.000000
   15  2  -36.408791    2.000000    0.000000    0.000000    0.000000
   17  2  -36.371369    2.000000    0.000000    0.000000    0.000000
   19  2  -33.297385    2.000000    0.000000   -0.000001    0.000000
   21  2  -33.291884    2.000000    0.000000    0.000001    0.000000
   23  2  -33.225400    2.000000    0.000000    0.000000    0.000000
   25  2  -33.041501    2.000000    0.000000   -0.000000    0.000000
   27  2  -32.905249    2.000000    0.000000   -0.000001    0.000000
   29  2  -32.897640    2.000000    0.000000    0.000001    0.000000
   31  2  -32.675819    2.000000    0.000000    0.000004    0.000000
   33  2  -32.671342    2.000000    0.000000   -0.000003    0.000000
   35  2  -32.611665    2.000000    0.000000   -0.000000    0.000000
   37  4   -7.746215    4.000000    0.000000   -0.000004    0.000000
   41  4   -7.742004    4.000000    0.000000   -0.000000    0.000000
   45  4   -7.291034    4.000000    0.000000    0.000001    0.000000
   49  4   -7.286787    4.000000    0.000000    0.000001    0.000000
   53  4   -7.280548    4.000000    0.000000    0.000002    0.000000
   57  2   -0.502688    2.000000    0.000000    0.000001    0.000000
   59  2   -0.352010    2.000000    0.000000   -0.000001    0.000000
   61  2    2.951690    2.000000    0.000000   -0.000007    0.000000
   63  2    3.292076    2.000000    0.000000    0.000006    0.000000
   65  2    3.752050    2.000000    0.000000    0.000008    0.000000
   67  2    3.774969    2.000000    0.000000   -0.000008    0.000000
   69  2    4.379576    2.000000    0.000000   -0.000002    0.000000
   71  2    4.460958    2.000000    0.000000    0.000030    0.000000
   73  2    4.596147    2.000000    0.000000   -0.000028    0.000000
   75  2    4.628066    2.000000    0.000000    0.000132    0.000000
   77  2    4.715190    2.000000    0.000000    0.000015    0.000000
   79  2    4.845954    2.000000    0.000000   -0.000085    0.000000
   81  2    4.939584    2.000000    0.000000   -0.000030    0.000000
   83  2    5.020311    2.000000    0.000000   -0.000016    0.000000
   85  2    5.248919    2.000000    0.000000   -0.000007    0.000000
   87  2    5.311738    2.000000    0.000000   -0.000001    0.000000
   89  2    5.441376    2.000000    0.000000   -0.000001    0.000000
   91  2    5.653737    2.000000    0.000000    0.000004    0.000000
   93  2    6.084359    2.000000    0.000000   -0.000004    0.000000
   95  2    6.260003    2.000000    0.000000   -0.000004    0.000000
   97  2    7.317713    2.000000    0.000000   -0.000027    0.000000
   99  2    7.485477    2.000000    0.000000    0.000022    0.000000
  101  2    7.656461    2.000000    0.000000    0.000002    0.000000
  103  2    8.391350    2.000000    0.000000    0.000009    0.000000
  105  2    8.827403    2.000000    0.000000   -0.000005    0.000000
  107  2    9.372483    2.000000    0.000000    0.000020    0.000000
  109  2    9.575752    2.000000    0.000000   -0.000024    0.000000
  111  2    9.587173    2.000000    0.000000   -0.000055    0.000000
  113  2   10.110553    2.000000    0.000000   -0.000321    0.000000
  115  2   10.213439    2.000000    0.000000   -0.000345    0.000000
  117  2   10.398148    2.000000    0.000000   -0.000642    0.000000
  119  1   10.931927    1.000000    0.000000   -0.040844    0.000000
  120  1   10.965337    1.000000    0.000000   -0.124413    0.000000
  1
    1
    1  2  -37.143052    2.000000    0.000000
    3  2  -37.139212    2.000000    0.000000
    5  2  -37.108729    2.000000    0.000000
    7  2  -36.832073    2.000000    0.000000
    9  2  -36.785419    2.000000    0.000000
   11  2  -36.779855    2.000000    0.000000
   13  2  -36.409071    2.000000    0.000000
   15  2  -36.406145    2.000000    0.000000
   17  2  -36.373158    2.000000    0.000000
   19  2  -33.306599    2.000000    0.000000
   21  2  -33.293426    2.000000    0.000000
   23  2  -33.227414    2.000000    0.000000
   25  2  -33.041432    2.000000    0.000000
   27  2  -32.905081    2.000000    0.000000
   29  2  -32.897341    2.000000    0.000000
   31  2  -32.682103    2.000000    0.000000
   33  2  -32.670875    2.000000    0.000000
   35  2  -32.613912    2.000000    0.000000
   37  2   -7.747943    2.000000    0.000000
   39  2   -7.746131    2.000000    0.000000
   41  2   -7.742920    2.000000    0.000000
   43  2   -7.741466    2.000000    0.000000
   45  2   -7.294793    2.000000    0.000000
   47  2   -7.291197    2.000000    0.000000
   49  2   -7.287461    2.000000    0.000000
   51  2   -7.285450    2.000000    0.000000
   53  2   -7.281360    2.000000    0.000000
   55  2   -7.279252    2.000000    0.000000
   57  2    0.149505    2.000000    0.000000
   59  2    0.152254    2.000000    0.000000
   61  2    2.141965    2.000000    0.000000
   63  2    2.179059    2.000000    0.000000
   65  2    4.008789    2.000000    0.000000
   67  2    4.144942    2.000000    0.000000
   69  2    4.291257    2.000000    0.000000
   71  2    4.387265    2.000000    0.000000
   73  2    4.500911    2.000000    0.000000
   75  2    4.625279    2.000000    0.000000
   77  2    4.634821    2.000000    0.000000
   79  2    4.729216    2.000000    0.000000
   81  2    4.866030    2.000000    0.000000
   83  2    5.092000    2.000000    0.000000
   85  2    5.227302    2.000000    0.000000
   87  2    5.323907    2.000000    0.000000
   89  2    5.566201    2.000000    0.000000
   91  2    5.601301    2.000000    0.000000
   93  2    5.868134    2.000000    0.000000
   95  2    6.419043    2.000000    0.000000
   97  2    7.299224    2.000000    0.000000
   99  2    7.720205    2.000000    0.000000
  101  2    7.837397    2.000000    0.000000
  103  2    8.595749    2.000000    0.000000
  105  2    8.695506    2.000000    0.000000
  107  2    9.069827    2.000000    0.000000
  109  2    9.223775    2.000000    0.000000
  111  2    9.440747    2.000000    0.000000
  113  2    9.825673    2.000000    0.000000
  115  2   10.037004    2.000000    0.000000
  117  2   10.321786    2.000000    0.000000
  119  1   10.877954    1.000000    0.000000
  120  1   10.881514    1.000000    0.000000
  2
    1    2
    1  2  -37.137685    2.000000    0.000000    0.000001    0.000000
    3  2  -37.135119    2.000000    0.000000   -0.000000    0.000000
    5  2  -37.111935    2.000000    0.000000   -0.000000    0.000000
    7  2  -36.831912    2.000000    0.000000    0.000000    0.000000
    9  2  -36.785063    2.000000    0.000000    0.000000    0.000000
   11  2  -36.779826    2.000000    0.000000    0.000000    0.000000
   13  4  -36.402449    4.000000    0.000000    0.000000    0.000000
   17  2  -36.376909    2.000000    0.000000    0.000000    0.000000
   19  2  -33.307398    2.000000    0.000000   -0.000001    0.000000
   21  2  -33.303938    2.000000    0.000000    0.000001    0.000000
   23  2  -33.228854    2.000000    0.000000    0.000000    0.000000
   25  2  -33.041401    2.000000    0.000000   -0.000000    0.000000
   27  2  -32.904889    2.000000    0.000000    0.000000    0.000000
   29  2  -32.896999    2.000000    0.000000   -0.000000    0.000000
   31  2  -32.680727    2.000000    0.000000    0.000002    0.000000
   33  2  -32.678071    2.000000    0.000000   -0.000002    0.000000
   35  2  -32.616112    2.000000    0.000000    0.000000    0.000000
   37  4   -7.747151    4.000000    0.000000   -0.000000    0.000000
   41  4   -7.743620    4.000000    0.000000    0.000001    0.000000
   45  4   -7.290835    4.000000    0.000000    0.000003    0.000000
   49  4   -7.287380    4.000000    0.000000   -0.000003    0.000000
   53  4   -7.284580    4.000000    0.000000    0.000001    0.000000
   57  2    0.503199    2.000000    0.000000   -0.000015    0.000000
   59  2    0.506701    2.000000    0.000000    0.000016    0.000000
   61  2    3.048090    2.000000    0.000000   -0.000001    0.000000
   63  2    3.180946    2.000000    0.000000    0.000063    0.000000
   65  2    3.187058    2.000000    0.000000   -0.000044    0.000000
   67  2    3.632597    2.000000    0.000000    0.000005    0.000000
   69  2    3.635814    2.000000    0.000000    0.000030    0.000000
   71  2    3.930123    2.000000    0.000000    0.000002    0.000000
   73  2    4.579463    2.000000    0.000000    0.000001    0.000000
   75  2    4.588077    2.000000    0.000000   -0.000003    0.000000
   77  2    4.731295    2.000000    0.000000   -0.000005    0.000000
   79  2    4.764036    2.000000    0.000000   -0.000024    0.000000
   81  2    4.779307    2.000000    0.000000   -0.000006    0.000000
   83  2    4.818184    2.000000    0.000000   -0.000000    0.000000
   85  2    5.134605    2.000000    0.000000    0.000005    0.000000
   87  2    5.162139    2.000000    0.000000    0.000000    0.000000
   89  2    5.522234    2.000000    0.000000    0.000004    0.000000
   91  2    5.713118    2.000000    0.000000   -0.000026    0.000000
   93  2    5.716551    2.000000    0.000000    0.000017    0.000000
   95  2    6.158712    2.000000    0.000000    0.000001    0.000000
   97  2    6.170854    2.000000    0.000000   -0.000019    0.000000
   99  2    6.567137    2.000000    0.000000   -0.000001    0.000000
  101  2    6.738350    2.000000    0.000000   -0.000003    0.000000
  103  2    9.038904    2.000000    0.000000    0.000001    0.000000
  105  2    9.053466    2.000000    0.000000   -0.000023    0.000000
  107  2    9.368012    2.000000    0.000000    0.000006    0.000000
  109  2    9.694675    2.000000    0.000000   -0.000009    0.000000
  111  2    9.781334    2.000000    0.000000    0.000179    0.000000
  113  2    9.786732    2.000000    0.000000   -0.000155    0.000000
  115  2   10.143891    2.000000    0.000000    0.000194    0.000000
  117  2   10.154738    2.000000    0.000000   -0.000173    0.000000
  119  1   11.019623    1.000000    0.000000   -0.636910    0.000000
  120  1   11.035120    1.000000    0.000000    0.253833    0.000000
  1
    1
    1  2  -37.144947    2.000000    0.000000
    3  2  -37.137185    2.000000    0.000000
    5  2  -37.110253    2.000000    0.000000
    7  2  -36.843198    2.000000    0.000000
    9  2  -36.799850    2.000000    0.000000
   11  2  -36.765207    2.000000    0.000000
   13  2  -36.410847    2.000000    0.000000
   15  2  -36.404668    2.000000    0.000000
   17  2  -36.373463    2.000000    0.000000
   19  2  -33.307439    2.000000    0.000000
   21  2  -33.292222    2.000000    0.000000
   23  2  -33.232103    2.000000    0.000000
   25  2  -33.017750    2.000000    0.000000
   27  2  -32.920211    2.000000    0.000000
   29  2  -32.881059    2.000000    0.000000
   31  2  -32.683114    2.000000    0.000000
   33  2  -32.670828    2.000000    0.000000
   35  2  -32.613893    2.000000    0.000000
   37  4   -7.746236    4.000000    0.000000
   41  4   -7.741992    4.000000    0.000000
   45  4   -7.290959    4.000000    0.000000
   49  4   -7.286820    4.000000    0.000000
   53  4   -7.280532    4.000000    0.000000
   57  2   -0.502731    2.000000    0.000000
   59  2   -0.352070    2.000000    0.000000
   61  2    2.951861    2.000000    0.000000
   63  2    3.292150    2.000000    0.000000
   65  2    3.751918    2.000000    0.000000
   67  2    3.774880    2.000000    0.000000
   69  2    4.381280    2.000000    0.000000
   71  2    4.460235    2.000000    0.000000
   73  2    4.595112    2.000000    0.000000
   75  2    4.629627    2.000000    0.000000
   77  2    4.714050    2.000000    0.000000
   79  2    4.845180    2.000000    0.000000
   81  2    4.938113    2.000000    0.000000
   83  2    5.020948    2.000000    0.000000
   85  2    5.249283    2.000000    0.000000
   87  2    5.312143    2.000000    0.000000
   89  2    5.442431    2.000000    0.000000
   91  2    5.654211    2.000000    0.000000
   93  2    6.084143    2.000000    0.000000
   95  2    6.260175    2.000000    0.000000
   97  2    7.317645    2.000000    0.000000
   99  2    7.485665    2.000000    0.000000
  101  2    7.656815    2.000000    0.000000
  103  2    8.391187    2.000000    0.000000
  105  2    8.827376    2.000000    0.000000
  107  2    9.372144    2.000000    0.000000
  109  2    9.575025    2.000000    0.000000
  111  2    9.587432    2.000000    0.000000
  113  2   10.110608    2.000000    0.000000
  115  2   10.213334    2.000000    0.000000
  117  2   10.398411    2.000000    0.000000
  119  1   10.932712    1.000000    0.000000
  120  1   10.955058    1.000000    0.000000
  2
    1    2
    1  2  -37.138741    2.000000    0.000000    0.000000   -0.000000
    3  2  -37.133665    2.000000    0.000000    0.000000    0.000000
    5  2  -37.113723    2.000000    0.000000    0.000000    0.000000
    7  2  -36.843031    2.000000    0.000000    0.000000   -0.000000
    9  2  -36.799512    2.000000    0.000000    0.000000   -0.000000
   11  2  -36.765246    2.000000    0.000000    0.000000   -0.000000
   13  2  -36.405191    2.000000    0.000000    0.000000    0.000001
   15  2  -36.399882    2.000000    0.000000    0.000000   -0.000000
   17  2  -36.376978    2.000000    0.000000    0.000000    0.000000
   19  2  -33.308818    2.000000    0.000000    0.000000   -0.000000
   21  2  -33.302041    2.000000    0.000000    0.000000    0.000001
   23  2  -33.233571    2.000000    0.000000    0.000000   -0.000000
   25  2  -33.017712    2.000000    0.000000    0.000000   -0.000000
   27  2  -32.920190    2.000000    0.000000    0.000000    0.000000
   29  2  -32.880714    2.000000    0.000000    0.000000   -0.000000
   31  2  -32.683268    2.000000    0.000000    0.000000    0.000001
   33  2  -32.676828    2.000000    0.000000    0.000000   -0.000000
   35  2  -32.615760    2.000000    0.000000    0.000000    0.000000
   37  2   -7.747909    2.000000    0.000000    0.000000   -0.000002
   39  2   -7.746130    2.000000    0.000000    0.000000   -0.000004
   41  2   -7.742904    2.000000    0.000000    0.000000   -0.000004
   43  2   -7.741458    2.000000    0.000000    0.000000    0.000001
   45  2   -7.294738    2.000000    0.000000    0.000000    0.000001
   47  2   -7.291167    2.000000    0.000000    0.000000   -0.000002
   49  2   -7.287455    2.000000    0.000000    0.000000    0.000005
   51  2   -7.285450    2.000000    0.000000    0.000000   -0.000000
   53  2   -7.281352    2.000000    0.000000    0.000000   -0.000016
   55  2   -7.279210    2.000000    0.000000    0.000000    0.000010
   57  2    0.149530    2.000000    0.000000    0.000000    0.000314
   59  2    0.152241    2.000000    0.000000    0.000000   -0.000315
   61  2    2.141981    2.000000    0.000000    0.000000    0.000040
   63  2    2.179186    2.000000    0.000000    0.000000   -0.000066
   65  2    4.009210    2.000000    0.000000    0.000000   -0.000058
   67  2    4.145368    2.000000    0.000000    0.000000    0.000001
   69  2    4.291396    2.000000    0.000000    0.000000    0.000018
   71  2    4.387689    2.000000    0.000000    0.000000   -0.000012
   73  2    4.501064    2.000000    0.000000    0.000000   -0.000007
   75  2    4.623745    2.000000    0.000000    0.000000   -0.002667
   77  2    4.634664    2.000000    0.000000    0.000000   -0.000456
   79  2    4.729468    2.000000    0.000000    0.000000    0.000038
   81  2    4.863912    2.000000    0.000000    0.000000   -0.000009
   83  2    5.089455    2.000000    0.000000    0.000000   -0.000004
   85  2    5.232344    2.000000    0.000000    0.000000    0.000011
   87  2    5.321091    2.000000    0.000000    0.000000   -0.000001
   89  2    5.567095    2.000000    0.000000    0.000000    0.000004
   91  2    5.603703    2.000000    0.000000    0.000000   -0.000026
   93  2    5.868202    2.000000    0.000000    0.000000    0.000004
   95  2    6.419140    2.000000    0.000000    0.000000    0.000071
   97  2    7.299567    2.000000    0.000000    0.000000   -0.000005
   99  2    7.715183    2.000000    0.000000    0.000000    0.000026
  101  2    7.842040    2.000000    0.000000    0.000000   -0.000028
  103  2    8.595633    2.000000    0.000000    0.000000    0.000007
  105  2    8.695557    2.000000    0.000000    0.000000    0.000004
  107  2    9.069419    2.000000    0.000000    0.000000   -0.000001
  109  2    9.222955    2.000000    0.000000    0.000000   -0.000063
  111  2    9.440490    2.000000    0.000000    0.000000   -0.000001
  113  2    9.826164    2.000000    0.000000    0.000000    0.000013
  115  2   10.034993    2.000000    0.000000    0.000000    0.000333
  117  2   10.323798    2.000000    0.000000    0.000000    0.000018
  119  1   10.876152    1.000000    0.000000    0.000000   -0.324109
  120  1   10.882741    1.000000    0.000000    0.000000   -0.350811
