   70   88
  1
  8
  1  0  0  0  1  0  0  0  1    0.000000    0.000000    0.000000    1.000000    0.000000    0.000000    0.000000    0.000000    0.000000    1.000000    0.000000  1
  0 -1  0 -1  0  0  0  0 -1    0.000000    0.000000    0.500000    0.000000    0.000000   -0.866025    0.500000    0.866025    0.500000    0.000000    0.000000  1
 -1  0  0  0 -1  0  0  0 -1    0.000000    0.000000    0.000000    1.000000    0.000000    0.000000    0.000000    0.000000    0.000000    1.000000    0.000000  1
  0  1  0  1  0  0  0  0  1    0.000000    0.000000    0.500000    0.000000    0.000000   -0.866025    0.500000    0.866025    0.500000    0.000000    0.000000  1
  1  0  0  0  1  0  0  0  1    0.000000    0.000000    0.500000    1.000000    0.000000    0.000000    0.000000    0.000000    0.000000    1.000000    0.000000 -1
  0 -1  0 -1  0  0  0  0 -1    0.000000    0.000000    0.000000    0.000000    0.000000   -0.866025    0.500000    0.866025    0.500000    0.000000    0.000000 -1
 -1  0  0  0 -1  0  0  0 -1    0.000000    0.000000    0.500000    1.000000    0.000000    0.000000    0.000000    0.000000    0.000000    1.000000    0.000000 -1
  0  1  0  1  0  0  0  0  1    0.000000    0.000000    0.000000    0.000000    0.000000   -0.866025    0.500000    0.866025    0.500000    0.000000    0.000000 -1
  6
    0.000000    0.000000    0.000000
    0.000000    0.000000    0.500000
    0.000000    0.500000    0.500000
    0.500000    0.500000    0.500000
    0.000000    0.500000    0.000000
    0.500000    0.500000    0.000000
  4
    1    2    3    4
    1  2  -46.365814    2.000000    0.000000    0.000000    0.000000   -2.000000    0.000000    0.000000   -0.000000
    3  2  -45.974131    2.000000    0.000000    0.000000    0.000000   -2.000000    0.000000    0.000000    0.000000
    5  2  -45.467533    2.000000    0.000000    0.000000   -0.000000   -2.000000    0.000000    0.000000    0.000000
    7  2  -41.289397    2.000000    0.000000    0.000000   -0.000000   -2.000000    0.000000    0.000000    0.000000
    9  2  -40.900309    2.000000    0.000000    0.000000    0.000000   -2.000000    0.000000    0.000000    0.000000
   11  2  -40.537142    2.000000    0.000000    0.000000    0.000000   -2.000000    0.000000    0.000000    0.000000
   13  4  -35.619818    4.000000    0.000000    0.000000    0.000000    0.000000    0.000000    0.000000    0.000000
   17  4  -16.894919    4.000000    0.000000    0.000000    0.000000    0.000000    0.000000    0.000000    0.000000
   21  2  -16.542212    2.000000    0.000000    0.000000    0.000000    2.000000    0.000000    0.000000    0.000000
   23  2  -16.541081    2.000000    0.000000    0.000000    0.000000   -2.000000    0.000000    0.000000    0.000000
   25  4  -16.482724    4.000000    0.000000    0.000000    0.000000    0.000000    0.000000    0.000000    0.000000
   29  2   -8.284054    2.000000    0.000000    0.000000    0.000000    2.000000    0.000000    0.000000    0.000000
   31  2   -7.924165    2.000000    0.000000    0.000000    0.000000    2.000000    0.000000    0.000000    0.000000
   33  2   -7.627401    2.000000    0.000000    0.000000    0.000000   -2.000000    0.000000    0.000000    0.000000
   35  2   -7.189328    2.000000    0.000000    0.000000    0.000000   -2.000000    0.000000    0.000000    0.000000
   37  2   -0.858232    2.000000    0.000000    0.000000    0.000000    2.000000    0.000000    0.000000    0.000000
   39  2   -0.751457    2.000000    0.000000    0.000000    0.000001    2.000000    0.000000    0.000000    0.000001
   41  2   -0.722610    2.000000    0.000000    0.000000    0.000000    2.000000    0.000000    0.000000    0.000000
   43  2   -0.137425    2.000000    0.000000    0.000000   -0.000001    2.000000    0.000000    0.000000   -0.000001
   45  2   -0.134880    2.000000    0.000000    0.000000   -0.000000    2.000000    0.000000    0.000000   -0.000000
   47  2    0.332320    2.000000    0.000000    0.000000    0.000000    2.000000    0.000000    0.000000    0.000000
   49  2    1.386439    2.000000    0.000000    0.000000    0.000000    2.000000    0.000000    0.000000    0.000000
   51  2    1.757518    2.000000    0.000000    0.000000    0.000000   -2.000000    0.000000    0.000000    0.000000
   53  2    2.529925    2.000000    0.000000    0.000000    0.000000    2.000000    0.000000    0.000000    0.000000
   55  2    2.570433    2.000000    0.000000    0.000000    0.000000    2.000000    0.000000    0.000000    0.000000
   57  2    2.891434    2.000000    0.000000    0.000000    0.000000   -2.000000    0.000000    0.000000    0.000000
   59  2    2.943487    2.000000    0.000000    0.000000    0.000000   -2.000000    0.000000    0.000000    0.000000
   61  2    3.485312    2.000000    0.000000    0.000000    0.000000   -2.000000    0.000000    0.000000    0.000000
   63  2    3.561440    2.000000    0.000000    0.000000    0.000000   -2.000000    0.000000    0.000000    0.000000
   65  2    3.676463    2.000000    0.000000    0.000000    0.000000   -2.000000    0.000000    0.000000    0.000000
   67  2    3.781382    2.000000    0.000000    0.000000    0.000000    2.000000    0.000000    0.000000    0.000000
   69  2    3.818700    2.000000    0.000000    0.000000    0.000000    2.000000    0.000000    0.000000    0.000000
   71  2    7.153547    2.000000    0.000000    0.000000   -0.000001    1.999999    0.000000    0.000000   -0.000001
   73  2    7.427584    2.000000    0.000000    0.000000    0.000000    2.000000    0.000000    0.000000    0.000000
   75  2    7.579899    2.000000    0.000000    0.000000    0.000009    1.999982    0.000000    0.000000    0.000007
   77  4    7.581505    4.000000    0.000000    0.000000    0.000020   -0.000432    0.000000    0.000000   -0.000363
   81  2    8.091818    2.000000    0.000000    0.000000   -0.001560    1.994946    0.000000    0.000000   -0.004439
   83  2    8.102951    2.000000    0.000000    0.000000    0.002059    1.994952    0.000000    0.000000    0.002815
   85  1    8.327648    1.000000    0.000000    0.000000   -0.386872   -0.994749    0.000000    0.000000    0.382239
   86  1    8.342198    1.000000    0.000000    0.000000    0.356221   -0.991897    0.000000    0.000000   -0.353955
   87  1    8.519888    1.000000    0.000000    0.000000   -0.453506   -0.849111    0.000000    0.000000    0.391345
   88  1    8.537693    1.000000    0.000000    0.000000    0.325782    0.092248    0.000000    0.000000    0.077898
  4
    1    2    3    4
    1  2  -46.365813    2.000000    0.000000    0.000000    0.000002   -0.000000    0.000000   -0.000000    0.000000
    3  2  -45.974142    2.000000    0.000000    0.000000    0.000000   -0.000000    0.000000    0.000001    0.000000
    5  2  -45.467531    2.000000    0.000000    0.000000    0.000001    0.000000    0.000000    0.000000    0.000000
    7  2  -41.289396    2.000000    0.000000    0.000000   -0.000000    0.000000    0.000000    0.000000    0.000000
    9  2  -40.900333    2.000000    0.000000    0.000000    0.000000    0.000000    0.000000    0.000000    0.000000
   11  2  -40.537141    2.000000    0.000000    0.000000    0.000000    0.000000    0.000000    0.000000    0.000000
   13  4  -35.619814    4.000000    0.000000    0.000000    0.000002    0.000000    0.000000   -0.000001    0.000000
   17  4  -16.894535    4.000000    0.000000    0.000000    0.000000   -0.000000    0.000000    0.000000    0.000000
   21  4  -16.541672    4.000000    0.000000    0.000000    0.000000    0.000000    0.000000    0.000000    0.000000
   25  4  -16.482711    4.000000    0.000000    0.000000    0.000000    0.000000    0.000000    0.000000    0.000000
   29  2   -8.203744    2.000000    0.000000    0.000000   -0.000001    0.000000    0.000000    0.000000    0.000000
   31  2   -8.101731    2.000000    0.000000    0.000000   -0.000001   -0.000001    0.000000    0.000000    0.000000
   33  2   -7.384755    2.000000    0.000000    0.000000    0.000001   -0.000002    0.000000    0.000000    0.000000
   35  2   -7.336405    2.000000    0.000000    0.000000    0.000000    0.000001    0.000000    0.000000    0.000000
   37  2   -0.806799    2.000000    0.000000    0.000000    0.000001    0.000000    0.000000    0.000001    0.000000
   39  2   -0.751339    2.000000    0.000000    0.000000    0.000000    0.000000    0.000000    0.000000    0.000000
   41  2   -0.722523    2.000000    0.000000    0.000000   -0.000000    0.000000    0.000000    0.000000    0.000000
   43  2   -0.137371    2.000000    0.000000    0.000000   -0.000000    0.000000    0.000000    0.000000    0.000000
   45  2   -0.134896    2.000000    0.000000    0.000000   -0.000000    0.000000    0.000000    0.000000    0.000000
   47  2    0.355075    2.000000    0.000000    0.000000    0.000010   -0.000006    0.000000    0.000003    0.000000
   49  2    0.881419    2.000000    0.000000    0.000000   -0.000000    0.000000    0.000000   -0.000000    0.000000
   51  2    2.489441    2.000000    0.000000    0.000000    0.000000    0.000000    0.000000    0.000000    0.000000
   53  2    2.530596    2.000000    0.000000    0.000000    0.000000    0.000000    0.000000    0.000000    0.000000
   55  2    2.849056    2.000000    0.000000    0.000000    0.000003    0.000002    0.000000    0.000000    0.000000
   57  2    2.882864    2.000000    0.000000    0.000000    0.000002    0.000001    0.000000    0.000000    0.000000
   59  2    3.086259    2.000000    0.000000    0.000000   -0.000001    0.000000    0.000000    0.000000    0.000000
   61  2    3.130083    2.000000    0.000000    0.000000   -0.000000    0.000000    0.000000    0.000000    0.000000
   63  2    3.251262    2.000000    0.000000    0.000000    0.000001   -0.000000    0.000000    0.000000    0.000000
   65  2    3.302962    2.000000    0.000000    0.000000    0.000000    0.000000    0.000000    0.000000    0.000000
   67  2    3.887531    2.000000    0.000000    0.000000    0.000000    0.000000    0.000000    0.000000    0.000000
   69  2    3.930048    2.000000    0.000000    0.000000    0.000000    0.000000    0.000000    0.000000    0.000000
   71  2    7.403227    2.000000    0.000000    0.000000    0.000153    0.000038    0.000000   -0.000028    0.000000
   73  2    7.576807    2.000000    0.000000    0.000000   -0.000001    0.000008    0.000000   -0.000123    0.000000
   75  2    7.582105    2.000000    0.000000    0.000000   -0.000106   -0.000002    0.000000    0.000035    0.000000
   77  1    7.694795    1.000000    0.000000    0.000000    0.685325   -0.157559    0.000000    0.710767    0.000000
   78  1    7.696178    1.000000    0.000000    0.000000   -0.683293    0.159246    0.000000   -0.710431    0.000000
   79  2    7.774518    2.000000    0.000000    0.000000   -0.000380    0.000212    0.000000    0.000558    0.000000
   81  1    7.910964    1.000000    0.000000    0.000000   -0.389749    0.915293    0.000000   -0.086255    0.000000
   82  1    7.918664    1.000000    0.000000    0.000000    0.371977   -0.911264    0.000000    0.084753    0.000000
   83  1    8.062255    1.000000    0.000000    0.000000    0.534852   -0.536196    0.000000   -0.652038    0.000000
   84  1    8.063760    1.000000    0.000000    0.000000   -0.535077    0.529015    0.000000    0.643414    0.000000
   85  1    8.079239    1.000000    0.000000    0.000000    0.203822    0.419140    0.000000   -0.875178    0.000000
   86  1    8.081700    1.000000    0.000000    0.000000   -0.201196   -0.413218    0.000000    0.872122    0.000000
   87  1    8.515976    1.000000    0.000000    0.000000    0.416457    0.291107    0.000000    0.169876    0.000000
   88  1    8.577735    1.000000    0.000000    0.000000    0.398675   -0.326141    0.000000   -0.416199    0.000000
  2
    1    3
    1  2  -46.367234    2.000000    0.000000    0.000000    0.000000
    3  2  -45.974029    2.000000    0.000000    0.000000    0.000000
    5  2  -45.469146    2.000000    0.000000    0.000000    0.000000
    7  2  -41.291506    2.000000    0.000000    0.000000    0.000000
    9  2  -40.900117    2.000000    0.000000    0.000000    0.000000
   11  2  -40.539519    2.000000    0.000000    0.000000    0.000000
   13  4  -35.608378    4.000000    0.000000   -0.000000    0.000000
   17  4  -16.944412    4.000000    0.000000    0.000000    0.000000
   21  4  -16.595999    4.000000    0.000000    0.000000    0.000000
   25  4  -16.523434    4.000000    0.000000    0.000000    0.000000
   29  2   -7.375126    2.000000    0.000000    0.000000    0.000000
   31  2   -7.371109    2.000000    0.000000    0.000001    0.000000
   33  2   -7.251317    2.000000    0.000000    0.000000    0.000000
   35  2   -7.149151    2.000000    0.000000    0.000000    0.000000
   37  2   -0.951789    2.000000    0.000000    0.000000    0.000000
   39  2   -0.658171    2.000000    0.000000    0.000000    0.000000
   41  2   -0.470226    2.000000    0.000000    0.000000    0.000000
   43  2   -0.049977    2.000000    0.000000   -0.000002    0.000000
   45  2   -0.002274    2.000000    0.000000   -0.000003    0.000000
   47  2    0.039708    2.000000    0.000000   -0.000001    0.000000
   49  2    0.520182    2.000000    0.000000    0.000000    0.000000
   51  2    0.558679    2.000000    0.000000   -0.000000    0.000000
   53  2    0.765998    2.000000    0.000000   -0.000000    0.000000
   55  2    1.997512    2.000000    0.000000    0.000000    0.000000
   57  2    2.111986    2.000000    0.000000    0.000000    0.000000
   59  2    2.159540    2.000000    0.000000    0.000000    0.000000
   61  2    2.285356    2.000000    0.000000    0.000000    0.000000
   63  2    2.349968    2.000000    0.000000    0.000000    0.000000
   65  2    2.578291    2.000000    0.000000    0.000000    0.000000
   67  2    3.348227    2.000000    0.000000    0.000000    0.000000
   69  2    3.618463    2.000000    0.000000    0.000000    0.000000
   71  2    6.304453    2.000000    0.000000    0.000001    0.000000
   73  2    7.135699    2.000000    0.000000    0.000001    0.000000
   75  2    7.875772    2.000000    0.000000    0.000003    0.000000
   77  2    8.044386    2.000000    0.000000    0.000010    0.000000
   79  2    8.270325    2.000000    0.000000    0.000182    0.000000
   81  2    8.316827    2.000000    0.000000   -0.000217    0.000000
   83  2    8.681840    2.000000    0.000000   -0.000598    0.000000
   85  2    8.965584    2.000000    0.000000   -0.011645    0.000000
   87  1    9.144630    1.000000    0.000000   -0.104761    0.000000
   88  1    9.172197    1.000000    0.000000    0.754187    0.000000
  4
    1    2    3    4
    1  2  -46.367173    2.000000    0.000000    0.000000   -0.000000    0.000000    0.000000   -0.000000    0.000000
    3  2  -45.974155    2.000000    0.000000    0.000000   -0.000000    0.000000    0.000000    0.000000    0.000000
    5  2  -45.469079    2.000000    0.000000    0.000000    0.000000    0.000000    0.000000   -0.000000    0.000000
    7  2  -41.291422    2.000000    0.000000    0.000000    0.000000    0.000000    0.000000   -0.000000    0.000000
    9  2  -40.900293    2.000000    0.000000    0.000000    0.000000    0.000000    0.000000    0.000000    0.000000
   11  2  -40.539428    2.000000    0.000000    0.000000    0.000000    0.000000    0.000000    0.000000    0.000000
   13  4  -35.608378    4.000000    0.000000    0.000000   -0.000000    0.000002    0.000000   -0.000001    0.000000
   17  4  -16.944375    4.000000    0.000000    0.000000    0.000000    0.000000    0.000000    0.000000    0.000000
   21  4  -16.595989    4.000000    0.000000    0.000000    0.000000    0.000000    0.000000    0.000000    0.000000
   25  4  -16.523442    4.000000    0.000000    0.000000    0.000000    0.000000    0.000000    0.000000    0.000000
   29  2   -7.375151    2.000000    0.000000    0.000000   -0.000000   -0.000000    0.000000    0.000000    0.000000
   31  2   -7.371081    2.000000    0.000000    0.000000   -0.000001    0.000000    0.000000    0.000000    0.000000
   33  2   -7.251290    2.000000    0.000000    0.000000    0.000000    0.000000    0.000000    0.000000    0.000000
   35  2   -7.149180    2.000000    0.000000    0.000000    0.000000   -0.000000    0.000000    0.000000    0.000000
   37  2   -0.952218    2.000000    0.000000    0.000000    0.000001    0.000000    0.000000    0.000000    0.000000
   39  2   -0.658725    2.000000    0.000000    0.000000    0.000000    0.000000    0.000000   -0.000000    0.000000
   41  2   -0.468402    2.000000    0.000000    0.000000    0.000000    0.000000    0.000000   -0.000000    0.000000
   43  2   -0.048918    2.000000    0.000000    0.000000    0.000002    0.000001    0.000000   -0.000002    0.000000
   45  2   -0.002189    2.000000    0.000000    0.000000    0.000001    0.000002    0.000000    0.000000    0.000000
   47  2    0.037460    2.000000    0.000000    0.000000   -0.000001    0.000000    0.000000    0.000000    0.000000
   49  2    0.520075    2.000000    0.000000    0.000000   -0.000000    0.000000    0.000000    0.000000    0.000000
   51  2    0.558942    2.000000    0.000000    0.000000   -0.000000    0.000001    0.000000   -0.000000    0.000000
   53  2    0.766193    2.000000    0.000000    0.000000    0.000000   -0.000000    0.000000    0.000000    0.000000
   55  2    1.996576    2.000000    0.000000    0.000000   -0.000001    0.000000    0.000000    0.000000    0.000000
   57  2    2.118062    2.000000    0.000000    0.000000    0.000000    0.000000    0.000000    0.000000    0.000000
   59  2    2.153632    2.000000    0.000000    0.000000   -0.000000    0.000000    0.000000    0.000000    0.000000
   61  2    2.286542    2.000000    0.000000    0.000000   -0.000000    0.000000    0.000000    0.000000    0.000000
   63  2    2.349704    2.000000    0.000000    0.000000    0.000000    0.000001    0.000000    0.000001    0.000000
   65  2    2.578051    2.000000    0.000000    0.000000    0.000000    0.000000    0.000000    0.000000    0.000000
   67  2    3.348216    2.000000    0.000000    0.000000    0.000000    0.000000    0.000000    0.000000    0.000000
   69  2    3.618533    2.000000    0.000000    0.000000    0.000000    0.000000    0.000000   -0.000000    0.000000
   71  2    6.304290    2.000000    0.000000    0.000000    0.000006   -0.000003    0.000000   -0.000001    0.000000
   73  2    7.135728    2.000000    0.000000    0.000000    0.000001   -0.000000    0.000000    0.000000    0.000000
   75  2    7.875737    2.000000    0.000000    0.000000    0.000007    0.000003    0.000000    0.000007    0.000000
   77  2    8.043859    2.000000    0.000000    0.000000   -0.000021   -0.000016    0.000000   -0.000010    0.000000
   79  2    8.272283    2.000000    0.000000    0.000000    0.000162    0.000188    0.000000   -0.000107    0.000000
   81  2    8.315277    2.000000    0.000000    0.000000    0.000024    0.000404    0.000000   -0.000105    0.000000
   83  2    8.684053    2.000000    0.000000    0.000000   -0.000037    0.000332    0.000000    0.000121    0.000000
   85  1    8.963737    1.000000    0.000000    0.000000   -0.880479    0.426908    0.000000    0.202133    0.000000
   86  1    8.968824    1.000000    0.000000    0.000000    0.853303   -0.418444    0.000000   -0.192557    0.000000
   87  1    9.148713    1.000000    0.000000    0.000000    0.003098    0.854126    0.000000   -0.197880    0.000000
   88  1    9.200215    1.000000    0.000000    0.000000   -0.188073   -0.817017    0.000000   -0.321933    0.000000
  2
    1    3
    1  2  -46.367233    2.000000    0.000000   -2.000000    0.000000
    3  2  -45.974027    2.000000    0.000000   -2.000000    0.000000
    5  2  -45.469145    2.000000    0.000000   -2.000000    0.000000
    7  2  -41.291505    2.000000    0.000000   -2.000000    0.000000
    9  2  -40.900116    2.000000    0.000000   -2.000000    0.000000
   11  2  -40.539519    2.000000    0.000000   -2.000000    0.000000
   13  4  -35.608378    4.000000    0.000000   -0.000000    0.000000
   17  4  -16.944410    4.000000    0.000000    0.000000    0.000000
   21  4  -16.595996    4.000000    0.000000    0.000000    0.000000
   25  4  -16.523461    4.000000    0.000000    0.000000    0.000000
   29  2   -7.395447    2.000000    0.000000   -2.000000    0.000000
   31  2   -7.343769    2.000000    0.000000    2.000000    0.000000
   33  2   -7.259920    2.000000    0.000000   -2.000000    0.000000
   35  2   -7.147574    2.000000    0.000000    2.000000    0.000000
   37  2   -0.966902    2.000000    0.000000    2.000000    0.000000
   39  2   -0.658225    2.000000    0.000000    2.000000    0.000000
   41  2   -0.469698    2.000000    0.000000    2.000000    0.000000
   43  2   -0.084890    2.000000    0.000000    2.000000    0.000000
   45  2    0.033991    2.000000    0.000000    2.000000    0.000000
   47  2    0.110007    2.000000    0.000000    2.000000    0.000000
   49  2    0.454059    2.000000    0.000000   -2.000000    0.000000
   51  2    0.613427    2.000000    0.000000   -2.000000    0.000000
   53  2    0.779954    2.000000    0.000000    2.000000    0.000000
   55  2    1.629993    2.000000    0.000000   -2.000000    0.000000
   57  2    2.110535    2.000000    0.000000   -2.000000    0.000000
   59  2    2.313380    2.000000    0.000000    2.000000    0.000000
   61  2    2.346518    2.000000    0.000000   -2.000000    0.000000
   63  2    2.515267    2.000000    0.000000   -2.000000    0.000000
   65  2    2.537486    2.000000    0.000000    2.000000    0.000000
   67  2    3.359511    2.000000    0.000000    2.000000    0.000000
   69  2    3.621543    2.000000    0.000000    2.000000    0.000000
   71  2    6.184835    2.000000    0.000000    2.000000    0.000000
   73  2    7.295970    2.000000    0.000000   -2.000000    0.000000
   75  2    7.656739    2.000000    0.000000    2.000000    0.000000
   77  2    8.020380    2.000000    0.000000    2.000000    0.000000
   79  2    8.328565    2.000000    0.000000    2.000000    0.000000
   81  2    8.452382    2.000000    0.000000    1.999999    0.000000
   83  2    8.554644    2.000000    0.000000   -1.999992    0.000000
   85  2    8.693106    2.000000    0.000000    1.999979    0.000000
   87  2    8.964787    2.000000    0.000000    1.999230    0.000000
  4
    1    2    3    4
    1  2  -46.367171    2.000000    0.000000    0.000000   -0.000000   -2.000000    0.000000    0.000000    0.000000
    3  2  -45.974154    2.000000    0.000000    0.000000    0.000001   -2.000000    0.000000    0.000000   -0.000000
    5  2  -45.469078    2.000000    0.000000    0.000000    0.000001   -2.000000    0.000000    0.000000   -0.000001
    7  2  -41.291422    2.000000    0.000000    0.000000    0.000000   -2.000000    0.000000    0.000000    0.000000
    9  2  -40.900292    2.000000    0.000000    0.000000    0.000000   -2.000000    0.000000    0.000000    0.000000
   11  2  -40.539428    2.000000    0.000000    0.000000    0.000000   -2.000000    0.000000    0.000000    0.000000
   13  4  -35.608379    4.000000    0.000000    0.000000    0.000000    0.000000    0.000000    0.000000    0.000000
   17  4  -16.944373    4.000000    0.000000    0.000000    0.000000    0.000000    0.000000    0.000000    0.000000
   21  4  -16.595990    4.000000    0.000000    0.000000    0.000000    0.000000    0.000000    0.000000    0.000000
   25  4  -16.523472    4.000000    0.000000    0.000000    0.000000    0.000000    0.000000    0.000000    0.000000
   29  2   -7.395457    2.000000    0.000000    0.000000    0.000000   -2.000000    0.000000    0.000000    0.000000
   31  2   -7.343757    2.000000    0.000000    0.000000    0.000000    2.000000    0.000000    0.000000    0.000000
   33  2   -7.259917    2.000000    0.000000    0.000000    0.000000   -2.000000    0.000000    0.000000    0.000000
   35  2   -7.147601    2.000000    0.000000    0.000000    0.000000    2.000000    0.000000    0.000000    0.000000
   37  2   -0.967248    2.000000    0.000000    0.000000    0.000000    2.000000    0.000000    0.000000    0.000000
   39  2   -0.658850    2.000000    0.000000    0.000000    0.000000    2.000000    0.000000    0.000000    0.000000
   41  2   -0.467881    2.000000    0.000000    0.000000    0.000000    2.000000    0.000000    0.000000    0.000000
   43  2   -0.083884    2.000000    0.000000    0.000000    0.000000    2.000000    0.000000    0.000000    0.000000
   45  2    0.031882    2.000000    0.000000    0.000000    0.000000    2.000000    0.000000    0.000000    0.000000
   47  2    0.110105    2.000000    0.000000    0.000000    0.000000    2.000000    0.000000    0.000000    0.000000
   49  2    0.453989    2.000000    0.000000    0.000000    0.000000   -2.000000    0.000000    0.000000    0.000000
   51  2    0.613490    2.000000    0.000000    0.000000    0.000000   -2.000000    0.000000    0.000000    0.000000
   53  2    0.780300    2.000000    0.000000    0.000000    0.000000    2.000000    0.000000    0.000000    0.000000
   55  2    1.629983    2.000000    0.000000    0.000000    0.000000   -2.000000    0.000000    0.000000    0.000000
   57  2    2.110634    2.000000    0.000000    0.000000    0.000000   -2.000000    0.000000    0.000000    0.000000
   59  2    2.313598    2.000000    0.000000    0.000000    0.000000    2.000000    0.000000    0.000000    0.000000
   61  2    2.346370    2.000000    0.000000    0.000000    0.000000   -2.000000    0.000000    0.000000    0.000000
   63  2    2.515329    2.000000    0.000000    0.000000    0.000000   -2.000000    0.000000    0.000000    0.000000
   65  2    2.537084    2.000000    0.000000    0.000000    0.000000    2.000000    0.000000    0.000000    0.000000
   67  2    3.359588    2.000000    0.000000    0.000000    0.000000    2.000000    0.000000    0.000000    0.000000
   69  2    3.621624    2.000000    0.000000    0.000000    0.000000    2.000000    0.000000    0.000000    0.000000
   71  2    6.184597    2.000000    0.000000    0.000000    0.000000    2.000000    0.000000    0.000000    0.000000
   73  2    7.295965    2.000000    0.000000    0.000000    0.000000   -2.000000    0.000000    0.000000    0.000000
   75  2    7.656676    2.000000    0.000000    0.000000    0.000000    2.000000    0.000000    0.000000    0.000000
   77  2    8.019741    2.000000    0.000000    0.000000    0.000000    2.000000    0.000000    0.000000    0.000000
   79  2    8.330314    2.000000    0.000000    0.000000    0.000004    1.999999    0.000000    0.000000    0.000004
   81  2    8.450680    2.000000    0.000000    0.000000   -0.000008    1.999997    0.000000    0.000000   -0.000009
   83  2    8.554562    2.000000    0.000000    0.000000   -0.000002   -1.999997    0.000000    0.000000    0.000001
   85  2    8.696043    2.000000    0.000000    0.000000   -0.000032    1.999989    0.000000    0.000000   -0.000025
   87  2    8.962465    2.000000    0.000000    0.000000    0.000834    1.999644    0.000000    0.000000    0.001001
