   84  104
  1
  4
  1  0  0  0  1  0  0  0  1    0.000000    0.000000    0.000000    1.000000    0.000000    0.000000    0.000000    0.000000    0.000000    1.000000    0.000000  1
  0 -1  0 -1  0  0  0  0 -1    0.000000    0.000000    0.000000    0.000000    0.000000    0.000000   -1.000000    0.000000   -1.000000    0.000000    0.000000  1
  1  0  0  0  1  0  0  0  1    0.000000    0.000000    0.500000    1.000000    0.000000    0.000000    0.000000    0.000000    0.000000    1.000000    0.000000 -1
  0 -1  0 -1  0  0  0  0 -1    0.000000    0.000000    0.500000    0.000000    0.000000    0.000000   -1.000000    0.000000   -1.000000    0.000000    0.000000 -1
  6
    0.000000    0.000000    0.000000
    0.000000    0.000000    0.500000
    0.000000    0.500000    0.500000
    0.500000    0.500000    0.500000
    0.000000    0.500000    0.000000
    0.500000    0.500000    0.000000
  2
    1    2
    1  4  -47.650349    4.000000    0.000000    0.000000    0.000000
    5  4  -47.244762    4.000000    0.000000    0.000000    0.000000
    9  4  -46.750410    4.000000    0.000000    0.000000   -0.000000
   13  4  -42.703995    4.000000    0.000000    0.000000    0.000000
   17  4  -42.303526    4.000000    0.000000    0.000000    0.000000
   21  4  -42.257130    4.000000    0.000000    0.000000    0.000000
   25  4  -42.252999    4.000000    0.000000    0.000000    0.000000
   29  4  -41.953938    4.000000    0.000000    0.000000    0.000000
   33  2   -7.232190    2.000000    0.000000    0.000000    0.000000
   35  2   -6.321111    2.000000    0.000000    0.000000    0.000000
   37  2   -6.316507    2.000000    0.000000    0.000000    0.000000
   39  2   -6.312854    2.000000    0.000000    0.000000    0.000000
   41  2   -1.720865    2.000000    0.000000    0.000000    0.000000
   43  2   -1.709305    2.000000    0.000000    0.000000    0.000000
   45  2   -1.655195    2.000000    0.000000    0.000000    0.000000
   47  2   -1.629972    2.000000    0.000000    0.000000    0.000000
   49  2   -1.585855    2.000000    0.000000    0.000000    0.000000
   51  2   -1.512514    2.000000    0.000000    0.000000    0.000000
   53  2   -1.458334    2.000000    0.000000    0.000000    0.000000
   55  2   -1.320345    2.000000    0.000000    0.000000    0.000000
   57  2   -1.306151    2.000000    0.000000    0.000000    0.000000
   59  2   -1.275134    2.000000    0.000000    0.000000    0.000000
   61  2   -0.361284    2.000000    0.000000    0.000000    0.000000
   63  2    0.074616    2.000000    0.000000    0.000000    0.000000
   65  2    0.456239    2.000000    0.000000    0.000000    0.000000
   67  2    1.040487    2.000000    0.000000    0.000000    0.000000
   69  2    1.100085    2.000000    0.000000    0.000000    0.000000
   71  2    1.167898    2.000000    0.000000    0.000000    0.000000
   73  2    1.233407    2.000000    0.000000    0.000000    0.000000
   75  2    1.567844    2.000000    0.000000    0.000000    0.000000
   77  2    1.666120    2.000000    0.000000    0.000000    0.000000
   79  2    3.103512    2.000000    0.000000    0.000000    0.000000
   81  2    3.303541    2.000000    0.000000    0.000000    0.000000
   83  2    3.366669    2.000000    0.000000    0.000000    0.000000
   85  2    4.547002    2.000000    0.000000    0.000000    0.000000
   87  2    5.016563    2.000000    0.000000    0.000000    0.000000
   89  2    5.551392    2.000000    0.000000    0.000000    0.000000
   91  2    5.960957    2.000000    0.000000    0.000000    0.000000
   93  2    5.975369    2.000000    0.000000    0.000000    0.000000
   95  2    6.318056    2.000000    0.000000    0.000000    0.000000
   97  2    6.541182    2.000000    0.000000    0.000000   -0.000001
   99  2    6.695566    2.000000    0.000000    0.000000    0.000005
  101  1    7.070235    1.000000    0.000000    0.000000   -0.206180
  102  1    7.073820    1.000000    0.000000    0.000000    0.249142
  103  1    7.079051    1.000000    0.000000    0.000000   -0.644766
  104  1    7.080575    1.000000    0.000000    0.000000    0.604931
  2
    1    2
    1  4  -47.650271    4.000000    0.000000    0.000000    0.000000
    5  4  -47.244788    4.000000    0.000000    0.000000    0.000000
    9  4  -46.750310    4.000000    0.000000    0.000000    0.000000
   13  4  -42.703872    4.000000    0.000000    0.000000    0.000000
   17  2  -42.304854    2.000000    0.000000    0.000000    0.000000
   19  2  -42.303074    2.000000    0.000000    0.000000    0.000000
   21  4  -42.256934    4.000000    0.000000    0.000000    0.000000
   25  2  -42.252842    2.000000    0.000000    0.000000    0.000000
   27  2  -42.251398    2.000000    0.000000    0.000000    0.000000
   29  4  -41.953773    4.000000    0.000000    0.000000    0.000000
   33  2   -6.749136    2.000000    0.000000    0.000000    0.000000
   35  2   -6.738957    2.000000    0.000000    0.000000    0.000000
   37  2   -6.390461    2.000000    0.000000    0.000000    0.000000
   39  2   -6.387462    2.000000    0.000000    0.000000    0.000000
   41  1   -1.739035    1.000000    0.000000    0.000000    1.000000
   42  1   -1.735115    1.000000    0.000000    0.000000   -1.000000
   43  1   -1.681067    1.000000    0.000000    0.000000   -1.000000
   44  1   -1.679010    1.000000    0.000000    0.000000    1.000000
   45  2   -1.673491    2.000000    0.000000    0.000000    0.000000
   47  1   -1.643705    1.000000    0.000000    0.000000   -1.000000
   48  1   -1.642522    1.000000    0.000000    0.000000    1.000000
   49  2   -1.588547    2.000000    0.000000    0.000000    0.000000
   51  1   -1.551037    1.000000    0.000000    0.000000    1.000000
   52  1   -1.549500    1.000000    0.000000    0.000000   -1.000000
   53  1   -1.488631    1.000000    0.000000    0.000000   -1.000000
   54  1   -1.483455    1.000000    0.000000    0.000000    1.000000
   55  2   -1.427765    2.000000    0.000000    0.000000    0.000000
   57  1   -1.342863    1.000000    0.000000    0.000000    1.000000
   58  1   -1.337173    1.000000    0.000000    0.000000   -1.000000
   59  1   -1.321060    1.000000    0.000000    0.000000    1.000000
   60  1   -1.318514    1.000000    0.000000    0.000000   -1.000000
   61  1   -0.245498    1.000000    0.000000    0.000000   -1.000000
   62  1   -0.180918    1.000000    0.000000    0.000000    1.000000
   63  1    0.071012    1.000000    0.000000    0.000000    1.000000
   64  1    0.130917    1.000000    0.000000    0.000000   -1.000000
   65  1    0.449324    1.000000    0.000000    0.000000   -1.000000
   66  1    0.466081    1.000000    0.000000    0.000000    1.000000
   67  1    0.869905    1.000000    0.000000    0.000000   -1.000000
   68  1    0.925571    1.000000    0.000000    0.000000    1.000000
   69  1    1.058657    1.000000    0.000000    0.000000    1.000000
   70  1    1.088268    1.000000    0.000000    0.000000   -1.000000
   71  1    1.206365    1.000000    0.000000    0.000000    1.000000
   72  1    1.246782    1.000000    0.000000    0.000000   -1.000000
   73  1    1.798965    1.000000    0.000000    0.000000    1.000000
   74  1    1.829848    1.000000    0.000000    0.000000   -1.000000
   75  1    1.955300    1.000000    0.000000    0.000000   -1.000000
   76  1    1.961061    1.000000    0.000000    0.000000    1.000000
   77  1    2.006482    1.000000    0.000000    0.000000    1.000000
   78  1    2.011872    1.000000    0.000000    0.000000   -1.000000
   79  1    2.282255    1.000000    0.000000    0.000000    1.000000
   80  1    2.304714    1.000000    0.000000    0.000000   -1.000000
   81  1    2.482838    1.000000    0.000000    0.000000    1.000000
   82  1    2.487632    1.000000    0.000000    0.000000   -1.000000
   83  1    2.873752    1.000000    0.000000    0.000000   -1.000000
   84  1    2.900178    1.000000    0.000000    0.000000    1.000000
   85  1    5.687657    1.000000    0.000000    0.000000    1.000000
   86  1    5.688675    1.000000    0.000000    0.000000   -1.000000
   87  1    5.789791    1.000000    0.000000    0.000000   -1.000000
   88  1    5.791915    1.000000    0.000000    0.000000    1.000000
   89  1    5.949583    1.000000    0.000000    0.000000    1.000000
   90  1    5.953572    1.000000    0.000000    0.000000   -1.000000
   91  1    6.044101    1.000000    0.000000    0.000000   -1.000000
   92  1    6.046263    1.000000    0.000000    0.000000    1.000000
   93  1    6.259685    1.000000    0.000000    0.000000   -1.000000
   94  1    6.261347    1.000000    0.000000    0.000000    1.000000
   95  1    6.363081    1.000000    0.000000    0.000000    1.000000
   96  1    6.369502    1.000000    0.000000    0.000000   -1.000000
   97  1    6.551686    1.000000    0.000000    0.000000   -0.999999
   98  1    6.557235    1.000000    0.000000    0.000000    0.999993
   99  1    6.740877    1.000000    0.000000    0.000000    0.999726
  100  1    6.752857    1.000000    0.000000    0.000000   -0.999978
  101  1    6.863997    1.000000    0.000000    0.000000   -0.997984
  102  1    6.866339    1.000000    0.000000    0.000000    0.997658
  103  1    6.923945    1.000000    0.000000    0.000000   -0.998506
  104  1    6.934937    1.000000    0.000000    0.000000    0.999105
  1
    1
    1  4  -47.650298    4.000000    0.000000
    5  4  -47.244736    4.000000    0.000000
    9  4  -46.750343    4.000000    0.000000
   13  4  -42.703979    4.000000    0.000000
   17  4  -42.303486    4.000000    0.000000
   21  4  -42.256972    4.000000    0.000000
   25  4  -42.252855    4.000000    0.000000
   29  4  -41.953700    4.000000    0.000000
   33  2   -6.749035    2.000000    0.000000
   35  2   -6.739459    2.000000    0.000000
   37  1   -6.391105    1.000000    0.000000
   38  1   -6.389823    1.000000    0.000000
   39  1   -6.388155    1.000000    0.000000
   40  1   -6.386324    1.000000    0.000000
   41  1   -1.735985    1.000000    0.000000
   42  1   -1.732152    1.000000    0.000000
   43  1   -1.690825    1.000000    0.000000
   44  1   -1.685162    1.000000    0.000000
   45  1   -1.673838    1.000000    0.000000
   46  1   -1.664832    1.000000    0.000000
   47  1   -1.628726    1.000000    0.000000
   48  1   -1.627208    1.000000    0.000000
   49  1   -1.603947    1.000000    0.000000
   50  1   -1.602421    1.000000    0.000000
   51  1   -1.552588    1.000000    0.000000
   52  1   -1.549582    1.000000    0.000000
   53  1   -1.488802    1.000000    0.000000
   54  1   -1.484167    1.000000    0.000000
   55  2   -1.433039    2.000000    0.000000
   57  1   -1.340420    1.000000    0.000000
   58  1   -1.337182    1.000000    0.000000
   59  1   -1.315690    1.000000    0.000000
   60  1   -1.312866    1.000000    0.000000
   61  1   -0.243485    1.000000    0.000000
   62  1   -0.183337    1.000000    0.000000
   63  1    0.074043    1.000000    0.000000
   64  1    0.127877    1.000000    0.000000
   65  1    0.444368    1.000000    0.000000
   66  1    0.471651    1.000000    0.000000
   67  1    0.875153    1.000000    0.000000
   68  1    0.919307    1.000000    0.000000
   69  1    1.059108    1.000000    0.000000
   70  1    1.088989    1.000000    0.000000
   71  1    1.209041    1.000000    0.000000
   72  1    1.242309    1.000000    0.000000
   73  1    1.803121    1.000000    0.000000
   74  1    1.827771    1.000000    0.000000
   75  1    1.951120    1.000000    0.000000
   76  1    1.965518    1.000000    0.000000
   77  1    1.985828    1.000000    0.000000
   78  1    2.033521    1.000000    0.000000
   79  1    2.277238    1.000000    0.000000
   80  1    2.315158    1.000000    0.000000
   81  1    2.476870    1.000000    0.000000
   82  1    2.484294    1.000000    0.000000
   83  1    2.877413    1.000000    0.000000
   84  1    2.897834    1.000000    0.000000
   85  1    5.681628    1.000000    0.000000
   86  1    5.695728    1.000000    0.000000
   87  1    5.783622    1.000000    0.000000
   88  1    5.795629    1.000000    0.000000
   89  1    5.939719    1.000000    0.000000
   90  1    5.964597    1.000000    0.000000
   91  1    6.042020    1.000000    0.000000
   92  1    6.048706    1.000000    0.000000
   93  1    6.258346    1.000000    0.000000
   94  1    6.265010    1.000000    0.000000
   95  1    6.364471    1.000000    0.000000
   96  1    6.369563    1.000000    0.000000
   97  1    6.551667    1.000000    0.000000
   98  1    6.559031    1.000000    0.000000
   99  1    6.739802    1.000000    0.000000
  100  1    6.751920    1.000000    0.000000
  101  1    6.855275    1.000000    0.000000
  102  1    6.866274    1.000000    0.000000
  103  1    6.928343    1.000000    0.000000
  104  1    6.937186    1.000000    0.000000
  2
    1    2
    1  4  -47.650369    4.000000    0.000000    0.000000    0.000000
    5  4  -47.244706    4.000000    0.000000    0.000000    0.000000
    9  4  -46.750432    4.000000    0.000000    0.000000    0.000000
   13  4  -42.704089    4.000000    0.000000    0.000000    0.000000
   17  2  -42.304741    2.000000    0.000000    0.000000    0.000000
   19  2  -42.303211    2.000000    0.000000    0.000000    0.000000
   21  4  -42.256879    4.000000    0.000000    0.000000    0.000000
   25  2  -42.252745    2.000000    0.000000    0.000000    0.000000
   27  2  -42.251484    2.000000    0.000000    0.000000    0.000000
   29  4  -41.953846    4.000000    0.000000    0.000000    0.000000
   33  2   -6.748566    2.000000    0.000000    0.000000    0.000000
   35  2   -6.740024    2.000000    0.000000    0.000000    0.000000
   37  2   -6.391074    2.000000    0.000000    0.000000    0.000000
   39  2   -6.387147    2.000000    0.000000    0.000000    0.000000
   41  2   -1.737130    2.000000    0.000000    0.000000    0.000000
   43  1   -1.695356    1.000000    0.000000    0.000000   -1.000000
   44  1   -1.688956    1.000000    0.000000    0.000000    1.000000
   45  1   -1.662501    1.000000    0.000000    0.000000   -1.000000
   46  1   -1.652641    1.000000    0.000000    0.000000    1.000000
   47  2   -1.635178    2.000000    0.000000    0.000000    0.000000
   49  1   -1.599665    1.000000    0.000000    0.000000   -1.000000
   50  1   -1.596127    1.000000    0.000000    0.000000    1.000000
   51  1   -1.556049    1.000000    0.000000    0.000000    1.000000
   52  1   -1.554701    1.000000    0.000000    0.000000   -1.000000
   53  1   -1.482224    1.000000    0.000000    0.000000   -1.000000
   54  1   -1.479700    1.000000    0.000000    0.000000    1.000000
   55  1   -1.435670    1.000000    0.000000    0.000000    1.000000
   56  1   -1.434321    1.000000    0.000000    0.000000   -1.000000
   57  2   -1.354122    2.000000    0.000000    0.000000    0.000000
   59  1   -1.301629    1.000000    0.000000    0.000000    1.000000
   60  1   -1.300315    1.000000    0.000000    0.000000   -1.000000
   61  1   -0.221516    1.000000    0.000000    0.000000   -1.000000
   62  1   -0.210277    1.000000    0.000000    0.000000    1.000000
   63  1    0.099175    1.000000    0.000000    0.000000    1.000000
   64  1    0.107448    1.000000    0.000000    0.000000   -1.000000
   65  1    0.441431    1.000000    0.000000    0.000000    1.000000
   66  1    0.474041    1.000000    0.000000    0.000000   -1.000000
   67  1    0.880918    1.000000    0.000000    0.000000    1.000000
   68  1    0.908535    1.000000    0.000000    0.000000   -1.000000
   69  1    1.070542    1.000000    0.000000    0.000000    1.000000
   70  1    1.081814    1.000000    0.000000    0.000000   -1.000000
   71  1    1.215681    1.000000    0.000000    0.000000   -1.000000
   72  1    1.234679    1.000000    0.000000    0.000000    1.000000
   73  1    1.810570    1.000000    0.000000    0.000000   -1.000000
   74  1    1.817827    1.000000    0.000000    0.000000    1.000000
   75  1    1.952085    1.000000    0.000000    0.000000   -1.000000
   76  1    1.969887    1.000000    0.000000    0.000000    1.000000
   77  1    1.979497    1.000000    0.000000    0.000000    1.000000
   78  1    2.035891    1.000000    0.000000    0.000000   -1.000000
   79  1    2.291022    1.000000    0.000000    0.000000   -1.000000
   80  1    2.334511    1.000000    0.000000    0.000000    1.000000
   81  1    2.460934    1.000000    0.000000    0.000000   -1.000000
   82  1    2.466403    1.000000    0.000000    0.000000    1.000000
   83  1    2.883731    1.000000    0.000000    0.000000    1.000000
   84  1    2.894732    1.000000    0.000000    0.000000   -1.000000
   85  1    5.682239    1.000000    0.000000    0.000000    1.000000
   86  1    5.697431    1.000000    0.000000    0.000000   -1.000000
   87  1    5.783063    1.000000    0.000000    0.000000   -1.000000
   88  1    5.795774    1.000000    0.000000    0.000000    1.000000
   89  1    5.937812    1.000000    0.000000    0.000000   -1.000000
   90  1    5.967926    1.000000    0.000000    0.000000    1.000000
   91  1    6.041000    1.000000    0.000000    0.000000    1.000000
   92  1    6.048928    1.000000    0.000000    0.000000   -1.000000
   93  1    6.257286    1.000000    0.000000    0.000000   -1.000000
   94  1    6.262490    1.000000    0.000000    0.000000    1.000000
   95  1    6.365953    1.000000    0.000000    0.000000   -1.000000
   96  1    6.370445    1.000000    0.000000    0.000000    1.000000
   97  1    6.554457    1.000000    0.000000    0.000000   -0.999999
   98  1    6.557282    1.000000    0.000000    0.000000    0.999998
   99  1    6.740800    1.000000    0.000000    0.000000   -0.999991
  100  1    6.746323    1.000000    0.000000    0.000000    0.999992
  101  1    6.849559    1.000000    0.000000    0.000000   -0.999488
  102  1    6.859533    1.000000    0.000000    0.000000    0.999055
  103  1    6.937331    1.000000    0.000000    0.000000    0.983926
  104  1    6.943510    1.000000    0.000000    0.000000   -0.985544
  1
    1
    1  4  -47.650300    4.000000    0.000000
    5  4  -47.244738    4.000000    0.000000
    9  4  -46.750360    4.000000    0.000000
   13  4  -42.704036    4.000000    0.000000
   17  2  -42.304811    2.000000    0.000000
   19  2  -42.303158    2.000000    0.000000
   21  4  -42.256931    4.000000    0.000000
   25  2  -42.252820    2.000000    0.000000
   27  2  -42.251614    2.000000    0.000000
   29  4  -41.953606    4.000000    0.000000
   33  2   -6.568518    2.000000    0.000000
   35  2   -6.566292    2.000000    0.000000
   37  4   -6.549370    4.000000    0.000000
   41  2   -1.709419    2.000000    0.000000
   43  2   -1.690452    2.000000    0.000000
   45  2   -1.597613    2.000000    0.000000
   47  2   -1.572289    2.000000    0.000000
   49  2   -1.547203    2.000000    0.000000
   51  2   -1.537331    2.000000    0.000000
   53  2   -1.493187    2.000000    0.000000
   55  2   -1.469854    2.000000    0.000000
   57  2   -1.355595    2.000000    0.000000
   59  2   -1.333446    2.000000    0.000000
   61  2   -0.702729    2.000000    0.000000
   63  2   -0.698951    2.000000    0.000000
   65  2    0.174149    2.000000    0.000000
   67  2    0.215948    2.000000    0.000000
   69  2    1.422575    2.000000    0.000000
   71  2    1.470659    2.000000    0.000000
   73  2    2.442544    2.000000    0.000000
   75  2    2.493446    2.000000    0.000000
   77  2    2.718360    2.000000    0.000000
   79  2    2.843444    2.000000    0.000000
   81  2    2.960904    2.000000    0.000000
   83  2    3.026411    2.000000    0.000000
   85  2    5.661521    2.000000    0.000000
   87  2    5.664594    2.000000    0.000000
   89  2    5.952638    2.000000    0.000000
   91  2    5.965145    2.000000    0.000000
   93  2    6.238822    2.000000    0.000000
   95  2    6.250279    2.000000    0.000000
   97  2    6.673856    2.000000    0.000000
   99  2    6.687862    2.000000    0.000000
  101  1    6.974078    1.000000    0.000000
  102  1    6.982666    1.000000    0.000000
  103  1    7.001296    1.000000    0.000000
  104  1    7.010975    1.000000    0.000000
  2
    1    2
    1  4  -47.650277    4.000000    0.000000    0.000000    0.000000
    5  4  -47.244690    4.000000    0.000000    0.000000    0.000000
    9  4  -46.750327    4.000000    0.000000    0.000000    0.000000
   13  4  -42.703872    4.000000    0.000000    0.000000    0.000000
   17  4  -42.303408    4.000000    0.000000    0.000000    0.000000
   21  4  -42.256942    4.000000    0.000000    0.000000    0.000000
   25  4  -42.252844    4.000000    0.000000    0.000000    0.000000
   29  4  -41.953804    4.000000    0.000000    0.000000    0.000000
   33  4   -6.815866    4.000000    0.000000    0.000000    0.000000
   37  4   -6.320958    4.000000    0.000000    0.000000    0.000000
   41  2   -1.742708    2.000000    0.000000    0.000000    0.000000
   43  2   -1.739947    2.000000    0.000000    0.000000    0.000000
   45  2   -1.663115    2.000000    0.000000    0.000000    0.000000
   47  2   -1.660532    2.000000    0.000000    0.000000    0.000000
   49  2   -1.580953    2.000000    0.000000    0.000000    0.000000
   51  2   -1.578555    2.000000    0.000000    0.000000    0.000000
   53  2   -1.464356    2.000000    0.000000    0.000000    0.000000
   55  2   -1.447838    2.000000    0.000000    0.000000    0.000000
   57  2   -1.404834    2.000000    0.000000    0.000000    0.000000
   59  2   -1.389732    2.000000    0.000000    0.000000    0.000000
   61  4   -0.035121    4.000000    0.000000    0.000000    0.000000
   65  2    1.240061    2.000000    0.000000    0.000000    0.000000
   67  2    1.242027    2.000000    0.000000    0.000000    0.000000
   69  2    1.559047    2.000000    0.000000    0.000000    0.000000
   71  2    1.564680    2.000000    0.000000    0.000000    0.000000
   73  2    1.764251    2.000000    0.000000    0.000000    0.000000
   75  2    1.768509    2.000000    0.000000    0.000000    0.000000
   77  2    2.273107    2.000000    0.000000    0.000000    0.000000
   79  2    2.275443    2.000000    0.000000    0.000000    0.000000
   81  2    2.432643    2.000000    0.000000    0.000000    0.000000
   83  2    2.435389    2.000000    0.000000    0.000000    0.000000
   85  4    4.724485    4.000000    0.000000    0.000000    0.000000
   89  4    5.296726    4.000000    0.000000    0.000000    0.000000
   93  4    5.955451    4.000000    0.000000    0.000000    0.000000
   97  4    6.628952    4.000000    0.000000    0.000000   -0.004245
  101  3    6.819751    3.000000    0.000000    0.000000   -0.910335
  104  1    6.822086    1.000000    0.000000    0.000000    0.902014
