  110  136
  1
  8
  1  0  0  0  1  0  0  0  1    0.000000    0.000000    0.000000    1.000000    0.000000    0.000000    0.000000    0.000000    0.000000    1.000000    0.000000  1
 -1  0  0  0 -1  0  0  0  1    0.000000    0.000000    0.500000    0.000000   -1.000000    0.000000    0.000000    0.000000    0.000000    0.000000    1.000000  1
  1  0  0  0 -1  0  0  0  1    0.000000    0.000000    0.500000    0.000000    0.000000   -1.000000    0.000000    1.000000    0.000000    0.000000    0.000000  1
 -1  0  0  0  1  0  0  0  1    0.000000    0.000000    0.000000    0.000000    0.000000    0.000000   -1.000000    0.000000   -1.000000    0.000000    0.000000  1
  1  0  0  0  1  0  0  0  1    0.000000    0.500000    0.500000    1.000000    0.000000    0.000000    0.000000    0.000000    0.000000    1.000000    0.000000 -1
 -1  0  0  0 -1  0  0  0  1    0.000000    0.500000    0.000000    0.000000   -1.000000    0.000000    0.000000    0.000000    0.000000    0.000000    1.000000 -1
  1  0  0  0 -1  0  0  0  1    0.000000    0.500000    0.000000    0.000000    0.000000   -1.000000    0.000000    1.000000    0.000000    0.000000    0.000000 -1
 -1  0  0  0  1  0  0  0  1    0.000000    0.500000    0.500000    0.000000    0.000000    0.000000   -1.000000    0.000000   -1.000000    0.000000    0.000000 -1
  8
    0.000000    0.000000    0.000000
    0.500000    0.500000    0.500000
    0.500000    0.500000    0.000000
    0.000000    0.500000    0.500000
    0.500000    0.000000    0.500000
    0.500000    0.000000    0.000000
    0.000000    0.500000    0.000000
    0.000000    0.000000    0.500000
  4
    1    2    3    4
    1  2  -15.945233    2.000000    0.000000    0.000000   -0.000004    0.000000   -0.000000    0.000000   -0.000003
    3  2  -15.942924    2.000000    0.000000    0.000000    0.000003    0.000000    0.000002    0.000000    0.000004
    5  2  -15.864973    2.000000    0.000000    0.000000   -0.000001    0.000000    0.000000    0.000000   -0.000001
    7  2  -15.861740    2.000000    0.000000    0.000000   -0.000000    0.000000   -0.000001    0.000000   -0.000004
    9  2  -15.794238    2.000000    0.000000    0.000000    0.000005    0.000000   -0.000000    0.000000    0.000000
   11  2  -15.790037    2.000000    0.000000    0.000000    0.000001    0.000000   -0.000002    0.000000    0.000002
   13  4  -15.784529    4.000000    0.000000    0.000000    0.000000    0.000000   -0.000001    0.000000   -0.000001
   17  2  -15.369722    2.000000    0.000000    0.000000   -0.000003    0.000000   -0.000000    0.000000    0.000002
   19  2  -15.367195    2.000000    0.000000    0.000000    0.000001    0.000000   -0.000001    0.000000   -0.000001
   21  2  -15.327791    2.000000    0.000000    0.000000   -0.000000    0.000000    0.000001    0.000000   -0.000002
   23  2  -15.326734    2.000000    0.000000    0.000000   -0.000003    0.000000   -0.000001    0.000000    0.000001
   25  2  -15.266968    2.000000    0.000000    0.000000   -0.000000    0.000000    0.000002    0.000000   -0.000002
   27  2  -15.262063    2.000000    0.000000    0.000000    0.000001    0.000000    0.000001    0.000000   -0.000001
   29  2  -15.215285    2.000000    0.000000    0.000000    0.000002    0.000000    0.000001    0.000000    0.000001
   31  2  -15.210293    2.000000    0.000000    0.000000   -0.000000    0.000000    0.000002    0.000000    0.000002
   33  2  -15.205594    2.000000    0.000000    0.000000    0.000000    0.000000    0.000001    0.000000   -0.000002
   35  2  -15.202206    2.000000    0.000000    0.000000   -0.000001    0.000000    0.000001    0.000000   -0.000001
   37  4  -15.197606    4.000000    0.000000    0.000000    0.000005    0.000000    0.000001    0.000000   -0.000005
   41  2   -3.193344    2.000000    0.000000    0.000000    0.000000    0.000000    0.000000    0.000000   -0.000001
   43  2   -0.822956    2.000000    0.000000    0.000000    0.000000    0.000000    0.000000    0.000000    0.000000
   45  2   -0.107185    2.000000    0.000000    0.000000   -0.000000    0.000000    0.000000    0.000000    0.000000
   47  2    1.252690    2.000000    0.000000    0.000000   -0.000000    0.000000    0.000000    0.000000   -0.000000
   49  2    2.948057    2.000000    0.000000    0.000000    0.000000    0.000000   -0.000000    0.000000   -0.000000
   51  2    3.639227    2.000000    0.000000    0.000000   -0.000000    0.000000    0.000000    0.000000    0.000000
   53  2    4.298845    2.000000    0.000000    0.000000    0.000001    0.000000   -0.000000    0.000000   -0.000001
   55  2    4.393201    2.000000    0.000000    0.000000   -0.000001    0.000000   -0.000000    0.000000   -0.000000
   57  2    4.890895    2.000000    0.000000    0.000000    0.000000    0.000000    0.000001    0.000000   -0.000000
   59  2    5.139938    2.000000    0.000000    0.000000    0.000001    0.000000   -0.000001    0.000000    0.000000
   61  2    5.291013    2.000000    0.000000    0.000000   -0.000000    0.000000   -0.000000    0.000000   -0.000000
   63  2    5.345293    2.000000    0.000000    0.000000    0.000001    0.000000   -0.000001    0.000000   -0.000000
   65  2    5.891900    2.000000    0.000000    0.000000    0.000000    0.000000    0.000000    0.000000    0.000000
   67  2    5.914714    2.000000    0.000000    0.000000    0.000001    0.000000   -0.000000    0.000000    0.000000
   69  2    6.042258    2.000000    0.000000    0.000000   -0.000000    0.000000    0.000000    0.000000   -0.000000
   71  2    6.249442    2.000000    0.000000    0.000000    0.000002    0.000000    0.000001    0.000000   -0.000000
   73  2    6.304001    2.000000    0.000000    0.000000    0.000000    0.000000    0.000001    0.000000    0.000000
   75  2    6.418985    2.000000    0.000000    0.000000    0.000000    0.000000    0.000000    0.000000   -0.000000
   77  2    6.499439    2.000000    0.000000    0.000000    0.000000    0.000000    0.000000    0.000000    0.000001
   79  2    6.767293    2.000000    0.000000    0.000000    0.000001    0.000000    0.000001    0.000000    0.000001
   81  2    6.825063    2.000000    0.000000    0.000000    0.000001    0.000000   -0.000000    0.000000    0.000001
   83  2    6.911411    2.000000    0.000000    0.000000    0.000000    0.000000    0.000000    0.000000    0.000000
   85  2    6.956149    2.000000    0.000000    0.000000   -0.000000    0.000000    0.000000    0.000000    0.000000
   87  2    7.116941    2.000000    0.000000    0.000000    0.000000    0.000000   -0.000000    0.000000   -0.000000
   89  2    7.135711    2.000000    0.000000    0.000000    0.000001    0.000000   -0.000001    0.000000    0.000000
   91  2    7.331370    2.000000    0.000000    0.000000   -0.000000    0.000000   -0.000000    0.000000    0.000000
   93  2    7.502088    2.000000    0.000000    0.000000   -0.000000    0.000000   -0.000001    0.000000   -0.000002
   95  2    7.796129    2.000000    0.000000    0.000000   -0.000000    0.000000    0.000000    0.000000    0.000000
   97  2    8.088716    2.000000    0.000000    0.000000    0.000000    0.000000   -0.000000    0.000000    0.000001
   99  2    8.200376    2.000000    0.000000    0.000000    0.000000    0.000000   -0.000001    0.000000    0.000000
  101  2    8.259190    2.000000    0.000000    0.000000   -0.000001    0.000000    0.000000    0.000000   -0.000000
  103  2    8.402248    2.000000    0.000000    0.000000    0.000000    0.000000    0.000000    0.000000   -0.000000
  105  2    8.505727    2.000000    0.000000    0.000000    0.000000    0.000000    0.000000    0.000000   -0.000000
  107  2    8.638214    2.000000    0.000000    0.000000    0.000000    0.000000    0.000001    0.000000   -0.000000
  109  2    8.672458    2.000000    0.000000    0.000000   -0.000000    0.000000    0.000001    0.000000    0.000001
  111  2    9.792491    2.000000    0.000000    0.000000    0.000000    0.000000   -0.000000    0.000000   -0.000000
  113  2    9.947150    2.000000    0.000000    0.000000    0.000000    0.000000   -0.000000    0.000000    0.000000
  115  2    9.965504    2.000000    0.000000    0.000000    0.000000    0.000000   -0.000000    0.000000    0.000000
  117  2   10.195043    2.000000    0.000000    0.000000   -0.000000    0.000000   -0.000000    0.000000   -0.000001
  119  2   11.279033    2.000000    0.000000    0.000000    0.000000    0.000000    0.000000    0.000000    0.000001
  121  2   11.386305    2.000000    0.000000    0.000000   -0.000000    0.000000    0.000000    0.000000   -0.000000
  123  2   11.789684    2.000000    0.000000    0.000000    0.000000    0.000000   -0.000001    0.000000    0.000000
  125  2   12.251480    2.000000    0.000000    0.000000   -0.000002    0.000000   -0.000000    0.000000   -0.000005
  127  2   12.835758    2.000000    0.000000    0.000000   -0.000000    0.000000   -0.000001    0.000000   -0.000020
  129  2   12.859448    2.000000    0.000000    0.000000    0.000000    0.000000   -0.000009    0.000000    0.000001
  131  2   13.410816    2.000000    0.000000    0.000000    0.000200    0.000000   -0.000077    0.000000   -0.000036
  133  2   13.459806    2.000000    0.000000    0.000000   -0.000030    0.000000    0.000069    0.000000   -0.000037
  135  2   13.787670    2.000000    0.000000    0.000000   -0.000055    0.000000   -0.000001    0.000000    0.000051
  4
    1    2    3    4
    1  4  -15.943092    4.000000    0.000000    0.000003    0.000000   -0.000006    0.000000    0.000000   -0.000001
    5  2  -15.865867    2.000000    0.000000    0.000002    0.000000    0.000000    0.000000    0.000000    0.000002
    7  2  -15.863599    2.000000    0.000000   -0.000000    0.000000   -0.000001    0.000000    0.000000   -0.000001
    9  2  -15.792877    2.000000    0.000000   -0.000001    0.000000   -0.000002    0.000000    0.000000    0.000001
   11  2  -15.789287    2.000000    0.000000   -0.000001    0.000000   -0.000002    0.000000    0.000000   -0.000002
   13  4  -15.780762    4.000000    0.000000    0.000001    0.000000   -0.000001    0.000000    0.000000   -0.000001
   17  4  -15.366850    4.000000    0.000000   -0.000004    0.000000   -0.000000    0.000000    0.000000   -0.000002
   21  2  -15.328255    2.000000    0.000000    0.000001    0.000000    0.000000    0.000000    0.000000   -0.000001
   23  2  -15.327233    2.000000    0.000000    0.000000    0.000000    0.000002    0.000000    0.000000    0.000003
   25  2  -15.268182    2.000000    0.000000    0.000001    0.000000   -0.000000    0.000000    0.000000    0.000000
   27  2  -15.264194    2.000000    0.000000   -0.000001    0.000000   -0.000001    0.000000    0.000000   -0.000000
   29  2  -15.212926    2.000000    0.000000    0.000001    0.000000    0.000001    0.000000    0.000000    0.000001
   31  2  -15.209637    2.000000    0.000000   -0.000001    0.000000   -0.000001    0.000000    0.000000    0.000001
   33  2  -15.201969    2.000000    0.000000    0.000000    0.000000    0.000002    0.000000    0.000000    0.000001
   35  2  -15.198768    2.000000    0.000000   -0.000002    0.000000    0.000002    0.000000    0.000000   -0.000001
   37  4  -15.196507    4.000000    0.000000   -0.000001    0.000000   -0.000000    0.000000    0.000000   -0.000002
   41  2   -0.362575    2.000000    0.000000   -0.000000    0.000000    0.000000    0.000000    0.000000    0.000000
   43  2   -0.349983    2.000000    0.000000    0.000000    0.000000    0.000000    0.000000    0.000000    0.000001
   45  2    0.244638    2.000000    0.000000    0.000000    0.000000    0.000000    0.000000    0.000000    0.000000
   47  2    0.257450    2.000000    0.000000   -0.000000    0.000000   -0.000000    0.000000    0.000000   -0.000000
   49  2    2.539911    2.000000    0.000000    0.000000    0.000000   -0.000000    0.000000    0.000000    0.000000
   51  2    2.583997    2.000000    0.000000    0.000000    0.000000   -0.000000    0.000000    0.000000    0.000000
   53  2    3.328775    2.000000    0.000000    0.000001    0.000000   -0.000000    0.000000    0.000000    0.000000
   55  2    3.333501    2.000000    0.000000    0.000000    0.000000    0.000000    0.000000    0.000000    0.000000
   57  2    5.117147    2.000000    0.000000    0.000001    0.000000    0.000000    0.000000    0.000000    0.000003
   59  2    5.246373    2.000000    0.000000    0.000000    0.000000    0.000000    0.000000    0.000000    0.000002
   61  2    5.283948    2.000000    0.000000    0.000001    0.000000   -0.000001    0.000000    0.000000    0.000000
   63  2    5.422712    2.000000    0.000000   -0.000000    0.000000    0.000000    0.000000    0.000000    0.000000
   65  2    5.670065    2.000000    0.000000    0.000000    0.000000   -0.000000    0.000000    0.000000    0.000000
   67  2    5.741959    2.000000    0.000000    0.000000    0.000000    0.000001    0.000000    0.000000    0.000000
   69  2    5.827858    2.000000    0.000000    0.000001    0.000000    0.000001    0.000000    0.000000    0.000001
   71  2    6.036502    2.000000    0.000000   -0.000000    0.000000   -0.000000    0.000000    0.000000    0.000000
   73  2    6.130822    2.000000    0.000000   -0.000000    0.000000    0.000001    0.000000    0.000000    0.000000
   75  2    6.240328    2.000000    0.000000    0.000000    0.000000    0.000000    0.000000    0.000000   -0.000000
   77  2    6.264627    2.000000    0.000000    0.000001    0.000000    0.000001    0.000000    0.000000    0.000001
   79  2    6.500271    2.000000    0.000000    0.000001    0.000000    0.000000    0.000000    0.000000    0.000001
   81  2    6.592572    2.000000    0.000000    0.000001    0.000000   -0.000000    0.000000    0.000000   -0.000000
   83  2    6.728289    2.000000    0.000000    0.000000    0.000000    0.000001    0.000000    0.000000    0.000000
   85  2    6.958881    2.000000    0.000000    0.000000    0.000000    0.000000    0.000000    0.000000    0.000000
   87  2    7.032559    2.000000    0.000000   -0.000000    0.000000   -0.000000    0.000000    0.000000    0.000001
   89  2    7.138914    2.000000    0.000000   -0.000000    0.000000    0.000000    0.000000    0.000000    0.000001
   91  2    7.480907    2.000000    0.000000   -0.000001    0.000000    0.000000    0.000000    0.000000    0.000001
   93  2    7.558464    2.000000    0.000000    0.000001    0.000000   -0.000000    0.000000    0.000000   -0.000000
   95  2    7.615606    2.000000    0.000000    0.000000    0.000000    0.000000    0.000000    0.000000    0.000000
   97  2    7.736311    2.000000    0.000000   -0.000000    0.000000    0.000000    0.000000    0.000000    0.000000
   99  2    7.937749    2.000000    0.000000    0.000000    0.000000    0.000000    0.000000    0.000000    0.000000
  101  2    7.971921    2.000000    0.000000   -0.000000    0.000000    0.000000    0.000000    0.000000    0.000000
  103  2    8.065053    2.000000    0.000000    0.000000    0.000000   -0.000001    0.000000    0.000000    0.000000
  105  2    8.283438    2.000000    0.000000    0.000000    0.000000    0.000001    0.000000    0.000000    0.000000
  107  2    8.448402    2.000000    0.000000    0.000000    0.000000   -0.000000    0.000000    0.000000    0.000000
  109  2    8.598327    2.000000    0.000000    0.000001    0.000000    0.000001    0.000000    0.000000    0.000001
  111  2    8.908043    2.000000    0.000000    0.000000    0.000000   -0.000001    0.000000    0.000000   -0.000001
  113  2    8.938556    2.000000    0.000000   -0.000000    0.000000   -0.000001    0.000000    0.000000    0.000000
  115  2    8.951363    2.000000    0.000000    0.000000    0.000000    0.000000    0.000000    0.000000    0.000000
  117  2   10.152237    2.000000    0.000000    0.000000    0.000000    0.000000    0.000000    0.000000   -0.000000
  119  2   10.672323    2.000000    0.000000   -0.000000    0.000000    0.000000    0.000000    0.000000   -0.000000
  121  2   10.950783    2.000000    0.000000    0.000000    0.000000    0.000000    0.000000    0.000000    0.000000
  123  2   11.348005    2.000000    0.000000    0.000001    0.000000    0.000000    0.000000    0.000000   -0.000000
  125  2   11.587731    2.000000    0.000000    0.000000    0.000000   -0.000000    0.000000    0.000000    0.000000
  127  2   11.664811    2.000000    0.000000    0.000004    0.000000   -0.000001    0.000000    0.000000    0.000000
  129  2   12.645473    2.000000    0.000000    0.000000    0.000000    0.000000    0.000000    0.000000    0.000000
  131  2   12.727897    2.000000    0.000000    0.000000    0.000000    0.000000    0.000000    0.000000    0.000000
  133  1   16.010745    1.000000    0.000000   -0.043113    0.000000    0.710474    0.000000    0.000000    0.696502
  134  1   16.018486    1.000000    0.000000    0.101776    0.000000   -0.526911    0.000000    0.000000   -0.778347
  135  1   16.022123    1.000000    0.000000    0.060198    0.000000    0.523572    0.000000    0.000000    0.762736
  136  1   16.030944    1.000000    0.000000   -0.102145    0.000000   -0.695781    0.000000    0.000000   -0.673368
  4
    1    2    3    4
    1  2  -15.943254    2.000000    0.000000    0.000000    0.000001    0.000000   -0.000001    0.000000   -0.000001
    3  2  -15.942188    2.000000    0.000000    0.000000   -0.000002    0.000000   -0.000004    0.000000    0.000002
    5  2  -15.866320    2.000000    0.000000    0.000000   -0.000002    0.000000   -0.000002    0.000000    0.000002
    7  2  -15.863058    2.000000    0.000000    0.000000   -0.000003    0.000000   -0.000002    0.000000   -0.000003
    9  2  -15.792826    2.000000    0.000000    0.000000   -0.000001    0.000000    0.000002    0.000000    0.000000
   11  2  -15.789221    2.000000    0.000000    0.000000   -0.000001    0.000000    0.000001    0.000000   -0.000002
   13  4  -15.780812    4.000000    0.000000    0.000000   -0.000001    0.000000   -0.000003    0.000000    0.000002
   17  2  -15.367277    2.000000    0.000000    0.000000    0.000000    0.000000   -0.000000    0.000000    0.000001
   19  2  -15.366215    2.000000    0.000000    0.000000    0.000006    0.000000    0.000001    0.000000    0.000002
   21  2  -15.328190    2.000000    0.000000    0.000000   -0.000001    0.000000   -0.000002    0.000000   -0.000001
   23  2  -15.327138    2.000000    0.000000    0.000000   -0.000000    0.000000   -0.000000    0.000000   -0.000000
   25  2  -15.268971    2.000000    0.000000    0.000000    0.000000    0.000000    0.000002    0.000000   -0.000001
   27  2  -15.263521    2.000000    0.000000    0.000000   -0.000002    0.000000    0.000001    0.000000   -0.000002
   29  2  -15.212633    2.000000    0.000000    0.000000   -0.000001    0.000000   -0.000000    0.000000    0.000001
   31  2  -15.209374    2.000000    0.000000    0.000000   -0.000003    0.000000   -0.000003    0.000000   -0.000001
   33  2  -15.202294    2.000000    0.000000    0.000000    0.000001    0.000000    0.000000    0.000000   -0.000003
   35  2  -15.199042    2.000000    0.000000    0.000000   -0.000000    0.000000    0.000003    0.000000    0.000002
   37  4  -15.196668    4.000000    0.000000    0.000000   -0.000002    0.000000    0.000002    0.000000   -0.000001
   41  2   -0.447721    2.000000    0.000000    0.000000    0.000000    0.000000   -0.000001    0.000000    0.000000
   43  2   -0.432740    2.000000    0.000000    0.000000   -0.000000    0.000000   -0.000000    0.000000   -0.000000
   45  2    0.177513    2.000000    0.000000    0.000000    0.000000    0.000000    0.000000    0.000000   -0.000000
   47  2    0.188376    2.000000    0.000000    0.000000   -0.000000    0.000000    0.000000    0.000000   -0.000000
   49  2    3.096951    2.000000    0.000000    0.000000   -0.000000    0.000000    0.000000    0.000000   -0.000000
   51  2    3.111637    2.000000    0.000000    0.000000    0.000001    0.000000    0.000000    0.000000    0.000001
   53  2    3.880976    2.000000    0.000000    0.000000    0.000000    0.000000   -0.000000    0.000000   -0.000000
   55  2    3.892805    2.000000    0.000000    0.000000    0.000000    0.000000    0.000000    0.000000   -0.000000
   57  2    4.558797    2.000000    0.000000    0.000000    0.000000    0.000000   -0.000000    0.000000   -0.000000
   59  2    4.621680    2.000000    0.000000    0.000000    0.000000    0.000000    0.000000    0.000000   -0.000000
   61  2    5.110850    2.000000    0.000000    0.000000    0.000000    0.000000    0.000000    0.000000   -0.000000
   63  2    5.174475    2.000000    0.000000    0.000000    0.000000    0.000000    0.000000    0.000000   -0.000000
   65  2    5.272077    2.000000    0.000000    0.000000   -0.000000    0.000000    0.000000    0.000000   -0.000000
   67  2    5.601158    2.000000    0.000000    0.000000    0.000001    0.000000   -0.000000    0.000000    0.000000
   69  2    5.718857    2.000000    0.000000    0.000000    0.000000    0.000000   -0.000001    0.000000   -0.000001
   71  2    5.868093    2.000000    0.000000    0.000000   -0.000000    0.000000    0.000000    0.000000   -0.000000
   73  2    6.173549    2.000000    0.000000    0.000000   -0.000000    0.000000   -0.000001    0.000000    0.000000
   75  2    6.188365    2.000000    0.000000    0.000000   -0.000000    0.000000    0.000000    0.000000    0.000001
   77  2    6.332487    2.000000    0.000000    0.000000   -0.000000    0.000000    0.000001    0.000000    0.000000
   79  2    6.486646    2.000000    0.000000    0.000000    0.000000    0.000000    0.000000    0.000000    0.000000
   81  2    6.565653    2.000000    0.000000    0.000000    0.000000    0.000000    0.000000    0.000000    0.000001
   83  2    6.751192    2.000000    0.000000    0.000000    0.000002    0.000000   -0.000001    0.000000   -0.000000
   85  2    6.769855    2.000000    0.000000    0.000000    0.000000    0.000000   -0.000001    0.000000    0.000002
   87  2    7.036103    2.000000    0.000000    0.000000   -0.000000    0.000000   -0.000000    0.000000    0.000000
   89  2    7.253119    2.000000    0.000000    0.000000    0.000001    0.000000   -0.000000    0.000000   -0.000000
   91  2    7.361913    2.000000    0.000000    0.000000    0.000000    0.000000   -0.000001    0.000000    0.000000
   93  2    7.528459    2.000000    0.000000    0.000000    0.000000    0.000000    0.000000    0.000000   -0.000000
   95  2    7.750798    2.000000    0.000000    0.000000    0.000000    0.000000    0.000000    0.000000    0.000001
   97  2    7.804804    2.000000    0.000000    0.000000    0.000001    0.000000    0.000000    0.000000   -0.000001
   99  2    7.821689    2.000000    0.000000    0.000000    0.000001    0.000000    0.000000    0.000000    0.000000
  101  2    8.076666    2.000000    0.000000    0.000000   -0.000001    0.000000   -0.000001    0.000000   -0.000000
  103  2    8.159003    2.000000    0.000000    0.000000   -0.000001    0.000000    0.000001    0.000000    0.000000
  105  2    8.221965    2.000000    0.000000    0.000000    0.000000    0.000000    0.000000    0.000000    0.000000
  107  2    8.352938    2.000000    0.000000    0.000000    0.000000    0.000000    0.000000    0.000000    0.000000
  109  2    8.533857    2.000000    0.000000    0.000000   -0.000000    0.000000   -0.000000    0.000000   -0.000000
  111  2    8.767542    2.000000    0.000000    0.000000    0.000001    0.000000   -0.000000    0.000000    0.000000
  113  2    8.834993    2.000000    0.000000    0.000000   -0.000000    0.000000    0.000000    0.000000    0.000000
  115  2    9.038836    2.000000    0.000000    0.000000    0.000000    0.000000    0.000000    0.000000   -0.000001
  117  2    9.764479    2.000000    0.000000    0.000000   -0.000000    0.000000   -0.000001    0.000000    0.000000
  119  2    9.926264    2.000000    0.000000    0.000000    0.000000    0.000000   -0.000000    0.000000    0.000000
  121  2    9.947821    2.000000    0.000000    0.000000    0.000000    0.000000    0.000000    0.000000   -0.000000
  123  2   10.143914    2.000000    0.000000    0.000000    0.000000    0.000000    0.000000    0.000000   -0.000000
  125  2   13.697314    2.000000    0.000000    0.000000   -0.000022    0.000000    0.000003    0.000000   -0.000011
  127  2   13.776455    2.000000    0.000000    0.000000   -0.000006    0.000000   -0.000001    0.000000   -0.000005
  129  2   14.749219    2.000000    0.000000    0.000000   -0.000045    0.000000    0.000023    0.000000   -0.000022
  131  2   14.873156    2.000000    0.000000    0.000000   -0.000061    0.000000   -0.000076    0.000000   -0.000053
  133  1   16.314171    1.000000    0.000000    0.000000    0.770098    0.000000    0.304953    0.000000   -0.506246
  134  1   16.336558    1.000000    0.000000    0.000000   -0.602250    0.000000   -0.260304    0.000000    0.354139
  135  1   16.464174    1.000000    0.000000    0.000000   -0.057603    0.000000    0.410691    0.000000   -0.286171
  136  1   16.493717    1.000000    0.000000    0.000000   -0.731602    0.000000    0.288776    0.000000    0.295927
  4
    1    2    3    4
    1  4  -15.943326    4.000000    0.000000   -0.000001    0.000000    0.000003    0.000000    0.000000   -0.000003
    5  2  -15.865865    2.000000    0.000000    0.000000    0.000000    0.000001    0.000000    0.000000   -0.000001
    7  2  -15.863599    2.000000    0.000000    0.000003    0.000000    0.000000    0.000000    0.000000   -0.000000
    9  2  -15.793362    2.000000    0.000000    0.000000    0.000000   -0.000000    0.000000    0.000000    0.000000
   11  2  -15.790105    2.000000    0.000000   -0.000003    0.000000   -0.000002    0.000000    0.000000    0.000002
   13  2  -15.784135    2.000000    0.000000    0.000000    0.000000   -0.000000    0.000000    0.000000    0.000002
   15  2  -15.782959    2.000000    0.000000    0.000001    0.000000    0.000002    0.000000    0.000000    0.000002
   17  4  -15.367270    4.000000    0.000000   -0.000003    0.000000    0.000002    0.000000    0.000000   -0.000003
   21  4  -15.327892    4.000000    0.000000    0.000002    0.000000   -0.000001    0.000000    0.000000   -0.000003
   25  2  -15.268443    2.000000    0.000000   -0.000000    0.000000    0.000000    0.000000    0.000000    0.000000
   27  2  -15.264420    2.000000    0.000000    0.000001    0.000000    0.000001    0.000000    0.000000    0.000001
   29  2  -15.213020    2.000000    0.000000   -0.000001    0.000000   -0.000001    0.000000    0.000000    0.000000
   31  2  -15.210251    2.000000    0.000000    0.000001    0.000000   -0.000001    0.000000    0.000000   -0.000001
   33  2  -15.204381    2.000000    0.000000    0.000002    0.000000    0.000000    0.000000    0.000000   -0.000003
   35  2  -15.200133    2.000000    0.000000    0.000000    0.000000   -0.000000    0.000000    0.000000    0.000000
   37  4  -15.198103    4.000000    0.000000    0.000003    0.000000    0.000002    0.000000    0.000000   -0.000002
   41  2   -0.873479    2.000000    0.000000   -0.000000    0.000000    0.000000    0.000000    0.000000    0.000001
   43  2   -0.852554    2.000000    0.000000   -0.000001    0.000000    0.000000    0.000000    0.000000   -0.000001
   45  2   -0.149173    2.000000    0.000000    0.000000    0.000000   -0.000000    0.000000    0.000000    0.000000
   47  2   -0.116369    2.000000    0.000000   -0.000000    0.000000   -0.000001    0.000000    0.000000   -0.000000
   49  2    2.949070    2.000000    0.000000    0.000000    0.000000   -0.000000    0.000000    0.000000    0.000001
   51  2    2.979996    2.000000    0.000000    0.000000    0.000000   -0.000000    0.000000    0.000000    0.000001
   53  2    4.698888    2.000000    0.000000   -0.000001    0.000000   -0.000000    0.000000    0.000000    0.000001
   55  2    5.048625    2.000000    0.000000    0.000001    0.000000    0.000001    0.000000    0.000000   -0.000001
   57  2    5.168522    2.000000    0.000000    0.000000    0.000000   -0.000000    0.000000    0.000000    0.000000
   59  2    5.237315    2.000000    0.000000    0.000000    0.000000   -0.000000    0.000000    0.000000    0.000001
   61  2    5.315364    2.000000    0.000000   -0.000000    0.000000    0.000000    0.000000    0.000000    0.000000
   63  2    5.828223    2.000000    0.000000    0.000000    0.000000    0.000000    0.000000    0.000000    0.000000
   65  2    5.950616    2.000000    0.000000   -0.000000    0.000000    0.000000    0.000000    0.000000   -0.000000
   67  2    6.010556    2.000000    0.000000    0.000000    0.000000    0.000000    0.000000    0.000000    0.000000
   69  2    6.093173    2.000000    0.000000    0.000000    0.000000    0.000000    0.000000    0.000000    0.000000
   71  2    6.318099    2.000000    0.000000   -0.000000    0.000000    0.000000    0.000000    0.000000    0.000000
   73  2    6.380307    2.000000    0.000000    0.000000    0.000000    0.000000    0.000000    0.000000    0.000000
   75  2    6.407717    2.000000    0.000000    0.000001    0.000000    0.000000    0.000000    0.000000    0.000000
   77  2    6.537402    2.000000    0.000000    0.000000    0.000000   -0.000000    0.000000    0.000000   -0.000000
   79  2    6.587100    2.000000    0.000000   -0.000000    0.000000    0.000000    0.000000    0.000000    0.000000
   81  2    6.695132    2.000000    0.000000    0.000000    0.000000   -0.000000    0.000000    0.000000    0.000000
   83  2    6.724248    2.000000    0.000000    0.000000    0.000000   -0.000000    0.000000    0.000000    0.000000
   85  2    6.802451    2.000000    0.000000   -0.000000    0.000000   -0.000000    0.000000    0.000000    0.000000
   87  2    6.995129    2.000000    0.000000   -0.000001    0.000000   -0.000001    0.000000    0.000000   -0.000000
   89  2    7.026308    2.000000    0.000000   -0.000000    0.000000   -0.000001    0.000000    0.000000    0.000001
   91  2    7.217872    2.000000    0.000000   -0.000001    0.000000   -0.000000    0.000000    0.000000    0.000001
   93  2    7.397684    2.000000    0.000000    0.000001    0.000000   -0.000000    0.000000    0.000000   -0.000001
   95  2    7.447603    2.000000    0.000000    0.000000    0.000000   -0.000000    0.000000    0.000000   -0.000000
   97  2    7.732572    2.000000    0.000000    0.000000    0.000000   -0.000000    0.000000    0.000000   -0.000000
   99  2    7.841406    2.000000    0.000000   -0.000002    0.000000    0.000002    0.000000    0.000000    0.000001
  101  2    7.881356    2.000000    0.000000    0.000000    0.000000   -0.000000    0.000000    0.000000    0.000000
  103  2    8.075507    2.000000    0.000000    0.000000    0.000000   -0.000000    0.000000    0.000000    0.000000
  105  2    8.167416    2.000000    0.000000    0.000000    0.000000    0.000001    0.000000    0.000000   -0.000001
  107  2    8.296386    2.000000    0.000000    0.000000    0.000000    0.000000    0.000000    0.000000    0.000000
  109  2    8.453767    2.000000    0.000000    0.000001    0.000000   -0.000000    0.000000    0.000000   -0.000000
  111  2    8.579413    2.000000    0.000000    0.000000    0.000000   -0.000000    0.000000    0.000000    0.000001
  113  2    8.599877    2.000000    0.000000    0.000000    0.000000    0.000000    0.000000    0.000000   -0.000001
  115  2    9.378524    2.000000    0.000000    0.000000    0.000000    0.000001    0.000000    0.000000    0.000000
  117  2    9.759643    2.000000    0.000000    0.000000    0.000000    0.000001    0.000000    0.000000    0.000000
  119  2    9.871733    2.000000    0.000000    0.000001    0.000000    0.000001    0.000000    0.000000   -0.000001
  121  2   10.059020    2.000000    0.000000    0.000001    0.000000    0.000001    0.000000    0.000000    0.000000
  123  2   10.252934    2.000000    0.000000    0.000001    0.000000    0.000000    0.000000    0.000000    0.000001
  125  2   11.693755    2.000000    0.000000    0.000000    0.000000   -0.000000    0.000000    0.000000   -0.000000
  127  2   11.828558    2.000000    0.000000    0.000001    0.000000   -0.000000    0.000000    0.000000    0.000001
  129  2   13.396124    2.000000    0.000000   -0.000001    0.000000    0.000003    0.000000    0.000000   -0.000003
  131  2   13.471122    2.000000    0.000000    0.000000    0.000000   -0.000000    0.000000    0.000000    0.000001
  133  2   13.809668    2.000000    0.000000    0.000051    0.000000    0.000007    0.000000    0.000000   -0.000053
  135  2   14.083451    2.000000    0.000000   -0.000006    0.000000   -0.000030    0.000000    0.000000   -0.000052
  4
    1    2    3    4
    1  4  -15.943991    4.000000    0.000000   -0.000001    0.000000    0.000002    0.000000    0.000000    0.000000
    5  2  -15.864413    2.000000    0.000000    0.000002    0.000000    0.000002    0.000000    0.000000    0.000003
    7  2  -15.862201    2.000000    0.000000   -0.000001    0.000000    0.000000    0.000000    0.000000   -0.000002
    9  2  -15.793931    2.000000    0.000000    0.000002    0.000000    0.000001    0.000000    0.000000   -0.000002
   11  2  -15.790143    2.000000    0.000000   -0.000001    0.000000    0.000000    0.000000    0.000000    0.000001
   13  4  -15.781301    4.000000    0.000000   -0.000001    0.000000    0.000003    0.000000    0.000000   -0.000001
   17  4  -15.368559    4.000000    0.000000   -0.000003    0.000000   -0.000002    0.000000    0.000000   -0.000005
   21  2  -15.326923    2.000000    0.000000   -0.000001    0.000000    0.000002    0.000000    0.000000   -0.000000
   23  2  -15.325900    2.000000    0.000000    0.000003    0.000000   -0.000003    0.000000    0.000000   -0.000001
   25  2  -15.266957    2.000000    0.000000    0.000001    0.000000    0.000000    0.000000    0.000000   -0.000001
   27  2  -15.263009    2.000000    0.000000    0.000002    0.000000   -0.000001    0.000000    0.000000   -0.000002
   29  2  -15.214113    2.000000    0.000000   -0.000000    0.000000   -0.000001    0.000000    0.000000   -0.000001
   31  2  -15.209789    2.000000    0.000000    0.000002    0.000000    0.000000    0.000000    0.000000    0.000002
   33  2  -15.202475    2.000000    0.000000    0.000001    0.000000    0.000000    0.000000    0.000000   -0.000003
   35  2  -15.198732    2.000000    0.000000   -0.000001    0.000000    0.000000    0.000000    0.000000    0.000001
   37  2  -15.197492    2.000000    0.000000    0.000001    0.000000   -0.000002    0.000000    0.000000    0.000003
   39  2  -15.196105    2.000000    0.000000    0.000002    0.000000    0.000003    0.000000    0.000000    0.000002
   41  2   -1.398472    2.000000    0.000000    0.000001    0.000000    0.000000    0.000000    0.000000    0.000000
   43  2   -1.379953    2.000000    0.000000   -0.000001    0.000000   -0.000001    0.000000    0.000000    0.000000
   45  2   -0.658900    2.000000    0.000000    0.000000    0.000000   -0.000000    0.000000    0.000000    0.000000
   47  2   -0.631749    2.000000    0.000000   -0.000000    0.000000    0.000000    0.000000    0.000000    0.000000
   49  2    3.782100    2.000000    0.000000    0.000000    0.000000   -0.000000    0.000000    0.000000   -0.000000
   51  2    3.868092    2.000000    0.000000   -0.000000    0.000000    0.000000    0.000000    0.000000    0.000000
   53  2    4.434706    2.000000    0.000000    0.000000    0.000000   -0.000001    0.000000    0.000000    0.000001
   55  2    4.622819    2.000000    0.000000    0.000000    0.000000    0.000000    0.000000    0.000000    0.000001
   57  2    4.839141    2.000000    0.000000    0.000000    0.000000   -0.000001    0.000000    0.000000    0.000000
   59  2    5.161090    2.000000    0.000000    0.000000    0.000000    0.000000    0.000000    0.000000    0.000002
   61  2    5.299655    2.000000    0.000000   -0.000001    0.000000    0.000000    0.000000    0.000000   -0.000000
   63  2    5.357702    2.000000    0.000000    0.000000    0.000000    0.000000    0.000000    0.000000    0.000000
   65  2    5.361602    2.000000    0.000000    0.000000    0.000000   -0.000001    0.000000    0.000000   -0.000001
   67  2    5.585215    2.000000    0.000000   -0.000000    0.000000    0.000000    0.000000    0.000000    0.000001
   69  2    5.722460    2.000000    0.000000    0.000000    0.000000    0.000000    0.000000    0.000000   -0.000001
   71  2    5.882064    2.000000    0.000000   -0.000002    0.000000    0.000001    0.000000    0.000000   -0.000001
   73  2    5.906237    2.000000    0.000000    0.000000    0.000000   -0.000001    0.000000    0.000000    0.000001
   75  2    5.993808    2.000000    0.000000   -0.000000    0.000000   -0.000000    0.000000    0.000000    0.000000
   77  2    6.075939    2.000000    0.000000    0.000000    0.000000    0.000001    0.000000    0.000000   -0.000000
   79  2    6.824055    2.000000    0.000000    0.000000    0.000000   -0.000000    0.000000    0.000000    0.000001
   81  2    6.992343    2.000000    0.000000   -0.000000    0.000000   -0.000000    0.000000    0.000000    0.000000
   83  2    7.235595    2.000000    0.000000    0.000000    0.000000   -0.000000    0.000000    0.000000   -0.000000
   85  2    7.263533    2.000000    0.000000    0.000000    0.000000    0.000000    0.000000    0.000000   -0.000000
   87  2    7.516149    2.000000    0.000000    0.000000    0.000000   -0.000000    0.000000    0.000000    0.000002
   89  2    7.585514    2.000000    0.000000   -0.000000    0.000000    0.000000    0.000000    0.000000    0.000000
   91  2    7.697148    2.000000    0.000000    0.000000    0.000000    0.000000    0.000000    0.000000   -0.000000
   93  2    7.748206    2.000000    0.000000   -0.000000    0.000000   -0.000001    0.000000    0.000000    0.000000
   95  2    7.915414    2.000000    0.000000    0.000000    0.000000   -0.000000    0.000000    0.000000    0.000001
   97  2    7.978692    2.000000    0.000000    0.000000    0.000000   -0.000001    0.000000    0.000000    0.000001
   99  2    8.020970    2.000000    0.000000   -0.000000    0.000000    0.000001    0.000000    0.000000    0.000000
  101  2    8.155478    2.000000    0.000000   -0.000000    0.000000   -0.000000    0.000000    0.000000   -0.000000
  103  2    8.519479    2.000000    0.000000   -0.000000    0.000000   -0.000000    0.000000    0.000000    0.000000
  105  2    8.531397    2.000000    0.000000    0.000000    0.000000   -0.000000    0.000000    0.000000    0.000000
  107  2    8.757326    2.000000    0.000000   -0.000000    0.000000   -0.000000    0.000000    0.000000    0.000000
  109  2    9.555949    2.000000    0.000000    0.000001    0.000000    0.000001    0.000000    0.000000    0.000001
  111  2    9.624521    2.000000    0.000000   -0.000001    0.000000    0.000000    0.000000    0.000000    0.000001
  113  2    9.805719    2.000000    0.000000   -0.000000    0.000000    0.000000    0.000000    0.000000    0.000000
  115  2   10.335035    2.000000    0.000000    0.000000    0.000000    0.000000    0.000000    0.000000    0.000000
  117  2   10.839916    2.000000    0.000000    0.000000    0.000000    0.000000    0.000000    0.000000    0.000000
  119  2   11.002713    2.000000    0.000000    0.000000    0.000000   -0.000000    0.000000    0.000000    0.000000
  121  2   11.196101    2.000000    0.000000    0.000000    0.000000    0.000000    0.000000    0.000000   -0.000000
  123  2   11.331303    2.000000    0.000000   -0.000001    0.000000    0.000000    0.000000    0.000000   -0.000000
  125  2   11.371233    2.000000    0.000000    0.000000    0.000000    0.000000    0.000000    0.000000   -0.000000
  127  2   11.734919    2.000000    0.000000    0.000000    0.000000    0.000000    0.000000    0.000000    0.000001
  129  2   12.372777    2.000000    0.000000    0.000002    0.000000    0.000000    0.000000    0.000000   -0.000001
  131  2   12.539024    2.000000    0.000000    0.000004    0.000000   -0.000001    0.000000    0.000000   -0.000002
  133  1   14.679897    1.000000    0.000000    0.305032    0.000000    0.090170    0.000000    0.000000    0.947892
  134  1   14.681211    1.000000    0.000000   -0.304631    0.000000   -0.089056    0.000000    0.000000   -0.944934
  135  1   14.920260    1.000000    0.000000    0.796792    0.000000    0.340607    0.000000    0.000000    0.485700
  136  1   14.933419    1.000000    0.000000   -0.776276    0.000000   -0.371915    0.000000    0.000000   -0.465192
  4
    1    2    3    4
    1  2  -15.944611    2.000000    0.000000    0.000000   -0.000005    0.000000   -0.000005    0.000000    0.000001
    3  2  -15.942669    2.000000    0.000000    0.000000   -0.000001    0.000000    0.000001    0.000000    0.000001
    5  2  -15.864957    2.000000    0.000000    0.000000    0.000005    0.000000    0.000002    0.000000   -0.000002
    7  2  -15.861658    2.000000    0.000000    0.000000    0.000000    0.000000   -0.000002    0.000000    0.000001
    9  2  -15.794407    2.000000    0.000000    0.000000    0.000002    0.000000   -0.000001    0.000000   -0.000000
   11  2  -15.789709    2.000000    0.000000    0.000000   -0.000002    0.000000    0.000003    0.000000    0.000002
   13  4  -15.781421    4.000000    0.000000    0.000000   -0.000001    0.000000    0.000000    0.000000    0.000001
   17  2  -15.370191    2.000000    0.000000    0.000000    0.000001    0.000000    0.000001    0.000000    0.000004
   19  2  -15.366739    2.000000    0.000000    0.000000    0.000000    0.000000   -0.000001    0.000000   -0.000001
   21  2  -15.327898    2.000000    0.000000    0.000000   -0.000000    0.000000    0.000000    0.000000   -0.000001
   23  2  -15.324978    2.000000    0.000000    0.000000    0.000004    0.000000    0.000003    0.000000    0.000002
   25  2  -15.267048    2.000000    0.000000    0.000000   -0.000000    0.000000   -0.000001    0.000000   -0.000000
   27  2  -15.262839    2.000000    0.000000    0.000000    0.000001    0.000000    0.000000    0.000000   -0.000002
   29  2  -15.214701    2.000000    0.000000    0.000000   -0.000000    0.000000   -0.000001    0.000000    0.000001
   31  2  -15.209499    2.000000    0.000000    0.000000   -0.000000    0.000000   -0.000002    0.000000   -0.000000
   33  2  -15.202531    2.000000    0.000000    0.000000   -0.000001    0.000000    0.000000    0.000000    0.000001
   35  2  -15.198728    2.000000    0.000000    0.000000   -0.000002    0.000000   -0.000002    0.000000    0.000002
   37  2  -15.197464    2.000000    0.000000    0.000000   -0.000001    0.000000   -0.000002    0.000000    0.000003
   39  2  -15.195953    2.000000    0.000000    0.000000   -0.000000    0.000000   -0.000001    0.000000   -0.000000
   41  2   -2.060508    2.000000    0.000000    0.000000    0.000000    0.000000   -0.000000    0.000000   -0.000000
   43  2   -1.248910    2.000000    0.000000    0.000000    0.000000    0.000000   -0.000000    0.000000   -0.000000
   45  2   -0.327988    2.000000    0.000000    0.000000    0.000000    0.000000    0.000000    0.000000    0.000000
   47  2    0.280808    2.000000    0.000000    0.000000    0.000000    0.000000    0.000000    0.000000    0.000000
   49  2    2.584347    2.000000    0.000000    0.000000    0.000000    0.000000    0.000000    0.000000   -0.000000
   51  2    3.374329    2.000000    0.000000    0.000000    0.000000    0.000000    0.000000    0.000000   -0.000000
   53  2    4.692783    2.000000    0.000000    0.000000    0.000000    0.000000   -0.000000    0.000000   -0.000000
   55  2    4.719682    2.000000    0.000000    0.000000   -0.000000    0.000000    0.000000    0.000000    0.000000
   57  2    5.054558    2.000000    0.000000    0.000000   -0.000001    0.000000    0.000001    0.000000    0.000001
   59  2    5.208102    2.000000    0.000000    0.000000   -0.000000    0.000000   -0.000000    0.000000   -0.000000
   61  2    5.336721    2.000000    0.000000    0.000000    0.000000    0.000000   -0.000000    0.000000   -0.000000
   63  2    5.429286    2.000000    0.000000    0.000000    0.000000    0.000000    0.000001    0.000000   -0.000000
   65  2    5.545618    2.000000    0.000000    0.000000    0.000000    0.000000   -0.000000    0.000000    0.000000
   67  2    5.565741    2.000000    0.000000    0.000000    0.000000    0.000000    0.000000    0.000000    0.000000
   69  2    5.761991    2.000000    0.000000    0.000000    0.000000    0.000000    0.000000    0.000000    0.000000
   71  2    5.852829    2.000000    0.000000    0.000000    0.000001    0.000000   -0.000000    0.000000   -0.000000
   73  2    6.044163    2.000000    0.000000    0.000000    0.000001    0.000000    0.000000    0.000000    0.000001
   75  2    6.129649    2.000000    0.000000    0.000000    0.000000    0.000000   -0.000000    0.000000    0.000000
   77  2    6.206645    2.000000    0.000000    0.000000   -0.000000    0.000000    0.000000    0.000000    0.000000
   79  2    6.739752    2.000000    0.000000    0.000000   -0.000000    0.000000   -0.000001    0.000000    0.000000
   81  2    6.761776    2.000000    0.000000    0.000000   -0.000000    0.000000    0.000001    0.000000    0.000000
   83  2    7.064156    2.000000    0.000000    0.000000    0.000000    0.000000   -0.000000    0.000000    0.000000
   85  2    7.092880    2.000000    0.000000    0.000000   -0.000000    0.000000   -0.000000    0.000000    0.000001
   87  2    7.232421    2.000000    0.000000    0.000000    0.000000    0.000000    0.000000    0.000000    0.000000
   89  2    7.534459    2.000000    0.000000    0.000000   -0.000001    0.000000   -0.000001    0.000000   -0.000000
   91  2    7.558204    2.000000    0.000000    0.000000    0.000000    0.000000   -0.000000    0.000000   -0.000000
   93  2    7.725494    2.000000    0.000000    0.000000    0.000000    0.000000    0.000000    0.000000    0.000000
   95  2    7.961167    2.000000    0.000000    0.000000   -0.000001    0.000000    0.000002    0.000000    0.000001
   97  2    7.973260    2.000000    0.000000    0.000000   -0.000000    0.000000    0.000001    0.000000    0.000000
   99  2    8.028575    2.000000    0.000000    0.000000   -0.000000    0.000000    0.000000    0.000000   -0.000000
  101  2    8.241949    2.000000    0.000000    0.000000   -0.000000    0.000000   -0.000000    0.000000   -0.000000
  103  2    8.255385    2.000000    0.000000    0.000000   -0.000000    0.000000    0.000000    0.000000   -0.000000
  105  2    8.430717    2.000000    0.000000    0.000000    0.000000    0.000000   -0.000000    0.000000   -0.000000
  107  2    8.775110    2.000000    0.000000    0.000000   -0.000000    0.000000   -0.000000    0.000000    0.000000
  109  2    9.140127    2.000000    0.000000    0.000000   -0.000000    0.000000   -0.000001    0.000000   -0.000000
  111  2    9.315489    2.000000    0.000000    0.000000   -0.000000    0.000000    0.000000    0.000000    0.000000
  113  2   10.006198    2.000000    0.000000    0.000000   -0.000000    0.000000    0.000001    0.000000   -0.000000
  115  2   10.304812    2.000000    0.000000    0.000000    0.000000    0.000000    0.000000    0.000000    0.000000
  117  2   11.107627    2.000000    0.000000    0.000000    0.000000    0.000000    0.000000    0.000000   -0.000000
  119  2   11.463150    2.000000    0.000000    0.000000    0.000001    0.000000    0.000001    0.000000    0.000000
  121  2   11.578239    2.000000    0.000000    0.000000    0.000006    0.000000   -0.000004    0.000000   -0.000007
  123  2   12.385533    2.000000    0.000000    0.000000   -0.000001    0.000000   -0.000001    0.000000    0.000002
  125  2   12.540765    2.000000    0.000000    0.000000   -0.000008    0.000000   -0.000000    0.000000   -0.000004
  127  2   12.554654    2.000000    0.000000    0.000000   -0.000002    0.000000   -0.000001    0.000000   -0.000000
  129  2   12.955504    2.000000    0.000000    0.000000   -0.000002    0.000000   -0.000002    0.000000    0.000001
  131  2   13.042708    2.000000    0.000000    0.000000    0.000002    0.000000   -0.000004    0.000000    0.000002
  133  1   14.537626    1.000000    0.000000    0.000000    0.965895    0.000000    0.065928    0.000000   -0.222861
  134  1   14.553763    1.000000    0.000000    0.000000   -0.920152    0.000000   -0.079263    0.000000    0.204389
  135  1   14.780757    1.000000    0.000000    0.000000    0.243852    0.000000   -0.022126    0.000000   -0.966983
  136  1   14.802147    1.000000    0.000000    0.000000   -0.233053    0.000000   -0.161689    0.000000    0.852710
  4
    1    2    3    4
    1  2  -15.943744    2.000000    0.000000    0.000000    0.000000    0.000000    0.000000    0.000000   -0.000001
    3  2  -15.942268    2.000000    0.000000    0.000000   -0.000002    0.000000   -0.000002    0.000000    0.000004
    5  2  -15.866152    2.000000    0.000000    0.000000    0.000002    0.000000   -0.000001    0.000000    0.000001
    7  2  -15.863410    2.000000    0.000000    0.000000    0.000004    0.000000    0.000004    0.000000    0.000000
    9  2  -15.793275    2.000000    0.000000    0.000000   -0.000004    0.000000    0.000000    0.000000   -0.000002
   11  2  -15.789989    2.000000    0.000000    0.000000   -0.000005    0.000000   -0.000002    0.000000   -0.000000
   13  2  -15.784247    2.000000    0.000000    0.000000    0.000000    0.000000   -0.000000    0.000000    0.000001
   15  2  -15.782959    2.000000    0.000000    0.000000    0.000000    0.000000    0.000001    0.000000   -0.000002
   17  4  -15.367698    4.000000    0.000000    0.000000    0.000000    0.000000    0.000002    0.000000   -0.000002
   21  4  -15.327944    4.000000    0.000000    0.000000    0.000001    0.000000   -0.000001    0.000000    0.000002
   25  2  -15.269033    2.000000    0.000000    0.000000   -0.000001    0.000000   -0.000001    0.000000    0.000001
   27  2  -15.263994    2.000000    0.000000    0.000000   -0.000000    0.000000    0.000001    0.000000   -0.000001
   29  2  -15.212587    2.000000    0.000000    0.000000    0.000001    0.000000    0.000005    0.000000   -0.000003
   31  2  -15.210139    2.000000    0.000000    0.000000   -0.000000    0.000000    0.000002    0.000000   -0.000003
   33  2  -15.204327    2.000000    0.000000    0.000000    0.000001    0.000000    0.000001    0.000000   -0.000001
   35  2  -15.200094    2.000000    0.000000    0.000000    0.000003    0.000000   -0.000002    0.000000   -0.000000
   37  2  -15.198851    2.000000    0.000000    0.000000    0.000001    0.000000    0.000002    0.000000   -0.000001
   39  2  -15.197762    2.000000    0.000000    0.000000    0.000000    0.000000    0.000002    0.000000    0.000001
   41  2   -1.177071    2.000000    0.000000    0.000000    0.000001    0.000000    0.000000    0.000000   -0.000000
   43  2   -1.152803    2.000000    0.000000    0.000000    0.000000    0.000000    0.000000    0.000000    0.000000
   45  2    0.353267    2.000000    0.000000    0.000000   -0.000000    0.000000    0.000000    0.000000    0.000000
   47  2    0.428698    2.000000    0.000000    0.000000    0.000000    0.000000    0.000000    0.000000   -0.000000
   49  2    3.173856    2.000000    0.000000    0.000000   -0.000000    0.000000    0.000000    0.000000    0.000000
   51  2    3.343308    2.000000    0.000000    0.000000   -0.000000    0.000000    0.000001    0.000000    0.000000
   53  2    4.009354    2.000000    0.000000    0.000000    0.000000    0.000000   -0.000000    0.000000    0.000000
   55  2    4.129889    2.000000    0.000000    0.000000    0.000001    0.000000    0.000000    0.000000   -0.000000
   57  2    5.119638    2.000000    0.000000    0.000000    0.000000    0.000000   -0.000001    0.000000    0.000000
   59  2    5.148996    2.000000    0.000000    0.000000    0.000000    0.000000    0.000000    0.000000    0.000000
   61  2    5.371166    2.000000    0.000000    0.000000   -0.000000    0.000000    0.000000    0.000000   -0.000000
   63  2    5.404689    2.000000    0.000000    0.000000   -0.000000    0.000000   -0.000000    0.000000   -0.000000
   65  2    5.492815    2.000000    0.000000    0.000000   -0.000000    0.000000    0.000000    0.000000    0.000000
   67  2    5.862353    2.000000    0.000000    0.000000    0.000000    0.000000    0.000000    0.000000   -0.000000
   69  2    6.025292    2.000000    0.000000    0.000000    0.000000    0.000000    0.000000    0.000000    0.000000
   71  2    6.068926    2.000000    0.000000    0.000000    0.000000    0.000000    0.000000    0.000000    0.000000
   73  2    6.515777    2.000000    0.000000    0.000000   -0.000000    0.000000    0.000000    0.000000    0.000000
   75  2    6.565812    2.000000    0.000000    0.000000    0.000000    0.000000   -0.000000    0.000000    0.000000
   77  2    6.616093    2.000000    0.000000    0.000000   -0.000000    0.000000   -0.000000    0.000000   -0.000000
   79  2    6.667632    2.000000    0.000000    0.000000   -0.000000    0.000000   -0.000000    0.000000   -0.000000
   81  2    6.751040    2.000000    0.000000    0.000000   -0.000001    0.000000    0.000001    0.000000    0.000000
   83  2    6.806185    2.000000    0.000000    0.000000    0.000000    0.000000   -0.000000    0.000000   -0.000000
   85  2    6.986598    2.000000    0.000000    0.000000    0.000000    0.000000    0.000000    0.000000    0.000000
   87  2    7.053849    2.000000    0.000000    0.000000   -0.000000    0.000000    0.000000    0.000000   -0.000001
   89  2    7.192400    2.000000    0.000000    0.000000    0.000000    0.000000    0.000001    0.000000    0.000000
   91  2    7.248515    2.000000    0.000000    0.000000   -0.000000    0.000000    0.000000    0.000000   -0.000000
   93  2    7.274214    2.000000    0.000000    0.000000    0.000000    0.000000   -0.000001    0.000000    0.000000
   95  2    7.555177    2.000000    0.000000    0.000000   -0.000000    0.000000    0.000000    0.000000    0.000000
   97  2    7.723219    2.000000    0.000000    0.000000    0.000000    0.000000   -0.000001    0.000000    0.000001
   99  2    7.902466    2.000000    0.000000    0.000000    0.000000    0.000000    0.000000    0.000000   -0.000000
  101  2    8.064119    2.000000    0.000000    0.000000    0.000000    0.000000    0.000000    0.000000    0.000000
  103  2    8.203915    2.000000    0.000000    0.000000   -0.000000    0.000000   -0.000000    0.000000    0.000000
  105  2    8.424865    2.000000    0.000000    0.000000    0.000000    0.000000   -0.000000    0.000000   -0.000001
  107  2    8.493847    2.000000    0.000000    0.000000    0.000000    0.000000    0.000001    0.000000    0.000000
  109  2    8.555072    2.000000    0.000000    0.000000   -0.000000    0.000000   -0.000000    0.000000    0.000000
  111  2    8.704907    2.000000    0.000000    0.000000    0.000000    0.000000    0.000001    0.000000    0.000000
  113  2    8.747406    2.000000    0.000000    0.000000    0.000000    0.000000    0.000000    0.000000    0.000000
  115  2    9.576141    2.000000    0.000000    0.000000    0.000001    0.000000   -0.000001    0.000000   -0.000001
  117  2    9.763290    2.000000    0.000000    0.000000   -0.000000    0.000000    0.000000    0.000000    0.000000
  119  2    9.891194    2.000000    0.000000    0.000000    0.000000    0.000000    0.000000    0.000000    0.000000
  121  2   10.876826    2.000000    0.000000    0.000000   -0.000000    0.000000   -0.000001    0.000000    0.000001
  123  2   11.072557    2.000000    0.000000    0.000000    0.000000    0.000000    0.000001    0.000000    0.000002
  125  2   11.306691    2.000000    0.000000    0.000000    0.000000    0.000000    0.000000    0.000000   -0.000000
  127  2   11.500587    2.000000    0.000000    0.000000    0.000000    0.000000    0.000000    0.000000    0.000000
  129  2   11.613721    2.000000    0.000000    0.000000    0.000000    0.000000    0.000000    0.000000    0.000000
  131  2   11.883358    2.000000    0.000000    0.000000    0.000000    0.000000    0.000000    0.000000    0.000000
  133  2   14.642304    2.000000    0.000000    0.000000    0.000003    0.000000    0.000004    0.000000   -0.000001
  135  2   15.057830    2.000000    0.000000    0.000000    0.000017    0.000000   -0.000002    0.000000    0.000001
  4
    1    2    3    4
    1  4  -15.944392    4.000000    0.000000   -0.000001    0.000000   -0.000004    0.000000    0.000000    0.000001
    5  2  -15.864358    2.000000    0.000000    0.000004    0.000000    0.000001    0.000000    0.000000   -0.000000
    7  2  -15.862161    2.000000    0.000000    0.000005    0.000000    0.000001    0.000000    0.000000   -0.000002
    9  2  -15.793981    2.000000    0.000000   -0.000002    0.000000   -0.000002    0.000000    0.000000   -0.000003
   11  2  -15.790358    2.000000    0.000000   -0.000002    0.000000    0.000002    0.000000    0.000000   -0.000001
   13  4  -15.784560    4.000000    0.000000    0.000004    0.000000   -0.000003    0.000000    0.000000   -0.000005
   17  4  -15.368493    4.000000    0.000000    0.000002    0.000000    0.000001    0.000000    0.000000    0.000000
   21  2  -15.327633    2.000000    0.000000    0.000001    0.000000   -0.000002    0.000000    0.000000   -0.000001
   23  2  -15.326629    2.000000    0.000000   -0.000001    0.000000   -0.000001    0.000000    0.000000   -0.000001
   25  2  -15.266518    2.000000    0.000000   -0.000002    0.000000   -0.000001    0.000000    0.000000    0.000004
   27  2  -15.262541    2.000000    0.000000   -0.000001    0.000000   -0.000001    0.000000    0.000000   -0.000001
   29  2  -15.214564    2.000000    0.000000   -0.000001    0.000000   -0.000001    0.000000    0.000000   -0.000001
   31  2  -15.210634    2.000000    0.000000    0.000004    0.000000   -0.000003    0.000000    0.000000    0.000000
   33  2  -15.205628    2.000000    0.000000   -0.000000    0.000000   -0.000001    0.000000    0.000000    0.000001
   35  2  -15.202368    2.000000    0.000000    0.000002    0.000000    0.000001    0.000000    0.000000    0.000001
   37  4  -15.197786    4.000000    0.000000    0.000002    0.000000   -0.000003    0.000000    0.000000    0.000000
   41  2   -2.443042    2.000000    0.000000    0.000000    0.000000    0.000000    0.000000    0.000000    0.000000
   43  2   -2.430019    2.000000    0.000000    0.000000    0.000000    0.000000    0.000000    0.000000    0.000000
   45  2    0.921503    2.000000    0.000000    0.000000    0.000000    0.000000    0.000000    0.000000    0.000000
   47  2    1.023814    2.000000    0.000000    0.000000    0.000000    0.000001    0.000000    0.000000   -0.000000
   49  2    3.965033    2.000000    0.000000    0.000000    0.000000    0.000000    0.000000    0.000000    0.000000
   51  2    4.178966    2.000000    0.000000    0.000000    0.000000    0.000000    0.000000    0.000000   -0.000000
   53  2    4.243357    2.000000    0.000000    0.000000    0.000000    0.000000    0.000000    0.000000    0.000000
   55  2    4.400916    2.000000    0.000000    0.000000    0.000000    0.000000    0.000000    0.000000    0.000000
   57  2    4.411372    2.000000    0.000000    0.000000    0.000000    0.000000    0.000000    0.000000    0.000001
   59  2    4.887902    2.000000    0.000000    0.000000    0.000000    0.000000    0.000000    0.000000   -0.000000
   61  2    5.137551    2.000000    0.000000    0.000000    0.000000    0.000000    0.000000    0.000000    0.000000
   63  2    5.220674    2.000000    0.000000    0.000000    0.000000   -0.000000    0.000000    0.000000    0.000000
   65  2    5.460125    2.000000    0.000000    0.000000    0.000000    0.000000    0.000000    0.000000    0.000000
   67  2    5.609630    2.000000    0.000000   -0.000000    0.000000    0.000000    0.000000    0.000000    0.000001
   69  2    5.866734    2.000000    0.000000    0.000001    0.000000   -0.000000    0.000000    0.000000    0.000001
   71  2    6.075362    2.000000    0.000000    0.000000    0.000000   -0.000000    0.000000    0.000000   -0.000000
   73  2    6.201026    2.000000    0.000000   -0.000000    0.000000    0.000001    0.000000    0.000000   -0.000000
   75  2    6.422648    2.000000    0.000000    0.000000    0.000000    0.000001    0.000000    0.000000    0.000000
   77  2    6.508942    2.000000    0.000000   -0.000000    0.000000   -0.000000    0.000000    0.000000    0.000000
   79  2    6.724818    2.000000    0.000000    0.000000    0.000000   -0.000000    0.000000    0.000000    0.000000
   81  2    6.819417    2.000000    0.000000   -0.000001    0.000000    0.000001    0.000000    0.000000    0.000001
   83  2    6.913228    2.000000    0.000000    0.000000    0.000000    0.000000    0.000000    0.000000   -0.000000
   85  2    6.955006    2.000000    0.000000    0.000000    0.000000    0.000000    0.000000    0.000000    0.000000
   87  2    7.069454    2.000000    0.000000    0.000000    0.000000   -0.000000    0.000000    0.000000    0.000000
   89  2    7.257437    2.000000    0.000000   -0.000000    0.000000    0.000000    0.000000    0.000000   -0.000000
   91  2    7.402378    2.000000    0.000000    0.000001    0.000000    0.000000    0.000000    0.000000   -0.000000
   93  2    7.884095    2.000000    0.000000    0.000000    0.000000    0.000000    0.000000    0.000000    0.000001
   95  2    7.913774    2.000000    0.000000   -0.000000    0.000000    0.000000    0.000000    0.000000    0.000001
   97  2    8.217941    2.000000    0.000000    0.000001    0.000000    0.000001    0.000000    0.000000    0.000000
   99  2    8.338050    2.000000    0.000000    0.000001    0.000000   -0.000000    0.000000    0.000000   -0.000001
  101  2    8.418680    2.000000    0.000000    0.000000    0.000000   -0.000000    0.000000    0.000000    0.000000
  103  2    8.603286    2.000000    0.000000   -0.000001    0.000000   -0.000000    0.000000    0.000000    0.000001
  105  2    8.668308    2.000000    0.000000    0.000001    0.000000   -0.000000    0.000000    0.000000   -0.000000
  107  2    8.729135    2.000000    0.000000   -0.000001    0.000000   -0.000000    0.000000    0.000000   -0.000001
  109  2    9.144916    2.000000    0.000000   -0.000001    0.000000    0.000000    0.000000    0.000000    0.000000
  111  2    9.328134    2.000000    0.000000    0.000000    0.000000    0.000000    0.000000    0.000000    0.000001
  113  2    9.709777    2.000000    0.000000    0.000000    0.000000    0.000000    0.000000    0.000000   -0.000000
  115  2    9.808764    2.000000    0.000000    0.000000    0.000000    0.000000    0.000000    0.000000    0.000000
  117  2    9.964484    2.000000    0.000000   -0.000000    0.000000    0.000000    0.000000    0.000000   -0.000000
  119  2    9.997168    2.000000    0.000000    0.000000    0.000000    0.000000    0.000000    0.000000    0.000000
  121  2   11.097878    2.000000    0.000000    0.000000    0.000000   -0.000000    0.000000    0.000000    0.000000
  123  2   11.363487    2.000000    0.000000    0.000000    0.000000    0.000000    0.000000    0.000000    0.000000
  125  2   12.623667    2.000000    0.000000   -0.000003    0.000000    0.000001    0.000000    0.000000   -0.000000
  127  2   12.794789    2.000000    0.000000    0.000002    0.000000    0.000001    0.000000    0.000000   -0.000008
  129  2   13.479477    2.000000    0.000000    0.000004    0.000000    0.000007    0.000000    0.000000    0.000003
  131  2   13.648522    2.000000    0.000000   -0.000001    0.000000    0.000010    0.000000    0.000000   -0.000005
  133  2   13.880245    2.000000    0.000000   -0.000002    0.000000   -0.000015    0.000000    0.000000    0.000007
  135  2   14.006708    2.000000    0.000000   -0.000028    0.000000   -0.000016    0.000000    0.000000    0.000047
