   51   72
  1
  4
  1  0  0  0  1  0  0  0  1    0.000000    0.000000    0.000000    1.000000    0.000000    0.000000    0.000000    0.000000    0.000000    1.000000    0.000000  1
 -1  0  0  0 -1  0  0  0 -1    0.000000    0.000000    0.000000    1.000000    0.000000    0.000000    0.000000    0.000000    0.000000    1.000000    0.000000  1
 -1  0  0  0  1  0  0  0 -1    0.000000    0.000000    0.000000    0.000000    0.000000   -1.000000    0.000000    1.000000    0.000000    0.000000    0.000000 -1
  1  0  0  0 -1  0  0  0  1    0.000000    0.000000    0.000000    0.000000    0.000000   -1.000000    0.000000    1.000000    0.000000    0.000000    0.000000 -1
  8
    0.000000    0.000000    0.000000
    0.500000    0.000000    0.500000
    0.000000    0.000000    0.500000
    0.500000    0.500000    0.000000
    0.000000    0.500000    0.500000
    0.500000    0.500000    0.500000
    0.500000    0.000000    0.000000
    0.000000    0.500000    0.000000
  2
    1    2
    1  1  -41.237795    1.000000    0.000000    1.000000    0.000000
    2  1  -41.234693    1.000000    0.000000    1.000000    0.000000
    3  1  -40.240423    1.000000    0.000000   -1.000000    0.000000
    4  1  -40.169919    1.000000    0.000000   -1.000000    0.000000
    5  1  -39.917909    1.000000    0.000000   -1.000000    0.000000
    6  1  -39.867980    1.000000    0.000000   -1.000000    0.000000
    7  1  -39.492301    1.000000    0.000000   -1.000000    0.000000
    8  1  -39.421800    1.000000    0.000000   -1.000000    0.000000
    9  1  -37.004344    1.000000    0.000000   -1.000000    0.000000
   10  1  -36.943073    1.000000    0.000000   -1.000000    0.000000
   11  1  -36.709350    1.000000    0.000000   -1.000000    0.000000
   12  1  -36.660342    1.000000    0.000000   -1.000000    0.000000
   13  1  -36.406345    1.000000    0.000000   -1.000000    0.000000
   14  1  -36.345561    1.000000    0.000000   -1.000000    0.000000
   15  1   -9.291887    1.000000    0.000000    1.000000    0.000000
   16  1   -9.158209    1.000000    0.000000    1.000000    0.000000
   17  1   -7.967665    1.000000    0.000000   -1.000000    0.000000
   18  1   -7.731617    1.000000    0.000000   -1.000000    0.000000
   19  1   -7.718175    1.000000    0.000000   -1.000000    0.000000
   20  1   -7.595586    1.000000    0.000000    1.000000    0.000000
   21  1   -7.464056    1.000000    0.000000   -1.000000    0.000000
   22  1   -7.405740    1.000000    0.000000    1.000000    0.000000
   23  1   -1.205464    1.000000    0.000000    1.000000    0.000000
   24  1   -0.923550    1.000000    0.000000    1.000000    0.000000
   25  1   -0.725154    1.000000    0.000000    1.000000    0.000000
   26  1   -0.394660    1.000000    0.000000    1.000000    0.000000
   27  1    0.247863    1.000000    0.000000   -1.000000    0.000000
   28  1    0.306455    1.000000    0.000000   -1.000000    0.000000
   29  1    0.846290    1.000000    0.000000    1.000000    0.000000
   30  1    0.996622    1.000000    0.000000    1.000000    0.000000
   31  1    1.059037    1.000000    0.000000    1.000000    0.000000
   32  1    1.342787    1.000000    0.000000    1.000000    0.000000
   33  1    1.747446    1.000000    0.000000   -1.000000    0.000000
   34  1    1.850617    1.000000    0.000000   -1.000000    0.000000
   35  1    2.058692    1.000000    0.000000    1.000000    0.000000
   36  1    2.212488    1.000000    0.000000    1.000000    0.000000
   37  1    2.284085    1.000000    0.000000    1.000000    0.000000
   38  1    2.289626    1.000000    0.000000    1.000000    0.000000
   39  1    2.304218    1.000000    0.000000    1.000000    0.000000
   40  1    2.348538    1.000000    0.000000    1.000000    0.000000
   41  1    2.531837    1.000000    0.000000   -1.000000    0.000000
   42  1    2.548639    1.000000    0.000000    1.000000    0.000000
   43  1    2.607907    1.000000    0.000000    1.000000    0.000000
   44  1    2.687413    1.000000    0.000000   -1.000000    0.000000
   45  1    2.702410    1.000000    0.000000    1.000000    0.000000
   46  1    2.938044    1.000000    0.000000    1.000000    0.000000
   47  1    3.636810    1.000000    0.000000   -1.000000    0.000000
   48  1    3.862047    1.000000    0.000000   -1.000000    0.000000
   49  1    4.134435    1.000000    0.000000   -1.000000    0.000000
   50  1    4.207785    1.000000    0.000000   -1.000000    0.000000
   51  1    4.415758    1.000000    0.000000   -1.000000    0.000000
   52  1    4.494145    1.000000    0.000000   -1.000000    0.000000
   53  1    6.349430    1.000000    0.000000    1.000000    0.000000
   54  1    6.518390    1.000000    0.000000    1.000000    0.000000
   55  1    6.745929    1.000000    0.000000    1.000000    0.000000
   56  1    6.924592    1.000000    0.000000    1.000000    0.000000
   57  1    6.932695    1.000000    0.000000    1.000000    0.000000
   58  1    6.953963    1.000000    0.000000    1.000000    0.000000
   59  1    6.995121    1.000000    0.000000    1.000000    0.000000
   60  1    7.241500    1.000000    0.000000    1.000000    0.000000
   61  1    7.846592    1.000000    0.000000    1.000000    0.000000
   62  1    8.110335    1.000000    0.000000    1.000000    0.000000
   63  1    8.368424    1.000000    0.000000    1.000000    0.000000
   64  1    8.383452    1.000000    0.000000    1.000000    0.000000
   65  1    8.679709    1.000000    0.000000    1.000000    0.000000
   66  1    8.752875    1.000000    0.000000    1.000000    0.000000
   67  1    9.898995    1.000000    0.000000   -0.994866    0.000000
   68  1    9.910481    1.000000    0.000000    0.995674    0.000000
   69  1   10.078432    1.000000    0.000000   -0.995955    0.000000
   70  1   10.142482    1.000000    0.000000    0.994790    0.000000
   71  1   10.228800    1.000000    0.000000    0.981008    0.000000
   72  1   10.465950    1.000000    0.000000   -0.981691    0.000000
  2
    1    2
    1  1  -41.237835    1.000000    0.000000    1.000000    0.000000
    2  1  -41.234775    1.000000    0.000000    1.000000    0.000000
    3  1  -40.239275    1.000000    0.000000   -1.000000    0.000000
    4  1  -40.171024    1.000000    0.000000    1.000000    0.000000
    5  1  -39.917841    1.000000    0.000000   -1.000000    0.000000
    6  1  -39.867991    1.000000    0.000000    1.000000    0.000000
    7  1  -39.491008    1.000000    0.000000   -1.000000    0.000000
    8  1  -39.423217    1.000000    0.000000    1.000000    0.000000
    9  1  -37.002344    1.000000    0.000000   -1.000000    0.000000
   10  1  -36.944994    1.000000    0.000000    1.000000    0.000000
   11  1  -36.709198    1.000000    0.000000   -1.000000    0.000000
   12  1  -36.660468    1.000000    0.000000    1.000000    0.000000
   13  1  -36.404092    1.000000    0.000000   -1.000000    0.000000
   14  1  -36.348049    1.000000    0.000000    1.000000    0.000000
   15  1   -8.631716    1.000000    0.000000   -1.000000    0.000000
   16  1   -8.506640    1.000000    0.000000    1.000000    0.000000
   17  1   -8.480068    1.000000    0.000000   -1.000000    0.000000
   18  1   -8.332435    1.000000    0.000000    1.000000    0.000000
   19  1   -7.932217    1.000000    0.000000    1.000000    0.000000
   20  1   -7.790189    1.000000    0.000000   -1.000000    0.000000
   21  1   -7.715159    1.000000    0.000000    1.000000    0.000000
   22  1   -7.546837    1.000000    0.000000   -1.000000    0.000000
   23  1   -0.119596    1.000000    0.000000    1.000000    0.000000
   24  1    0.018497    1.000000    0.000000   -1.000000    0.000000
   25  1    0.190200    1.000000    0.000000   -1.000000    0.000000
   26  1    0.300424    1.000000    0.000000    1.000000    0.000000
   27  1    0.462233    1.000000    0.000000    1.000000    0.000000
   28  1    0.701487    1.000000    0.000000   -1.000000    0.000000
   29  1    0.793871    1.000000    0.000000   -1.000000    0.000000
   30  1    0.802970    1.000000    0.000000    1.000000    0.000000
   31  1    1.024899    1.000000    0.000000   -1.000000    0.000000
   32  1    1.097988    1.000000    0.000000    1.000000    0.000000
   33  1    1.448180    1.000000    0.000000   -1.000000    0.000000
   34  1    1.465998    1.000000    0.000000    1.000000    0.000000
   35  1    1.627269    1.000000    0.000000   -1.000000    0.000000
   36  1    1.776613    1.000000    0.000000   -1.000000    0.000000
   37  1    1.783146    1.000000    0.000000    1.000000    0.000000
   38  1    2.061934    1.000000    0.000000    1.000000    0.000000
   39  1    2.178856    1.000000    0.000000   -1.000000    0.000000
   40  1    2.273112    1.000000    0.000000    1.000000    0.000000
   41  1    2.406066    1.000000    0.000000   -1.000000    0.000000
   42  1    2.459931    1.000000    0.000000    1.000000    0.000000
   43  1    2.894263    1.000000    0.000000   -1.000000    0.000000
   44  1    2.936024    1.000000    0.000000    1.000000    0.000000
   45  1    3.054070    1.000000    0.000000   -1.000000    0.000000
   46  1    3.086017    1.000000    0.000000    1.000000    0.000000
   47  1    3.200695    1.000000    0.000000    1.000000    0.000000
   48  1    3.266374    1.000000    0.000000   -1.000000    0.000000
   49  1    3.625396    1.000000    0.000000   -1.000000    0.000000
   50  1    3.811193    1.000000    0.000000    1.000000    0.000000
   51  1    3.878207    1.000000    0.000000    1.000000    0.000000
   52  1    4.149896    1.000000    0.000000   -1.000000    0.000000
   53  1    5.751969    1.000000    0.000000    1.000000    0.000000
   54  1    5.975554    1.000000    0.000000   -1.000000    0.000000
   55  1    6.498097    1.000000    0.000000   -1.000000    0.000000
   56  1    6.662116    1.000000    0.000000   -1.000000    0.000000
   57  1    6.718034    1.000000    0.000000    1.000000    0.000000
   58  1    6.761313    1.000000    0.000000    1.000000    0.000000
   59  1    7.484211    1.000000    0.000000    1.000000    0.000000
   60  1    7.714227    1.000000    0.000000   -1.000000    0.000000
   61  1    7.815036    1.000000    0.000000    1.000000    0.000000
   62  1    7.881195    1.000000    0.000000   -1.000000    0.000000
   63  1    8.007332    1.000000    0.000000   -1.000000    0.000000
   64  1    8.157504    1.000000    0.000000    1.000000    0.000000
   65  1    8.192151    1.000000    0.000000   -1.000000    0.000000
   66  1    8.194692    1.000000    0.000000    1.000000    0.000000
   67  1   10.048768    1.000000    0.000000    0.974840    0.000000
   68  1   10.119116    1.000000    0.000000   -0.971250    0.000000
   69  1   10.847276    1.000000    0.000000   -0.947832    0.000000
   70  1   10.860973    1.000000    0.000000    0.955939    0.000000
   71  1   11.156860    1.000000    0.000000   -0.881021    0.000000
   72  1   11.176726    1.000000    0.000000    0.873236    0.000000
  2
    1    2
    1  1  -41.237810    1.000000    0.000000   -1.000000    0.000000
    2  1  -41.234751    1.000000    0.000000   -1.000000    0.000000
    3  1  -40.240431    1.000000    0.000000   -1.000000    0.000000
    4  1  -40.169921    1.000000    0.000000   -1.000000    0.000000
    5  1  -39.917924    1.000000    0.000000   -1.000000    0.000000
    6  1  -39.867916    1.000000    0.000000   -1.000000    0.000000
    7  1  -39.492307    1.000000    0.000000   -1.000000    0.000000
    8  1  -39.421803    1.000000    0.000000   -1.000000    0.000000
    9  1  -37.004351    1.000000    0.000000   -1.000000    0.000000
   10  1  -36.943077    1.000000    0.000000   -1.000000    0.000000
   11  1  -36.709355    1.000000    0.000000   -1.000000    0.000000
   12  1  -36.660306    1.000000    0.000000   -1.000000    0.000000
   13  1  -36.406352    1.000000    0.000000   -1.000000    0.000000
   14  1  -36.345564    1.000000    0.000000   -1.000000    0.000000
   15  1   -9.169266    1.000000    0.000000    1.000000    0.000000
   16  1   -9.038466    1.000000    0.000000    1.000000    0.000000
   17  1   -8.166290    1.000000    0.000000   -1.000000    0.000000
   18  1   -7.931495    1.000000    0.000000   -1.000000    0.000000
   19  1   -7.664924    1.000000    0.000000    1.000000    0.000000
   20  1   -7.647679    1.000000    0.000000   -1.000000    0.000000
   21  1   -7.474220    1.000000    0.000000    1.000000    0.000000
   22  1   -7.397572    1.000000    0.000000   -1.000000    0.000000
   23  1   -1.253596    1.000000    0.000000    1.000000    0.000000
   24  1   -0.781963    1.000000    0.000000    1.000000    0.000000
   25  1   -0.380177    1.000000    0.000000    1.000000    0.000000
   26  1   -0.033526    1.000000    0.000000   -1.000000    0.000000
   27  1    0.027524    1.000000    0.000000   -1.000000    0.000000
   28  1    0.457503    1.000000    0.000000    1.000000    0.000000
   29  1    0.901468    1.000000    0.000000    1.000000    0.000000
   30  1    1.003288    1.000000    0.000000    1.000000    0.000000
   31  1    1.066145    1.000000    0.000000    1.000000    0.000000
   32  1    1.286341    1.000000    0.000000    1.000000    0.000000
   33  1    1.952153    1.000000    0.000000    1.000000    0.000000
   34  1    2.116264    1.000000    0.000000    1.000000    0.000000
   35  1    2.144034    1.000000    0.000000   -1.000000    0.000000
   36  1    2.277565    1.000000    0.000000    1.000000    0.000000
   37  1    2.283645    1.000000    0.000000    1.000000    0.000000
   38  1    2.302991    1.000000    0.000000    1.000000    0.000000
   39  1    2.322431    1.000000    0.000000   -1.000000    0.000000
   40  1    2.346890    1.000000    0.000000    1.000000    0.000000
   41  1    2.396104    1.000000    0.000000    1.000000    0.000000
   42  1    2.601771    1.000000    0.000000    1.000000    0.000000
   43  1    2.631614    1.000000    0.000000   -1.000000    0.000000
   44  1    2.681821    1.000000    0.000000   -1.000000    0.000000
   45  1    2.766049    1.000000    0.000000   -1.000000    0.000000
   46  1    2.847743    1.000000    0.000000   -1.000000    0.000000
   47  1    2.864876    1.000000    0.000000    1.000000    0.000000
   48  1    3.148699    1.000000    0.000000    1.000000    0.000000
   49  1    4.076651    1.000000    0.000000   -1.000000    0.000000
   50  1    4.162237    1.000000    0.000000   -1.000000    0.000000
   51  1    4.364361    1.000000    0.000000   -1.000000    0.000000
   52  1    4.450024    1.000000    0.000000   -1.000000    0.000000
   53  1    6.187447    1.000000    0.000000    1.000000    0.000000
   54  1    6.502405    1.000000    0.000000    1.000000    0.000000
   55  1    6.733758    1.000000    0.000000    1.000000    0.000000
   56  1    6.939266    1.000000    0.000000    1.000000    0.000000
   57  1    6.972193    1.000000    0.000000    1.000000    0.000000
   58  1    7.002138    1.000000    0.000000    1.000000    0.000000
   59  1    7.035495    1.000000    0.000000    1.000000    0.000000
   60  1    7.571367    1.000000    0.000000    1.000000    0.000000
   61  1    7.733137    1.000000    0.000000    1.000000    0.000000
   62  1    8.189131    1.000000    0.000000    1.000000    0.000000
   63  1    8.408291    1.000000    0.000000    1.000000    0.000000
   64  1    8.454361    1.000000    0.000000    1.000000    0.000000
   65  1    8.657283    1.000000    0.000000    0.999999    0.000000
   66  1    8.899437    1.000000    0.000000    0.999999    0.000000
   67  1    9.488288    1.000000    0.000000    0.999995    0.000000
   68  1    9.904627    1.000000    0.000000    0.999998    0.000000
   69  1   10.129673    1.000000    0.000000   -0.999476    0.000000
   70  1   10.182239    1.000000    0.000000   -0.999330    0.000000
   71  1   10.430838    1.000000    0.000000   -0.976296    0.000000
   72  1   10.654581    1.000000    0.000000   -0.767370    0.000000
  2
    1    2
    1  1  -41.236316    1.000000    0.000000   -1.000000    0.000000
    2  1  -41.233214    1.000000    0.000000   -1.000000    0.000000
    3  1  -40.247568    1.000000    0.000000    1.000000    0.000000
    4  1  -40.179769    1.000000    0.000000    1.000000    0.000000
    5  1  -39.915967    1.000000    0.000000    1.000000    0.000000
    6  1  -39.866184    1.000000    0.000000    1.000000    0.000000
    7  1  -39.500511    1.000000    0.000000    1.000000    0.000000
    8  1  -39.432216    1.000000    0.000000    1.000000    0.000000
    9  1  -37.012238    1.000000    0.000000    1.000000    0.000000
   10  1  -36.956208    1.000000    0.000000    1.000000    0.000000
   11  1  -36.706590    1.000000    0.000000    1.000000    0.000000
   12  1  -36.657821    1.000000    0.000000    1.000000    0.000000
   13  1  -36.415849    1.000000    0.000000    1.000000    0.000000
   14  1  -36.358442    1.000000    0.000000    1.000000    0.000000
   15  1   -7.803469    1.000000    0.000000    1.000000    0.000000
   16  1   -7.700413    1.000000    0.000000    1.000000    0.000000
   17  1   -7.633228    1.000000    0.000000   -1.000000    0.000000
   18  1   -7.583039    1.000000    0.000000    1.000000    0.000000
   19  1   -7.578425    1.000000    0.000000   -1.000000    0.000000
   20  1   -7.461000    1.000000    0.000000   -1.000000    0.000000
   21  1   -7.439498    1.000000    0.000000    1.000000    0.000000
   22  1   -7.372759    1.000000    0.000000   -1.000000    0.000000
   23  1   -1.184744    1.000000    0.000000   -1.000000    0.000000
   24  1   -1.077595    1.000000    0.000000   -1.000000    0.000000
   25  1   -0.712151    1.000000    0.000000   -1.000000    0.000000
   26  1   -0.588366    1.000000    0.000000   -1.000000    0.000000
   27  1    0.045754    1.000000    0.000000    1.000000    0.000000
   28  1    0.080764    1.000000    0.000000    1.000000    0.000000
   29  1    0.456240    1.000000    0.000000    1.000000    0.000000
   30  1    0.538630    1.000000    0.000000    1.000000    0.000000
   31  1    0.740322    1.000000    0.000000   -1.000000    0.000000
   32  1    0.923333    1.000000    0.000000   -1.000000    0.000000
   33  1    1.299936    1.000000    0.000000   -1.000000    0.000000
   34  1    1.434039    1.000000    0.000000   -1.000000    0.000000
   35  1    1.464672    1.000000    0.000000    1.000000    0.000000
   36  1    1.555303    1.000000    0.000000    1.000000    0.000000
   37  1    1.908775    1.000000    0.000000    1.000000    0.000000
   38  1    2.011888    1.000000    0.000000    1.000000    0.000000
   39  1    2.029172    1.000000    0.000000   -1.000000    0.000000
   40  1    2.061394    1.000000    0.000000   -1.000000    0.000000
   41  1    2.266485    1.000000    0.000000   -1.000000    0.000000
   42  1    2.356258    1.000000    0.000000   -1.000000    0.000000
   43  1    2.585800    1.000000    0.000000   -1.000000    0.000000
   44  1    2.607809    1.000000    0.000000   -1.000000    0.000000
   45  1    2.613146    1.000000    0.000000    1.000000    0.000000
   46  1    2.629860    1.000000    0.000000   -1.000000    0.000000
   47  1    2.663742    1.000000    0.000000   -1.000000    0.000000
   48  1    2.677751    1.000000    0.000000    1.000000    0.000000
   49  1    2.777117    1.000000    0.000000    1.000000    0.000000
   50  1    2.855818    1.000000    0.000000    1.000000    0.000000
   51  1    2.917082    1.000000    0.000000   -1.000000    0.000000
   52  1    2.921343    1.000000    0.000000   -1.000000    0.000000
   53  1    6.328281    1.000000    0.000000   -1.000000    0.000000
   54  1    6.399346    1.000000    0.000000   -1.000000    0.000000
   55  1    6.505447    1.000000    0.000000   -1.000000    0.000000
   56  1    6.590118    1.000000    0.000000   -1.000000    0.000000
   57  1    6.810265    1.000000    0.000000   -1.000000    0.000000
   58  1    6.815721    1.000000    0.000000   -1.000000    0.000000
   59  1    7.820887    1.000000    0.000000   -1.000000    0.000000
   60  1    7.844485    1.000000    0.000000   -1.000000    0.000000
   61  1    8.104559    1.000000    0.000000   -1.000000    0.000000
   62  1    8.117496    1.000000    0.000000   -1.000000    0.000000
   63  1    8.619576    1.000000    0.000000   -1.000000    0.000000
   64  1    8.651799    1.000000    0.000000   -1.000000    0.000000
   65  1    8.701432    1.000000    0.000000   -1.000000    0.000000
   66  1    8.782327    1.000000    0.000000   -0.999999    0.000000
   67  1   10.031000    1.000000    0.000000    0.993483    0.000000
   68  1   10.064158    1.000000    0.000000   -0.989464    0.000000
   69  1   10.124198    1.000000    0.000000    0.996405    0.000000
   70  1   10.213441    1.000000    0.000000   -0.991650    0.000000
   71  1   10.296891    1.000000    0.000000    0.950451    0.000000
   72  1   10.444489    1.000000    0.000000    0.937769    0.000000
  2
    1    2
    1  1  -41.236333    1.000000    0.000000   -1.000000    0.000000
    2  1  -41.233272    1.000000    0.000000   -1.000000    0.000000
    3  1  -40.247461    1.000000    0.000000    1.000000    0.000000
    4  1  -40.179639    1.000000    0.000000   -1.000000    0.000000
    5  1  -39.915971    1.000000    0.000000    1.000000    0.000000
    6  1  -39.866112    1.000000    0.000000   -1.000000    0.000000
    7  1  -39.500658    1.000000    0.000000    1.000000    0.000000
    8  1  -39.432342    1.000000    0.000000   -1.000000    0.000000
    9  1  -37.012015    1.000000    0.000000    1.000000    0.000000
   10  1  -36.955950    1.000000    0.000000   -1.000000    0.000000
   11  1  -36.706579    1.000000    0.000000    1.000000    0.000000
   12  1  -36.657770    1.000000    0.000000   -1.000000    0.000000
   13  1  -36.416110    1.000000    0.000000    1.000000    0.000000
   14  1  -36.358675    1.000000    0.000000   -1.000000    0.000000
   15  1   -7.828253    1.000000    0.000000   -1.000000    0.000000
   16  1   -7.787128    1.000000    0.000000    1.000000    0.000000
   17  1   -7.632501    1.000000    0.000000   -1.000000    0.000000
   18  1   -7.624027    1.000000    0.000000    1.000000    0.000000
   19  1   -7.557685    1.000000    0.000000    1.000000    0.000000
   20  1   -7.504127    1.000000    0.000000   -1.000000    0.000000
   21  1   -7.427535    1.000000    0.000000    1.000000    0.000000
   22  1   -7.267833    1.000000    0.000000   -1.000000    0.000000
   23  1   -0.471702    1.000000    0.000000    1.000000    0.000000
   24  1   -0.363043    1.000000    0.000000    1.000000    0.000000
   25  1   -0.332143    1.000000    0.000000   -1.000000    0.000000
   26  1   -0.182222    1.000000    0.000000   -1.000000    0.000000
   27  1   -0.133178    1.000000    0.000000    1.000000    0.000000
   28  1    0.115162    1.000000    0.000000   -1.000000    0.000000
   29  1    0.124134    1.000000    0.000000   -1.000000    0.000000
   30  1    0.128287    1.000000    0.000000    1.000000    0.000000
   31  1    0.539589    1.000000    0.000000    1.000000    0.000000
   32  1    0.932121    1.000000    0.000000   -1.000000    0.000000
   33  1    1.024537    1.000000    0.000000    1.000000    0.000000
   34  1    1.224617    1.000000    0.000000   -1.000000    0.000000
   35  1    1.363672    1.000000    0.000000   -1.000000    0.000000
   36  1    1.433874    1.000000    0.000000   -1.000000    0.000000
   37  1    1.548303    1.000000    0.000000    1.000000    0.000000
   38  1    1.634366    1.000000    0.000000    1.000000    0.000000
   39  1    1.772434    1.000000    0.000000   -1.000000    0.000000
   40  1    1.889053    1.000000    0.000000    1.000000    0.000000
   41  1    2.105390    1.000000    0.000000   -1.000000    0.000000
   42  1    2.272135    1.000000    0.000000    1.000000    0.000000
   43  1    2.306036    1.000000    0.000000    1.000000    0.000000
   44  1    2.349302    1.000000    0.000000   -1.000000    0.000000
   45  1    2.493885    1.000000    0.000000    1.000000    0.000000
   46  1    2.651363    1.000000    0.000000   -1.000000    0.000000
   47  1    2.662177    1.000000    0.000000    1.000000    0.000000
   48  1    2.734882    1.000000    0.000000   -1.000000    0.000000
   49  1    2.868175    1.000000    0.000000    1.000000    0.000000
   50  1    2.873044    1.000000    0.000000   -1.000000    0.000000
   51  1    3.180275    1.000000    0.000000    1.000000    0.000000
   52  1    3.456582    1.000000    0.000000   -1.000000    0.000000
   53  1    5.987212    1.000000    0.000000   -1.000000    0.000000
   54  1    6.088169    1.000000    0.000000    1.000000    0.000000
   55  1    6.610817    1.000000    0.000000   -1.000000    0.000000
   56  1    6.715751    1.000000    0.000000    1.000000    0.000000
   57  1    7.258114    1.000000    0.000000    1.000000    0.000000
   58  2    7.386613    2.000000    0.000000    0.000000    0.000000
   60  1    7.514929    1.000000    0.000000   -1.000000    0.000000
   61  1    7.592164    1.000000    0.000000   -1.000000    0.000000
   62  1    7.651968    1.000000    0.000000    1.000000    0.000000
   63  1    8.389065    1.000000    0.000000   -1.000000    0.000000
   64  1    8.407852    1.000000    0.000000    1.000000    0.000000
   65  1    8.465479    1.000000    0.000000   -0.999999    0.000000
   66  1    8.524615    1.000000    0.000000    1.000000    0.000000
   67  1   10.074562    1.000000    0.000000   -0.920924    0.000000
   68  1   10.139421    1.000000    0.000000    0.999024    0.000000
   69  1   10.319929    1.000000    0.000000    0.835761    0.000000
   70  1   10.656412    1.000000    0.000000    0.999381    0.000000
   71  1   10.714363    1.000000    0.000000    0.657454    0.000000
   72  1   10.949374    1.000000    0.000000   -0.538192    0.000000
  2
    1    2
    1  1  -41.236359    1.000000    0.000000    1.000000    0.000000
    2  1  -41.233298    1.000000    0.000000    1.000000    0.000000
    3  1  -40.247587    1.000000    0.000000    1.000000    0.000000
    4  1  -40.179787    1.000000    0.000000    1.000000    0.000000
    5  1  -39.915974    1.000000    0.000000    1.000000    0.000000
    6  1  -39.866116    1.000000    0.000000    1.000000    0.000000
    7  1  -39.500525    1.000000    0.000000    1.000000    0.000000
    8  1  -39.432230    1.000000    0.000000    1.000000    0.000000
    9  1  -37.012259    1.000000    0.000000    1.000000    0.000000
   10  1  -36.956228    1.000000    0.000000    1.000000    0.000000
   11  1  -36.706587    1.000000    0.000000    1.000000    0.000000
   12  1  -36.657783    1.000000    0.000000    1.000000    0.000000
   13  1  -36.415866    1.000000    0.000000    1.000000    0.000000
   14  1  -36.358460    1.000000    0.000000    1.000000    0.000000
   15  1   -7.717207    1.000000    0.000000    1.000000    0.000000
   16  1   -7.712754    1.000000    0.000000   -1.000000    0.000000
   17  1   -7.646234    1.000000    0.000000    1.000000    0.000000
   18  1   -7.625804    1.000000    0.000000   -1.000000    0.000000
   19  1   -7.539854    1.000000    0.000000   -1.000000    0.000000
   20  1   -7.494304    1.000000    0.000000    1.000000    0.000000
   21  1   -7.419176    1.000000    0.000000   -1.000000    0.000000
   22  1   -7.383847    1.000000    0.000000    1.000000    0.000000
   23  1   -1.283509    1.000000    0.000000   -1.000000    0.000000
   24  1   -1.226559    1.000000    0.000000   -1.000000    0.000000
   25  1   -0.823504    1.000000    0.000000   -1.000000    0.000000
   26  1   -0.760813    1.000000    0.000000   -1.000000    0.000000
   27  1   -0.174729    1.000000    0.000000    1.000000    0.000000
   28  1   -0.137394    1.000000    0.000000    1.000000    0.000000
   29  1    0.122105    1.000000    0.000000    1.000000    0.000000
   30  1    0.207086    1.000000    0.000000    1.000000    0.000000
   31  1    0.776830    1.000000    0.000000   -1.000000    0.000000
   32  1    1.006861    1.000000    0.000000   -1.000000    0.000000
   33  1    1.241354    1.000000    0.000000   -1.000000    0.000000
   34  1    1.387036    1.000000    0.000000   -1.000000    0.000000
   35  1    1.922464    1.000000    0.000000   -1.000000    0.000000
   36  1    1.934908    1.000000    0.000000   -1.000000    0.000000
   37  1    2.188669    1.000000    0.000000   -1.000000    0.000000
   38  1    2.268116    1.000000    0.000000   -1.000000    0.000000
   39  1    2.318188    1.000000    0.000000   -1.000000    0.000000
   40  1    2.460503    1.000000    0.000000    1.000000    0.000000
   41  1    2.515252    1.000000    0.000000   -1.000000    0.000000
   42  1    2.559144    1.000000    0.000000    1.000000    0.000000
   43  2    2.601213    2.000000    0.000000    0.000000    0.000000
   45  1    2.614290    1.000000    0.000000   -1.000000    0.000000
   46  1    2.710764    1.000000    0.000000    1.000000    0.000000
   47  1    2.810537    1.000000    0.000000    1.000000    0.000000
   48  1    2.820126    1.000000    0.000000   -1.000000    0.000000
   49  1    2.838037    1.000000    0.000000    1.000000    0.000000
   50  1    2.862787    1.000000    0.000000   -1.000000    0.000000
   51  1    2.974254    1.000000    0.000000    1.000000    0.000000
   52  1    3.008869    1.000000    0.000000    1.000000    0.000000
   53  1    6.134050    1.000000    0.000000   -1.000000    0.000000
   54  1    6.240419    1.000000    0.000000   -1.000000    0.000000
   55  1    6.472909    1.000000    0.000000   -1.000000    0.000000
   56  1    6.531643    1.000000    0.000000   -1.000000    0.000000
   57  1    6.829369    1.000000    0.000000   -1.000000    0.000000
   58  1    6.836131    1.000000    0.000000   -1.000000    0.000000
   59  1    7.696205    1.000000    0.000000   -1.000000    0.000000
   60  1    7.744622    1.000000    0.000000   -1.000000    0.000000
   61  1    8.179261    1.000000    0.000000   -1.000000    0.000000
   62  1    8.201872    1.000000    0.000000   -1.000000    0.000000
   63  1    8.530317    1.000000    0.000000   -0.999999    0.000000
   64  1    8.599445    1.000000    0.000000   -1.000000    0.000000
   65  1    8.823912    1.000000    0.000000   -0.999999    0.000000
   66  1    8.934686    1.000000    0.000000   -0.999999    0.000000
   67  1    9.251089    1.000000    0.000000   -0.999992    0.000000
   68  1    9.684363    1.000000    0.000000   -0.999934    0.000000
   69  1    9.743599    1.000000    0.000000   -0.999809    0.000000
   70  1    9.919198    1.000000    0.000000    0.992628    0.000000
   71  1    9.977149    1.000000    0.000000    0.998263    0.000000
   72  1   10.235665    1.000000    0.000000   -0.781443    0.000000
  2
    1    2
    1  1  -41.237823    1.000000    0.000000   -1.000000    0.000000
    2  1  -41.234720    1.000000    0.000000   -1.000000    0.000000
    3  1  -40.239274    1.000000    0.000000   -1.000000    0.000000
    4  1  -40.171025    1.000000    0.000000    1.000000    0.000000
    5  1  -39.917837    1.000000    0.000000   -1.000000    0.000000
    6  1  -39.868066    1.000000    0.000000    1.000000    0.000000
    7  1  -39.491007    1.000000    0.000000   -1.000000    0.000000
    8  1  -39.423216    1.000000    0.000000    1.000000    0.000000
    9  1  -37.002345    1.000000    0.000000   -1.000000    0.000000
   10  1  -36.944996    1.000000    0.000000    1.000000    0.000000
   11  1  -36.709199    1.000000    0.000000   -1.000000    0.000000
   12  1  -36.660507    1.000000    0.000000    1.000000    0.000000
   13  1  -36.404093    1.000000    0.000000   -1.000000    0.000000
   14  1  -36.348049    1.000000    0.000000    1.000000    0.000000
   15  1   -8.742101    1.000000    0.000000   -1.000000    0.000000
   16  1   -8.623278    1.000000    0.000000    1.000000    0.000000
   17  1   -8.588834    1.000000    0.000000   -1.000000    0.000000
   18  1   -8.448169    1.000000    0.000000    1.000000    0.000000
   19  1   -7.773061    1.000000    0.000000    1.000000    0.000000
   20  1   -7.626821    1.000000    0.000000   -1.000000    0.000000
   21  1   -7.551834    1.000000    0.000000    1.000000    0.000000
   22  1   -7.380307    1.000000    0.000000   -1.000000    0.000000
   23  1   -0.362263    1.000000    0.000000   -1.000000    0.000000
   24  1   -0.256544    1.000000    0.000000    1.000000    0.000000
   25  1    0.114412    1.000000    0.000000   -1.000000    0.000000
   26  1    0.165441    1.000000    0.000000    1.000000    0.000000
   27  1    0.237421    1.000000    0.000000   -1.000000    0.000000
   28  1    0.243670    1.000000    0.000000    1.000000    0.000000
   29  1    0.770552    1.000000    0.000000    1.000000    0.000000
   30  1    0.989562    1.000000    0.000000   -1.000000    0.000000
   31  1    1.152487    1.000000    0.000000    1.000000    0.000000
   32  1    1.165068    1.000000    0.000000   -1.000000    0.000000
   33  1    1.444404    1.000000    0.000000    1.000000    0.000000
   34  1    1.456929    1.000000    0.000000   -1.000000    0.000000
   35  1    1.605126    1.000000    0.000000   -1.000000    0.000000
   36  1    1.740004    1.000000    0.000000    1.000000    0.000000
   37  1    1.803526    1.000000    0.000000    1.000000    0.000000
   38  1    1.805828    1.000000    0.000000   -1.000000    0.000000
   39  1    2.211003    1.000000    0.000000   -1.000000    0.000000
   40  1    2.228170    1.000000    0.000000    1.000000    0.000000
   41  1    2.293386    1.000000    0.000000    1.000000    0.000000
   42  1    2.346781    1.000000    0.000000   -1.000000    0.000000
   43  1    3.165724    1.000000    0.000000    1.000000    0.000000
   44  1    3.225364    1.000000    0.000000   -1.000000    0.000000
   45  1    3.287973    1.000000    0.000000   -1.000000    0.000000
   46  1    3.423140    1.000000    0.000000    1.000000    0.000000
   47  1    3.494934    1.000000    0.000000   -1.000000    0.000000
   48  1    3.514052    1.000000    0.000000    1.000000    0.000000
   49  1    3.643764    1.000000    0.000000   -1.000000    0.000000
   50  1    3.680815    1.000000    0.000000    1.000000    0.000000
   51  1    3.764714    1.000000    0.000000    1.000000    0.000000
   52  1    4.115538    1.000000    0.000000   -1.000000    0.000000
   53  1    6.050202    1.000000    0.000000    1.000000    0.000000
   54  1    6.344478    1.000000    0.000000   -1.000000    0.000000
   55  1    6.661306    1.000000    0.000000   -1.000000    0.000000
   56  1    6.698557    1.000000    0.000000   -1.000000    0.000000
   57  1    6.716006    1.000000    0.000000    1.000000    0.000000
   58  1    6.831196    1.000000    0.000000    1.000000    0.000000
   59  1    7.734654    1.000000    0.000000    1.000000    0.000000
   60  1    7.757063    1.000000    0.000000   -1.000000    0.000000
   61  1    7.760604    1.000000    0.000000    1.000000    0.000000
   62  1    7.866154    1.000000    0.000000   -1.000000    0.000000
   63  1    7.953587    1.000000    0.000000    1.000000    0.000000
   64  1    8.139104    1.000000    0.000000   -1.000000    0.000000
   65  1    8.197209    1.000000    0.000000   -1.000000    0.000000
   66  1    8.213297    1.000000    0.000000    1.000000    0.000000
   67  1   10.041054    1.000000    0.000000    0.968424    0.000000
   68  1   10.149019    1.000000    0.000000   -0.965997    0.000000
   69  1   10.432801    1.000000    0.000000    0.999773    0.000000
   70  1   10.761768    1.000000    0.000000   -0.991945    0.000000
   71  1   10.788727    1.000000    0.000000    0.997771    0.000000
   72  1   11.225706    1.000000    0.000000   -0.950274    0.000000
  2
    1    2
    1  1  -41.236338    1.000000    0.000000    1.000000    0.000000
    2  1  -41.233235    1.000000    0.000000    1.000000    0.000000
    3  1  -40.247468    1.000000    0.000000    1.000000    0.000000
    4  1  -40.179647    1.000000    0.000000   -1.000000    0.000000
    5  1  -39.915977    1.000000    0.000000    1.000000    0.000000
    6  1  -39.866192    1.000000    0.000000   -1.000000    0.000000
    7  1  -39.500662    1.000000    0.000000    1.000000    0.000000
    8  1  -39.432347    1.000000    0.000000   -1.000000    0.000000
    9  1  -37.012024    1.000000    0.000000    1.000000    0.000000
   10  1  -36.955960    1.000000    0.000000   -1.000000    0.000000
   11  1  -36.706609    1.000000    0.000000    1.000000    0.000000
   12  1  -36.657834    1.000000    0.000000   -1.000000    0.000000
   13  1  -36.416117    1.000000    0.000000    1.000000    0.000000
   14  1  -36.358683    1.000000    0.000000   -1.000000    0.000000
   15  1   -7.920757    1.000000    0.000000   -1.000000    0.000000
   16  1   -7.833300    1.000000    0.000000    1.000000    0.000000
   17  1   -7.726322    1.000000    0.000000   -1.000000    0.000000
   18  1   -7.604668    1.000000    0.000000    1.000000    0.000000
   19  1   -7.526025    1.000000    0.000000    1.000000    0.000000
   20  1   -7.458145    1.000000    0.000000   -1.000000    0.000000
   21  1   -7.328317    1.000000    0.000000    1.000000    0.000000
   22  1   -7.221335    1.000000    0.000000   -1.000000    0.000000
   23  1   -0.357224    1.000000    0.000000    1.000000    0.000000
   24  1   -0.196282    1.000000    0.000000   -1.000000    0.000000
   25  1   -0.122309    1.000000    0.000000    1.000000    0.000000
   26  1   -0.096223    1.000000    0.000000   -1.000000    0.000000
   27  1    0.006286    1.000000    0.000000    1.000000    0.000000
   28  1    0.225996    1.000000    0.000000   -1.000000    0.000000
   29  1    0.298769    1.000000    0.000000   -1.000000    0.000000
   30  1    0.493459    1.000000    0.000000    1.000000    0.000000
   31  1    0.564365    1.000000    0.000000    1.000000    0.000000
   32  1    0.777790    1.000000    0.000000   -1.000000    0.000000
   33  1    0.949546    1.000000    0.000000   -1.000000    0.000000
   34  1    1.098278    1.000000    0.000000    1.000000    0.000000
   35  1    1.187640    1.000000    0.000000   -1.000000    0.000000
   36  1    1.300520    1.000000    0.000000   -1.000000    0.000000
   37  1    1.337687    1.000000    0.000000   -1.000000    0.000000
   38  1    1.357559    1.000000    0.000000    1.000000    0.000000
   39  1    1.724971    1.000000    0.000000    1.000000    0.000000
   40  1    1.744539    1.000000    0.000000    1.000000    0.000000
   41  1    1.774238    1.000000    0.000000   -1.000000    0.000000
   42  1    2.029278    1.000000    0.000000   -1.000000    0.000000
   43  1    2.092401    1.000000    0.000000    1.000000    0.000000
   44  1    2.280109    1.000000    0.000000    1.000000    0.000000
   45  1    2.569265    1.000000    0.000000    1.000000    0.000000
   46  1    2.587065    1.000000    0.000000   -1.000000    0.000000
   47  1    2.678302    1.000000    0.000000   -1.000000    0.000000
   48  1    2.685496    1.000000    0.000000    1.000000    0.000000
   49  1    2.687235    1.000000    0.000000   -1.000000    0.000000
   50  1    2.783359    1.000000    0.000000    1.000000    0.000000
   51  1    3.609222    1.000000    0.000000    1.000000    0.000000
   52  1    3.778725    1.000000    0.000000   -1.000000    0.000000
   53  1    5.530163    1.000000    0.000000   -1.000000    0.000000
   54  1    5.811490    1.000000    0.000000    1.000000    0.000000
   55  1    6.394017    1.000000    0.000000   -1.000000    0.000000
   56  1    6.630551    1.000000    0.000000    1.000000    0.000000
   57  1    7.126542    1.000000    0.000000   -1.000000    0.000000
   58  1    7.329832    1.000000    0.000000    1.000000    0.000000
   59  1    7.495967    1.000000    0.000000   -1.000000    0.000000
   60  1    7.529449    1.000000    0.000000    1.000000    0.000000
   61  1    7.801442    1.000000    0.000000   -1.000000    0.000000
   62  1    7.830845    1.000000    0.000000    1.000000    0.000000
   63  1    8.267962    1.000000    0.000000   -1.000000    0.000000
   64  1    8.353259    1.000000    0.000000   -1.000000    0.000000
   65  1    8.413210    1.000000    0.000000    1.000000    0.000000
   66  1    8.457755    1.000000    0.000000    1.000000    0.000000
   67  1   10.026137    1.000000    0.000000   -0.992998    0.000000
   68  1   10.124454    1.000000    0.000000    0.986046    0.000000
   69  1   10.625594    1.000000    0.000000    0.993420    0.000000
   70  1   10.866362    1.000000    0.000000   -0.999993    0.000000
   71  1   11.060803    1.000000    0.000000    0.998459    0.000000
   72  1   11.364948    1.000000    0.000000   -0.999575    0.000000
