   39   48
  1
  8
  1  0  0  0  1  0  0  0  1    0.000000    0.000000    0.000000    1.000000    0.000000    0.000000    0.000000    0.000000    0.000000    1.000000    0.000000  1
  0  1 -1  1  0 -1  0  0 -1    0.000000    0.000000    0.000000    0.000000    0.000000    0.000000   -1.000000    0.000000   -1.000000    0.000000    0.000000  1
 -1  0  0  0 -1  0  0  0 -1    0.000000    0.000000    0.000000    1.000000    0.000000    0.000000    0.000000    0.000000    0.000000    1.000000    0.000000  1
  0 -1  1 -1  0  1  0  0  1    0.000000    0.000000    0.000000    0.000000    0.000000    0.000000   -1.000000    0.000000   -1.000000    0.000000    0.000000  1
  0 -1  1  0 -1  0  1 -1  0    0.000000    0.000000    0.000000    0.000000   -1.000000    0.000000    0.000000    0.000000    0.000000    0.000000    1.000000 -1
 -1  0  0 -1  0  1 -1  1  0    0.000000    0.000000    0.000000    0.000000    0.000000   -1.000000    0.000000    1.000000    0.000000    0.000000    0.000000 -1
  0  1 -1  0  1  0 -1  1  0    0.000000    0.000000    0.000000    0.000000   -1.000000    0.000000    0.000000    0.000000    0.000000    0.000000    1.000000 -1
  1  0  0  1  0 -1  1 -1  0    0.000000    0.000000    0.000000    0.000000    0.000000   -1.000000    0.000000    1.000000    0.000000    0.000000    0.000000 -1
  7
    0.000000    0.000000    0.000000
    0.000000    0.500000    0.000000
    0.500000    0.000000    0.000000
    0.000000    0.000000    0.500000
    0.500000    0.500000    0.000000
    0.250000    0.250000    0.250000
    0.500000    0.500000    0.500000
  4
    1    2    3    4
    1  1  -56.332420    1.000000    0.000000    0.000000   -1.000000    1.000000    0.000000    0.000000   -1.000000
    2  1  -56.306726    1.000000    0.000000    0.000000    1.000000   -1.000000    0.000000    0.000000   -1.000000
    3  1  -56.239309    1.000000    0.000000    0.000000    1.000000    1.000000    0.000000    0.000000    1.000000
    4  1  -56.213135    1.000000    0.000000    0.000000   -1.000000   -1.000000    0.000000    0.000000    1.000000
    5  1  -54.304177    1.000000    0.000000    0.000000   -1.000000    1.000000    0.000000    0.000000   -1.000000
    6  1  -54.274787    1.000000    0.000000    0.000000    1.000000   -1.000000    0.000000    0.000000   -1.000000
    7  1  -54.213852    1.000000    0.000000    0.000000    1.000000    1.000000    0.000000    0.000000    1.000000
    8  1  -54.183234    1.000000    0.000000    0.000000   -1.000000   -1.000000    0.000000    0.000000    1.000000
    9  1  -53.863509    1.000000    0.000000    0.000000   -1.000000    1.000000    0.000000    0.000000   -1.000000
   10  1  -53.833865    1.000000    0.000000    0.000000    1.000000   -1.000000    0.000000    0.000000   -1.000000
   11  1  -53.664277    1.000000    0.000000    0.000000    1.000000    1.000000    0.000000    0.000000    1.000000
   12  1  -53.635853    1.000000    0.000000    0.000000   -1.000000   -1.000000    0.000000    0.000000    1.000000
   13  1  -37.256109    1.000000    0.000000    0.000000    0.999917    1.000000    0.000000    0.000000    0.999917
   14  1  -37.249031    1.000000    0.000000    0.000000   -0.999917    1.000000    0.000000    0.000000   -0.999917
   15  1   -2.985894    1.000000    0.000000    0.000000    0.999799    1.000000    0.000000    0.000000    0.999799
   16  1   -2.940851    1.000000    0.000000    0.000000   -0.999799    1.000000    0.000000    0.000000   -0.999799
   17  1    2.686058    1.000000    0.000000    0.000000    1.000000   -1.000000    0.000000    0.000000   -1.000000
   18  1    2.856546    1.000000    0.000000    0.000000   -0.999996   -1.000000    0.000000    0.000000    0.999996
   19  1    2.894430    1.000000    0.000000    0.000000    0.999919   -1.000000    0.000000    0.000000   -0.999919
   20  1    2.904081    1.000000    0.000000    0.000000    1.000000    1.000000    0.000000    0.000000    1.000000
   21  1    2.913786    1.000000    0.000000    0.000000   -0.999923   -1.000000    0.000000    0.000000    0.999924
   22  1    3.144618    1.000000    0.000000    0.000000    0.997143   -1.000000    0.000000    0.000000   -0.997143
   23  1    3.146408    1.000000    0.000000    0.000000   -0.997148   -1.000000    0.000000    0.000000    0.997148
   24  1    3.629299    1.000000    0.000000    0.000000   -1.000000    1.000000    0.000000    0.000000   -1.000000
   25  1    4.480668    1.000000    0.000000    0.000000    1.000000    1.000000    0.000000    0.000000    1.000000
   26  1    4.916987    1.000000    0.000000    0.000000   -1.000000   -1.000000    0.000000    0.000000    1.000000
   27  1    5.001907    1.000000    0.000000    0.000000   -1.000000    1.000000    0.000000    0.000000   -1.000000
   28  1    5.276867    1.000000    0.000000    0.000000    0.999998    1.000000    0.000000    0.000000    0.999998
   29  1    5.291649    1.000000    0.000000    0.000000   -0.999997    1.000000    0.000000    0.000000   -0.999997
   30  1    5.415995    1.000000    0.000000    0.000000    1.000000    1.000000    0.000000    0.000000    1.000000
   31  1    5.698680    1.000000    0.000000    0.000000   -0.999997    1.000000    0.000000    0.000000   -0.999997
   32  1    5.737474    1.000000    0.000000    0.000000    0.999998    1.000000    0.000000    0.000000    0.999998
   33  1    5.760960    1.000000    0.000000    0.000000    1.000000   -1.000000    0.000000    0.000000   -1.000000
   34  1    6.144263    1.000000    0.000000    0.000000   -1.000000    1.000000    0.000000    0.000000   -1.000000
   35  1    6.849946    1.000000    0.000000    0.000000   -1.000000   -1.000000    0.000000    0.000000    1.000000
   36  1    8.799950    1.000000    0.000000    0.000000    1.000000   -1.000000    0.000000    0.000000   -1.000000
   37  1   11.304106    1.000000    0.000000    0.000000    0.999989   -0.999999    0.000000    0.000000   -0.999989
   38  1   11.384794    1.000000    0.000000    0.000000   -0.999987   -1.000000    0.000000    0.000000    0.999987
   39  1   11.428172    1.000000    0.000000    0.000000   -0.998993   -1.000000    0.000000    0.000000    0.998993
   40  1   11.430077    1.000000    0.000000    0.000000    0.998990   -1.000000    0.000000    0.000000   -0.998990
   41  1   11.451227    1.000000    0.000000    0.000000    0.842780    1.000000    0.000000    0.000000    0.842780
   42  1   11.454149    1.000000    0.000000    0.000000   -0.842783    1.000000    0.000000    0.000000   -0.842783
   43  1   11.570583    1.000000    0.000000    0.000000   -0.999705   -1.000000    0.000000    0.000000    0.999706
   44  1   11.573474    1.000000    0.000000    0.000000    0.999704   -0.999999    0.000000    0.000000   -0.999703
   45  1   11.607689    1.000000    0.000000    0.000000    0.257608    1.000000    0.000000    0.000000    0.257608
   46  1   11.609646    1.000000    0.000000    0.000000   -0.257657    1.000000    0.000000    0.000000   -0.257657
   47  1   11.702592    1.000000    0.000000    0.000000    0.966759    1.000000    0.000000    0.000000    0.966759
   48  1   11.703729    1.000000    0.000000    0.000000   -0.966788    1.000000    0.000000    0.000000   -0.966788
  2
    1    3
    1  1  -56.322294    1.000000    0.000000   -1.000000    0.000000
    2  1  -56.317510    1.000000    0.000000    1.000000    0.000000
    3  1  -56.227546    1.000000    0.000000   -1.000000    0.000000
    4  1  -56.224498    1.000000    0.000000    1.000000    0.000000
    5  1  -54.293723    1.000000    0.000000   -1.000000    0.000000
    6  1  -54.285711    1.000000    0.000000    1.000000    0.000000
    7  1  -54.199573    1.000000    0.000000   -1.000000    0.000000
    8  1  -54.197608    1.000000    0.000000    1.000000    0.000000
    9  1  -53.854158    1.000000    0.000000   -1.000000    0.000000
   10  1  -53.843345    1.000000    0.000000    1.000000    0.000000
   11  1  -53.658747    1.000000    0.000000   -1.000000    0.000000
   12  1  -53.639611    1.000000    0.000000    1.000000    0.000000
   13  1  -37.253651    1.000000    0.000000    1.000000    0.000000
   14  1  -37.246640    1.000000    0.000000    1.000000    0.000000
   15  1   -0.307681    1.000000    0.000000    1.000000    0.000000
   16  1   -0.299500    1.000000    0.000000    1.000000    0.000000
   17  1    1.207567    1.000000    0.000000   -1.000000    0.000000
   18  1    1.601566    1.000000    0.000000   -1.000000    0.000000
   19  1    3.306429    1.000000    0.000000    1.000000    0.000000
   20  1    3.752916    1.000000    0.000000   -1.000000    0.000000
   21  1    4.142178    1.000000    0.000000   -1.000000    0.000000
   22  1    4.176979    1.000000    0.000000    1.000000    0.000000
   23  1    4.265446    1.000000    0.000000   -1.000000    0.000000
   24  1    4.378758    1.000000    0.000000    1.000000    0.000000
   25  1    4.391855    1.000000    0.000000   -1.000000    0.000000
   26  1    4.518249    1.000000    0.000000   -1.000000    0.000000
   27  1    4.539214    1.000000    0.000000    1.000000    0.000000
   28  1    4.818005    1.000000    0.000000    1.000000    0.000000
   29  1    4.901573    1.000000    0.000000    1.000000    0.000000
   30  1    5.163140    1.000000    0.000000   -1.000000    0.000000
   31  1    5.200942    1.000000    0.000000    1.000000    0.000000
   32  1    5.421194    1.000000    0.000000   -1.000000    0.000000
   33  1    5.427433    1.000000    0.000000    1.000000    0.000000
   34  1    5.585422    1.000000    0.000000    1.000000    0.000000
   35  1    5.730966    1.000000    0.000000   -1.000000    0.000000
   36  1    5.763460    1.000000    0.000000   -1.000000    0.000000
   37  1    5.781511    1.000000    0.000000   -1.000000    0.000000
   38  1    5.843267    1.000000    0.000000   -1.000000    0.000000
   39  1    5.853071    1.000000    0.000000   -1.000000    0.000000
   40  1    6.012927    1.000000    0.000000   -1.000000    0.000000
   41  1    7.430343    1.000000    0.000000    1.000000    0.000000
   42  1    8.829552    1.000000    0.000000   -1.000000    0.000000
   43  1   10.228771    1.000000    0.000000    1.000000    0.000000
   44  1   11.230206    1.000000    0.000000    1.000000    0.000000
   45  1   11.888120    1.000000    0.000000    1.000000    0.000000
   46  1   11.994498    1.000000    0.000000    1.000000    0.000000
   47  1   18.461719    1.000000    0.000000    0.999184    0.000000
   48  1   18.537864    1.000000    0.000000    0.967601    0.000000
  2
    1    3
    1  2  -56.319514    2.000000    0.000000    0.000000    0.000000
    3  2  -56.226241    2.000000    0.000000    0.000000    0.000000
    5  2  -54.289453    2.000000    0.000000    0.000000    0.000000
    7  2  -54.198642    2.000000    0.000000    0.000000    0.000000
    9  2  -53.848790    2.000000    0.000000    0.000000    0.000000
   11  2  -53.649803    2.000000    0.000000    0.000000    0.000000
   13  1  -37.254245    1.000000    0.000000   -1.000000    0.000000
   14  1  -37.247212    1.000000    0.000000   -1.000000    0.000000
   15  1   -1.231000    1.000000    0.000000    1.000000    0.000000
   16  1   -1.209993    1.000000    0.000000    1.000000    0.000000
   17  1    2.065815    1.000000    0.000000   -1.000000    0.000000
   18  1    2.108279    1.000000    0.000000   -1.000000    0.000000
   19  1    3.297537    1.000000    0.000000   -1.000000    0.000000
   20  1    3.516183    1.000000    0.000000   -1.000000    0.000000
   21  1    3.631034    1.000000    0.000000    1.000000    0.000000
   22  1    3.821841    1.000000    0.000000   -1.000000    0.000000
   23  1    4.131394    1.000000    0.000000   -1.000000    0.000000
   24  1    4.146921    1.000000    0.000000    1.000000    0.000000
   25  1    4.339820    1.000000    0.000000   -1.000000    0.000000
   26  1    4.521980    1.000000    0.000000    1.000000    0.000000
   27  1    4.557088    1.000000    0.000000    1.000000    0.000000
   28  1    4.634806    1.000000    0.000000    1.000000    0.000000
   29  1    4.656236    1.000000    0.000000   -1.000000    0.000000
   30  1    4.784517    1.000000    0.000000   -1.000000    0.000000
   31  1    4.833739    1.000000    0.000000    1.000000    0.000000
   32  1    4.943186    1.000000    0.000000    1.000000    0.000000
   33  1    5.109044    1.000000    0.000000   -1.000000    0.000000
   34  1    5.240043    1.000000    0.000000    1.000000    0.000000
   35  1    5.439386    1.000000    0.000000    1.000000    0.000000
   36  1    5.548306    1.000000    0.000000   -1.000000    0.000000
   37  1    6.825558    1.000000    0.000000   -1.000000    0.000000
   38  1    6.828421    1.000000    0.000000    1.000000    0.000000
   39  1    9.695405    1.000000    0.000000   -1.000000    0.000000
   40  1    9.726340    1.000000    0.000000   -1.000000    0.000000
   41  1    9.944426    1.000000    0.000000   -1.000000    0.000000
   42  1   10.522647    1.000000    0.000000   -1.000000    0.000000
   43  1   11.331063    1.000000    0.000000    1.000000    0.000000
   44  1   11.408836    1.000000    0.000000    1.000000    0.000000
   45  1   11.592890    1.000000    0.000000    1.000000    0.000000
   46  1   11.657272    1.000000    0.000000    1.000000    0.000000
   47  1   11.800062    1.000000    0.000000    1.000000    0.000000
   48  1   12.257862    1.000000    0.000000    1.000000    0.000000
  4
    1    2    3    4
    1  2  -56.319569    2.000000    0.000000    0.000000    0.000000    0.000000    0.000000    0.000000   -1.999999
    3  2  -56.226179    2.000000    0.000000    0.000000    0.000000    0.000000    0.000000    0.000000    2.000000
    5  2  -54.289551    2.000000    0.000000    0.000000    0.000000    0.000000    0.000000    0.000000   -1.999999
    7  2  -54.198631    2.000000    0.000000    0.000000    0.000000    0.000000    0.000000    0.000000    2.000000
    9  2  -53.848582    2.000000    0.000000    0.000000    0.000000    0.000000    0.000000    0.000000   -2.000000
   11  2  -53.649934    2.000000    0.000000    0.000000    0.000000    0.000000    0.000000    0.000000    2.000000
   13  1  -37.254245    1.000000    0.000000    0.000000   -0.999916   -1.000000    0.000000    0.000000    0.999917
   14  1  -37.247212    1.000000    0.000000    0.000000    0.999916   -1.000000    0.000000    0.000000   -0.999916
   15  1   -1.231086    1.000000    0.000000    0.000000    0.999470    1.000000    0.000000    0.000000    0.999470
   16  1   -1.209885    1.000000    0.000000    0.000000   -0.999467    1.000000    0.000000    0.000000   -0.999467
   17  1    2.065852    1.000000    0.000000    0.000000   -0.999733   -1.000000    0.000000    0.000000    0.999733
   18  1    2.108251    1.000000    0.000000    0.000000    0.999731   -1.000000    0.000000    0.000000   -0.999731
   19  1    3.302174    1.000000    0.000000    0.000000   -1.000000   -1.000000    0.000000    0.000000    1.000000
   20  1    3.503679    1.000000    0.000000    0.000000    1.000000   -1.000000    0.000000    0.000000   -0.999999
   21  1    3.631174    1.000000    0.000000    0.000000    1.000000    1.000000    0.000000    0.000000    1.000000
   22  1    3.834197    1.000000    0.000000    0.000000   -1.000000   -1.000000    0.000000    0.000000    1.000000
   23  1    4.128539    1.000000    0.000000    0.000000    1.000000   -1.000000    0.000000    0.000000   -0.999999
   24  1    4.148066    1.000000    0.000000    0.000000   -1.000000    1.000000    0.000000    0.000000   -1.000000
   25  1    4.344972    1.000000    0.000000    0.000000   -0.999999   -1.000000    0.000000    0.000000    0.999999
   26  1    4.504520    1.000000    0.000000    0.000000    0.999999    1.000000    0.000000    0.000000    0.999999
   27  1    4.574577    1.000000    0.000000    0.000000   -0.999996    1.000000    0.000000    0.000000   -0.999996
   28  1    4.617471    1.000000    0.000000    0.000000    1.000000   -1.000000    0.000000    0.000000   -1.000000
   29  1    4.621787    1.000000    0.000000    0.000000    0.999998    1.000000    0.000000    0.000000    0.999998
   30  1    4.839776    1.000000    0.000000    0.000000    0.999999   -1.000000    0.000000    0.000000   -0.999999
   31  1    4.854423    1.000000    0.000000    0.000000   -0.999999    1.000000    0.000000    0.000000   -0.999999
   32  1    4.956313    1.000000    0.000000    0.000000   -0.999997    1.000000    0.000000    0.000000   -0.999997
   33  1    5.075327    1.000000    0.000000    0.000000   -0.999999   -1.000000    0.000000    0.000000    0.999999
   34  1    5.196372    1.000000    0.000000    0.000000    0.999998    1.000000    0.000000    0.000000    0.999998
   35  1    5.461512    1.000000    0.000000    0.000000    1.000000    1.000000    0.000000    0.000000    1.000000
   36  1    5.560632    1.000000    0.000000    0.000000   -1.000000   -1.000000    0.000000    0.000000    1.000000
   37  1    6.823337    1.000000    0.000000    0.000000    1.000000   -1.000000    0.000000    0.000000   -1.000000
   38  1    6.827811    1.000000    0.000000    0.000000   -1.000000    1.000000    0.000000    0.000000   -1.000000
   39  2    9.709114    2.000000    0.000000    0.000000   -0.000197   -2.000000    0.000000    0.000000    0.000197
   41  1    9.948832    1.000000    0.000000    0.000000   -0.999999   -1.000000    0.000000    0.000000    1.000000
   42  1   10.521504    1.000000    0.000000    0.000000    1.000000   -1.000000    0.000000    0.000000   -1.000000
   43  1   11.331254    1.000000    0.000000    0.000000   -0.999918    1.000000    0.000000    0.000000   -0.999918
   44  1   11.408714    1.000000    0.000000    0.000000    0.999916    1.000000    0.000000    0.000000    0.999916
   45  1   11.593881    1.000000    0.000000    0.000000    0.999999    1.000000    0.000000    0.000000    0.999999
   46  1   11.656123    1.000000    0.000000    0.000000   -0.999998    1.000000    0.000000    0.000000   -0.999998
   47  1   11.800502    1.000000    0.000000    0.000000    0.999998    1.000000    0.000000    0.000000    0.999998
   48  1   12.257535    1.000000    0.000000    0.000000   -0.999999    1.000000    0.000000    0.000000   -0.999999
  4
    1    2    3    4
    1  2  -56.319569    2.000000    0.000000    0.000000    0.000000    0.000000    0.000000    0.000000   -1.999999
    3  2  -56.226180    2.000000    0.000000    0.000000    0.000000    0.000000    0.000000    0.000000    2.000000
    5  2  -54.289550    2.000000    0.000000    0.000000    0.000000    0.000000    0.000000    0.000000   -1.999999
    7  2  -54.198632    2.000000    0.000000    0.000000    0.000000    0.000000    0.000000    0.000000    2.000000
    9  2  -53.848582    2.000000    0.000000    0.000000    0.000000    0.000000    0.000000    0.000000   -2.000000
   11  2  -53.649934    2.000000    0.000000    0.000000    0.000000    0.000000    0.000000    0.000000    2.000000
   13  1  -37.254245    1.000000    0.000000    0.000000   -0.999916   -1.000000    0.000000    0.000000    0.999916
   14  1  -37.247212    1.000000    0.000000    0.000000    0.999916   -1.000000    0.000000    0.000000   -0.999916
   15  1   -1.231066    1.000000    0.000000    0.000000    0.999409    1.000000    0.000000    0.000000    0.999409
   16  1   -1.209905    1.000000    0.000000    0.000000   -0.999404    1.000000    0.000000    0.000000   -0.999404
   17  1    2.065830    1.000000    0.000000    0.000000   -0.999672   -1.000000    0.000000    0.000000    0.999672
   18  1    2.108275    1.000000    0.000000    0.000000    0.999669   -1.000000    0.000000    0.000000   -0.999668
   19  1    3.302094    1.000000    0.000000    0.000000   -0.999999   -1.000000    0.000000    0.000000    0.999999
   20  1    3.503722    1.000000    0.000000    0.000000    1.000000   -1.000000    0.000000    0.000000   -0.999999
   21  1    3.631120    1.000000    0.000000    0.000000    1.000000    1.000000    0.000000    0.000000    1.000000
   22  1    3.834078    1.000000    0.000000    0.000000   -0.999999   -1.000000    0.000000    0.000000    1.000000
   23  1    4.128580    1.000000    0.000000    0.000000    1.000000   -1.000000    0.000000    0.000000   -0.999999
   24  1    4.148149    1.000000    0.000000    0.000000   -1.000000    1.000000    0.000000    0.000000   -1.000000
   25  1    4.345167    1.000000    0.000000    0.000000   -0.999999   -1.000000    0.000000    0.000000    1.000000
   26  1    4.504462    1.000000    0.000000    0.000000    0.999999    1.000000    0.000000    0.000000    0.999999
   27  1    4.574568    1.000000    0.000000    0.000000   -0.999998    1.000000    0.000000    0.000000   -0.999998
   28  1    4.617454    1.000000    0.000000    0.000000    1.000000   -1.000000    0.000000    0.000000   -1.000000
   29  1    4.621876    1.000000    0.000000    0.000000    0.999999    1.000000    0.000000    0.000000    0.999999
   30  1    4.839760    1.000000    0.000000    0.000000    1.000000   -1.000000    0.000000    0.000000   -0.999999
   31  1    4.854356    1.000000    0.000000    0.000000   -0.999999    1.000000    0.000000    0.000000   -0.999999
   32  1    4.956337    1.000000    0.000000    0.000000   -0.999999    1.000000    0.000000    0.000000   -0.999999
   33  1    5.075389    1.000000    0.000000    0.000000   -1.000000   -1.000000    0.000000    0.000000    1.000000
   34  1    5.196385    1.000000    0.000000    0.000000    0.999999    1.000000    0.000000    0.000000    0.999999
   35  1    5.461509    1.000000    0.000000    0.000000    1.000000    1.000000    0.000000    0.000000    1.000000
   36  1    5.560632    1.000000    0.000000    0.000000   -1.000000   -1.000000    0.000000    0.000000    1.000000
   37  1    6.823188    1.000000    0.000000    0.000000    1.000000   -1.000000    0.000000    0.000000   -1.000000
   38  1    6.827784    1.000000    0.000000    0.000000   -1.000000    1.000000    0.000000    0.000000   -1.000000
   39  2    9.709088    2.000000    0.000000    0.000000   -0.000122   -2.000000    0.000000    0.000000    0.000122
   41  1    9.948822    1.000000    0.000000    0.000000   -0.999998   -1.000000    0.000000    0.000000    0.999998
   42  1   10.521633    1.000000    0.000000    0.000000    1.000000   -1.000000    0.000000    0.000000   -1.000000
   43  1   11.331263    1.000000    0.000000    0.000000   -0.999933    1.000000    0.000000    0.000000   -0.999933
   44  1   11.408722    1.000000    0.000000    0.000000    0.999931    1.000000    0.000000    0.000000    0.999931
   45  1   11.593800    1.000000    0.000000    0.000000    1.000000    1.000000    0.000000    0.000000    1.000000
   46  1   11.656100    1.000000    0.000000    0.000000   -0.999992    1.000000    0.000000    0.000000   -0.999992
   47  1   11.800512    1.000000    0.000000    0.000000    0.999992    1.000000    0.000000    0.000000    0.999992
   48  1   12.257640    1.000000    0.000000    0.000000   -0.999999    1.000000    0.000000    0.000000   -0.999999
  2
    1    2
    1  2  -56.319931    2.000000    0.000000    0.000000    0.000000
    3  2  -56.226052    2.000000    0.000000    0.000000    0.000000
    5  2  -54.289694    2.000000    0.000000    0.000000    0.000000
    7  2  -54.198576    2.000000    0.000000    0.000000    0.000000
    9  2  -53.848927    2.000000    0.000000    0.000000    0.000000
   11  2  -53.649286    2.000000    0.000000    0.000000    0.000000
   13  1  -37.253659    1.000000    0.000000    0.000000   -0.999916
   14  1  -37.246648    1.000000    0.000000    0.000000    0.999916
   15  1   -0.326868    1.000000    0.000000    0.000000   -0.995829
   16  1   -0.319987    1.000000    0.000000    0.000000    0.995907
   17  2    2.189231    2.000000    0.000000    0.000000    0.000002
   19  2    2.765615    2.000000    0.000000    0.000000   -0.000002
   21  1    3.916474    1.000000    0.000000    0.000000    0.999999
   22  1    4.036264    1.000000    0.000000    0.000000   -0.999879
   23  1    4.039835    1.000000    0.000000    0.000000    0.999881
   24  1    4.236747    1.000000    0.000000    0.000000   -0.999999
   25  1    4.525829    1.000000    0.000000    0.000000    1.000000
   26  1    4.531884    1.000000    0.000000    0.000000   -1.000000
   27  1    4.804847    1.000000    0.000000    0.000000   -0.999955
   28  1    4.810101    1.000000    0.000000    0.000000    0.999955
   29  1    4.974902    1.000000    0.000000    0.000000   -0.999917
   30  1    5.037492    1.000000    0.000000    0.000000   -0.999999
   31  1    5.053302    1.000000    0.000000    0.000000    0.999917
   32  1    5.132658    1.000000    0.000000    0.000000    0.999997
   33  1    5.195274    1.000000    0.000000    0.000000   -0.999997
   34  1    5.398045    1.000000    0.000000    0.000000    1.000000
   35  1    5.452866    1.000000    0.000000    0.000000   -0.999995
   36  1    5.501906    1.000000    0.000000    0.000000    0.999995
   37  1    5.580584    1.000000    0.000000    0.000000    1.000000
   38  1    5.650080    1.000000    0.000000    0.000000   -1.000000
   39  1    6.030976    1.000000    0.000000    0.000000   -0.999636
   40  1    6.032962    1.000000    0.000000    0.000000    0.999637
   41  2    8.632670    2.000000    0.000000    0.000000    0.000065
   43  1   13.285335    1.000000    0.000000    0.000000   -0.999828
   44  1   13.313455    1.000000    0.000000    0.000000    0.999823
   45  2   14.007703    2.000000    0.000000    0.000000   -0.000005
   47  2   14.235147    2.000000    0.000000    0.000000    0.000059
  4
    1    2    3    4
    1  1  -56.326859    1.000000    0.000000    0.000000    1.000000   -1.000000    0.000000    0.000000   -1.000000
    2  1  -56.312219    1.000000    0.000000    0.000000   -1.000000    1.000000    0.000000    0.000000   -1.000000
    3  1  -56.235538    1.000000    0.000000    0.000000   -1.000000   -1.000000    0.000000    0.000000    1.000000
    4  1  -56.216838    1.000000    0.000000    0.000000    1.000000    1.000000    0.000000    0.000000    1.000000
    5  1  -54.295665    1.000000    0.000000    0.000000    1.000000   -1.000000    0.000000    0.000000   -1.000000
    6  1  -54.283893    1.000000    0.000000    0.000000   -1.000000    1.000000    0.000000    0.000000   -1.000000
    7  1  -54.211342    1.000000    0.000000    0.000000   -1.000000   -1.000000    0.000000    0.000000    1.000000
    8  1  -54.186233    1.000000    0.000000    0.000000    1.000000    1.000000    0.000000    0.000000    1.000000
    9  1  -53.851248    1.000000    0.000000    0.000000    1.000000   -1.000000    0.000000    0.000000   -1.000000
   10  1  -53.844871    1.000000    0.000000    0.000000   -1.000000    1.000000    0.000000    0.000000   -1.000000
   11  1  -53.655378    1.000000    0.000000    0.000000    1.000000    1.000000    0.000000    0.000000    1.000000
   12  1  -53.643483    1.000000    0.000000    0.000000   -1.000000   -1.000000    0.000000    0.000000    1.000000
   13  1  -37.253670    1.000000    0.000000    0.000000    0.999916    1.000000    0.000000    0.000000    0.999916
   14  1  -37.246640    1.000000    0.000000    0.000000   -0.999916    1.000000    0.000000    0.000000   -0.999916
   15  1   -0.365101    1.000000    0.000000    0.000000   -0.998569    1.000000    0.000000    0.000000   -0.998569
   16  1   -0.357718    1.000000    0.000000    0.000000    0.998597    1.000000    0.000000    0.000000    0.998597
   17  1    1.257853    1.000000    0.000000    0.000000    0.999854   -1.000000    0.000000    0.000000   -0.999854
   18  1    1.339279    1.000000    0.000000    0.000000   -0.999863   -1.000000    0.000000    0.000000    0.999864
   19  1    3.191988    1.000000    0.000000    0.000000   -1.000000   -1.000000    0.000000    0.000000    1.000000
   20  1    3.908350    1.000000    0.000000    0.000000   -1.000000    1.000000    0.000000    0.000000   -1.000000
   21  1    3.963594    1.000000    0.000000    0.000000   -0.999999    1.000000    0.000000    0.000000   -0.999999
   22  1    4.127784    1.000000    0.000000    0.000000    0.999999    1.000000    0.000000    0.000000    0.999999
   23  1    4.351951    1.000000    0.000000    0.000000    0.999858   -1.000000    0.000000    0.000000   -0.999858
   24  1    4.357850    1.000000    0.000000    0.000000   -0.999859   -1.000000    0.000000    0.000000    0.999859
   25  1    4.617638    1.000000    0.000000    0.000000    0.999874   -1.000000    0.000000    0.000000   -0.999874
   26  1    4.623956    1.000000    0.000000    0.000000    1.000000    1.000000    0.000000    0.000000    1.000000
   27  1    4.627101    1.000000    0.000000    0.000000   -0.999878   -1.000000    0.000000    0.000000    0.999878
   28  1    4.773557    1.000000    0.000000    0.000000   -0.999998    1.000000    0.000000    0.000000   -0.999998
   29  1    4.813281    1.000000    0.000000    0.000000    0.999999    1.000000    0.000000    0.000000    0.999999
   30  1    4.912585    1.000000    0.000000    0.000000    0.999999    1.000000    0.000000    0.000000    0.999999
   31  1    5.116760    1.000000    0.000000    0.000000    1.000000   -1.000000    0.000000    0.000000   -1.000000
   32  1    5.175854    1.000000    0.000000    0.000000   -0.999989    1.000000    0.000000    0.000000   -0.999989
   33  1    5.197525    1.000000    0.000000    0.000000    0.999990    1.000000    0.000000    0.000000    0.999990
   34  1    5.489168    1.000000    0.000000    0.000000   -1.000000   -1.000000    0.000000    0.000000    1.000000
   35  1    5.857254    1.000000    0.000000    0.000000    0.999912   -1.000000    0.000000    0.000000   -0.999911
   36  1    5.863315    1.000000    0.000000    0.000000   -0.999828   -1.000000    0.000000    0.000000    0.999828
   37  1    5.914239    1.000000    0.000000    0.000000    0.999789   -1.000000    0.000000    0.000000   -0.999789
   38  1    5.924836    1.000000    0.000000    0.000000   -0.999888   -1.000000    0.000000    0.000000    0.999888
   39  1    6.358790    1.000000    0.000000    0.000000    1.000000   -1.000000    0.000000    0.000000   -1.000000
   40  1    6.624656    1.000000    0.000000    0.000000    1.000000   -1.000000    0.000000    0.000000   -1.000000
   41  1    7.287776    1.000000    0.000000    0.000000   -1.000000   -1.000000    0.000000    0.000000    1.000000
   42  1    8.781926    1.000000    0.000000    0.000000   -1.000000    1.000000    0.000000    0.000000   -1.000000
   43  1   10.570491    1.000000    0.000000    0.000000   -0.999996    1.000000    0.000000    0.000000   -0.999996
   44  1   10.894236    1.000000    0.000000    0.000000    0.999996    1.000000    0.000000    0.000000    0.999996
   45  1   11.954314    1.000000    0.000000    0.000000   -0.999998    1.000000    0.000000    0.000000   -0.999998
   46  1   12.027620    1.000000    0.000000    0.000000    0.999998    1.000000    0.000000    0.000000    0.999998
   47  1   18.485251    1.000000    0.000000    0.000000   -0.997618    0.997012    0.000000    0.000000   -0.999121
   48  1   18.592658    1.000000    0.000000    0.000000    0.999448    0.998583    0.000000    0.000000    0.999055
