   88  104
  1
  4
  1  0  0  0  1  0  0  0  1    0.000000    0.000000    0.000000    1.000000    0.000000    0.000000    0.000000    0.000000    0.000000    1.000000    0.000000  1
  0 -1  0 -1  0  0  0  0 -1    0.000000    0.000000    0.000000    0.000000    0.000000   -0.707107   -0.707107    0.707107   -0.707107    0.000000    0.000000  1
  1  0  0  0  1  0  0  0  1    0.000000    0.000000    0.500000    1.000000    0.000000    0.000000    0.000000    0.000000    0.000000    1.000000    0.000000 -1
  0 -1  0 -1  0  0  0  0 -1    0.000000    0.000000    0.500000    0.000000    0.000000   -0.707107   -0.707107    0.707107   -0.707107    0.000000    0.000000 -1
  6
    0.000000    0.000000    0.000000
    0.000000    0.000000    0.500000
    0.000000    0.500000    0.500000
    0.500000    0.500000    0.500000
    0.000000    0.500000    0.000000
    0.500000    0.500000    0.000000
  2
    1    2
    1  2  -93.110130    2.000000    0.000000    0.000000    0.000022
    3  2  -93.100820    2.000000    0.000000    0.000000    0.000003
    5  4  -93.095245    4.000000    0.000000    0.000000    0.000019
    9  2  -93.087763    2.000000    0.000000    0.000000   -0.000015
   11  2  -93.078446    2.000000    0.000000    0.000000    0.000006
   13  4  -93.075391    4.000000    0.000000    0.000000   -0.000042
   17  2  -48.138003    2.000000    0.000000    0.000000    0.000000
   19  2  -47.658010    2.000000    0.000000    0.000000   -0.000000
   21  2  -46.978478    2.000000    0.000000    0.000000   -0.000000
   23  2  -44.829218    2.000000    0.000000    0.000000    0.000000
   25  2  -44.376538    2.000000    0.000000    0.000000    0.000000
   27  2  -44.017192    2.000000    0.000000    0.000000   -0.000000
   29  4  -18.281882    4.000000    0.000000    0.000000    0.000000
   33  2  -18.278231    2.000000    0.000000    0.000000    0.000000
   35  2  -18.275450    2.000000    0.000000    0.000000    0.000000
   37  4  -17.701392    4.000000    0.000000    0.000000   -0.000007
   41  2  -17.698739    2.000000    0.000000    0.000000    0.000000
   43  2  -17.695316    2.000000    0.000000    0.000000    0.000000
   45  4  -17.693155    4.000000    0.000000    0.000000   -0.000000
   49  2   -5.377959    2.000000    0.000000    0.000000    0.000000
   51  2   -3.133290    2.000000    0.000000    0.000000    0.000000
   53  2   -1.064582    2.000000    0.000000    0.000000    0.000000
   55  2    0.622221    2.000000    0.000000    0.000000    0.000001
   57  2    1.702383    2.000000    0.000000    0.000000    0.000002
   59  2    1.734106    2.000000    0.000000    0.000000    0.000002
   61  2    1.877322    2.000000    0.000000    0.000000   -0.000003
   63  2    1.894916    2.000000    0.000000    0.000000   -0.000007
   65  2    2.257889    2.000000    0.000000    0.000000    0.000000
   67  2    2.657525    2.000000    0.000000    0.000000    0.000007
   69  2    2.893013    2.000000    0.000000    0.000000    0.000001
   71  2    2.974389    2.000000    0.000000    0.000000    0.000000
   73  2    3.498666    2.000000    0.000000    0.000000   -0.000007
   75  2    4.412384    2.000000    0.000000    0.000000    0.000000
   77  2    4.459346    2.000000    0.000000    0.000000    0.000000
   79  2    4.925517    2.000000    0.000000    0.000000   -0.000002
   81  2    5.115316    2.000000    0.000000    0.000000    0.000029
   83  2    5.503256    2.000000    0.000000    0.000000   -0.000002
   85  2    5.702293    2.000000    0.000000    0.000000   -0.000031
   87  2    7.018810    2.000000    0.000000    0.000000    0.000000
   89  2    7.077742    2.000000    0.000000    0.000000    0.000000
   91  2    7.282262    2.000000    0.000000    0.000000    0.000000
   93  2    9.318846    2.000000    0.000000    0.000000    0.000002
   95  2    9.339629    2.000000    0.000000    0.000000   -0.000004
   97  2    9.744760    2.000000    0.000000    0.000000    0.000000
   99  2    9.987766    2.000000    0.000000    0.000000    0.000000
  101  2   10.094012    2.000000    0.000000    0.000000    0.000000
  103  1   10.754974    1.000000    0.000000    0.000000   -0.739785
  104  1   10.756104    1.000000    0.000000    0.000000    0.739135
  2
    1    2
    1  2  -93.109693    2.000000    0.000000    0.000000   -0.000006
    3  2  -93.101660    2.000000    0.000000    0.000000    0.000004
    5  4  -93.095223    4.000000    0.000000    0.000000   -0.000018
    9  2  -93.086790    2.000000    0.000000    0.000000   -0.000002
   11  2  -93.078971    2.000000    0.000000    0.000000   -0.000001
   13  4  -93.075370    4.000000    0.000000    0.000000   -0.000013
   17  2  -48.138000    2.000000    0.000000    0.000000   -0.000000
   19  2  -47.658008    2.000000    0.000000    0.000000   -0.000000
   21  2  -46.978476    2.000000    0.000000    0.000000    0.000000
   23  2  -44.829217    2.000000    0.000000    0.000000    0.000000
   25  2  -44.376541    2.000000    0.000000    0.000000    0.000001
   27  2  -44.017192    2.000000    0.000000    0.000000   -0.000000
   29  4  -18.281744    4.000000    0.000000    0.000000    0.000000
   33  2  -18.278025    2.000000    0.000000    0.000000   -2.000000
   35  2  -18.275740    2.000000    0.000000    0.000000    2.000000
   37  4  -17.701302    4.000000    0.000000    0.000000    0.000001
   41  2  -17.698102    2.000000    0.000000    0.000000    2.000000
   43  2  -17.695464    2.000000    0.000000    0.000000   -2.000000
   45  4  -17.693561    4.000000    0.000000    0.000000    0.000000
   49  2   -4.619606    2.000000    0.000000    0.000000   -0.000000
   51  2   -4.598457    2.000000    0.000000    0.000000   -0.000000
   53  2    0.254555    2.000000    0.000000    0.000000    0.000000
   55  2    0.819708    2.000000    0.000000    0.000000   -0.000000
   57  1    1.530482    1.000000    0.000000    0.000000   -0.999992
   58  1    1.532877    1.000000    0.000000    0.000000   -0.999992
   59  1    1.535785    1.000000    0.000000    0.000000    0.999992
   60  1    1.538052    1.000000    0.000000    0.000000    0.999992
   61  2    1.981877    2.000000    0.000000    0.000000    0.000000
   63  1    2.128266    1.000000    0.000000    0.000000   -0.999990
   64  1    2.130419    1.000000    0.000000    0.000000    0.999990
   65  1    2.384940    1.000000    0.000000    0.000000    0.999997
   66  1    2.390143    1.000000    0.000000    0.000000   -0.999997
   67  1    2.413517    1.000000    0.000000    0.000000    0.999994
   68  1    2.417293    1.000000    0.000000    0.000000   -0.999994
   69  2    2.915997    2.000000    0.000000    0.000000    0.000099
   71  1    3.593093    1.000000    0.000000    0.000000    1.000000
   72  1    3.600922    1.000000    0.000000    0.000000   -0.999999
   73  1    3.609229    1.000000    0.000000    0.000000    1.000000
   74  1    3.618165    1.000000    0.000000    0.000000   -0.999999
   75  2    3.731868    2.000000    0.000000    0.000000    0.000000
   77  2    3.883214    2.000000    0.000000    0.000000    0.000001
   79  2    4.378677    2.000000    0.000000    0.000000    0.000000
   81  2    4.540796    2.000000    0.000000    0.000000   -0.000002
   83  2    5.074547    2.000000    0.000000    0.000000    0.000023
   85  2    5.699616    2.000000    0.000000    0.000000    0.000001
   87  1    7.865049    1.000000    0.000000    0.000000    0.999993
   88  1    7.871689    1.000000    0.000000    0.000000   -0.999993
   89  1    7.908411    1.000000    0.000000    0.000000    0.999996
   90  1    7.916547    1.000000    0.000000    0.000000   -0.999995
   91  2    8.265365    2.000000    0.000000    0.000000    0.000000
   93  1    8.887439    1.000000    0.000000    0.000000   -0.999996
   94  1    8.890034    1.000000    0.000000    0.000000    0.999997
   95  2    9.207344    2.000000    0.000000    0.000000    0.000014
   97  2    9.876073    2.000000    0.000000    0.000000   -0.000012
   99  1   10.451545    1.000000    0.000000    0.000000   -0.829104
  100  1   10.468314    1.000000    0.000000    0.000000   -0.101065
  101  1   10.477632    1.000000    0.000000    0.000000    0.649087
  102  1   10.482304    1.000000    0.000000    0.000000    0.330981
  103  1   10.521681    1.000000    0.000000    0.000000    0.663302
  104  1   10.570343    1.000000    0.000000    0.000000   -0.467314
  1
    1
    1  2  -93.107738    2.000000    0.000000
    3  2  -93.101814    2.000000    0.000000
    5  2  -93.096764    2.000000    0.000000
    7  2  -93.095113    2.000000    0.000000
    9  2  -93.085938    2.000000    0.000000
   11  2  -93.079197    2.000000    0.000000
   13  2  -93.076226    2.000000    0.000000
   15  2  -93.075012    2.000000    0.000000
   17  2  -48.138055    2.000000    0.000000
   19  2  -47.658041    2.000000    0.000000
   21  2  -46.978531    2.000000    0.000000
   23  2  -44.829292    2.000000    0.000000
   25  2  -44.376586    2.000000    0.000000
   27  2  -44.017275    2.000000    0.000000
   29  4  -18.281300    4.000000    0.000000
   33  2  -18.278014    2.000000    0.000000
   35  2  -18.275720    2.000000    0.000000
   37  3  -17.700849    3.000000    0.000000
   40  1  -17.699840    1.000000    0.000000
   41  2  -17.698470    2.000000    0.000000
   43  2  -17.695379    2.000000    0.000000
   45  2  -17.693792    2.000000    0.000000
   47  2  -17.692496    2.000000    0.000000
   49  1   -4.025880    1.000000    0.000000
   50  1   -4.023758    1.000000    0.000000
   51  1   -4.013218    1.000000    0.000000
   52  1   -4.011716    1.000000    0.000000
   53  2   -0.473934    2.000000    0.000000
   55  1   -0.300703    1.000000    0.000000
   56  1   -0.296110    1.000000    0.000000
   57  1    0.395676    1.000000    0.000000
   58  1    0.398836    1.000000    0.000000
   59  1    0.573304    1.000000    0.000000
   60  1    0.574384    1.000000    0.000000
   61  1    1.910825    1.000000    0.000000
   62  1    1.922762    1.000000    0.000000
   63  1    2.071014    1.000000    0.000000
   64  1    2.080748    1.000000    0.000000
   65  1    2.294783    1.000000    0.000000
   66  1    2.303668    1.000000    0.000000
   67  1    2.763033    1.000000    0.000000
   68  1    2.773865    1.000000    0.000000
   69  1    2.951690    1.000000    0.000000
   70  1    2.966307    1.000000    0.000000
   71  1    3.080830    1.000000    0.000000
   72  1    3.101667    1.000000    0.000000
   73  2    3.400659    2.000000    0.000000
   75  1    3.864624    1.000000    0.000000
   76  1    3.870222    1.000000    0.000000
   77  1    4.312363    1.000000    0.000000
   78  1    4.331723    1.000000    0.000000
   79  1    5.346663    1.000000    0.000000
   80  1    5.358701    1.000000    0.000000
   81  2    5.633105    2.000000    0.000000
   83  2    5.947437    2.000000    0.000000
   85  1    6.354174    1.000000    0.000000
   86  1    6.373426    1.000000    0.000000
   87  1    6.620469    1.000000    0.000000
   88  1    6.629459    1.000000    0.000000
   89  1    7.202082    1.000000    0.000000
   90  1    7.212753    1.000000    0.000000
   91  1    7.374382    1.000000    0.000000
   92  1    7.390587    1.000000    0.000000
   93  1    8.238862    1.000000    0.000000
   94  1    8.280393    1.000000    0.000000
   95  1    8.833183    1.000000    0.000000
   96  1    8.865066    1.000000    0.000000
   97  1    9.016130    1.000000    0.000000
   98  1    9.035139    1.000000    0.000000
   99  1   10.381052    1.000000    0.000000
  100  1   10.391396    1.000000    0.000000
  101  1   10.464346    1.000000    0.000000
  102  1   10.475723    1.000000    0.000000
  103  1   10.690674    1.000000    0.000000
  104  1   10.717500    1.000000    0.000000
  2
    1    2
    1  2  -93.104067    2.000000    0.000000    0.000000    0.000007
    3  4  -93.101556    4.000000    0.000000    0.000000   -0.000005
    7  2  -93.094230    2.000000    0.000000    0.000000   -0.000002
    9  2  -93.084432    2.000000    0.000000    0.000000    0.000006
   11  4  -93.079045    4.000000    0.000000    0.000000    0.000015
   15  2  -93.074295    2.000000    0.000000    0.000000    0.000001
   17  2  -48.138125    2.000000    0.000000    0.000000    0.000005
   19  2  -47.658084    2.000000    0.000000    0.000000   -0.000006
   21  2  -46.978594    2.000000    0.000000    0.000000   -0.000000
   23  2  -44.829381    2.000000    0.000000    0.000000    0.000010
   25  2  -44.376643    2.000000    0.000000    0.000000   -0.000008
   27  2  -44.017368    2.000000    0.000000    0.000000    0.000000
   29  4  -18.280984    4.000000    0.000000    0.000000    0.000000
   33  2  -18.277795    2.000000    0.000000    0.000000   -2.000000
   35  2  -18.275778    2.000000    0.000000    0.000000    2.000000
   37  5  -17.699901    5.000000    0.000000    0.000000    1.000018
   42  1  -17.698318    1.000000    0.000000    0.000000    1.000000
   43  2  -17.695666    2.000000    0.000000    0.000000   -2.000000
   45  2  -17.693527    2.000000    0.000000    0.000000   -1.999999
   47  2  -17.692396    2.000000    0.000000    0.000000    2.000000
   49  2   -3.160174    2.000000    0.000000    0.000000    0.000000
   51  2   -3.154124    2.000000    0.000000    0.000000    0.000000
   53  1   -0.577437    1.000000    0.000000    0.000000    1.000000
   54  1   -0.560723    1.000000    0.000000    0.000000   -1.000000
   55  1   -0.509321    1.000000    0.000000    0.000000   -1.000000
   56  1   -0.492474    1.000000    0.000000    0.000000    1.000000
   57  2   -0.060687    2.000000    0.000000    0.000000    0.000000
   59  2   -0.052694    2.000000    0.000000    0.000000    0.000000
   61  1    0.103344    1.000000    0.000000    0.000000   -0.999999
   62  1    0.125934    1.000000    0.000000    0.000000    0.999999
   63  1    0.184211    1.000000    0.000000    0.000000    1.000000
   64  1    0.209178    1.000000    0.000000    0.000000   -0.999999
   65  2    2.395082    2.000000    0.000000    0.000000    0.000002
   67  1    2.419195    1.000000    0.000000    0.000000   -0.999989
   68  1    2.426799    1.000000    0.000000    0.000000    0.999990
   69  1    2.473964    1.000000    0.000000    0.000000    0.999941
   70  1    2.478483    1.000000    0.000000    0.000000   -0.999946
   71  1    3.180831    1.000000    0.000000    0.000000    0.999289
   72  1    3.182178    1.000000    0.000000    0.000000   -0.999288
   73  1    3.583741    1.000000    0.000000    0.000000    0.999953
   74  1    3.588018    1.000000    0.000000    0.000000   -0.999953
   75  1    4.771969    1.000000    0.000000    0.000000   -1.000000
   76  1    4.779232    1.000000    0.000000    0.000000    1.000000
   77  2    4.795687    2.000000    0.000000    0.000000    0.000000
   79  1    4.967607    1.000000    0.000000    0.000000    0.999976
   80  1    4.974506    1.000000    0.000000    0.000000   -0.999977
   81  1    5.586773    1.000000    0.000000    0.000000   -1.000000
   82  1    5.599013    1.000000    0.000000    0.000000    1.000000
   83  1    5.917170    1.000000    0.000000    0.000000    1.000000
   84  1    5.932267    1.000000    0.000000    0.000000   -1.000000
   85  2    6.431539    2.000000    0.000000    0.000000    0.000151
   87  1    7.198667    1.000000    0.000000    0.000000   -0.999999
   88  1    7.200244    1.000000    0.000000    0.000000    0.999999
   89  1    7.222339    1.000000    0.000000    0.000000    0.999999
   90  1    7.224159    1.000000    0.000000    0.000000   -0.999999
   91  1    8.121561    1.000000    0.000000    0.000000    0.999977
   92  1    8.128751    1.000000    0.000000    0.000000   -0.999977
   93  1    8.904160    1.000000    0.000000    0.000000   -0.999999
   94  1    8.920733    1.000000    0.000000    0.000000    0.999999
   95  1    9.416019    1.000000    0.000000    0.000000    0.999999
   96  1    9.432105    1.000000    0.000000    0.000000   -0.999999
   97  1    9.996737    1.000000    0.000000    0.000000    0.999958
   98  1    9.999972    1.000000    0.000000    0.000000   -0.999958
   99  1   10.034822    1.000000    0.000000    0.000000   -0.999919
  100  1   10.037086    1.000000    0.000000    0.000000    0.999919
  101  2   11.390906    2.000000    0.000000    0.000000    0.023899
  103  2   11.391923    2.000000    0.000000    0.000000   -0.023163
  1
    1
    1  2  -93.107840    2.000000    0.000000
    3  2  -93.101921    2.000000    0.000000
    5  2  -93.096747    2.000000    0.000000
    7  2  -93.095178    2.000000    0.000000
    9  2  -93.085921    2.000000    0.000000
   11  2  -93.079274    2.000000    0.000000
   13  2  -93.076271    2.000000    0.000000
   15  2  -93.075075    2.000000    0.000000
   17  2  -48.138061    2.000000    0.000000
   19  2  -47.658044    2.000000    0.000000
   21  2  -46.978534    2.000000    0.000000
   23  2  -44.829298    2.000000    0.000000
   25  2  -44.376589    2.000000    0.000000
   27  2  -44.017280    2.000000    0.000000
   29  4  -18.281362    4.000000    0.000000
   33  2  -18.277862    2.000000    0.000000
   35  2  -18.275616    2.000000    0.000000
   37  2  -17.701065    2.000000    0.000000
   39  2  -17.699955    2.000000    0.000000
   41  2  -17.698363    2.000000    0.000000
   43  2  -17.695530    2.000000    0.000000
   45  2  -17.693442    2.000000    0.000000
   47  2  -17.692318    2.000000    0.000000
   49  2   -3.837568    2.000000    0.000000
   51  2   -3.831977    2.000000    0.000000
   53  2   -1.596222    2.000000    0.000000
   55  2   -1.580330    2.000000    0.000000
   57  2    1.804598    2.000000    0.000000
   59  2    1.847660    2.000000    0.000000
   61  2    2.153466    2.000000    0.000000
   63  2    2.214020    2.000000    0.000000
   65  2    2.710493    2.000000    0.000000
   67  2    2.911423    2.000000    0.000000
   69  2    3.067913    2.000000    0.000000
   71  2    3.358351    2.000000    0.000000
   73  2    3.489923    2.000000    0.000000
   75  2    4.077351    2.000000    0.000000
   77  2    4.320728    2.000000    0.000000
   79  2    4.962339    2.000000    0.000000
   81  2    5.035820    2.000000    0.000000
   83  2    5.510021    2.000000    0.000000
   85  2    5.702668    2.000000    0.000000
   87  2    5.831364    2.000000    0.000000
   89  2    6.842663    2.000000    0.000000
   91  2    7.390813    2.000000    0.000000
   93  2    7.865302    2.000000    0.000000
   95  2    8.904787    2.000000    0.000000
   97  2    9.438891    2.000000    0.000000
   99  2    9.557295    2.000000    0.000000
  101  2   10.621300    2.000000    0.000000
  103  2   10.728358    2.000000    0.000000
  2
    1    2
    1  2  -93.104012    2.000000    0.000000    0.000000   -0.000001
    3  4  -93.101584    4.000000    0.000000    0.000000    0.000009
    7  2  -93.094460    2.000000    0.000000    0.000000    0.000002
    9  2  -93.084373    2.000000    0.000000    0.000000    0.000013
   11  4  -93.079191    4.000000    0.000000    0.000000   -0.000006
   15  2  -93.074508    2.000000    0.000000    0.000000   -0.000016
   17  2  -48.138128    2.000000    0.000000    0.000000    0.000000
   19  2  -47.658084    2.000000    0.000000    0.000000    0.000000
   21  2  -46.978594    2.000000    0.000000    0.000000    0.000000
   23  2  -44.829378    2.000000    0.000000    0.000000    0.000000
   25  2  -44.376643    2.000000    0.000000    0.000000    0.000000
   27  2  -44.017367    2.000000    0.000000    0.000000   -0.000000
   29  4  -18.280876    4.000000    0.000000    0.000000    0.000000
   33  2  -18.277720    2.000000    0.000000    0.000000    0.000000
   35  2  -18.275607    2.000000    0.000000    0.000000    0.000000
   37  4  -17.700293    4.000000    0.000000    0.000000    0.000001
   41  2  -17.698440    2.000000    0.000000    0.000000    0.000000
   43  2  -17.695654    2.000000    0.000000    0.000000    0.000000
   45  2  -17.693132    2.000000    0.000000    0.000000    0.000000
   47  2  -17.691772    2.000000    0.000000    0.000000   -0.000000
   49  4   -3.239583    4.000000    0.000000    0.000000    0.000000
   53  2   -1.131686    2.000000    0.000000    0.000000    0.000000
   55  2   -1.126063    2.000000    0.000000    0.000000    0.000000
   57  2    0.752078    2.000000    0.000000    0.000000    0.000000
   59  2    0.760880    2.000000    0.000000    0.000000    0.000000
   61  4    1.835301    4.000000    0.000000    0.000000    0.000000
   65  2    1.950334    2.000000    0.000000    0.000000    0.000008
   67  2    1.951810    2.000000    0.000000    0.000000   -0.000007
   69  2    2.494881    2.000000    0.000000    0.000000   -0.000179
   71  2    2.729485    2.000000    0.000000    0.000000    0.000000
   73  2    2.767660    2.000000    0.000000    0.000000    0.000009
   75  2    3.449220    2.000000    0.000000    0.000000   -0.000005
   77  2    3.486554    2.000000    0.000000    0.000000   -0.000009
   79  2    3.605731    2.000000    0.000000    0.000000   -0.000017
   81  2    3.918778    2.000000    0.000000    0.000000   -0.000010
   83  2    5.649598    2.000000    0.000000    0.000000   -0.000004
   85  2    6.309570    2.000000    0.000000    0.000000    0.000004
   87  2    8.058214    2.000000    0.000000    0.000000   -0.000007
   89  2    9.080767    2.000000    0.000000    0.000000    0.000003
   91  2    9.123265    2.000000    0.000000    0.000000    0.000007
   93  3   10.635238    3.000000    0.000000    0.000000    0.999925
   96  1   10.636471    1.000000    0.000000    0.000000   -0.999925
   97  3   11.444396    3.000000    0.000000    0.000000    0.999731
  100  1   11.445503    1.000000    0.000000    0.000000   -0.999729
  101  1   12.044529    1.000000    0.000000    0.000000    0.904307
  102  1   12.075094    1.000000    0.000000    0.000000   -0.312052
  103  1   12.133048    1.000000    0.000000    0.000000   -0.565556
  104  1   12.139130    1.000000    0.000000    0.000000   -0.296550
