   32   48
  1
  8
  1  0  0  0  1  0  0  0  1    0.000000    0.000000    0.000000    1.000000    0.000000    0.000000    0.000000    0.000000    0.000000    1.000000    0.000000  1
 -1  0  0  0 -1  0  0  0  1    0.000000    0.000000    0.000000    0.000000   -1.000000    0.000000    0.000000    0.000000    0.000000    0.000000    1.000000  1
  0  1  0 -1  0  0  0  0 -1    0.000000    0.000000    0.000000    0.707107   -0.707107    0.000000    0.000000    0.000000    0.000000    0.707107    0.707107  1
  0 -1  0  1  0  0  0  0 -1    0.000000    0.000000    0.000000    0.707107    0.707107    0.000000    0.000000    0.000000    0.000000    0.707107   -0.707107  1
  1  0  0  0 -1  0  0  0  1    0.000000    0.000000    0.000000    0.000000    0.000000   -1.000000    0.000000    1.000000    0.000000    0.000000    0.000000 -1
 -1  0  0  0  1  0  0  0  1    0.000000    0.000000    0.000000    0.000000    0.000000    0.000000   -1.000000    0.000000   -1.000000    0.000000    0.000000 -1
  0  1  0  1  0  0  0  0 -1    0.000000    0.000000    0.000000    0.000000    0.000000   -0.707107   -0.707107    0.707107   -0.707107    0.000000    0.000000 -1
  0 -1  0 -1  0  0  0  0 -1    0.000000    0.000000    0.000000    0.000000    0.000000   -0.707107    0.707107    0.707107    0.707107    0.000000    0.000000 -1
  6
    0.000000    0.000000    0.000000
    0.500000    0.500000    0.500000
    0.500000    0.500000    0.000000
    0.000000    0.500000    0.500000
    0.000000    0.500000    0.000000
    0.000000    0.000000    0.500000
  4
    1    2    3    4
    1  1  -48.607807    1.000000    0.000000    0.000000    1.000000   -0.707107   -0.707107   -0.707107    0.707107
    2  1  -48.236307    1.000000    0.000000    0.000000   -1.000000   -0.707107    0.707107   -0.707107   -0.707107
    3  1  -47.705662    1.000000    0.000000    0.000000    1.000000    0.707107    0.707107    0.707107   -0.707107
    4  1  -43.750314    1.000000    0.000000    0.000000   -1.000000   -0.707107    0.707107   -0.707107   -0.707107
    5  1  -43.368267    1.000000    0.000000    0.000000    1.000000   -0.707107   -0.707107   -0.707107    0.707107
    6  1  -43.171111    1.000000    0.000000    0.000000    1.000000    0.707107    0.707107    0.707107   -0.707107
    7  1  -43.169211    1.000000    0.000000    0.000000   -1.000000    0.707107   -0.707107    0.707107    0.707107
    8  1  -43.000535    1.000000    0.000000    0.000000   -1.000000    0.707107   -0.707107    0.707107    0.707107
    9  1  -42.945788    1.000000    0.000000    0.000000   -1.000000    0.707107   -0.707107    0.707107    0.707107
   10  1  -42.940600    1.000000    0.000000    0.000000    1.000000    0.707107    0.707107    0.707107   -0.707107
   11  1  -42.740246    1.000000    0.000000    0.000000    1.000000    0.707107    0.707107    0.707107   -0.707107
   12  1  -42.728270    1.000000    0.000000    0.000000   -1.000000    0.707107   -0.707107    0.707107    0.707107
   13  1   -7.974768    1.000000    0.000000    0.000000    1.000000    0.707107    0.707107    0.707107   -0.707107
   14  1   -7.830348    1.000000    0.000000    0.000000   -1.000000    0.707107   -0.707107    0.707107    0.707107
   15  1   -7.126427    1.000000    0.000000    0.000000    1.000000   -0.707107   -0.707107   -0.707107    0.707107
   16  1   -6.983944    1.000000    0.000000    0.000000   -1.000000   -0.707107    0.707107   -0.707107   -0.707107
   17  1   -2.621996    1.000000    0.000000    0.000000   -1.000000    0.707107   -0.707107    0.707107    0.707107
   18  1   -2.601414    1.000000    0.000000    0.000000    1.000000    0.707107    0.707107    0.707107   -0.707107
   19  1   -2.571395    1.000000    0.000000    0.000000    1.000000   -0.707107   -0.707107   -0.707107    0.707107
   20  1   -2.382574    1.000000    0.000000    0.000000   -1.000000   -0.707107    0.707107   -0.707107   -0.707107
   21  1   -2.278093    1.000000    0.000000    0.000000   -1.000000   -0.707107    0.707107   -0.707107   -0.707107
   22  1   -0.510639    1.000000    0.000000    0.000000    1.000000    0.707107    0.707107    0.707107   -0.707107
   23  1   -0.217462    1.000000    0.000000    0.000000   -1.000000    0.707107   -0.707107    0.707107    0.707107
   24  1    0.724234    1.000000    0.000000    0.000000   -1.000000    0.707107   -0.707107    0.707107    0.707107
   25  1    0.830071    1.000000    0.000000    0.000000   -1.000000   -0.707107    0.707107   -0.707107   -0.707107
   26  1    1.000481    1.000000    0.000000    0.000000    1.000000    0.707107    0.707107    0.707107   -0.707107
   27  1    1.106940    1.000000    0.000000    0.000000    1.000000   -0.707107   -0.707107   -0.707107    0.707107
   28  1    1.903501    1.000000    0.000000    0.000000    1.000000   -0.707107   -0.707107   -0.707107    0.707107
   29  1    1.996204    1.000000    0.000000    0.000000   -1.000000   -0.707107    0.707107   -0.707107   -0.707107
   30  1    2.149170    1.000000    0.000000    0.000000   -1.000000    0.707107   -0.707107    0.707107    0.707107
   31  1    3.316048    1.000000    0.000000    0.000000    1.000000   -0.707107   -0.707107   -0.707107    0.707107
   32  1    3.409914    1.000000    0.000000    0.000000   -1.000000   -0.707107    0.707107   -0.707107   -0.707107
   33  1    3.494296    1.000000    0.000000    0.000000    1.000000    0.707107    0.707107    0.707107   -0.707107
   34  1    4.302837    1.000000    0.000000    0.000000    1.000000   -0.707107   -0.707107   -0.707107    0.707107
   35  1    4.553097    1.000000    0.000000    0.000000   -1.000000   -0.707107    0.707107   -0.707107   -0.707107
   36  1    4.732028    1.000000    0.000000    0.000000   -1.000000    0.707107   -0.707107    0.707107    0.707107
   37  1    4.859927    1.000000    0.000000    0.000000    1.000000    0.707107    0.707107    0.707107   -0.707107
   38  1    5.416555    1.000000    0.000000    0.000000    1.000000    0.707107    0.707107    0.707107   -0.707107
   39  1    5.477897    1.000000    0.000000    0.000000    1.000000   -0.707107   -0.707107   -0.707107    0.707107
   40  1    6.490530    1.000000    0.000000    0.000000   -1.000000    0.707107   -0.707107    0.707107    0.707107
   41  1    6.497968    1.000000    0.000000    0.000000   -1.000000   -0.707107    0.707107   -0.707107   -0.707107
   42  1    6.941965    1.000000    0.000000    0.000000    1.000000   -0.707107   -0.707107   -0.707107    0.707107
   43  1    6.995831    1.000000    0.000000    0.000000   -1.000000   -0.707107    0.707107   -0.707107   -0.707107
   44  1    6.998054    1.000000    0.000000    0.000000    1.000000   -0.707106   -0.707106   -0.707106    0.707107
   45  1    7.011345    1.000000    0.000000    0.000000    1.000000    0.707107    0.707107    0.707107   -0.707107
   46  1    7.069233    1.000000    0.000000    0.000000   -0.999981    0.707095   -0.707104    0.707095    0.707105
   47  1    7.246639    1.000000    0.000000    0.000000   -0.999914   -0.707098    0.707046   -0.707098   -0.707046
   48  1    7.258541    1.000000    0.000000    0.000000   -0.999973    0.707085   -0.707102    0.707085    0.707102
  4
    1    2    3    4
    1  1  -48.608257    1.000000    0.000000    0.000000    1.000000    0.707107    0.707107    0.707107   -0.707107
    2  1  -48.236251    1.000000    0.000000    0.000000   -1.000000    0.707107   -0.707107    0.707107    0.707107
    3  1  -47.706170    1.000000    0.000000    0.000000    1.000000   -0.707107   -0.707107   -0.707107    0.707107
    4  1  -43.751046    1.000000    0.000000    0.000000   -1.000000    0.707107   -0.707107    0.707107    0.707107
    5  1  -43.368567    1.000000    0.000000    0.000000    1.000000    0.707107    0.707107    0.707107   -0.707107
    6  1  -43.170384    1.000000    0.000000    0.000000    1.000000    0.707107    0.707107    0.707107   -0.707107
    7  1  -43.168888    1.000000    0.000000    0.000000   -1.000000    0.707107   -0.707107    0.707107    0.707107
    8  1  -43.001354    1.000000    0.000000    0.000000   -1.000000   -0.707107    0.707107   -0.707107   -0.707107
    9  1  -42.945821    1.000000    0.000000    0.000000   -1.000000   -0.707107    0.707107   -0.707107   -0.707107
   10  1  -42.940623    1.000000    0.000000    0.000000    1.000000   -0.707107   -0.707107   -0.707107    0.707107
   11  1  -42.740154    1.000000    0.000000    0.000000    1.000000    0.707107    0.707107    0.707107   -0.707107
   12  1  -42.728182    1.000000    0.000000    0.000000   -1.000000    0.707107   -0.707107    0.707107    0.707107
   13  1   -7.117757    1.000000    0.000000    0.000000   -1.000000    0.707107   -0.707107    0.707107    0.707107
   14  1   -7.114799    1.000000    0.000000    0.000000   -1.000000   -0.707107    0.707107   -0.707107   -0.707107
   15  1   -6.973521    1.000000    0.000000    0.000000    1.000000    0.707107    0.707107    0.707107   -0.707107
   16  1   -6.971119    1.000000    0.000000    0.000000    1.000000   -0.707107   -0.707107   -0.707107    0.707107
   17  1   -2.628870    1.000000    0.000000    0.000000   -1.000000    0.707107   -0.707107    0.707107    0.707107
   18  1   -2.472810    1.000000    0.000000    0.000000   -1.000000   -0.707107    0.707107   -0.707107   -0.707107
   19  1   -2.365351    1.000000    0.000000    0.000000   -1.000000    0.707107   -0.707107    0.707107    0.707107
   20  1   -2.131129    1.000000    0.000000    0.000000    1.000000   -0.707107   -0.707107   -0.707107    0.707107
   21  1   -2.092542    1.000000    0.000000    0.000000    1.000000    0.707107    0.707107    0.707107   -0.707107
   22  1   -1.011333    1.000000    0.000000    0.000000   -1.000000   -0.707107    0.707107   -0.707107   -0.707107
   23  1   -0.759192    1.000000    0.000000    0.000000    1.000000   -0.707107   -0.707107   -0.707107    0.707107
   24  1    0.092747    1.000000    0.000000    0.000000    1.000000    0.707107    0.707107    0.707107   -0.707107
   25  1    0.217126    1.000000    0.000000    0.000000    1.000000    0.707107    0.707107    0.707107   -0.707107
   26  1    0.393566    1.000000    0.000000    0.000000   -1.000000    0.707107   -0.707107    0.707107    0.707107
   27  1    0.440176    1.000000    0.000000    0.000000   -1.000000   -0.707107    0.707107   -0.707107   -0.707107
   28  1    0.469394    1.000000    0.000000    0.000000    1.000000   -0.707107   -0.707107   -0.707107    0.707107
   29  1    0.487301    1.000000    0.000000    0.000000   -1.000000    0.707107   -0.707107    0.707107    0.707107
   30  1    0.500209    1.000000    0.000000    0.000000    1.000000    0.707107    0.707107    0.707107   -0.707107
   31  1    0.586190    1.000000    0.000000    0.000000    1.000000   -0.707107   -0.707107   -0.707107    0.707107
   32  1    0.746617    1.000000    0.000000    0.000000   -1.000000   -0.707107    0.707107   -0.707107   -0.707107
   33  1    1.066853    1.000000    0.000000    0.000000   -1.000000    0.707107   -0.707107    0.707107    0.707107
   34  1    4.748524    1.000000    0.000000    0.000000   -1.000000   -0.707107    0.707107   -0.707107   -0.707107
   35  1    4.781898    1.000000    0.000000    0.000000   -1.000000    0.707107   -0.707107    0.707107    0.707107
   36  1    5.376490    1.000000    0.000000    0.000000    1.000000   -0.707107   -0.707107   -0.707107    0.707107
   37  1    5.442708    1.000000    0.000000    0.000000    1.000000    0.707107    0.707107    0.707107   -0.707107
   38  1    5.863708    1.000000    0.000000    0.000000    1.000000    0.707107    0.707107    0.707107   -0.707107
   39  1    7.218015    1.000000    0.000000    0.000000    1.000000   -0.707107   -0.707107   -0.707107    0.707107
   40  1    7.220990    1.000000    0.000000    0.000000    1.000000    0.707107    0.707107    0.707107   -0.707107
   41  1    7.712703    1.000000    0.000000    0.000000   -1.000000   -0.707107    0.707107   -0.707107   -0.707107
   42  1    7.718611    1.000000    0.000000    0.000000   -1.000000    0.707107   -0.707107    0.707107    0.707107
   43  1    8.014609    1.000000    0.000000    0.000000    1.000000    0.707107    0.707107    0.707107   -0.707107
   44  1    8.027052    1.000000    0.000000    0.000000    1.000000   -0.707107   -0.707107   -0.707107    0.707107
   45  1    8.069372    1.000000    0.000000    0.000000   -1.000000   -0.707107    0.707107   -0.707107   -0.707107
   46  1    8.827004    1.000000    0.000000    0.000000   -0.999999   -0.707106    0.707105   -0.707106   -0.707105
   47  1    8.839711    1.000000    0.000000    0.000000   -0.999997    0.707104   -0.707106    0.707104    0.707106
   48  1    9.351449    1.000000    0.000000    0.000000    0.999897   -0.707100   -0.707037   -0.707100    0.707037
  4
    1    2    3    4
    1  1  -48.608249    1.000000    0.000000    0.000000    1.000000    0.707107    0.707107    0.707107   -0.707107
    2  1  -48.236227    1.000000    0.000000    0.000000   -1.000000    0.707107   -0.707107    0.707107    0.707107
    3  1  -47.706165    1.000000    0.000000    0.000000    1.000000   -0.707107   -0.707107   -0.707107    0.707107
    4  1  -43.751032    1.000000    0.000000    0.000000   -1.000000    0.707107   -0.707107    0.707107    0.707107
    5  1  -43.368130    1.000000    0.000000    0.000000    1.000000    0.707107    0.707107    0.707107   -0.707107
    6  1  -43.170784    1.000000    0.000000    0.000000    1.000000   -0.707107   -0.707107   -0.707107    0.707107
    7  1  -43.168880    1.000000    0.000000    0.000000   -1.000000   -0.707107    0.707107   -0.707107   -0.707107
    8  1  -43.001345    1.000000    0.000000    0.000000   -1.000000   -0.707107    0.707107   -0.707107   -0.707107
    9  1  -42.945842    1.000000    0.000000    0.000000   -1.000000    0.707107   -0.707107    0.707107    0.707107
   10  1  -42.940648    1.000000    0.000000    0.000000    1.000000    0.707107    0.707107    0.707107   -0.707107
   11  1  -42.740064    1.000000    0.000000    0.000000    1.000000    0.707107    0.707107    0.707107   -0.707107
   12  1  -42.728096    1.000000    0.000000    0.000000   -1.000000    0.707107   -0.707107    0.707107    0.707107
   13  1   -7.129853    1.000000    0.000000    0.000000   -1.000000    0.707107   -0.707107    0.707107    0.707107
   14  1   -7.126799    1.000000    0.000000    0.000000   -1.000000   -0.707107    0.707107   -0.707107   -0.707107
   15  1   -6.981047    1.000000    0.000000    0.000000    1.000000    0.707107    0.707107    0.707107   -0.707107
   16  1   -6.978487    1.000000    0.000000    0.000000    1.000000   -0.707107   -0.707107   -0.707107    0.707107
   17  1   -2.642506    1.000000    0.000000    0.000000   -1.000000    0.707107   -0.707107    0.707107    0.707107
   18  1   -2.490756    1.000000    0.000000    0.000000   -1.000000   -0.707107    0.707107   -0.707107   -0.707107
   19  1   -2.358289    1.000000    0.000000    0.000000   -1.000000    0.707107   -0.707107    0.707107    0.707107
   20  1   -2.195447    1.000000    0.000000    0.000000    1.000000   -0.707107   -0.707107   -0.707107    0.707107
   21  1   -2.157763    1.000000    0.000000    0.000000    1.000000    0.707107    0.707107    0.707107   -0.707107
   22  1   -1.167376    1.000000    0.000000    0.000000   -1.000000   -0.707107    0.707107   -0.707107   -0.707107
   23  1   -1.002340    1.000000    0.000000    0.000000    1.000000   -0.707107   -0.707107   -0.707107    0.707107
   24  1   -0.170776    1.000000    0.000000    0.000000    1.000000    0.707107    0.707107    0.707107   -0.707107
   25  1    0.611078    1.000000    0.000000    0.000000    1.000000    0.707107    0.707107    0.707107   -0.707107
   26  1    0.622072    1.000000    0.000000    0.000000   -1.000000    0.707107   -0.707107    0.707107    0.707107
   27  1    0.854736    1.000000    0.000000    0.000000   -1.000000    0.707107   -0.707107    0.707107    0.707107
   28  1    0.857897    1.000000    0.000000    0.000000   -1.000000   -0.707107    0.707107   -0.707107   -0.707107
   29  1    0.936990    1.000000    0.000000    0.000000   -1.000000    0.707107   -0.707107    0.707107    0.707107
   30  1    0.986377    1.000000    0.000000    0.000000    1.000000   -0.707107   -0.707107   -0.707107    0.707107
   31  1    1.041646    1.000000    0.000000    0.000000    1.000000    0.707107    0.707107    0.707107   -0.707107
   32  1    1.110924    1.000000    0.000000    0.000000    1.000000   -0.707107   -0.707107   -0.707107    0.707107
   33  1    1.264540    1.000000    0.000000    0.000000   -1.000000   -0.707107    0.707107   -0.707107   -0.707107
   34  1    3.789625    1.000000    0.000000    0.000000   -1.000000   -0.707107    0.707107   -0.707107   -0.707107
   35  1    3.796266    1.000000    0.000000    0.000000   -1.000000    0.707107   -0.707107    0.707107    0.707107
   36  1    4.628342    1.000000    0.000000    0.000000    1.000000    0.707107    0.707107    0.707107   -0.707107
   37  1    4.631359    1.000000    0.000000    0.000000    1.000000   -0.707107   -0.707107   -0.707107    0.707107
   38  1    5.230431    1.000000    0.000000    0.000000    1.000000   -0.707107   -0.707107   -0.707107    0.707107
   39  1    5.393299    1.000000    0.000000    0.000000    1.000000    0.707107    0.707107    0.707107   -0.707107
   40  1    5.585509    1.000000    0.000000    0.000000    1.000000    0.707107    0.707107    0.707107   -0.707107
   41  1    6.200200    1.000000    0.000000    0.000000   -1.000000   -0.707107    0.707107   -0.707107   -0.707107
   42  1    6.691819    1.000000    0.000000    0.000000   -1.000000   -0.707107    0.707107   -0.707107   -0.707107
   43  1    6.735739    1.000000    0.000000    0.000000   -1.000000    0.707107   -0.707107    0.707107    0.707107
   44  1    7.404774    1.000000    0.000000    0.000000    1.000000   -0.707107   -0.707107   -0.707107    0.707107
   45  1    7.815800    1.000000    0.000000    0.000000   -1.000000    0.707107   -0.707107    0.707107    0.707107
   46  1    8.746394    1.000000    0.000000    0.000000    1.000000    0.707107    0.707107    0.707107   -0.707107
   47  1   12.191276    1.000000    0.000000    0.000000   -0.941033    0.668056   -0.690329    0.668056    0.690329
   48  1   12.278675    1.000000    0.000000    0.000000    0.747696   -0.670677   -0.502192   -0.670677    0.502192
  2
    1    2
    1  1  -48.608035    1.000000    0.000000    0.000000   -1.000000
    2  1  -48.236276    1.000000    0.000000    0.000000    1.000000
    3  1  -47.705924    1.000000    0.000000    0.000000   -1.000000
    4  1  -43.750750    1.000000    0.000000    0.000000    1.000000
    5  1  -43.368615    1.000000    0.000000    0.000000   -1.000000
    6  1  -43.170404    1.000000    0.000000    0.000000   -1.000000
    7  1  -43.168905    1.000000    0.000000    0.000000    1.000000
    8  1  -43.001279    1.000000    0.000000    0.000000    1.000000
    9  1  -42.945841    1.000000    0.000000    0.000000   -1.000000
   10  1  -42.940641    1.000000    0.000000    0.000000    1.000000
   11  1  -42.739747    1.000000    0.000000    0.000000    1.000000
   12  1  -42.728170    1.000000    0.000000    0.000000   -1.000000
   13  1   -7.384649    1.000000    0.000000    0.000000   -1.000000
   14  1   -7.283676    1.000000    0.000000    0.000000    1.000000
   15  1   -7.240754    1.000000    0.000000    0.000000    1.000000
   16  1   -7.137760    1.000000    0.000000    0.000000   -1.000000
   17  1   -2.573981    1.000000    0.000000    0.000000    1.000000
   18  1   -2.572610    1.000000    0.000000    0.000000   -1.000000
   19  1   -2.442011    1.000000    0.000000    0.000000    1.000000
   20  1   -2.227892    1.000000    0.000000    0.000000    1.000000
   21  1   -2.197510    1.000000    0.000000    0.000000   -1.000000
   22  1   -1.579177    1.000000    0.000000    0.000000    1.000000
   23  1   -1.354355    1.000000    0.000000    0.000000   -1.000000
   24  1   -0.764237    1.000000    0.000000    0.000000    1.000000
   25  1   -0.630181    1.000000    0.000000    0.000000   -1.000000
   26  1    1.393935    1.000000    0.000000    0.000000    1.000000
   27  1    1.417787    1.000000    0.000000    0.000000   -1.000000
   28  1    1.856494    1.000000    0.000000    0.000000   -1.000000
   29  1    1.906462    1.000000    0.000000    0.000000    1.000000
   30  1    2.414596    1.000000    0.000000    0.000000   -1.000000
   31  1    2.529981    1.000000    0.000000    0.000000   -1.000000
   32  1    2.537454    1.000000    0.000000    0.000000    1.000000
   33  1    2.649133    1.000000    0.000000    0.000000    1.000000
   34  1    5.141851    1.000000    0.000000    0.000000   -1.000000
   35  1    5.341815    1.000000    0.000000    0.000000   -1.000000
   36  1    5.445171    1.000000    0.000000    0.000000    1.000000
   37  1    5.583769    1.000000    0.000000    0.000000    1.000000
   38  1    5.641018    1.000000    0.000000    0.000000   -1.000000
   39  1    6.105311    1.000000    0.000000    0.000000    1.000000
   40  1    6.517219    1.000000    0.000000    0.000000   -1.000000
   41  1    6.941692    1.000000    0.000000    0.000000   -1.000000
   42  1    7.119915    1.000000    0.000000    0.000000    1.000000
   43  1    7.210481    1.000000    0.000000    0.000000   -1.000000
   44  1    7.384885    1.000000    0.000000    0.000000    1.000000
   45  1    7.462335    1.000000    0.000000    0.000000   -1.000000
   46  1    7.538036    1.000000    0.000000    0.000000    1.000000
   47  1    7.626701    1.000000    0.000000    0.000000    1.000000
   48  1    7.670067    1.000000    0.000000    0.000000    1.000000
  2
    1    2
    1  1  -48.608052    1.000000    0.000000    0.000000   -1.000000
    2  1  -48.236280    1.000000    0.000000    0.000000    1.000000
    3  1  -47.705934    1.000000    0.000000    0.000000   -1.000000
    4  1  -43.750770    1.000000    0.000000    0.000000    1.000000
    5  1  -43.368218    1.000000    0.000000    0.000000   -1.000000
    6  1  -43.170910    1.000000    0.000000    0.000000   -1.000000
    7  1  -43.169004    1.000000    0.000000    0.000000    1.000000
    8  1  -43.001299    1.000000    0.000000    0.000000    1.000000
    9  1  -42.945969    1.000000    0.000000    0.000000   -1.000000
   10  1  -42.940774    1.000000    0.000000    0.000000    1.000000
   11  1  -42.739773    1.000000    0.000000    0.000000    1.000000
   12  1  -42.728199    1.000000    0.000000    0.000000   -1.000000
   13  1   -7.407715    1.000000    0.000000    0.000000   -1.000000
   14  1   -7.297668    1.000000    0.000000    0.000000    1.000000
   15  1   -7.267102    1.000000    0.000000    0.000000    1.000000
   16  1   -7.146848    1.000000    0.000000    0.000000   -1.000000
   17  1   -2.627595    1.000000    0.000000    0.000000    1.000000
   18  1   -2.561532    1.000000    0.000000    0.000000   -1.000000
   19  1   -2.444862    1.000000    0.000000    0.000000    1.000000
   20  1   -2.299363    1.000000    0.000000    0.000000   -1.000000
   21  1   -2.229905    1.000000    0.000000    0.000000    1.000000
   22  1   -0.915041    1.000000    0.000000    0.000000    1.000000
   23  1   -0.703084    1.000000    0.000000    0.000000   -1.000000
   24  1   -0.111298    1.000000    0.000000    0.000000    1.000000
   25  1    0.264260    1.000000    0.000000    0.000000   -1.000000
   26  1    0.479556    1.000000    0.000000    0.000000   -1.000000
   27  1    0.842161    1.000000    0.000000    0.000000    1.000000
   28  1    1.123963    1.000000    0.000000    0.000000   -1.000000
   29  1    1.220530    1.000000    0.000000    0.000000    1.000000
   30  1    1.433185    1.000000    0.000000    0.000000    1.000000
   31  1    1.795447    1.000000    0.000000    0.000000   -1.000000
   32  1    2.353013    1.000000    0.000000    0.000000   -1.000000
   33  1    2.509513    1.000000    0.000000    0.000000    1.000000
   34  1    5.023329    1.000000    0.000000    0.000000   -1.000000
   35  1    5.406282    1.000000    0.000000    0.000000   -1.000000
   36  1    5.646808    1.000000    0.000000    0.000000   -1.000000
   37  1    5.661638    1.000000    0.000000    0.000000    1.000000
   38  1    5.722427    1.000000    0.000000    0.000000    1.000000
   39  1    6.069077    1.000000    0.000000    0.000000    1.000000
   40  1    7.065521    1.000000    0.000000    0.000000    1.000000
   41  1    7.095024    1.000000    0.000000    0.000000   -1.000000
   42  1    7.261387    1.000000    0.000000    0.000000   -1.000000
   43  1    8.109726    1.000000    0.000000    0.000000    1.000000
   44  1    8.158374    1.000000    0.000000    0.000000   -0.999999
   45  1    8.428724    1.000000    0.000000    0.000000    0.999990
   46  1    8.883140    1.000000    0.000000    0.000000   -0.999206
   47  1    8.895304    1.000000    0.000000    0.000000   -0.998122
   48  1    9.183278    1.000000    0.000000    0.000000    0.227879
  4
    1    2    3    4
    1  1  -48.607817    1.000000    0.000000    0.000000    1.000000   -0.707107   -0.707107   -0.707107    0.707107
    2  1  -48.236324    1.000000    0.000000    0.000000   -1.000000   -0.707107    0.707107   -0.707107   -0.707107
    3  1  -47.705668    1.000000    0.000000    0.000000    1.000000    0.707107    0.707107    0.707107   -0.707107
    4  1  -43.750331    1.000000    0.000000    0.000000   -1.000000   -0.707107    0.707107   -0.707107   -0.707107
    5  1  -43.368695    1.000000    0.000000    0.000000    1.000000   -0.707107   -0.707107   -0.707107    0.707107
    6  1  -43.170739    1.000000    0.000000    0.000000    1.000000   -0.707107   -0.707107   -0.707107    0.707107
    7  1  -43.169244    1.000000    0.000000    0.000000   -1.000000   -0.707107    0.707107   -0.707107   -0.707107
    8  1  -43.000546    1.000000    0.000000    0.000000   -1.000000    0.707107   -0.707107    0.707107    0.707107
    9  1  -42.945791    1.000000    0.000000    0.000000   -1.000000   -0.707107    0.707107   -0.707107   -0.707107
   10  1  -42.940600    1.000000    0.000000    0.000000    1.000000   -0.707107   -0.707107   -0.707107    0.707107
   11  1  -42.740365    1.000000    0.000000    0.000000    1.000000    0.707107    0.707107    0.707107   -0.707107
   12  1  -42.728382    1.000000    0.000000    0.000000   -1.000000    0.707107   -0.707107    0.707107    0.707107
   13  1   -7.725823    1.000000    0.000000    0.000000    1.000000    0.707107    0.707107    0.707107   -0.707107
   14  1   -7.584299    1.000000    0.000000    0.000000   -1.000000    0.707107   -0.707107    0.707107    0.707107
   15  1   -7.441747    1.000000    0.000000    0.000000    1.000000   -0.707107   -0.707107   -0.707107    0.707107
   16  1   -7.287920    1.000000    0.000000    0.000000   -1.000000   -0.707107    0.707107   -0.707107   -0.707107
   17  1   -2.620636    1.000000    0.000000    0.000000    1.000000    0.707107    0.707107    0.707107   -0.707107
   18  1   -2.592610    1.000000    0.000000    0.000000    1.000000   -0.707107   -0.707107   -0.707107    0.707107
   19  1   -2.560595    1.000000    0.000000    0.000000   -1.000000    0.707107   -0.707107    0.707107    0.707107
   20  1   -2.545700    1.000000    0.000000    0.000000   -1.000000   -0.707107    0.707107   -0.707107   -0.707107
   21  1   -2.295859    1.000000    0.000000    0.000000   -1.000000   -0.707107    0.707107   -0.707107   -0.707107
   22  1    0.429011    1.000000    0.000000    0.000000    1.000000    0.707107    0.707107    0.707107   -0.707107
   23  1    0.482563    1.000000    0.000000    0.000000    1.000000   -0.707107   -0.707107   -0.707107    0.707107
   24  1    0.555162    1.000000    0.000000    0.000000   -1.000000    0.707107   -0.707107    0.707107    0.707107
   25  1    1.054702    1.000000    0.000000    0.000000   -1.000000   -0.707107    0.707107   -0.707107   -0.707107
   26  1    1.095747    1.000000    0.000000    0.000000   -1.000000    0.707107   -0.707107    0.707107    0.707107
   27  1    1.570872    1.000000    0.000000    0.000000    1.000000    0.707107    0.707107    0.707107   -0.707107
   28  1    1.615372    1.000000    0.000000    0.000000   -1.000000    0.707107   -0.707107    0.707107    0.707107
   29  1    1.622821    1.000000    0.000000    0.000000   -1.000000   -0.707107    0.707107   -0.707107   -0.707107
   30  1    1.680802    1.000000    0.000000    0.000000    1.000000   -0.707107   -0.707107   -0.707107    0.707107
   31  1    1.789069    1.000000    0.000000    0.000000   -1.000000   -0.707107    0.707107   -0.707107   -0.707107
   32  1    2.303879    1.000000    0.000000    0.000000    1.000000   -0.707107   -0.707107   -0.707107    0.707107
   33  1    2.430304    1.000000    0.000000    0.000000    1.000000    0.707107    0.707107    0.707107   -0.707107
   34  1    4.493770    1.000000    0.000000    0.000000    1.000000    0.707107    0.707107    0.707107   -0.707107
   35  1    5.370042    1.000000    0.000000    0.000000    1.000000   -0.707107   -0.707107   -0.707107    0.707107
   36  1    5.491596    1.000000    0.000000    0.000000    1.000000   -0.707107   -0.707107   -0.707107    0.707107
   37  1    5.861786    1.000000    0.000000    0.000000   -1.000000   -0.707107    0.707107   -0.707107   -0.707107
   38  1    5.920064    1.000000    0.000000    0.000000   -1.000000    0.707107   -0.707107    0.707107    0.707107
   39  1    6.092956    1.000000    0.000000    0.000000   -1.000000    0.707107   -0.707107    0.707107    0.707107
   40  1    6.132515    1.000000    0.000000    0.000000   -1.000000   -0.707107    0.707107   -0.707107   -0.707107
   41  1    6.511181    1.000000    0.000000    0.000000    1.000000    0.707107    0.707107    0.707107   -0.707107
   42  1    6.639508    1.000000    0.000000    0.000000   -1.000000    0.707107   -0.707107    0.707107    0.707107
   43  1    6.954854    1.000000    0.000000    0.000000    1.000000   -0.707107   -0.707107   -0.707107    0.707107
   44  1    7.278289    1.000000    0.000000    0.000000   -1.000000   -0.707107    0.707107   -0.707107   -0.707107
   45  1    7.498162    1.000000    0.000000    0.000000    1.000000   -0.707107   -0.707106   -0.707107    0.707107
   46  1    7.940504    1.000000    0.000000    0.000000    1.000000    0.707107    0.707107    0.707107   -0.707107
   47  1    9.091898    1.000000    0.000000    0.000000    0.993488   -0.594898   -0.590511   -0.594898    0.590511
   48  1    9.140088    1.000000    0.000000    0.000000    0.960335    0.684364    0.666312    0.684364   -0.666312
