   41   48
  1
 24
  1  0  0  0  1  0  0  0  1    0.000000    0.000000    0.000000    1.000000    0.000000    0.000000    0.000000    0.000000    0.000000    1.000000    0.000000  1
  0 -1  0  1 -1  0  0  0  1    0.000000    0.000000    0.000000    0.500000    0.000000    0.866025    0.000000   -0.866025    0.000000    0.500000    0.000000  1
 -1  1  0 -1  0  0  0  0  1    0.000000    0.000000    0.000000    0.500000    0.000000   -0.866025    0.000000    0.866025    0.000000    0.500000    0.000000  1
 -1  0  0  0 -1  0  0  0  1    0.000000    0.000000    0.000000    0.000000    0.000000   -1.000000    0.000000    1.000000    0.000000    0.000000    0.000000  1
  0  1  0 -1  1  0  0  0  1    0.000000    0.000000    0.000000    0.866025    0.000000   -0.500000    0.000000    0.500000    0.000000    0.866025    0.000000  1
  1 -1  0  1  0  0  0  0  1    0.000000    0.000000    0.000000    0.866025    0.000000    0.500000    0.000000   -0.500000    0.000000    0.866025    0.000000  1
 -1  0  0  0 -1  0  0  0 -1    0.000000    0.000000    0.000000    1.000000    0.000000    0.000000    0.000000    0.000000    0.000000    1.000000    0.000000  1
  0  1  0 -1  1  0  0  0 -1    0.000000    0.000000    0.000000    0.500000    0.000000    0.866025    0.000000   -0.866025    0.000000    0.500000    0.000000  1
  1 -1  0  1  0  0  0  0 -1    0.000000    0.000000    0.000000    0.500000    0.000000   -0.866025    0.000000    0.866025    0.000000    0.500000    0.000000  1
  1  0  0  0  1  0  0  0 -1    0.000000    0.000000    0.000000    0.000000    0.000000   -1.000000    0.000000    1.000000    0.000000    0.000000    0.000000  1
  0 -1  0  1 -1  0  0  0 -1    0.000000    0.000000    0.000000    0.866025    0.000000   -0.500000    0.000000    0.500000    0.000000    0.866025    0.000000  1
 -1  1  0 -1  0  0  0  0 -1    0.000000    0.000000    0.000000    0.866025    0.000000    0.500000    0.000000   -0.500000    0.000000    0.866025    0.000000  1
  0  1  0  1  0  0  0  0 -1    0.000000    0.000000    0.000000    0.000000   -0.865991    0.000000   -0.500059    0.000000   -0.500059    0.000000    0.865991 -1
  1 -1  0  0 -1  0  0  0 -1    0.000000    0.000000    0.000000    0.000000    0.000000    0.000000   -1.000000    0.000000   -1.000000    0.000000    0.000000 -1
 -1  0  0 -1  1  0  0  0 -1    0.000000    0.000000    0.000000    0.000000    0.866112    0.000000   -0.499850    0.000000   -0.499850    0.000000   -0.866112 -1
  0 -1  0 -1  0  0  0  0 -1    0.000000    0.000000    0.000000    0.000000    0.500080    0.000000   -0.865979    0.000000   -0.865979    0.000000   -0.500080 -1
 -1  1  0  0  1  0  0  0 -1    0.000000    0.000000    0.000000    0.000000   -1.000000    0.000000   -0.000160    0.000000   -0.000160    0.000000    1.000000 -1
  1  0  0  1 -1  0  0  0 -1    0.000000    0.000000    0.000000    0.000000   -0.500011    0.000000   -0.866019    0.000000   -0.866019    0.000000    0.500011 -1
  0 -1  0 -1  0  0  0  0  1    0.000000    0.000000    0.000000    0.000000   -0.865991    0.000000   -0.500059    0.000000   -0.500059    0.000000    0.865991 -1
 -1  1  0  0  1  0  0  0  1    0.000000    0.000000    0.000000    0.000000    0.000000    0.000000   -1.000000    0.000000   -1.000000    0.000000    0.000000 -1
  1  0  0  1 -1  0  0  0  1    0.000000    0.000000    0.000000    0.000000    0.866112    0.000000   -0.499850    0.000000   -0.499850    0.000000   -0.866112 -1
  0  1  0  1  0  0  0  0  1    0.000000    0.000000    0.000000    0.000000    0.500080    0.000000   -0.865979    0.000000   -0.865979    0.000000   -0.500080 -1
  1 -1  0  0 -1  0  0  0  1    0.000000    0.000000    0.000000    0.000000   -1.000000    0.000000   -0.000160    0.000000   -0.000160    0.000000    1.000000 -1
 -1  0  0 -1  1  0  0  0  1    0.000000    0.000000    0.000000    0.000000   -0.500011    0.000000   -0.866019    0.000000   -0.866019    0.000000    0.500011 -1
  6
    0.000000    0.000000    0.000000
    0.000000    0.000000    0.500000
    0.333333    0.333333    0.500000
    0.333333    0.333333    0.000000
    0.500000    0.000000    0.500000
    0.500000    0.000000    0.000000
 12
    1    2    3    4    5    6    7    8    9   10   11   12
    1  1  -48.343736    1.000000    0.000000    0.499995    0.866023    0.499995   -0.866023    0.000000   -1.000000    0.866023   -0.499995    0.866023    0.499995   -1.000000    0.000000   -0.499995   -0.866023   -0.499995    0.866023    0.000000    1.000000   -0.866023    0.499995   -0.866023   -0.499995
    2  1  -47.695069    1.000000    0.000000    0.500000   -0.866025    0.500000    0.866025    0.000000    1.000000    0.866025    0.500000    0.866025   -0.500000   -1.000000    0.000000   -0.500000    0.866025   -0.500000   -0.866025    0.000000   -1.000000   -0.866025   -0.500000   -0.866025    0.500000
    3  1  -47.443665    1.000000    0.000000   -0.999995    0.000003   -0.999995   -0.000002    0.000000   -1.000000    0.000003    0.999996    0.000003   -0.999995   -1.000000    0.000000    0.999996   -0.000002    0.999996    0.000003    0.000000    1.000000   -0.000002   -0.999995   -0.000002    0.999996
    4  1  -43.375177    1.000000    0.000000    0.499993   -0.866021    0.499993    0.866021    0.000000    1.000000    0.866021    0.499993    0.866021   -0.499992   -1.000000    0.000000   -0.499992    0.866021   -0.499992   -0.866021    0.000000   -1.000000   -0.866021   -0.499992   -0.866021    0.499993
    5  1  -42.909305    1.000000    0.000000    0.500000    0.866025    0.500000   -0.866025    0.000000   -1.000000    0.866025   -0.500000    0.866025    0.500000   -1.000000    0.000000   -0.500000   -0.866025   -0.500000    0.866025    0.000000    1.000000   -0.866025    0.500000   -0.866025   -0.500000
    6  1  -42.627558    1.000000    0.000000   -0.999992   -0.000004   -0.999992    0.000004    0.000000    1.000000    0.000004   -0.999992    0.000004    0.999993   -1.000000    0.000000    0.999993    0.000004    0.999993   -0.000004    0.000000   -1.000000   -0.000004    0.999993   -0.000004   -0.999992
    7  1  -38.133555    1.000000    0.000000    0.499973   -0.865978    0.499973    0.865978    0.000000    0.999927    0.866010    0.499991    0.866010   -0.499991    0.999927    0.000000    0.499991   -0.866010    0.499991    0.866010    0.000000    1.000000    0.865978    0.499973    0.865978   -0.499973
    8  2  -38.129713    2.000000    0.000000    0.999946    0.000000    0.999946    0.000000    0.000000    0.000000    1.732019    0.000000    1.732019    0.000000    0.000000    0.000000    0.000000    1.732019    0.000000   -1.732019    0.000000   -2.000000    0.000000   -0.999946    0.000000    0.999946
   10  1  -38.125326    1.000000    0.000000    0.499973    0.865978    0.499973   -0.865978    0.000000   -0.999927    0.866010   -0.499991    0.866010    0.499991   -0.999927    0.000000   -0.499991   -0.866010   -0.499991    0.866010    0.000000    1.000000   -0.865978    0.499973   -0.865978   -0.499973
   11  1  -19.305502    1.000000    0.000000    0.499969    0.865953    0.499969   -0.865952    0.000000   -0.999900    0.866008   -0.499974    0.866008    0.499974    0.999900    0.000000    0.499974    0.866008    0.499974   -0.866008    0.000000   -1.000000    0.865953   -0.499969    0.865953    0.499969
   12  1  -19.302855    1.000000    0.000000    0.499970   -0.865932    0.499970    0.865933    0.000000    0.999877    0.866008    0.499963    0.866008   -0.499962    0.999877    0.000000    0.499963   -0.866008    0.499963    0.866008    0.000000    1.000000    0.865933    0.499970    0.865933   -0.499969
   13  1  -19.281612    1.000000    0.000000    0.499967    0.865927    0.499967   -0.865926    0.000000   -0.999869    0.866006   -0.499959    0.866006    0.499959   -0.999869    0.000000   -0.499959   -0.866006   -0.499959    0.866006    0.000000    1.000000   -0.865926    0.499967   -0.865926   -0.499966
   14  1  -19.279028    1.000000    0.000000    0.499967   -0.865947    0.499967    0.865947    0.000000    0.999893    0.866006    0.499971    0.866006   -0.499971   -0.999893    0.000000   -0.499971    0.866006   -0.499971   -0.866006    0.000000   -1.000000   -0.865947   -0.499967   -0.865947    0.499967
   15  1  -18.951078    1.000000    0.000000    0.499845    0.865897    0.499845   -0.865897    0.000000   -0.999896    0.865936   -0.499881    0.865936    0.499881    0.999896    0.000000    0.499881    0.865936    0.499881   -0.865936    0.000000   -1.000000    0.865897   -0.499845    0.865897    0.499845
   16  1  -18.948549    1.000000    0.000000    0.499843   -0.865893    0.499843    0.865894    0.000000    0.999886    0.865935    0.499886    0.865935   -0.499886    0.999886    0.000000    0.499886   -0.865935    0.499886    0.865935    0.000000    1.000000    0.865894    0.499843    0.865894   -0.499843
   17  1  -18.915123    1.000000    0.000000    0.499402    0.865643    0.499402   -0.865642    0.000000   -0.999887    0.865680   -0.499450    0.865680    0.499450   -0.999887    0.000000   -0.499450   -0.865680   -0.499450    0.865680    0.000000    1.000000   -0.865642    0.499402   -0.865642   -0.499402
   18  1  -18.913194    1.000000    0.000000    0.499444   -0.865669    0.499444    0.865669    0.000000    0.999865    0.865705    0.499518    0.865705   -0.499517   -0.999865    0.000000   -0.499517    0.865705   -0.499517   -0.865704    0.000000   -1.000000   -0.865669   -0.499444   -0.865669    0.499444
   19  1  -18.887954    1.000000    0.000000   -0.999325    0.000304   -0.999325   -0.000304    0.000000   -0.999852    0.000348    0.999398    0.000348   -0.999398   -0.999852    0.000000    0.999398   -0.000348    0.999398    0.000348    0.000000    1.000000   -0.000304   -0.999325   -0.000304    0.999325
   20  2  -18.884357    2.000000    0.000000   -1.999143   -0.000238   -1.999143    0.000239    0.000000    0.000038    0.000411    0.000375    0.000411   -0.000375   -0.000038    0.000000   -0.000375    0.000411   -0.000375   -0.000411    0.000000   -2.000000   -0.000238    1.999144   -0.000238   -1.999143
   22  1  -18.880245    1.000000    0.000000   -0.999773   -0.000041   -0.999773    0.000042    0.000000    0.999848    0.000089   -0.999849    0.000089    0.999849    0.999848    0.000000   -0.999849   -0.000089   -0.999849    0.000089    0.000000    1.000000    0.000042   -0.999773    0.000042    0.999773
   23  1   -5.429322    1.000000    0.000000    0.499998   -0.866021    0.499998    0.866022    0.000000    0.999994    0.866024    0.499999    0.866024   -0.499999    0.999994    0.000000    0.499999   -0.866024    0.499999    0.866024    0.000000    1.000000    0.866022    0.499998    0.866022   -0.499998
   24  1   -5.286379    1.000000    0.000000    0.499998    0.866021    0.499998   -0.866021    0.000000   -0.999994    0.866024   -0.499999    0.866024    0.499999    0.999994    0.000000    0.499999    0.866024    0.499999   -0.866024    0.000000   -1.000000    0.866021   -0.499998    0.866021    0.499998
   25  1   -4.995671    1.000000    0.000000    0.499997    0.866021    0.499997   -0.866021    0.000000   -0.999993    0.866024   -0.499999    0.866024    0.499999   -0.999993    0.000000   -0.499999   -0.866024   -0.499999    0.866024    0.000000    1.000000   -0.866021    0.499997   -0.866021   -0.499997
   26  1   -4.979559    1.000000    0.000000    0.499997   -0.866020    0.499997    0.866021    0.000000    0.999993    0.866024    0.499999    0.866024   -0.499999   -0.999992    0.000000   -0.499999    0.866024   -0.499999   -0.866024    0.000000   -1.000000   -0.866020   -0.499997   -0.866020    0.499997
   27  1   -2.219428    1.000000    0.000000    0.499953   -0.865994    0.499953    0.865994    0.000000    1.000000    0.865995    0.499953    0.865995   -0.499953    1.000000    0.000000    0.499953   -0.865994    0.499953    0.865995    0.000000    1.000000    0.865994    0.499953    0.865994   -0.499953
   28  1   -2.185792    1.000000    0.000000   -0.999901   -0.000043   -0.999901    0.000043    0.000000    1.000000    0.000043   -0.999901    0.000043    0.999901    1.000000    0.000000   -0.999901   -0.000043   -0.999901    0.000043    0.000000    1.000000    0.000043   -0.999901    0.000043    0.999901
   29  1   -2.087526    1.000000    0.000000    0.499988    0.866012    0.499988   -0.866012    0.000000    1.000000   -0.866012    0.499988   -0.866012   -0.499988    1.000000    0.000000    0.499988    0.866012    0.499988   -0.866012    0.000000    1.000000   -0.866012    0.499988   -0.866012   -0.499988
   30  1   -1.801558    1.000000    0.000000    0.499994    0.866018    0.499994   -0.866018    0.000000   -0.999995    0.866022   -0.499991    0.866022    0.499992    0.999995    0.000000    0.499992    0.866022    0.499992   -0.866022    0.000000   -1.000000    0.866018   -0.499994    0.866018    0.499994
   31  1   -1.750015    1.000000    0.000000   -0.999990    0.000002   -0.999990   -0.000001    0.000000   -0.999995    0.000006    0.999993    0.000006   -0.999992    0.999995    0.000000   -0.999992    0.000006   -0.999992   -0.000006    0.000000   -1.000000    0.000002    0.999990    0.000002   -0.999990
   32  1   -1.411338    1.000000    0.000000    0.499997   -0.866020    0.499997    0.866020    0.000000    0.999992    0.866024    0.499999    0.866024   -0.499999    0.999992    0.000000    0.499999   -0.866023    0.499999    0.866024    0.000000    1.000000    0.866020    0.499997    0.866020   -0.499997
   33  1   -1.006741    1.000000    0.000000    0.499996    0.866019    0.499996   -0.866019    0.000000   -0.999990    0.866023   -0.499999    0.866023    0.499999    0.999990    0.000000    0.499999    0.866023    0.499999   -0.866023    0.000000   -1.000000    0.866019   -0.499996    0.866019    0.499996
   34  1    0.323977    1.000000    0.000000    0.499994   -0.866015    0.499994    0.866015    0.000000    0.999985    0.866022    0.499998    0.866022   -0.499998   -0.999985    0.000000   -0.499998    0.866022   -0.499998   -0.866022    0.000000   -1.000000   -0.866015   -0.499994   -0.866015    0.499994
   35  1    0.365811    1.000000    0.000000    0.499994   -0.866014    0.499994    0.866014    0.000000    0.999983    0.866022    0.499998    0.866022   -0.499997    0.999983    0.000000    0.499998   -0.866022    0.499998    0.866022    0.000000    1.000000    0.866014    0.499994    0.866014   -0.499994
   36  1    0.390259    1.000000    0.000000    0.499994    0.866014    0.499994   -0.866014    0.000000   -0.999983    0.866022   -0.499997    0.866022    0.499998   -0.999983    0.000000   -0.499997   -0.866022   -0.499997    0.866022    0.000000    1.000000   -0.866014    0.499994   -0.866014   -0.499994
   37  1    0.433131    1.000000    0.000000    0.499995    0.866017    0.499995   -0.866017    0.000000   -0.999987    0.866023   -0.499998    0.866023    0.499998    0.999987    0.000000    0.499998    0.866023    0.499998   -0.866022    0.000000   -1.000000    0.866017   -0.499995    0.866017    0.499995
   38  1    2.280410    1.000000    0.000000    0.499991   -0.866009    0.499991    0.866010    0.000000    0.999976    0.866020    0.499997    0.866020   -0.499997   -0.999976    0.000000   -0.499997    0.866020   -0.499997   -0.866020    0.000000   -1.000000   -0.866009   -0.499991   -0.866009    0.499991
   39  1    2.369366    1.000000    0.000000    0.499991    0.866009    0.499991   -0.866009    0.000000   -0.999975    0.866020   -0.499997    0.866020    0.499997   -0.999975    0.000000   -0.499997   -0.866020   -0.499997    0.866020    0.000000    1.000000   -0.866009    0.499991   -0.866009   -0.499991
   40  1    3.061879    1.000000    0.000000    0.499999    0.866023    0.499999   -0.866023    0.000000   -0.999997    0.866025   -0.499999    0.866025    0.500000    0.999997    0.000000    0.500000    0.866025    0.500000   -0.866025    0.000000   -1.000000    0.866023   -0.499999    0.866023    0.499999
   41  1    3.779609    1.000000    0.000000    0.499993   -0.866012    0.499993    0.866012    0.000000    0.999980    0.866021    0.499998    0.866021   -0.499997    0.999980    0.000000    0.499998   -0.866021    0.499998    0.866021    0.000000    1.000000    0.866012    0.499993    0.866012   -0.499992
   42  1    3.855112    1.000000    0.000000    0.499991    0.866009    0.499991   -0.866009    0.000000   -0.999974    0.866020   -0.499997    0.866020    0.499997    0.999975    0.000000    0.499997    0.866020    0.499997   -0.866020    0.000000   -1.000000    0.866009   -0.499990    0.866009    0.499991
   43  1    4.997552    1.000000    0.000000    0.499995   -0.866016    0.499995    0.866016    0.000000    0.999986    0.866022    0.499998    0.866022   -0.499998    0.999986    0.000000    0.499998   -0.866022    0.499998    0.866022    0.000000    1.000000    0.866016    0.499995    0.866016   -0.499995
   44  1    5.955580    1.000000    0.000000   -0.996923   -0.000547   -0.996923    0.000547    0.000000   -0.998171   -0.001691    0.997329   -0.001691   -0.997329    0.999272    0.000000   -0.996615   -0.000446   -0.996615    0.000446    0.000000   -0.998008   -0.001493    0.997294   -0.001493   -0.997293
   45  1    6.034868    1.000000    0.000000    0.496846   -0.860777    0.496846    0.860777    0.000000   -0.992961   -0.863627   -0.496976   -0.863627    0.496976    0.997623    0.000000    0.498047   -0.861059    0.498047    0.861059    0.000000   -0.994858   -0.862973   -0.495573   -0.862973    0.495573
   46  1    6.099076    1.000000    0.000000    0.464389   -0.814843    0.464389    0.814843    0.000000    0.936401    0.788208    0.481810    0.788208   -0.481810    0.994019    0.000000    0.468050   -0.814752    0.468050    0.814753    0.000000    0.938561    0.789511    0.479780    0.789511   -0.479780
   47  1    6.138286    1.000000    0.000000   -0.978650   -0.006970   -0.978650    0.006970    0.000000    0.871085   -0.012179   -0.882947   -0.012179    0.882948    0.983224    0.000000   -0.962967   -0.007014   -0.962967    0.007015    0.000000    0.880978   -0.011594   -0.892927   -0.011594    0.892928
   48  1    6.160823    1.000000    0.000000   -0.421230   -0.098987   -0.421230    0.098987    0.000000   -0.065574   -0.331919   -0.103530   -0.331919    0.103530    0.478602    0.000000   -0.314802   -0.016910   -0.314802    0.016910    0.000000    0.079060   -0.093097   -0.105372   -0.093097    0.105372
 12
    1    2    3    4    5    6    7    8    9   10   11   12
    1  1  -48.343736    1.000000    0.000000    0.499995    0.866023    0.499995   -0.866023    0.000000   -1.000000    0.866023   -0.499995    0.866023    0.499995    1.000000    0.000000    0.499995    0.866023    0.499995   -0.866023    0.000000   -1.000000    0.866023   -0.499995    0.866023    0.499995
    2  1  -47.695071    1.000000    0.000000    0.500000   -0.866025    0.500000    0.866025    0.000000    1.000000    0.866025    0.500000    0.866025   -0.500000    1.000000    0.000000    0.500000   -0.866025    0.500000    0.866025    0.000000    1.000000    0.866025    0.500000    0.866025   -0.500000
    3  1  -47.443665    1.000000    0.000000   -0.999995    0.000003   -0.999995   -0.000002    0.000000   -1.000000    0.000003    0.999996    0.000003   -0.999995    1.000000    0.000000   -0.999995    0.000003   -0.999995   -0.000002    0.000000   -1.000000    0.000003    0.999996    0.000003   -0.999995
    4  1  -43.375177    1.000000    0.000000    0.499993   -0.866021    0.499993    0.866021    0.000000    1.000000    0.866021    0.499993    0.866021   -0.499992    1.000000    0.000000    0.499993   -0.866021    0.499993    0.866021    0.000000    1.000000    0.866021    0.499993    0.866021   -0.499992
    5  1  -42.909305    1.000000    0.000000    0.500000    0.866025    0.500000   -0.866025    0.000000   -1.000000    0.866025   -0.500000    0.866025    0.500000    1.000000    0.000000    0.500000    0.866025    0.500000   -0.866025    0.000000   -1.000000    0.866025   -0.500000    0.866025    0.500000
    6  1  -42.627559    1.000000    0.000000   -0.999992   -0.000004   -0.999992    0.000004    0.000000    1.000000    0.000004   -0.999992    0.000004    0.999993    1.000000    0.000000   -0.999992   -0.000004   -0.999992    0.000004    0.000000    1.000000    0.000004   -0.999992    0.000004    0.999993
    7  1  -38.133555    1.000000    0.000000    0.499973   -0.865978    0.499973    0.865978    0.000000    0.999927    0.866010    0.499991    0.866010   -0.499991    0.999927    0.000000    0.499991   -0.866010    0.499991    0.866010    0.000000    1.000000    0.865978    0.499973    0.865978   -0.499973
    8  2  -38.129714    2.000000    0.000000    0.999946    0.000000    0.999946    0.000000    0.000000    0.000000    1.732019    0.000000    1.732019    0.000000    0.000000    0.000000    0.000000    1.732019    0.000000   -1.732019    0.000000   -2.000000    0.000000   -0.999946    0.000000    0.999946
   10  1  -38.125326    1.000000    0.000000    0.499973    0.865978    0.499973   -0.865978    0.000000   -0.999927    0.866010   -0.499991    0.866010    0.499991   -0.999927    0.000000   -0.499991   -0.866010   -0.499991    0.866010    0.000000    1.000000   -0.865978    0.499973   -0.865978   -0.499973
   11  1  -19.305500    1.000000    0.000000    0.499969    0.865953    0.499969   -0.865952    0.000000   -0.999900    0.866008   -0.499974    0.866008    0.499974    0.999900    0.000000    0.499974    0.866008    0.499974   -0.866008    0.000000   -1.000000    0.865953   -0.499969    0.865953    0.499969
   12  1  -19.302853    1.000000    0.000000    0.499970   -0.865932    0.499970    0.865933    0.000000    0.999877    0.866008    0.499963    0.866008   -0.499962    0.999877    0.000000    0.499963   -0.866008    0.499963    0.866008    0.000000    1.000000    0.865933    0.499970    0.865933   -0.499969
   13  1  -19.281607    1.000000    0.000000    0.499967    0.865927    0.499967   -0.865926    0.000000   -0.999869    0.866006   -0.499959    0.866006    0.499959   -0.999869    0.000000   -0.499959   -0.866006   -0.499959    0.866006    0.000000    1.000000   -0.865926    0.499967   -0.865926   -0.499966
   14  1  -19.279023    1.000000    0.000000    0.499967   -0.865947    0.499967    0.865947    0.000000    0.999893    0.866006    0.499971    0.866006   -0.499971   -0.999893    0.000000   -0.499971    0.866006   -0.499971   -0.866006    0.000000   -1.000000   -0.865947   -0.499967   -0.865947    0.499967
   15  1  -18.951076    1.000000    0.000000    0.499845    0.865897    0.499845   -0.865897    0.000000   -0.999896    0.865936   -0.499881    0.865936    0.499881    0.999896    0.000000    0.499881    0.865936    0.499881   -0.865936    0.000000   -1.000000    0.865897   -0.499845    0.865897    0.499845
   16  1  -18.948547    1.000000    0.000000    0.499843   -0.865893    0.499843    0.865894    0.000000    0.999886    0.865935    0.499886    0.865935   -0.499886    0.999886    0.000000    0.499886   -0.865935    0.499886    0.865935    0.000000    1.000000    0.865894    0.499843    0.865894   -0.499843
   17  1  -18.915118    1.000000    0.000000    0.499402    0.865642    0.499402   -0.865642    0.000000   -0.999887    0.865680   -0.499449    0.865680    0.499450   -0.999887    0.000000   -0.499449   -0.865680   -0.499449    0.865680    0.000000    1.000000   -0.865642    0.499402   -0.865642   -0.499402
   18  1  -18.913188    1.000000    0.000000    0.499444   -0.865669    0.499444    0.865669    0.000000    0.999865    0.865705    0.499518    0.865705   -0.499517   -0.999865    0.000000   -0.499517    0.865705   -0.499517   -0.865704    0.000000   -1.000000   -0.865669   -0.499444   -0.865669    0.499444
   19  1  -18.887951    1.000000    0.000000   -0.999325    0.000304   -0.999325   -0.000304    0.000000   -0.999853    0.000348    0.999398    0.000348   -0.999398   -0.999853    0.000000    0.999398   -0.000348    0.999398    0.000348    0.000000    1.000000   -0.000304   -0.999325   -0.000304    0.999325
   20  2  -18.884354    2.000000    0.000000   -1.999143   -0.000238   -1.999143    0.000238    0.000000    0.000038    0.000411    0.000376    0.000411   -0.000375   -0.000037    0.000000   -0.000375    0.000411   -0.000375   -0.000410    0.000000   -2.000000   -0.000238    1.999144   -0.000238   -1.999143
   22  1  -18.880244    1.000000    0.000000   -0.999773   -0.000041   -0.999773    0.000042    0.000000    0.999848    0.000089   -0.999849    0.000089    0.999849    0.999848    0.000000   -0.999849   -0.000089   -0.999849    0.000089    0.000000    1.000000    0.000042   -0.999773    0.000042    0.999773
   23  1   -5.424504    1.000000    0.000000    0.499998   -0.866021    0.499998    0.866022    0.000000    0.999994    0.866024    0.499999    0.866024   -0.499999   -0.999994    0.000000   -0.499999    0.866024   -0.499999   -0.866024    0.000000   -1.000000   -0.866021   -0.499998   -0.866021    0.499998
   24  1   -5.280541    1.000000    0.000000    0.499998    0.866021    0.499998   -0.866021    0.000000   -0.999994    0.866024   -0.499999    0.866024    0.499999   -0.999994    0.000000   -0.499999   -0.866024   -0.499999    0.866024    0.000000    1.000000   -0.866021    0.499998   -0.866021   -0.499998
   25  1   -5.003739    1.000000    0.000000    0.499997    0.866021    0.499997   -0.866021    0.000000   -0.999993    0.866024   -0.499999    0.866024    0.499999    0.999993    0.000000    0.499999    0.866024    0.499999   -0.866024    0.000000   -1.000000    0.866021   -0.499997    0.866021    0.499997
   26  1   -4.987635    1.000000    0.000000    0.499997   -0.866020    0.499997    0.866021    0.000000    0.999992    0.866024    0.499999    0.866024   -0.499999    0.999992    0.000000    0.499999   -0.866024    0.499999    0.866024    0.000000    1.000000    0.866021    0.499997    0.866021   -0.499997
   27  1   -2.218493    1.000000    0.000000    0.499950   -0.865992    0.499950    0.865993    0.000000    1.000000    0.865993    0.499950    0.865993   -0.499950   -1.000000    0.000000   -0.499950    0.865993   -0.499950   -0.865993    0.000000   -1.000000   -0.865992   -0.499949   -0.865992    0.499950
   28  1   -2.185792    1.000000    0.000000   -0.999894   -0.000046   -0.999894    0.000046    0.000000    1.000000    0.000046   -0.999895    0.000046    0.999895   -1.000000    0.000000    0.999895    0.000046    0.999895   -0.000046    0.000000   -1.000000   -0.000046    0.999895   -0.000046   -0.999894
   29  1   -2.087525    1.000000    0.000000    0.499988    0.866012    0.499988   -0.866012    0.000000    1.000000   -0.866012    0.499988   -0.866012   -0.499988   -1.000000    0.000000   -0.499988   -0.866012   -0.499988    0.866012    0.000000   -1.000000    0.866012   -0.499988    0.866012    0.499988
   30  1   -1.801555    1.000000    0.000000    0.499994    0.866017    0.499994   -0.866017    0.000000   -0.999994    0.866022   -0.499991    0.866022    0.499991   -0.999994    0.000000   -0.499991   -0.866022   -0.499991    0.866022    0.000000    1.000000   -0.866017    0.499994   -0.866017   -0.499994
   31  1   -1.750015    1.000000    0.000000   -0.999989    0.000001   -0.999989   -0.000001    0.000000   -0.999994    0.000006    0.999992    0.000006   -0.999992   -0.999994    0.000000    0.999992   -0.000006    0.999992    0.000006    0.000000    1.000000   -0.000001   -0.999989   -0.000001    0.999989
   32  1   -1.297719    1.000000    0.000000    0.499997   -0.866021    0.499997    0.866021    0.000000    0.999993    0.866024    0.499999    0.866024   -0.499999   -0.999993    0.000000   -0.499999    0.866024   -0.499999   -0.866024    0.000000   -1.000000   -0.866021   -0.499997   -0.866021    0.499997
   33  1   -0.808832    1.000000    0.000000    0.499997    0.866021    0.499997   -0.866020    0.000000   -0.999992    0.866024   -0.499999    0.866024    0.499999   -0.999992    0.000000   -0.499999   -0.866024   -0.499999    0.866024    0.000000    1.000000   -0.866020    0.499997   -0.866020   -0.499997
   34  1   -0.356520    1.000000    0.000000    0.499994    0.866015    0.499994   -0.866015    0.000000   -0.999984    0.866022   -0.499998    0.866022    0.499998    0.999984    0.000000    0.499998    0.866022    0.499998   -0.866022    0.000000   -1.000000    0.866015   -0.499994    0.866015    0.499994
   35  1   -0.345989    1.000000    0.000000    0.499994   -0.866015    0.499994    0.866015    0.000000    0.999984    0.866022    0.499998    0.866022   -0.499998    0.999984    0.000000    0.499998   -0.866022    0.499998    0.866022    0.000000    1.000000    0.866015    0.499994    0.866015   -0.499994
   36  1    1.515127    1.000000    0.000000    0.499997   -0.866019    0.499997    0.866020    0.000000    0.999991    0.866024    0.499999    0.866024   -0.499999    0.999991    0.000000    0.499999   -0.866023    0.499999    0.866024    0.000000    1.000000    0.866020    0.499997    0.866020   -0.499996
   37  1    1.557608    1.000000    0.000000    0.499997    0.866017    0.499997   -0.866017    0.000000   -0.999988    0.866024   -0.499997    0.866024    0.499997    0.999988    0.000000    0.499997    0.866024    0.499997   -0.866023    0.000000   -1.000000    0.866017   -0.499997    0.866017    0.499997
   38  1    1.582001    1.000000    0.000000    0.499990   -0.866007    0.499990    0.866007    0.000000    0.999972    0.866020    0.499996    0.866020   -0.499996   -0.999972    0.000000   -0.499996    0.866020   -0.499996   -0.866020    0.000000   -1.000000   -0.866007   -0.499990   -0.866007    0.499990
   39  1    1.616564    1.000000    0.000000    0.499991    0.866010    0.499991   -0.866010    0.000000   -0.999977    0.866020   -0.499997    0.866020    0.499997   -0.999977    0.000000   -0.499997   -0.866020   -0.499997    0.866020    0.000000    1.000000   -0.866010    0.499991   -0.866010   -0.499991
   40  1    3.245397    1.000000    0.000000    0.499996    0.866019    0.499996   -0.866019    0.000000   -0.999990    0.866023   -0.499999    0.866023    0.499999   -0.999990    0.000000   -0.499999   -0.866023   -0.499999    0.866023    0.000000    1.000000   -0.866019    0.499996   -0.866019   -0.499996
   41  1    3.837828    1.000000    0.000000    0.499991    0.866009    0.499991   -0.866009    0.000000   -0.999975    0.866020   -0.499997    0.866020    0.499997    0.999975    0.000000    0.499997    0.866020    0.499997   -0.866020    0.000000   -1.000000    0.866009   -0.499990    0.866009    0.499991
   42  1    3.840634    1.000000    0.000000    0.499991   -0.866010    0.499991    0.866010    0.000000    0.999976    0.866020    0.499997    0.866020   -0.499997    0.999976    0.000000    0.499997   -0.866020    0.499997    0.866020    0.000000    1.000000    0.866010    0.499991    0.866010   -0.499991
   43  1    5.061656    1.000000    0.000000    0.499994   -0.866015    0.499994    0.866016    0.000000    0.999985    0.866022    0.499998    0.866022   -0.499998   -0.999985    0.000000   -0.499998    0.866022   -0.499998   -0.866022    0.000000   -1.000000   -0.866015   -0.499994   -0.866015    0.499994
   44  1    5.955673    1.000000    0.000000   -0.998568    0.000111   -0.998568   -0.000111    0.000000   -0.998410   -0.000809    0.998611   -0.000809   -0.998611   -0.998085    0.000000    0.997812   -0.000503    0.997812    0.000503    0.000000    0.997179    0.000156   -0.998047    0.000156    0.998047
   45  1    6.035347    1.000000    0.000000    0.491659   -0.856283    0.491659    0.856283    0.000000   -0.984201   -0.861033   -0.498644   -0.861033    0.498644   -0.984943    0.000000   -0.496835    0.858364   -0.496835   -0.858364    0.000000    0.994357    0.855340    0.492105    0.855340   -0.492105
   46  1    6.094633    1.000000    0.000000    0.492742   -0.854181    0.492742    0.854181    0.000000    0.997968    0.853080    0.492818    0.853080   -0.492818   -0.985866    0.000000   -0.494748    0.860990   -0.494748   -0.860990    0.000000   -0.984255   -0.860057   -0.494766   -0.860057    0.494766
   47  1    6.135581    1.000000    0.000000   -0.952465    0.015808   -0.952465   -0.015808    0.000000    0.977317   -0.026950   -0.949160   -0.026950    0.949160   -0.890862    0.000000    0.913917    0.008197    0.913917   -0.008197    0.000000   -0.894920   -0.013758    0.908307   -0.013758   -0.908307
   48  1    6.174725    1.000000    0.000000   -0.212681   -0.287716   -0.212681    0.287716    0.000000   -0.121740   -0.454204   -0.376445   -0.454204    0.376445    0.197504    0.000000    0.367320   -0.265142    0.367320    0.265142    0.000000   -0.250437   -0.326382   -0.208971   -0.326382    0.208971
  6
    1    2    3   10   11   12
    1  1  -48.353110    1.000000    0.000000    0.499995    0.866023    0.499995   -0.866023    0.000000   -1.000000    0.866023   -0.499995    0.866023    0.499995
    2  1  -47.693573    1.000000    0.000000    0.500000   -0.866025    0.500000    0.866025    0.000000    1.000000    0.866025    0.500000    0.866025   -0.500000
    3  1  -47.454072    1.000000    0.000000   -0.999995    0.000003   -0.999995   -0.000002    0.000000   -1.000000    0.000003    0.999996    0.000003   -0.999995
    4  1  -43.387252    1.000000    0.000000    0.499992   -0.866021    0.499992    0.866021    0.000000    1.000000    0.866021    0.499992    0.866021   -0.499992
    5  1  -42.907214    1.000000    0.000000    0.500000    0.866025    0.500000   -0.866025    0.000000   -1.000000    0.866025   -0.500000    0.866025    0.500000
    6  1  -42.640924    1.000000    0.000000   -0.999992   -0.000004   -0.999992    0.000004    0.000000    1.000000    0.000004   -0.999992    0.000004    0.999993
    7  1  -38.072602    1.000000    0.000000    0.499972   -0.865977    0.499972    0.865977    0.000000    1.000000    0.865977    0.499972    0.865977   -0.499972
    8  2  -38.069034    2.000000    0.000000    0.999944    0.000000    0.999944    0.000000    0.000000   -2.000000    0.000000   -0.999944    0.000000    0.999944
   10  1  -38.065053    1.000000    0.000000    0.499972    0.865977    0.499972   -0.865976    0.000000    1.000000   -0.865976    0.499972   -0.865976   -0.499972
   11  2  -19.486973    2.000000    0.000000    0.999908    1.731630    0.999908   -1.731630    0.000000    0.000000    0.000099   -0.000001    0.000099    0.000001
   13  2  -19.482206    2.000000    0.000000    0.999915   -1.731633    0.999915    1.731634    0.000000    0.000000   -0.000095    0.000001   -0.000095   -0.000001
   15  1  -19.180268    1.000000    0.000000   -0.999898   -0.000001   -0.999898    0.000001    0.000000    1.000000    0.000001   -0.999898    0.000001    0.999898
   16  1  -19.174994    1.000000    0.000000   -0.999901    0.000003   -0.999901   -0.000002    0.000000   -1.000000    0.000003    0.999902    0.000003   -0.999901
   17  1  -19.173094    1.000000    0.000000   -0.999899    0.000001   -0.999899   -0.000001    0.000000   -1.000000    0.000001    0.999899    0.000001   -0.999899
   18  1  -19.167700    1.000000    0.000000   -0.999902    0.000000   -0.999902   -0.000000    0.000000    1.000000   -0.000000   -0.999902   -0.000000    0.999902
   19  1  -18.970763    1.000000    0.000000    0.499973    0.865984    0.499973   -0.865984    0.000000   -1.000000    0.865984   -0.499973    0.865984    0.499973
   20  1  -18.968947    1.000000    0.000000    0.499972   -0.865983    0.499972    0.865983    0.000000    1.000000    0.865983    0.499972    0.865983   -0.499972
   21  1  -18.923256    1.000000    0.000000    0.499978    0.865987    0.499978   -0.865987    0.000000    1.000000   -0.865987    0.499978   -0.865987   -0.499977
   22  1  -18.921877    1.000000    0.000000    0.499977   -0.865987    0.499977    0.865987    0.000000   -1.000000   -0.865987   -0.499977   -0.865987    0.499977
   23  1   -3.119185    1.000000    0.000000    0.499993   -0.866013    0.499993    0.866013    0.000000   -1.000000   -0.866013   -0.499992   -0.866013    0.499993
   24  1   -2.264574    1.000000    0.000000    0.499988    0.866002    0.499988   -0.866002    0.000000    1.000000   -0.866002    0.499988   -0.866002   -0.499988
   25  1   -2.122738    1.000000    0.000000    0.499968    0.864310    0.499968   -0.864310    0.000000    1.000000   -0.864310    0.499968   -0.864310   -0.499968
   26  1   -2.121048    1.000000    0.000000   -0.999997    0.000000   -0.999997    0.000000    0.000000   -1.000000    0.000000    0.999998    0.000000   -0.999997
   27  1   -2.076701    1.000000    0.000000   -0.996299   -0.002096   -0.996299    0.002096    0.000000    1.000000    0.002096   -0.996299    0.002096    0.996299
   28  1   -2.026534    1.000000    0.000000    0.499999    0.866023    0.499999   -0.866023    0.000000   -1.000000    0.866023   -0.499999    0.866023    0.499999
   29  1   -1.979747    1.000000    0.000000    0.499986    0.865999    0.499986   -0.865999    0.000000   -1.000000    0.865999   -0.499986    0.865999    0.499986
   30  1   -1.974865    1.000000    0.000000    0.499566   -0.865572    0.499566    0.865573    0.000000    1.000000    0.865573    0.499565    0.865573   -0.499565
   31  1   -0.796581    1.000000    0.000000    0.499976   -0.865987    0.499976    0.865987    0.000000   -1.000000   -0.865987   -0.499976   -0.865987    0.499976
   32  1    1.647608    1.000000    0.000000    0.499763   -0.865856    0.499763    0.865856    0.000000    1.000000    0.865856    0.499763    0.865856   -0.499763
   33  1    1.667230    1.000000    0.000000   -0.999737   -0.000122   -0.999737    0.000122    0.000000    1.000000    0.000122   -0.999737    0.000122    0.999737
   34  1    1.745277    1.000000    0.000000    0.499539    0.865728    0.499539   -0.865728    0.000000   -1.000000    0.865728   -0.499539    0.865728    0.499539
   35  1    1.763325    1.000000    0.000000   -0.999452    0.000215   -0.999452   -0.000215    0.000000   -1.000000    0.000215    0.999452    0.000215   -0.999452
   36  1    1.772171    1.000000    0.000000    0.499520   -0.865719    0.499520    0.865719    0.000000   -1.000000   -0.865719   -0.499520   -0.865719    0.499520
   37  1    1.790178    1.000000    0.000000   -0.999566   -0.000230   -0.999566    0.000230    0.000000   -1.000000   -0.000230    0.999566   -0.000230   -0.999566
   38  1    2.123272    1.000000    0.000000    0.499674    0.865808    0.499674   -0.865808    0.000000    1.000000   -0.865808    0.499674   -0.865808   -0.499674
   39  1    2.143492    1.000000    0.000000   -0.999645    0.000173   -0.999645   -0.000172    0.000000    1.000000   -0.000172   -0.999645   -0.000172    0.999645
   40  1    2.529200    1.000000    0.000000    0.499970    0.865970    0.499970   -0.865970    0.000000    1.000000   -0.865970    0.499970   -0.865970   -0.499970
   41  1    2.879984    1.000000    0.000000    0.499977   -0.865989    0.499977    0.865989    0.000000   -1.000000   -0.865989   -0.499977   -0.865989    0.499977
   42  1    3.315407    1.000000    0.000000    0.499950   -0.865939    0.499950    0.865939    0.000000    1.000000    0.865939    0.499950    0.865939   -0.499949
   43  1    3.404090    1.000000    0.000000    0.499906    0.865849    0.499906   -0.865848    0.000000   -1.000000    0.865849   -0.499906    0.865849    0.499906
   44  1    3.890043    1.000000    0.000000    0.499543   -0.865623    0.499543    0.865623    0.000000   -0.999873   -0.865608   -0.499641   -0.865608    0.499641
   45  1    3.908137    1.000000    0.000000   -0.999502   -0.000159   -0.999502    0.000160    0.000000   -0.999858   -0.000144    0.999393   -0.000144   -0.999393
   46  1    3.947286    1.000000    0.000000    0.499781    0.865835    0.499781   -0.865835    0.000000    0.999986   -0.865830    0.499782   -0.865830   -0.499782
   47  1    3.964857    1.000000    0.000000   -0.999724    0.000050   -0.999724   -0.000050    0.000000    0.999980   -0.000046   -0.999720   -0.000046    0.999720
   48  1    4.325811    1.000000    0.000000    0.310908   -0.755279    0.310908    0.755279    0.000000    0.996362    0.756831    0.311844    0.756831   -0.311844
  6
    1    2    3   10   11   12
    1  1  -48.353114    1.000000    0.000000    0.499995    0.866023    0.499995   -0.866023    0.000000    1.000000   -0.866023    0.499995   -0.866023   -0.499995
    2  1  -47.693585    1.000000    0.000000    0.500000   -0.866025    0.500000    0.866025    0.000000   -1.000000   -0.866025   -0.500000   -0.866025    0.500000
    3  1  -47.454075    1.000000    0.000000   -0.999995    0.000003   -0.999995   -0.000002    0.000000    1.000000   -0.000002   -0.999995   -0.000002    0.999996
    4  1  -43.387257    1.000000    0.000000    0.499992   -0.866021    0.499992    0.866021    0.000000   -1.000000   -0.866021   -0.499992   -0.866021    0.499992
    5  1  -42.907230    1.000000    0.000000    0.500000    0.866025    0.500000   -0.866025    0.000000    1.000000   -0.866025    0.500000   -0.866025   -0.500000
    6  1  -42.640928    1.000000    0.000000   -0.999992   -0.000004   -0.999992    0.000004    0.000000   -1.000000   -0.000004    0.999993   -0.000004   -0.999992
    7  1  -38.072602    1.000000    0.000000    0.499972   -0.865977    0.499972    0.865977    0.000000    1.000000    0.865977    0.499972    0.865977   -0.499972
    8  2  -38.069034    2.000000    0.000000    0.999944    0.000000    0.999944    0.000000    0.000000   -2.000000    0.000000   -0.999944    0.000000    0.999944
   10  1  -38.065054    1.000000    0.000000    0.499972    0.865977    0.499972   -0.865976    0.000000    1.000000   -0.865976    0.499972   -0.865976   -0.499972
   11  2  -19.486988    2.000000    0.000000    0.999908    1.731630    0.999908   -1.731629    0.000000    0.000000    0.000100   -0.000001    0.000100    0.000001
   13  2  -19.482221    2.000000    0.000000    0.999915   -1.731633    0.999915    1.731633    0.000000    0.000000   -0.000097    0.000001   -0.000097   -0.000001
   15  1  -19.180267    1.000000    0.000000   -0.999898   -0.000001   -0.999898    0.000001    0.000000    1.000000    0.000001   -0.999898    0.000001    0.999898
   16  1  -19.174993    1.000000    0.000000   -0.999901    0.000003   -0.999901   -0.000002    0.000000   -1.000000    0.000003    0.999902    0.000003   -0.999901
   17  1  -19.173107    1.000000    0.000000   -0.999899    0.000001   -0.999899   -0.000000    0.000000   -1.000000    0.000001    0.999899    0.000001   -0.999899
   18  1  -19.167712    1.000000    0.000000   -0.999902    0.000000   -0.999902   -0.000000    0.000000    1.000000   -0.000000   -0.999902   -0.000000    0.999902
   19  1  -18.970791    1.000000    0.000000    0.499973    0.865984    0.499973   -0.865984    0.000000   -1.000000    0.865984   -0.499973    0.865984    0.499973
   20  1  -18.968975    1.000000    0.000000    0.499972   -0.865983    0.499972    0.865983    0.000000    1.000000    0.865983    0.499972    0.865983   -0.499972
   21  1  -18.923272    1.000000    0.000000    0.499978    0.865987    0.499978   -0.865987    0.000000    1.000000   -0.865987    0.499978   -0.865987   -0.499977
   22  1  -18.921892    1.000000    0.000000    0.499977   -0.865987    0.499977    0.865987    0.000000   -1.000000   -0.865987   -0.499977   -0.865987    0.499977
   23  1   -3.120803    1.000000    0.000000    0.499993   -0.866013    0.499993    0.866013    0.000000    1.000000    0.866013    0.499993    0.866013   -0.499992
   24  1   -2.269988    1.000000    0.000000    0.499988    0.866002    0.499988   -0.866002    0.000000   -1.000000    0.866002   -0.499988    0.866002    0.499988
   25  1   -2.122792    1.000000    0.000000    0.499968    0.864461    0.499968   -0.864460    0.000000   -1.000000    0.864461   -0.499968    0.864461    0.499968
   26  1   -2.121048    1.000000    0.000000   -0.999997    0.000000   -0.999997    0.000000    0.000000    1.000000    0.000000   -0.999997    0.000000    0.999998
   27  1   -2.076693    1.000000    0.000000   -0.996765   -0.001828   -0.996765    0.001828    0.000000   -1.000000   -0.001828    0.996765   -0.001828   -0.996765
   28  1   -2.026524    1.000000    0.000000    0.499999    0.866023    0.499999   -0.866023    0.000000    1.000000   -0.866023    0.499999   -0.866023   -0.499999
   29  1   -1.972424    1.000000    0.000000    0.499986    0.865999    0.499986   -0.865999    0.000000    1.000000   -0.865999    0.499986   -0.865999   -0.499986
   30  1   -1.967579    1.000000    0.000000    0.499621   -0.865622    0.499621    0.865622    0.000000   -1.000000   -0.865622   -0.499621   -0.865622    0.499621
   31  1   -0.805589    1.000000    0.000000    0.499976   -0.865987    0.499976    0.865987    0.000000    1.000000    0.865987    0.499976    0.865987   -0.499976
   32  1    1.646367    1.000000    0.000000    0.499758   -0.865849    0.499758    0.865850    0.000000   -1.000000   -0.865849   -0.499758   -0.865849    0.499758
   33  1    1.665890    1.000000    0.000000   -0.999728   -0.000123   -0.999728    0.000123    0.000000   -1.000000   -0.000123    0.999728   -0.000123   -0.999728
   34  1    1.743972    1.000000    0.000000    0.499532    0.865724    0.499532   -0.865724    0.000000    1.000000   -0.865724    0.499532   -0.865724   -0.499532
   35  1    1.761942    1.000000    0.000000   -0.999473    0.000236   -0.999473   -0.000235    0.000000    1.000000   -0.000235   -0.999473   -0.000235    0.999473
   36  1    1.773622    1.000000    0.000000    0.499558   -0.865742    0.499558    0.865742    0.000000    1.000000    0.865742    0.499558    0.865742   -0.499558
   37  1    1.791741    1.000000    0.000000   -0.999575   -0.000225   -0.999575    0.000225    0.000000    1.000000    0.000225   -0.999575    0.000225    0.999575
   38  1    2.125079    1.000000    0.000000    0.499685    0.865818    0.499685   -0.865817    0.000000   -1.000000    0.865818   -0.499684    0.865818    0.499685
   39  1    2.145573    1.000000    0.000000   -0.999659    0.000168   -0.999659   -0.000168    0.000000   -1.000000    0.000168    0.999659    0.000168   -0.999659
   40  1    2.447737    1.000000    0.000000    0.499963    0.865958    0.499963   -0.865957    0.000000   -1.000000    0.865958   -0.499963    0.865958    0.499963
   41  1    2.803733    1.000000    0.000000    0.499970   -0.865977    0.499970    0.865977    0.000000    1.000000    0.865977    0.499970    0.865977   -0.499970
   42  1    3.460221    1.000000    0.000000    0.499980   -0.865992    0.499980    0.865993    0.000000   -1.000000   -0.865992   -0.499979   -0.865992    0.499980
   43  1    3.567028    1.000000    0.000000    0.499960    0.865957    0.499960   -0.865957    0.000000    1.000000   -0.865957    0.499960   -0.865957   -0.499960
   44  1    3.877077    1.000000    0.000000    0.499613   -0.865777    0.499613    0.865777    0.000000   -0.999999   -0.865777   -0.499613   -0.865777    0.499613
   45  1    3.896008    1.000000    0.000000   -0.999599   -0.000209   -0.999599    0.000209    0.000000   -0.999998   -0.000209    0.999598   -0.000209   -0.999598
   46  1    3.924077    1.000000    0.000000    0.499789    0.865873    0.499789   -0.865873    0.000000    0.999985   -0.865875    0.499799   -0.865875   -0.499799
   47  1    3.943311    1.000000    0.000000   -0.999773    0.000100   -0.999773   -0.000100    0.000000    0.999999   -0.000100   -0.999772   -0.000100    0.999772
   48  1    4.440509    1.000000    0.000000    0.217896   -0.702978    0.217896    0.702978    0.000000   -0.998112   -0.701842   -0.217274   -0.701842    0.217274
  4
    1    4    7   10
    1  1  -48.352100    1.000000    0.000000    0.000000   -1.000000    1.000000    0.000000    0.000000   -1.000000
    2  1  -47.693749    1.000000    0.000000    0.000000    1.000000    1.000000    0.000000    0.000000    1.000000
    3  1  -47.452898    1.000000    0.000000    0.000000   -1.000000    1.000000    0.000000    0.000000   -1.000000
    4  1  -43.385978    1.000000    0.000000    0.000000    1.000000    1.000000    0.000000    0.000000    1.000000
    5  1  -42.907457    1.000000    0.000000    0.000000   -1.000000    1.000000    0.000000    0.000000   -1.000000
    6  1  -42.639405    1.000000    0.000000    0.000000    1.000000    1.000000    0.000000    0.000000    1.000000
    7  1  -38.079409    1.000000    0.000000    0.000000    0.999925    0.999925    0.000000    0.000000    1.000000
    8  2  -38.075810    2.000000    0.000000    0.000000    0.000000    0.000000    0.000000    0.000000   -2.000000
   10  1  -38.071785    1.000000    0.000000    0.000000   -0.999925   -0.999925    0.000000    0.000000    1.000000
   11  1  -19.518319    1.000000    0.000000    0.000000   -0.999751   -0.999751    0.000000    0.000000    1.000000
   12  1  -19.516131    1.000000    0.000000    0.000000   -0.999541    0.999541    0.000000    0.000000   -1.000000
   13  1  -19.513038    1.000000    0.000000    0.000000    0.999539   -0.999539    0.000000    0.000000   -1.000000
   14  1  -19.510796    1.000000    0.000000    0.000000    0.999754    0.999754    0.000000    0.000000    1.000000
   15  1  -19.109518    1.000000    0.000000    0.000000   -0.999892    0.999892    0.000000    0.000000   -1.000000
   16  1  -19.105589    1.000000    0.000000    0.000000    0.998872    0.998872    0.000000    0.000000    1.000000
   17  1  -19.103278    1.000000    0.000000    0.000000   -0.998868   -0.998868    0.000000    0.000000    1.000000
   18  1  -19.099290    1.000000    0.000000    0.000000    0.999893   -0.999893    0.000000    0.000000   -1.000000
   19  1  -18.947199    1.000000    0.000000    0.000000   -0.999946    0.999946    0.000000    0.000000   -1.000000
   20  1  -18.944885    1.000000    0.000000    0.000000    0.999945    0.999945    0.000000    0.000000    1.000000
   21  1  -18.909070    1.000000    0.000000    0.000000   -0.999947   -0.999947    0.000000    0.000000    1.000000
   22  1  -18.907371    1.000000    0.000000    0.000000    0.999948   -0.999948    0.000000    0.000000   -1.000000
   23  1   -3.391846    1.000000    0.000000    0.000000    0.999975   -0.999975    0.000000    0.000000   -1.000000
   24  1   -2.750751    1.000000    0.000000    0.000000   -0.999958   -0.999958    0.000000    0.000000    1.000000
   25  1   -2.472209    1.000000    0.000000    0.000000   -0.999949    0.999949    0.000000    0.000000   -1.000000
   26  1   -2.464780    1.000000    0.000000    0.000000    0.999314    0.999314    0.000000    0.000000    1.000000
   27  1   -2.444939    1.000000    0.000000    0.000000    0.999998   -0.999998    0.000000    0.000000   -1.000000
   28  1   -2.288652    1.000000    0.000000    0.000000   -0.996255   -0.996255    0.000000    0.000000    1.000000
   29  1   -1.858811    1.000000    0.000000    0.000000   -0.999992   -0.999992    0.000000    0.000000    1.000000
   30  1   -1.684729    1.000000    0.000000    0.000000    1.000000   -1.000000    0.000000    0.000000   -1.000000
   31  1   -1.042415    1.000000    0.000000    0.000000    0.999879   -0.999879    0.000000    0.000000   -1.000000
   32  1    0.410521    1.000000    0.000000    0.000000   -0.999912    0.999912    0.000000    0.000000   -1.000000
   33  1    0.461478    1.000000    0.000000    0.000000    0.999939    0.999939    0.000000    0.000000    1.000000
   34  1    0.584383    1.000000    0.000000    0.000000    0.999936   -0.999935    0.000000    0.000000   -1.000000
   35  1    1.009437    1.000000    0.000000    0.000000   -0.999936   -0.999936    0.000000    0.000000    1.000000
   36  1    1.974327    1.000000    0.000000    0.000000   -0.999935   -0.999935    0.000000    0.000000    1.000000
   37  1    2.246863    1.000000    0.000000    0.000000    0.999896   -0.999896    0.000000    0.000000   -1.000000
   38  1    2.545905    1.000000    0.000000    0.000000    0.999860    0.999860    0.000000    0.000000    1.000000
   39  1    2.589337    1.000000    0.000000    0.000000   -0.999822    0.999823    0.000000    0.000000   -1.000000
   40  1    3.402508    1.000000    0.000000    0.000000    0.999799   -0.999798    0.000000    0.000000   -1.000000
   41  1    3.488269    1.000000    0.000000    0.000000   -0.999859    0.999860    0.000000    0.000000   -1.000000
   42  1    3.526569    1.000000    0.000000    0.000000   -0.999216   -0.999216    0.000000    0.000000    1.000000
   43  1    3.600637    1.000000    0.000000    0.000000    0.999364    0.999364    0.000000    0.000000    1.000000
   44  1    3.628213    1.000000    0.000000    0.000000    0.999913   -0.999912    0.000000    0.000000   -1.000000
   45  1    3.664426    1.000000    0.000000    0.000000   -0.999870   -0.999870    0.000000    0.000000    1.000000
   46  1    3.670081    1.000000    0.000000    0.000000   -0.999874    0.999875    0.000000    0.000000   -1.000000
   47  1    3.899175    1.000000    0.000000    0.000000    0.999841    0.999835    0.000000    0.000000    0.999994
   48  1    4.382531    1.000000    0.000000    0.000000   -0.816434   -0.999885    0.000000    0.000000    0.816439
  4
    1    4    7   10
    1  1  -48.352103    1.000000    0.000000    0.000000   -1.000000   -1.000000    0.000000    0.000000    1.000000
    2  1  -47.693750    1.000000    0.000000    0.000000    1.000000   -1.000000    0.000000    0.000000   -1.000000
    3  1  -47.452899    1.000000    0.000000    0.000000   -1.000000   -1.000000    0.000000    0.000000    1.000000
    4  1  -43.385983    1.000000    0.000000    0.000000    1.000000   -1.000000    0.000000    0.000000   -1.000000
    5  1  -42.907459    1.000000    0.000000    0.000000   -1.000000   -1.000000    0.000000    0.000000    1.000000
    6  1  -42.639410    1.000000    0.000000    0.000000    1.000000   -1.000000    0.000000    0.000000   -1.000000
    7  1  -38.079409    1.000000    0.000000    0.000000    0.999925    0.999925    0.000000    0.000000    1.000000
    8  2  -38.075811    2.000000    0.000000    0.000000    0.000000    0.000000    0.000000    0.000000   -2.000000
   10  1  -38.071785    1.000000    0.000000    0.000000   -0.999925   -0.999925    0.000000    0.000000    1.000000
   11  1  -19.518321    1.000000    0.000000    0.000000   -0.999750   -0.999750    0.000000    0.000000    1.000000
   12  1  -19.516133    1.000000    0.000000    0.000000   -0.999541    0.999541    0.000000    0.000000   -1.000000
   13  1  -19.513039    1.000000    0.000000    0.000000    0.999539   -0.999539    0.000000    0.000000   -1.000000
   14  1  -19.510799    1.000000    0.000000    0.000000    0.999754    0.999754    0.000000    0.000000    1.000000
   15  1  -19.109522    1.000000    0.000000    0.000000   -0.999892    0.999892    0.000000    0.000000   -1.000000
   16  1  -19.105593    1.000000    0.000000    0.000000    0.998868    0.998868    0.000000    0.000000    1.000000
   17  1  -19.103285    1.000000    0.000000    0.000000   -0.998865   -0.998865    0.000000    0.000000    1.000000
   18  1  -19.099297    1.000000    0.000000    0.000000    0.999893   -0.999893    0.000000    0.000000   -1.000000
   19  1  -18.947202    1.000000    0.000000    0.000000   -0.999946    0.999946    0.000000    0.000000   -1.000000
   20  1  -18.944888    1.000000    0.000000    0.000000    0.999945    0.999945    0.000000    0.000000    1.000000
   21  1  -18.909074    1.000000    0.000000    0.000000   -0.999947   -0.999947    0.000000    0.000000    1.000000
   22  1  -18.907376    1.000000    0.000000    0.000000    0.999948   -0.999948    0.000000    0.000000   -1.000000
   23  1   -3.394071    1.000000    0.000000    0.000000    0.999975    0.999975    0.000000    0.000000    1.000000
   24  1   -2.756275    1.000000    0.000000    0.000000   -0.999958    0.999958    0.000000    0.000000   -1.000000
   25  1   -2.464763    1.000000    0.000000    0.000000   -0.999949   -0.999949    0.000000    0.000000    1.000000
   26  1   -2.457367    1.000000    0.000000    0.000000    0.999258   -0.999257    0.000000    0.000000   -1.000000
   27  1   -2.444945    1.000000    0.000000    0.000000    0.999997    0.999997    0.000000    0.000000    1.000000
   28  1   -2.288635    1.000000    0.000000    0.000000   -0.995916    0.995916    0.000000    0.000000   -1.000000
   29  1   -1.858811    1.000000    0.000000    0.000000   -0.999992    0.999992    0.000000    0.000000   -1.000000
   30  1   -1.684732    1.000000    0.000000    0.000000    1.000000    1.000000    0.000000    0.000000    1.000000
   31  1   -1.051856    1.000000    0.000000    0.000000    0.999880    0.999880    0.000000    0.000000    1.000000
   32  1    0.407865    1.000000    0.000000    0.000000   -0.999912   -0.999912    0.000000    0.000000    1.000000
   33  1    0.458330    1.000000    0.000000    0.000000    0.999937   -0.999937    0.000000    0.000000   -1.000000
   34  1    0.588228    1.000000    0.000000    0.000000    0.999936    0.999936    0.000000    0.000000    1.000000
   35  1    1.015380    1.000000    0.000000    0.000000   -0.999939    0.999940    0.000000    0.000000   -1.000000
   36  1    1.848792    1.000000    0.000000    0.000000   -0.999917    0.999918    0.000000    0.000000   -1.000000
   37  1    2.122616    1.000000    0.000000    0.000000    0.999890    0.999890    0.000000    0.000000    1.000000
   38  1    2.860510    1.000000    0.000000    0.000000    0.999947   -0.999947    0.000000    0.000000   -1.000000
   39  1    2.946001    1.000000    0.000000    0.000000   -0.999887   -0.999887    0.000000    0.000000    1.000000
   40  1    3.275857    1.000000    0.000000    0.000000    0.996404    0.996404    0.000000    0.000000    1.000000
   41  1    3.277109    1.000000    0.000000    0.000000   -0.996913    0.996913    0.000000    0.000000   -1.000000
   42  1    3.338090    1.000000    0.000000    0.000000   -0.996204   -0.996204    0.000000    0.000000    1.000000
   43  1    3.369300    1.000000    0.000000    0.000000    0.996556   -0.996556    0.000000    0.000000   -1.000000
   44  1    3.696587    1.000000    0.000000    0.000000   -0.999741   -0.999741    0.000000    0.000000    1.000000
   45  1    3.794343    1.000000    0.000000    0.000000    0.999964   -0.999962    0.000000    0.000000   -0.999998
   46  1    3.861576    1.000000    0.000000    0.000000   -0.999963   -0.999962    0.000000    0.000000    1.000000
   47  1    3.986525    1.000000    0.000000    0.000000    0.999851   -0.999834    0.000000    0.000000   -0.999983
   48  1    4.371864    1.000000    0.000000    0.000000   -0.959463    0.999927    0.000000    0.000000   -0.959528
