  102  136
  1
  4
  1  0  0  0  1  0  0  0  1    0.000000    0.000000    0.000000    1.000000    0.000000    0.000000    0.000000    0.000000    0.000000    1.000000    0.000000  1
 -1  0  0  0 -1  0  0  0 -1    0.000000    0.000000    0.000000    1.000000    0.000000    0.000000    0.000000    0.000000    0.000000    1.000000    0.000000  1
  0 -1  0 -1  0  0  0  0 -1    0.000000    0.000000    0.500000    0.000000    0.000000   -0.707107   -0.707107    0.707107   -0.707107    0.000000    0.000000 -1
  0  1  0  1  0  0  0  0  1    0.000000    0.000000    0.500000    0.000000    0.000000   -0.707107   -0.707107    0.707107   -0.707107    0.000000    0.000000 -1
  8
    0.000000    0.000000    0.000000
    0.000000    0.000000    0.500000
    0.000000    0.500000    0.500000
    0.500000    0.000000    0.500000
    0.500000    0.500000    0.500000
    0.000000    0.500000    0.000000
    0.500000    0.000000    0.000000
    0.500000    0.500000    0.000000
  2
    1    2
    1  2  -40.449277    2.000000    0.000000    0.000031    0.000000
    3  2  -40.443917    2.000000    0.000000    0.000008    0.000000
    5  1  -40.278581    1.000000    0.000000   -1.000000    0.000000
    6  1  -40.277191    1.000000    0.000000   -1.000000    0.000000
    7  1  -40.272702    1.000000    0.000000   -1.000000    0.000000
    8  1  -40.268472    1.000000    0.000000   -1.000000    0.000000
    9  1  -39.956291    1.000000    0.000000   -1.000000    0.000000
   10  1  -39.947201    1.000000    0.000000   -1.000000    0.000000
   11  1  -39.944409    1.000000    0.000000   -1.000000    0.000000
   12  1  -39.940321    1.000000    0.000000   -1.000000    0.000000
   13  1  -39.532560    1.000000    0.000000   -1.000000    0.000000
   14  1  -39.530821    1.000000    0.000000   -1.000000    0.000000
   15  1  -39.525700    1.000000    0.000000   -1.000000    0.000000
   16  1  -39.521551    1.000000    0.000000   -1.000000    0.000000
   17  1  -37.032491    1.000000    0.000000   -1.000000    0.000000
   18  1  -37.028508    1.000000    0.000000   -1.000000    0.000000
   19  1  -37.020485    1.000000    0.000000   -1.000000    0.000000
   20  1  -37.017082    1.000000    0.000000   -1.000000    0.000000
   21  1  -36.713970    1.000000    0.000000   -1.000000    0.000000
   22  1  -36.697013    1.000000    0.000000   -1.000000    0.000000
   23  2  -36.690148    2.000000    0.000000   -2.000000    0.000000
   25  1  -36.433780    1.000000    0.000000   -1.000000    0.000000
   26  1  -36.428671    1.000000    0.000000   -1.000000    0.000000
   27  1  -36.420460    1.000000    0.000000   -1.000000    0.000000
   28  1  -36.418499    1.000000    0.000000   -1.000000    0.000000
   29  1   -9.286492    1.000000    0.000000    1.000000    0.000000
   30  1   -9.109314    1.000000    0.000000    1.000000    0.000000
   31  1   -8.008514    1.000000    0.000000   -1.000000    0.000000
   32  1   -7.796979    1.000000    0.000000   -1.000000    0.000000
   33  2   -7.734716    2.000000    0.000000   -2.000000    0.000000
   35  1   -7.730363    1.000000    0.000000   -1.000000    0.000000
   36  2   -7.650337    2.000000    0.000000    2.000000    0.000000
   38  1   -7.616919    1.000000    0.000000    1.000000    0.000000
   39  1   -7.495631    1.000000    0.000000   -1.000000    0.000000
   40  2   -7.434125    2.000000    0.000000   -1.999999    0.000000
   42  2   -7.406773    2.000000    0.000000    2.000000    0.000000
   44  1   -7.376761    1.000000    0.000000    1.000000    0.000000
   45  1   -1.274442    1.000000    0.000000    1.000000    0.000000
   46  1   -1.050182    1.000000    0.000000    1.000000    0.000000
   47  1   -1.047627    1.000000    0.000000    1.000000    0.000000
   48  1   -1.045652    1.000000    0.000000    1.000000    0.000000
   49  2   -0.696145    2.000000    0.000000    2.000000    0.000000
   51  2   -0.683761    2.000000    0.000000    2.000000    0.000000
   53  1    0.060561    1.000000    0.000000   -1.000000    0.000000
   54  1    0.091379    1.000000    0.000000   -1.000000    0.000000
   55  1    0.147193    1.000000    0.000000   -1.000000    0.000000
   56  1    0.156126    1.000000    0.000000   -1.000000    0.000000
   57  1    0.163271    1.000000    0.000000   -1.000000    0.000000
   58  1    0.237542    1.000000    0.000000   -1.000000    0.000000
   59  1    0.623514    1.000000    0.000000    1.000000    0.000000
   60  1    0.638089    1.000000    0.000000    1.000000    0.000000
   61  1    1.280578    1.000000    0.000000    1.000000    0.000000
   62  1    1.341383    1.000000    0.000000    1.000000    0.000000
   63  1    1.352889    1.000000    0.000000    1.000000    0.000000
   64  1    1.420210    1.000000    0.000000    1.000000    0.000000
   65  1    1.439109    1.000000    0.000000    1.000000    0.000000
   66  1    1.446275    1.000000    0.000000    1.000000    0.000000
   67  1    1.821462    1.000000    0.000000    1.000000    0.000000
   68  1    1.838215    1.000000    0.000000    1.000000    0.000000
   69  1    1.997596    1.000000    0.000000    1.000000    0.000000
   70  1    2.082478    1.000000    0.000000   -1.000000    0.000000
   71  1    2.110405    1.000000    0.000000   -1.000000    0.000000
   72  1    2.112941    1.000000    0.000000    1.000000    0.000000
   73  1    2.174484    1.000000    0.000000    1.000000    0.000000
   74  1    2.184425    1.000000    0.000000   -1.000000    0.000000
   75  1    2.245247    1.000000    0.000000   -1.000000    0.000000
   76  1    2.277494    1.000000    0.000000   -1.000000    0.000000
   77  1    2.339323    1.000000    0.000000    1.000000    0.000000
   78  1    2.358816    1.000000    0.000000    1.000000    0.000000
   79  1    2.363783    1.000000    0.000000   -1.000000    0.000000
   80  1    2.409456    1.000000    0.000000    1.000000    0.000000
   81  1    2.420971    1.000000    0.000000    1.000000    0.000000
   82  1    2.462397    1.000000    0.000000    1.000000    0.000000
   83  1    2.466597    1.000000    0.000000    1.000000    0.000000
   84  1    2.505129    1.000000    0.000000    1.000000    0.000000
   85  1    2.523488    1.000000    0.000000   -1.000000    0.000000
   86  1    2.542634    1.000000    0.000000   -1.000000    0.000000
   87  1    2.551747    1.000000    0.000000    1.000000    0.000000
   88  1    2.602263    1.000000    0.000000    1.000000    0.000000
   89  1    2.606337    1.000000    0.000000    1.000000    0.000000
   90  1    2.619524    1.000000    0.000000    1.000000    0.000000
   91  1    2.645118    1.000000    0.000000    1.000000    0.000000
   92  1    2.661258    1.000000    0.000000    1.000000    0.000000
   93  1    2.671671    1.000000    0.000000    1.000000    0.000000
   94  1    2.698410    1.000000    0.000000   -1.000000    0.000000
   95  1    2.763342    1.000000    0.000000   -1.000000    0.000000
   96  1    2.768541    1.000000    0.000000    0.999995    0.000000
   97  1    2.770463    1.000000    0.000000   -0.999998    0.000000
   98  1    2.910813    1.000000    0.000000   -1.000000    0.000000
   99  1    3.882357    1.000000    0.000000   -1.000000    0.000000
  100  1    3.922500    1.000000    0.000000   -1.000000    0.000000
  101  1    3.965910    1.000000    0.000000   -1.000000    0.000000
  102  1    4.201971    1.000000    0.000000   -1.000000    0.000000
  103  1    4.244245    1.000000    0.000000   -1.000000    0.000000
  104  1    4.293086    1.000000    0.000000   -1.000000    0.000000
  105  1    6.087868    1.000000    0.000000    1.000000    0.000000
  106  1    6.127210    1.000000    0.000000    1.000000    0.000000
  107  1    6.613154    1.000000    0.000000    1.000000    0.000000
  108  2    6.685739    2.000000    0.000000    2.000000    0.000000
  110  1    6.809037    1.000000    0.000000    1.000000    0.000000
  111  1    6.820979    1.000000    0.000000    1.000000    0.000000
  112  1    6.845568    1.000000    0.000000    1.000000    0.000000
  113  1    6.875387    1.000000    0.000000    1.000000    0.000000
  114  1    6.906587    1.000000    0.000000    1.000000    0.000000
  115  1    6.910590    1.000000    0.000000    1.000000    0.000000
  116  1    7.146179    1.000000    0.000000    1.000000    0.000000
  117  1    7.156856    1.000000    0.000000    1.000000    0.000000
  118  1    7.240910    1.000000    0.000000    1.000000    0.000000
  119  1    7.714552    1.000000    0.000000    1.000000    0.000000
  120  1    7.728460    1.000000    0.000000    1.000000    0.000000
  121  1    7.807347    1.000000    0.000000    1.000000    0.000000
  122  1    7.868377    1.000000    0.000000    1.000000    0.000000
  123  1    7.889095    1.000000    0.000000    1.000000    0.000000
  124  1    7.925531    1.000000    0.000000    1.000000    0.000000
  125  1    8.315905    1.000000    0.000000    1.000000    0.000000
  126  1    8.439261    1.000000    0.000000    1.000000    0.000000
  127  1    8.630528    1.000000    0.000000    1.000000    0.000000
  128  1    8.651782    1.000000    0.000000    0.999999    0.000000
  129  1    8.702421    1.000000    0.000000    0.999999    0.000000
  130  1    8.770116    1.000000    0.000000    0.999997    0.000000
  131  1    8.798378    1.000000    0.000000    0.999985    0.000000
  132  1    8.813515    1.000000    0.000000    0.999996    0.000000
  133  1    8.838563    1.000000    0.000000    0.999988    0.000000
  134  1    8.989280    1.000000    0.000000    0.999988    0.000000
  135  1    8.991454    1.000000    0.000000    0.999964    0.000000
  136  1    9.209922    1.000000    0.000000    0.999589    0.000000
  2
    1    2
    1  2  -40.449241    2.000000    0.000000   -0.000009    0.000000
    3  2  -40.443879    2.000000    0.000000    0.000015    0.000000
    5  2  -40.276727    2.000000    0.000000    0.000000    0.000000
    7  2  -40.271693    2.000000    0.000000    0.000000    0.000000
    9  2  -39.949246    2.000000    0.000000    0.000000    0.000000
   11  2  -39.944890    2.000000    0.000000    0.000000    0.000000
   13  2  -39.530493    2.000000    0.000000    0.000000    0.000000
   15  2  -39.524898    2.000000    0.000000    0.000000    0.000000
   17  2  -37.029151    2.000000    0.000000    0.000000    0.000000
   19  2  -37.020024    2.000000    0.000000    0.000000    0.000000
   21  2  -36.704663    2.000000    0.000000    0.000000    0.000000
   23  2  -36.690690    2.000000    0.000000    0.000000    0.000000
   25  2  -36.430219    2.000000    0.000000    0.000000    0.000000
   27  2  -36.420629    2.000000    0.000000    0.000000    0.000000
   29  2   -8.670355    2.000000    0.000000   -0.000000    0.000000
   31  2   -8.461539    2.000000    0.000000   -0.000000    0.000000
   33  2   -7.898253    2.000000    0.000000    0.000000    0.000000
   35  2   -7.777339    2.000000    0.000000    0.000000    0.000000
   37  2   -7.628046    2.000000    0.000000    0.000000    0.000000
   39  2   -7.517915    2.000000    0.000000   -0.000002    0.000000
   41  2   -7.499116    2.000000    0.000000    0.000002    0.000000
   43  2   -7.247303    2.000000    0.000000    0.000000    0.000000
   45  2   -0.400681    2.000000    0.000000   -0.000000    0.000000
   47  2   -0.030135    2.000000    0.000000    0.000002    0.000000
   49  2   -0.003878    2.000000    0.000000   -0.000001    0.000000
   51  2    0.087252    2.000000    0.000000    0.000001    0.000000
   53  2    0.263941    2.000000    0.000000   -0.000005    0.000000
   55  2    0.495875    2.000000    0.000000   -0.000002    0.000000
   57  2    0.575530    2.000000    0.000000    0.000000    0.000000
   59  2    0.601411    2.000000    0.000000    0.000196    0.000000
   61  2    0.854893    2.000000    0.000000    0.000006    0.000000
   63  2    0.903314    2.000000    0.000000   -0.000001    0.000000
   65  2    1.080378    2.000000    0.000000    0.000000    0.000000
   67  2    1.159150    2.000000    0.000000   -0.000027    0.000000
   69  2    1.375991    2.000000    0.000000    0.000003    0.000000
   71  2    1.580478    2.000000    0.000000   -0.000010    0.000000
   73  2    1.601629    2.000000    0.000000    0.000148    0.000000
   75  2    1.695332    2.000000    0.000000    0.000005    0.000000
   77  2    1.990982    2.000000    0.000000    0.000004    0.000000
   79  2    2.025306    2.000000    0.000000    0.000001    0.000000
   81  2    2.227688    2.000000    0.000000   -0.000002    0.000000
   83  2    2.329545    2.000000    0.000000   -0.000046    0.000000
   85  2    2.362619    2.000000    0.000000    0.000060    0.000000
   87  2    2.482729    2.000000    0.000000   -0.000024    0.000000
   89  2    2.541005    2.000000    0.000000   -0.000023    0.000000
   91  2    2.641760    2.000000    0.000000    0.000001    0.000000
   93  2    2.992142    2.000000    0.000000   -0.000000    0.000000
   95  2    3.151457    2.000000    0.000000   -0.000002    0.000000
   97  2    3.269807    2.000000    0.000000    0.000000    0.000000
   99  2    3.383706    2.000000    0.000000   -0.000002    0.000000
  101  2    3.763598    2.000000    0.000000   -0.000001    0.000000
  103  2    3.857633    2.000000    0.000000    0.000006    0.000000
  105  2    5.578894    2.000000    0.000000    0.000001    0.000000
  107  2    5.703192    2.000000    0.000000   -0.000001    0.000000
  109  2    6.701163    2.000000    0.000000   -0.000002    0.000000
  111  2    6.730270    2.000000    0.000000   -0.000098    0.000000
  113  2    6.732964    2.000000    0.000000   -0.000007    0.000000
  115  2    7.187759    2.000000    0.000000   -0.000001    0.000000
  117  2    7.486143    2.000000    0.000000    0.000001    0.000000
  119  2    7.550314    2.000000    0.000000   -0.000003    0.000000
  121  2    7.711855    2.000000    0.000000    0.000004    0.000000
  123  2    7.764183    2.000000    0.000000    0.000001    0.000000
  125  2    8.066400    2.000000    0.000000    0.000003    0.000000
  127  2    8.180335    2.000000    0.000000   -0.000002    0.000000
  129  2    8.258168    2.000000    0.000000    0.000001    0.000000
  131  2    8.558504    2.000000    0.000000   -0.000001    0.000000
  133  1    9.997857    1.000000    0.000000   -0.372572    0.000000
  134  1   10.061158    1.000000    0.000000    0.675640    0.000000
  135  1   10.179416    1.000000    0.000000    0.234040    0.000000
  136  1   10.759772    1.000000    0.000000   -0.527034    0.000000
  2
    1    2
    1  2  -40.449270    2.000000    0.000000   -0.000004    0.000000
    3  2  -40.443907    2.000000    0.000000    0.000001    0.000000
    5  1  -40.277590    1.000000    0.000000    1.000000    0.000000
    6  1  -40.275070    1.000000    0.000000   -1.000000    0.000000
    7  1  -40.272745    1.000000    0.000000    1.000000    0.000000
    8  1  -40.271441    1.000000    0.000000    1.000000    0.000000
    9  1  -39.956307    1.000000    0.000000    1.000000    0.000000
   10  2  -39.945956    2.000000    0.000000    0.000000    0.000000
   12  1  -39.940715    1.000000    0.000000    1.000000    0.000000
   13  1  -39.531356    1.000000    0.000000    1.000000    0.000000
   14  1  -39.528818    1.000000    0.000000   -1.000000    0.000000
   15  1  -39.525873    1.000000    0.000000    1.000000    0.000000
   16  1  -39.524773    1.000000    0.000000    1.000000    0.000000
   17  1  -37.030046    1.000000    0.000000    1.000000    0.000000
   18  1  -37.027952    1.000000    0.000000   -1.000000    0.000000
   19  2  -37.020477    2.000000    0.000000    2.000000    0.000000
   21  1  -36.713979    1.000000    0.000000    1.000000    0.000000
   22  1  -36.695936    1.000000    0.000000    1.000000    0.000000
   23  2  -36.690859    2.000000    0.000000    0.000000    0.000000
   25  1  -36.430750    1.000000    0.000000    1.000000    0.000000
   26  1  -36.429199    1.000000    0.000000   -1.000000    0.000000
   27  2  -36.421376    2.000000    0.000000    2.000000    0.000000
   29  1   -8.937470    1.000000    0.000000   -1.000000    0.000000
   30  1   -8.747417    1.000000    0.000000   -1.000000    0.000000
   31  1   -8.461161    1.000000    0.000000    1.000000    0.000000
   32  1   -8.225480    1.000000    0.000000    1.000000    0.000000
   33  1   -7.864643    1.000000    0.000000    1.000000    0.000000
   34  1   -7.764866    1.000000    0.000000   -1.000000    0.000000
   35  1   -7.752175    1.000000    0.000000   -1.000000    0.000000
   36  1   -7.651408    1.000000    0.000000    1.000000    0.000000
   37  1   -7.640005    1.000000    0.000000    1.000000    0.000000
   38  1   -7.603109    1.000000    0.000000   -1.000000    0.000000
   39  1   -7.573836    1.000000    0.000000    1.000000    0.000000
   40  1   -7.507540    1.000000    0.000000   -1.000000    0.000000
   41  1   -7.494422    1.000000    0.000000   -1.000000    0.000000
   42  1   -7.364916    1.000000    0.000000    1.000000    0.000000
   43  1   -7.352752    1.000000    0.000000    1.000000    0.000000
   44  1   -7.345558    1.000000    0.000000   -1.000000    0.000000
   45  1   -0.757371    1.000000    0.000000   -1.000000    0.000000
   46  1   -0.510099    1.000000    0.000000   -1.000000    0.000000
   47  1   -0.501759    1.000000    0.000000   -1.000000    0.000000
   48  1   -0.191588    1.000000    0.000000   -1.000000    0.000000
   49  1   -0.142634    1.000000    0.000000   -1.000000    0.000000
   50  1   -0.140353    1.000000    0.000000   -1.000000    0.000000
   51  1   -0.054103    1.000000    0.000000    1.000000    0.000000
   52  1    0.067958    1.000000    0.000000    1.000000    0.000000
   53  1    0.111076    1.000000    0.000000    1.000000    0.000000
   54  1    0.119308    1.000000    0.000000   -0.999999    0.000000
   55  1    0.185505    1.000000    0.000000    1.000000    0.000000
   56  1    0.263556    1.000000    0.000000    1.000000    0.000000
   57  1    0.352513    1.000000    0.000000    1.000000    0.000000
   58  1    0.470552    1.000000    0.000000   -1.000000    0.000000
   59  1    0.486522    1.000000    0.000000   -1.000000    0.000000
   60  1    0.870139    1.000000    0.000000   -1.000000    0.000000
   61  1    0.899175    1.000000    0.000000    1.000000    0.000000
   62  1    1.113374    1.000000    0.000000    1.000000    0.000000
   63  1    1.191475    1.000000    0.000000    1.000000    0.000000
   64  1    1.210059    1.000000    0.000000   -1.000000    0.000000
   65  1    1.235803    1.000000    0.000000    1.000000    0.000000
   66  1    1.246242    1.000000    0.000000   -1.000000    0.000000
   67  1    1.290532    1.000000    0.000000   -1.000000    0.000000
   68  1    1.366181    1.000000    0.000000   -1.000000    0.000000
   69  1    1.419532    1.000000    0.000000   -1.000000    0.000000
   70  1    1.603258    1.000000    0.000000   -1.000000    0.000000
   71  1    1.660555    1.000000    0.000000   -1.000000    0.000000
   72  1    1.677666    1.000000    0.000000    1.000000    0.000000
   73  1    1.713880    1.000000    0.000000   -1.000000    0.000000
   74  1    1.722542    1.000000    0.000000    1.000000    0.000000
   75  1    1.914883    1.000000    0.000000    1.000000    0.000000
   76  1    1.974588    1.000000    0.000000   -1.000000    0.000000
   77  1    2.019820    1.000000    0.000000    1.000000    0.000000
   78  1    2.044893    1.000000    0.000000    1.000000    0.000000
   79  1    2.056724    1.000000    0.000000   -0.999998    0.000000
   80  1    2.058098    1.000000    0.000000    0.999998    0.000000
   81  1    2.106213    1.000000    0.000000   -1.000000    0.000000
   82  1    2.185479    1.000000    0.000000   -1.000000    0.000000
   83  1    2.267974    1.000000    0.000000    1.000000    0.000000
   84  1    2.290428    1.000000    0.000000    1.000000    0.000000
   85  1    2.324638    1.000000    0.000000   -1.000000    0.000000
   86  1    2.334373    1.000000    0.000000   -1.000000    0.000000
   87  1    2.422438    1.000000    0.000000   -1.000000    0.000000
   88  1    2.552870    1.000000    0.000000   -1.000000    0.000000
   89  1    2.636436    1.000000    0.000000   -1.000000    0.000000
   90  2    2.880848    2.000000    0.000000    0.000013    0.000000
   92  1    2.905667    1.000000    0.000000    0.999997    0.000000
   93  1    2.912524    1.000000    0.000000   -0.999997    0.000000
   94  1    2.928121    1.000000    0.000000    1.000000    0.000000
   95  1    3.004948    1.000000    0.000000   -1.000000    0.000000
   96  1    3.012225    1.000000    0.000000    1.000000    0.000000
   97  1    3.093898    1.000000    0.000000    1.000000    0.000000
   98  1    3.259562    1.000000    0.000000   -1.000000    0.000000
   99  1    3.504962    1.000000    0.000000    1.000000    0.000000
  100  1    3.530375    1.000000    0.000000   -1.000000    0.000000
  101  1    3.569307    1.000000    0.000000   -1.000000    0.000000
  102  1    3.672038    1.000000    0.000000    1.000000    0.000000
  103  1    3.847078    1.000000    0.000000    1.000000    0.000000
  104  1    4.020101    1.000000    0.000000    1.000000    0.000000
  105  1    6.144896    1.000000    0.000000   -1.000000    0.000000
  106  1    6.171623    1.000000    0.000000   -1.000000    0.000000
  107  1    6.217515    1.000000    0.000000    1.000000    0.000000
  108  1    6.288777    1.000000    0.000000    1.000000    0.000000
  109  1    6.306582    1.000000    0.000000   -1.000000    0.000000
  110  1    6.436596    1.000000    0.000000   -1.000000    0.000000
  111  1    6.697943    1.000000    0.000000   -1.000000    0.000000
  112  1    6.729215    1.000000    0.000000   -1.000000    0.000000
  113  1    6.743694    1.000000    0.000000   -1.000000    0.000000
  114  1    6.785665    1.000000    0.000000   -1.000000    0.000000
  115  1    6.952179    1.000000    0.000000   -1.000000    0.000000
  116  1    7.444627    1.000000    0.000000    1.000000    0.000000
  117  1    7.485493    1.000000    0.000000   -1.000000    0.000000
  118  1    7.532339    1.000000    0.000000   -1.000000    0.000000
  119  1    7.559586    1.000000    0.000000    1.000000    0.000000
  120  1    7.580199    1.000000    0.000000    1.000000    0.000000
  121  1    7.603533    1.000000    0.000000   -1.000000    0.000000
  122  1    7.665811    1.000000    0.000000   -1.000000    0.000000
  123  1    7.767707    1.000000    0.000000   -1.000000    0.000000
  124  1    7.873806    1.000000    0.000000   -1.000000    0.000000
  125  1    7.973201    1.000000    0.000000    1.000000    0.000000
  126  1    8.023289    1.000000    0.000000    1.000000    0.000000
  127  1    8.286282    1.000000    0.000000   -0.999999    0.000000
  128  1    8.334574    1.000000    0.000000   -1.000000    0.000000
  129  1    8.341032    1.000000    0.000000   -0.999999    0.000000
  130  1    8.460742    1.000000    0.000000   -1.000000    0.000000
  131  1    8.475150    1.000000    0.000000   -0.999999    0.000000
  132  1    8.501296    1.000000    0.000000   -0.999998    0.000000
  133  1   10.035482    1.000000    0.000000   -0.997961    0.000000
  134  1   10.265682    1.000000    0.000000    0.963781    0.000000
  135  1   10.339803    1.000000    0.000000    0.344993    0.000000
  136  1   10.438711    1.000000    0.000000    0.627316    0.000000
  2
    1    2
    1  2  -40.449270    2.000000    0.000000    0.000001    0.000000
    3  2  -40.443907    2.000000    0.000000    0.000000    0.000000
    5  1  -40.277590    1.000000    0.000000   -1.000000    0.000000
    6  1  -40.275070    1.000000    0.000000    1.000000    0.000000
    7  1  -40.272744    1.000000    0.000000   -1.000000    0.000000
    8  1  -40.271442    1.000000    0.000000   -1.000000    0.000000
    9  1  -39.956307    1.000000    0.000000   -1.000000    0.000000
   10  2  -39.945953    2.000000    0.000000    0.000000    0.000000
   12  1  -39.940715    1.000000    0.000000   -1.000000    0.000000
   13  1  -39.531356    1.000000    0.000000   -1.000000    0.000000
   14  1  -39.528818    1.000000    0.000000    1.000000    0.000000
   15  1  -39.525870    1.000000    0.000000   -1.000000    0.000000
   16  1  -39.524775    1.000000    0.000000   -1.000000    0.000000
   17  1  -37.030044    1.000000    0.000000   -1.000000    0.000000
   18  1  -37.027955    1.000000    0.000000    1.000000    0.000000
   19  2  -37.020473    2.000000    0.000000   -2.000000    0.000000
   21  1  -36.713979    1.000000    0.000000   -1.000000    0.000000
   22  1  -36.695935    1.000000    0.000000   -1.000000    0.000000
   23  2  -36.690863    2.000000    0.000000    0.000000    0.000000
   25  1  -36.430752    1.000000    0.000000   -1.000000    0.000000
   26  1  -36.429197    1.000000    0.000000    1.000000    0.000000
   27  2  -36.421369    2.000000    0.000000   -2.000000    0.000000
   29  1   -8.937471    1.000000    0.000000    1.000000    0.000000
   30  1   -8.747419    1.000000    0.000000    1.000000    0.000000
   31  1   -8.461158    1.000000    0.000000   -1.000000    0.000000
   32  1   -8.225477    1.000000    0.000000   -1.000000    0.000000
   33  1   -7.864646    1.000000    0.000000   -1.000000    0.000000
   34  1   -7.764865    1.000000    0.000000    1.000000    0.000000
   35  1   -7.752173    1.000000    0.000000    1.000000    0.000000
   36  1   -7.651406    1.000000    0.000000   -1.000000    0.000000
   37  1   -7.640006    1.000000    0.000000   -1.000000    0.000000
   38  1   -7.603110    1.000000    0.000000    1.000000    0.000000
   39  1   -7.573837    1.000000    0.000000   -1.000000    0.000000
   40  1   -7.507540    1.000000    0.000000    1.000000    0.000000
   41  1   -7.494421    1.000000    0.000000    1.000000    0.000000
   42  1   -7.364914    1.000000    0.000000   -1.000000    0.000000
   43  1   -7.352753    1.000000    0.000000   -1.000000    0.000000
   44  1   -7.345559    1.000000    0.000000    1.000000    0.000000
   45  1   -0.757372    1.000000    0.000000    1.000000    0.000000
   46  1   -0.510100    1.000000    0.000000    1.000000    0.000000
   47  1   -0.501764    1.000000    0.000000    1.000000    0.000000
   48  1   -0.191586    1.000000    0.000000    1.000000    0.000000
   49  1   -0.142637    1.000000    0.000000    1.000000    0.000000
   50  1   -0.140349    1.000000    0.000000    1.000000    0.000000
   51  1   -0.054104    1.000000    0.000000   -1.000000    0.000000
   52  1    0.067969    1.000000    0.000000   -1.000000    0.000000
   53  1    0.111075    1.000000    0.000000   -0.999999    0.000000
   54  1    0.119309    1.000000    0.000000    0.999998    0.000000
   55  1    0.185503    1.000000    0.000000   -1.000000    0.000000
   56  1    0.263561    1.000000    0.000000   -1.000000    0.000000
   57  1    0.352514    1.000000    0.000000   -1.000000    0.000000
   58  1    0.470538    1.000000    0.000000    1.000000    0.000000
   59  1    0.486521    1.000000    0.000000    1.000000    0.000000
   60  1    0.870140    1.000000    0.000000    1.000000    0.000000
   61  1    0.899179    1.000000    0.000000   -1.000000    0.000000
   62  1    1.113376    1.000000    0.000000   -1.000000    0.000000
   63  1    1.191483    1.000000    0.000000   -1.000000    0.000000
   64  1    1.210065    1.000000    0.000000    1.000000    0.000000
   65  1    1.235783    1.000000    0.000000   -1.000000    0.000000
   66  1    1.246241    1.000000    0.000000    1.000000    0.000000
   67  1    1.290537    1.000000    0.000000    1.000000    0.000000
   68  1    1.366196    1.000000    0.000000    1.000000    0.000000
   69  1    1.419538    1.000000    0.000000    1.000000    0.000000
   70  1    1.603257    1.000000    0.000000    1.000000    0.000000
   71  1    1.660535    1.000000    0.000000    1.000000    0.000000
   72  1    1.677659    1.000000    0.000000   -1.000000    0.000000
   73  1    1.713870    1.000000    0.000000    1.000000    0.000000
   74  1    1.722534    1.000000    0.000000   -1.000000    0.000000
   75  1    1.914907    1.000000    0.000000   -1.000000    0.000000
   76  1    1.974594    1.000000    0.000000    1.000000    0.000000
   77  1    2.019812    1.000000    0.000000   -1.000000    0.000000
   78  1    2.044938    1.000000    0.000000   -0.999999    0.000000
   79  1    2.056727    1.000000    0.000000    0.999993    0.000000
   80  1    2.058062    1.000000    0.000000   -0.999991    0.000000
   81  1    2.106218    1.000000    0.000000    1.000000    0.000000
   82  1    2.185479    1.000000    0.000000    1.000000    0.000000
   83  1    2.267986    1.000000    0.000000   -1.000000    0.000000
   84  1    2.290413    1.000000    0.000000   -1.000000    0.000000
   85  1    2.324628    1.000000    0.000000    1.000000    0.000000
   86  1    2.334382    1.000000    0.000000    1.000000    0.000000
   87  1    2.422432    1.000000    0.000000    1.000000    0.000000
   88  1    2.552872    1.000000    0.000000    1.000000    0.000000
   89  1    2.636437    1.000000    0.000000    1.000000    0.000000
   90  2    2.880844    2.000000    0.000000   -0.000002    0.000000
   92  1    2.905673    1.000000    0.000000   -0.999997    0.000000
   93  1    2.912501    1.000000    0.000000    0.999997    0.000000
   94  1    2.928113    1.000000    0.000000   -1.000000    0.000000
   95  1    3.004937    1.000000    0.000000    1.000000    0.000000
   96  1    3.012221    1.000000    0.000000   -1.000000    0.000000
   97  1    3.093897    1.000000    0.000000   -1.000000    0.000000
   98  1    3.259574    1.000000    0.000000    1.000000    0.000000
   99  1    3.504972    1.000000    0.000000   -1.000000    0.000000
  100  1    3.530376    1.000000    0.000000    1.000000    0.000000
  101  1    3.569308    1.000000    0.000000    1.000000    0.000000
  102  1    3.672027    1.000000    0.000000   -1.000000    0.000000
  103  1    3.847084    1.000000    0.000000   -1.000000    0.000000
  104  1    4.020098    1.000000    0.000000   -1.000000    0.000000
  105  1    6.144906    1.000000    0.000000    1.000000    0.000000
  106  1    6.171619    1.000000    0.000000    1.000000    0.000000
  107  1    6.217515    1.000000    0.000000   -1.000000    0.000000
  108  1    6.288774    1.000000    0.000000   -1.000000    0.000000
  109  1    6.306575    1.000000    0.000000    1.000000    0.000000
  110  1    6.436599    1.000000    0.000000    1.000000    0.000000
  111  1    6.697938    1.000000    0.000000    1.000000    0.000000
  112  1    6.729240    1.000000    0.000000    1.000000    0.000000
  113  1    6.743673    1.000000    0.000000    1.000000    0.000000
  114  1    6.785662    1.000000    0.000000    1.000000    0.000000
  115  1    6.952182    1.000000    0.000000    1.000000    0.000000
  116  1    7.444622    1.000000    0.000000   -1.000000    0.000000
  117  1    7.485497    1.000000    0.000000    1.000000    0.000000
  118  1    7.532339    1.000000    0.000000    1.000000    0.000000
  119  1    7.559587    1.000000    0.000000   -1.000000    0.000000
  120  1    7.580193    1.000000    0.000000   -1.000000    0.000000
  121  1    7.603543    1.000000    0.000000    1.000000    0.000000
  122  1    7.665808    1.000000    0.000000    1.000000    0.000000
  123  1    7.767700    1.000000    0.000000    1.000000    0.000000
  124  1    7.873805    1.000000    0.000000    1.000000    0.000000
  125  1    7.973199    1.000000    0.000000   -1.000000    0.000000
  126  1    8.023294    1.000000    0.000000   -1.000000    0.000000
  127  1    8.286290    1.000000    0.000000    1.000000    0.000000
  128  1    8.334576    1.000000    0.000000    1.000000    0.000000
  129  1    8.341036    1.000000    0.000000    1.000000    0.000000
  130  1    8.460745    1.000000    0.000000    1.000000    0.000000
  131  1    8.475142    1.000000    0.000000    0.999999    0.000000
  132  1    8.501294    1.000000    0.000000    1.000000    0.000000
  133  1   10.039814    1.000000    0.000000    0.963384    0.000000
  134  1   10.274354    1.000000    0.000000   -0.893183    0.000000
  135  1   10.379111    1.000000    0.000000   -0.803152    0.000000
  136  1   10.431798    1.000000    0.000000   -0.771494    0.000000
  2
    1    2
    1  2  -40.449274    2.000000    0.000000   -0.000009    0.000000
    3  2  -40.443913    2.000000    0.000000    0.000042    0.000000
    5  2  -40.276280    2.000000    0.000000    0.000000    0.000000
    7  2  -40.272138    2.000000    0.000000    0.000000    0.000000
    9  2  -39.949220    2.000000    0.000000    0.000000    0.000000
   11  2  -39.944925    2.000000    0.000000    0.000000    0.000000
   13  2  -39.529896    2.000000    0.000000    0.000000    0.000000
   15  2  -39.525529    2.000000    0.000000    0.000000    0.000000
   17  2  -37.028925    2.000000    0.000000    0.000000    0.000000
   19  2  -37.020251    2.000000    0.000000    0.000000    0.000000
   21  2  -36.704667    2.000000    0.000000    0.000000    0.000000
   23  2  -36.690699    2.000000    0.000000    0.000000    0.000000
   25  2  -36.429662    2.000000    0.000000    0.000000    0.000000
   27  2  -36.421261    2.000000    0.000000    0.000000    0.000000
   29  2   -8.632738    2.000000    0.000000   -0.000000    0.000000
   31  2   -8.424862    2.000000    0.000000    0.000000    0.000000
   33  2   -7.873410    2.000000    0.000000    0.000000    0.000000
   35  2   -7.842787    2.000000    0.000000   -0.000000    0.000000
   37  2   -7.604049    2.000000    0.000000    0.000000    0.000000
   39  2   -7.565217    2.000000    0.000000    0.000000    0.000000
   41  2   -7.535595    2.000000    0.000000    0.000000    0.000000
   43  2   -7.264358    2.000000    0.000000   -0.000000    0.000000
   45  2   -0.303131    2.000000    0.000000   -0.000000    0.000000
   47  2   -0.034774    2.000000    0.000000    0.000001    0.000000
   49  2    0.046384    2.000000    0.000000   -0.000005    0.000000
   51  2    0.222415    2.000000    0.000000    0.000000    0.000000
   53  2    0.348228    2.000000    0.000000    0.000000    0.000000
   55  2    0.526659    2.000000    0.000000    0.000183    0.000000
   57  2    0.551662    2.000000    0.000000    0.000005    0.000000
   59  2    0.680750    2.000000    0.000000    0.000005    0.000000
   61  2    0.880162    2.000000    0.000000   -0.000000    0.000000
   63  2    0.961843    2.000000    0.000000    0.000003    0.000000
   65  2    1.084380    2.000000    0.000000    0.000001    0.000000
   67  2    1.158048    2.000000    0.000000   -0.000001    0.000000
   69  2    1.424693    2.000000    0.000000    0.000001    0.000000
   71  2    1.513945    2.000000    0.000000    0.000000    0.000000
   73  2    1.558984    2.000000    0.000000    0.000007    0.000000
   75  2    1.645110    2.000000    0.000000   -0.000003    0.000000
   77  2    2.001720    2.000000    0.000000   -0.000001    0.000000
   79  2    2.049208    2.000000    0.000000    0.000001    0.000000
   81  2    2.132081    2.000000    0.000000    0.000000    0.000000
   83  2    2.279566    2.000000    0.000000   -0.000004    0.000000
   85  2    2.395582    2.000000    0.000000    0.000000    0.000000
   87  2    2.421564    2.000000    0.000000   -0.000001    0.000000
   89  2    2.468414    2.000000    0.000000    0.000022    0.000000
   91  2    2.701630    2.000000    0.000000    0.000001    0.000000
   93  2    2.912640    2.000000    0.000000    0.000000    0.000000
   95  2    3.028224    2.000000    0.000000    0.000012    0.000000
   97  2    3.046788    2.000000    0.000000   -0.000013    0.000000
   99  2    3.470529    2.000000    0.000000   -0.000000    0.000000
  101  2    3.717868    2.000000    0.000000    0.000000    0.000000
  103  2    3.796116    2.000000    0.000000    0.000000    0.000000
  105  2    5.624042    2.000000    0.000000    0.000001    0.000000
  107  2    5.666815    2.000000    0.000000   -0.000001    0.000000
  109  2    6.559040    2.000000    0.000000   -0.000000    0.000000
  111  2    6.698255    2.000000    0.000000   -0.000001    0.000000
  113  2    6.782943    2.000000    0.000000    0.000007    0.000000
  115  2    7.154049    2.000000    0.000000    0.000000    0.000000
  117  2    7.489511    2.000000    0.000000    0.000000    0.000000
  119  2    7.554316    2.000000    0.000000    0.000001    0.000000
  121  2    7.723125    2.000000    0.000000    0.000000    0.000000
  123  2    7.806287    2.000000    0.000000    0.000002    0.000000
  125  2    8.093845    2.000000    0.000000    0.000002    0.000000
  127  2    8.187713    2.000000    0.000000   -0.000001    0.000000
  129  2    8.204201    2.000000    0.000000    0.000000    0.000000
  131  2    8.401242    2.000000    0.000000    0.000001    0.000000
  133  1   10.012975    1.000000    0.000000    0.023595    0.000000
  134  1   10.075161    1.000000    0.000000   -0.197621    0.000000
  135  1   10.248210    1.000000    0.000000   -0.312056    0.000000
  136  1   11.032378    1.000000    0.000000   -0.344182    0.000000
  2
    1    2
    1  2  -40.449269    2.000000    0.000000    0.000013    0.000000
    3  2  -40.443907    2.000000    0.000000    0.000011    0.000000
    5  1  -40.278517    1.000000    0.000000    1.000000    0.000000
    6  1  -40.275612    1.000000    0.000000    1.000000    0.000000
    7  1  -40.273305    1.000000    0.000000   -1.000000    0.000000
    8  1  -40.269453    1.000000    0.000000    1.000000    0.000000
    9  2  -39.949702    2.000000    0.000000    0.000000    0.000000
   11  2  -39.945307    2.000000    0.000000    2.000000    0.000000
   13  1  -39.532578    1.000000    0.000000    1.000000    0.000000
   14  1  -39.529010    1.000000    0.000000    1.000000    0.000000
   15  1  -39.526647    1.000000    0.000000   -1.000000    0.000000
   16  1  -39.522535    1.000000    0.000000    1.000000    0.000000
   17  1  -37.032344    1.000000    0.000000    1.000000    0.000000
   18  1  -37.026659    1.000000    0.000000    1.000000    0.000000
   19  1  -37.021125    1.000000    0.000000   -1.000000    0.000000
   20  1  -37.018273    1.000000    0.000000    1.000000    0.000000
   21  2  -36.704873    2.000000    0.000000    0.000000    0.000000
   23  1  -36.691807    1.000000    0.000000    1.000000    0.000000
   24  1  -36.689546    1.000000    0.000000    1.000000    0.000000
   25  1  -36.433793    1.000000    0.000000    1.000000    0.000000
   26  1  -36.426834    1.000000    0.000000    1.000000    0.000000
   27  1  -36.421794    1.000000    0.000000   -1.000000    0.000000
   28  1  -36.419225    1.000000    0.000000    1.000000    0.000000
   29  1   -8.937424    1.000000    0.000000   -1.000000    0.000000
   30  1   -8.747408    1.000000    0.000000   -1.000000    0.000000
   31  1   -8.461293    1.000000    0.000000    1.000000    0.000000
   32  1   -8.225530    1.000000    0.000000    1.000000    0.000000
   33  1   -7.864345    1.000000    0.000000    1.000000    0.000000
   34  1   -7.765143    1.000000    0.000000   -1.000000    0.000000
   35  1   -7.752080    1.000000    0.000000   -1.000000    0.000000
   36  1   -7.651561    1.000000    0.000000    1.000000    0.000000
   37  1   -7.639997    1.000000    0.000000    1.000000    0.000000
   38  1   -7.602970    1.000000    0.000000   -1.000000    0.000000
   39  1   -7.573643    1.000000    0.000000    1.000000    0.000000
   40  1   -7.507753    1.000000    0.000000   -1.000000    0.000000
   41  1   -7.494324    1.000000    0.000000   -1.000000    0.000000
   42  1   -7.365084    1.000000    0.000000    1.000000    0.000000
   43  1   -7.352737    1.000000    0.000000    1.000000    0.000000
   44  1   -7.345446    1.000000    0.000000   -1.000000    0.000000
   45  1   -0.757501    1.000000    0.000000   -1.000000    0.000000
   46  1   -0.510323    1.000000    0.000000   -1.000000    0.000000
   47  1   -0.501803    1.000000    0.000000   -1.000000    0.000000
   48  1   -0.191671    1.000000    0.000000   -1.000000    0.000000
   49  1   -0.142830    1.000000    0.000000   -1.000000    0.000000
   50  1   -0.140076    1.000000    0.000000   -1.000000    0.000000
   51  1   -0.054121    1.000000    0.000000    1.000000    0.000000
   52  1    0.067731    1.000000    0.000000    1.000000    0.000000
   53  1    0.111151    1.000000    0.000000    1.000000    0.000000
   54  1    0.119642    1.000000    0.000000   -0.999999    0.000000
   55  1    0.185359    1.000000    0.000000    1.000000    0.000000
   56  1    0.263427    1.000000    0.000000    1.000000    0.000000
   57  1    0.352556    1.000000    0.000000    1.000000    0.000000
   58  1    0.470712    1.000000    0.000000   -1.000000    0.000000
   59  1    0.486564    1.000000    0.000000   -1.000000    0.000000
   60  1    0.870202    1.000000    0.000000   -1.000000    0.000000
   61  1    0.899523    1.000000    0.000000    1.000000    0.000000
   62  1    1.113156    1.000000    0.000000    1.000000    0.000000
   63  1    1.186597    1.000000    0.000000    1.000000    0.000000
   64  1    1.209089    1.000000    0.000000   -1.000000    0.000000
   65  1    1.241360    1.000000    0.000000    0.999999    0.000000
   66  1    1.246941    1.000000    0.000000   -0.999999    0.000000
   67  1    1.290661    1.000000    0.000000   -1.000000    0.000000
   68  1    1.366267    1.000000    0.000000   -1.000000    0.000000
   69  1    1.419253    1.000000    0.000000   -1.000000    0.000000
   70  1    1.603181    1.000000    0.000000   -1.000000    0.000000
   71  1    1.660600    1.000000    0.000000   -1.000000    0.000000
   72  1    1.677437    1.000000    0.000000    1.000000    0.000000
   73  1    1.713460    1.000000    0.000000   -1.000000    0.000000
   74  1    1.722621    1.000000    0.000000    1.000000    0.000000
   75  1    1.915336    1.000000    0.000000    1.000000    0.000000
   76  1    1.974338    1.000000    0.000000   -1.000000    0.000000
   77  1    2.018058    1.000000    0.000000    1.000000    0.000000
   78  1    2.045173    1.000000    0.000000    1.000000    0.000000
   79  1    2.056259    1.000000    0.000000   -1.000000    0.000000
   80  1    2.059441    1.000000    0.000000    1.000000    0.000000
   81  1    2.106543    1.000000    0.000000   -1.000000    0.000000
   82  1    2.185196    1.000000    0.000000   -1.000000    0.000000
   83  1    2.268132    1.000000    0.000000    1.000000    0.000000
   84  1    2.290278    1.000000    0.000000    1.000000    0.000000
   85  1    2.324439    1.000000    0.000000   -1.000000    0.000000
   86  1    2.337634    1.000000    0.000000   -1.000000    0.000000
   87  1    2.421317    1.000000    0.000000   -1.000000    0.000000
   88  1    2.550639    1.000000    0.000000   -1.000000    0.000000
   89  1    2.639258    1.000000    0.000000   -1.000000    0.000000
   90  1    2.879612    1.000000    0.000000   -0.999997    0.000000
   91  1    2.881478    1.000000    0.000000    0.999998    0.000000
   92  1    2.900189    1.000000    0.000000    0.999999    0.000000
   93  1    2.911142    1.000000    0.000000   -0.999999    0.000000
   94  1    2.931686    1.000000    0.000000    1.000000    0.000000
   95  1    3.007525    1.000000    0.000000   -1.000000    0.000000
   96  1    3.013893    1.000000    0.000000    1.000000    0.000000
   97  1    3.093255    1.000000    0.000000    1.000000    0.000000
   98  1    3.260122    1.000000    0.000000   -1.000000    0.000000
   99  1    3.503248    1.000000    0.000000    1.000000    0.000000
  100  1    3.526501    1.000000    0.000000   -1.000000    0.000000
  101  1    3.571826    1.000000    0.000000   -1.000000    0.000000
  102  1    3.679217    1.000000    0.000000    1.000000    0.000000
  103  1    3.840260    1.000000    0.000000    1.000000    0.000000
  104  1    4.021407    1.000000    0.000000    1.000000    0.000000
  105  1    6.145056    1.000000    0.000000   -1.000000    0.000000
  106  1    6.171418    1.000000    0.000000   -1.000000    0.000000
  107  1    6.217425    1.000000    0.000000    1.000000    0.000000
  108  1    6.288720    1.000000    0.000000    1.000000    0.000000
  109  1    6.306911    1.000000    0.000000   -1.000000    0.000000
  110  1    6.436175    1.000000    0.000000   -1.000000    0.000000
  111  1    6.698719    1.000000    0.000000   -1.000000    0.000000
  112  1    6.729312    1.000000    0.000000   -1.000000    0.000000
  113  1    6.743453    1.000000    0.000000   -1.000000    0.000000
  114  1    6.785386    1.000000    0.000000   -1.000000    0.000000
  115  1    6.952544    1.000000    0.000000   -1.000000    0.000000
  116  1    7.447233    1.000000    0.000000    1.000000    0.000000
  117  1    7.481303    1.000000    0.000000   -1.000000    0.000000
  118  1    7.534532    1.000000    0.000000   -1.000000    0.000000
  119  1    7.558071    1.000000    0.000000    1.000000    0.000000
  120  1    7.579200    1.000000    0.000000    1.000000    0.000000
  121  1    7.602916    1.000000    0.000000   -1.000000    0.000000
  122  1    7.666530    1.000000    0.000000   -1.000000    0.000000
  123  1    7.768208    1.000000    0.000000   -1.000000    0.000000
  124  1    7.874115    1.000000    0.000000   -1.000000    0.000000
  125  1    7.971508    1.000000    0.000000    1.000000    0.000000
  126  1    8.025467    1.000000    0.000000    1.000000    0.000000
  127  1    8.284978    1.000000    0.000000   -1.000000    0.000000
  128  1    8.333258    1.000000    0.000000   -1.000000    0.000000
  129  1    8.342939    1.000000    0.000000   -0.999999    0.000000
  130  1    8.463128    1.000000    0.000000   -0.999999    0.000000
  131  1    8.476168    1.000000    0.000000   -0.999999    0.000000
  132  1    8.498231    1.000000    0.000000   -1.000000    0.000000
  133  1   10.034364    1.000000    0.000000   -0.995470    0.000000
  134  1   10.301523    1.000000    0.000000    0.834398    0.000000
  135  1   10.323049    1.000000    0.000000    0.908317    0.000000
  136  1   10.441735    1.000000    0.000000    0.488680    0.000000
  2
    1    2
    1  2  -40.449269    2.000000    0.000000    0.000000    0.000000
    3  2  -40.443907    2.000000    0.000000    0.000023    0.000000
    5  1  -40.278517    1.000000    0.000000    1.000000    0.000000
    6  1  -40.275614    1.000000    0.000000    1.000000    0.000000
    7  1  -40.273302    1.000000    0.000000   -1.000000    0.000000
    8  1  -40.269454    1.000000    0.000000    1.000000    0.000000
    9  2  -39.949704    2.000000    0.000000    0.000000    0.000000
   11  2  -39.945308    2.000000    0.000000    2.000000    0.000000
   13  1  -39.532578    1.000000    0.000000    1.000000    0.000000
   14  1  -39.529013    1.000000    0.000000    1.000000    0.000000
   15  1  -39.526642    1.000000    0.000000   -1.000000    0.000000
   16  1  -39.522536    1.000000    0.000000    1.000000    0.000000
   17  1  -37.032344    1.000000    0.000000    1.000000    0.000000
   18  1  -37.026664    1.000000    0.000000    1.000000    0.000000
   19  1  -37.021111    1.000000    0.000000   -1.000000    0.000000
   20  1  -37.018281    1.000000    0.000000    1.000000    0.000000
   21  2  -36.704870    2.000000    0.000000    0.000000    0.000000
   23  1  -36.691807    1.000000    0.000000    1.000000    0.000000
   24  1  -36.689546    1.000000    0.000000    1.000000    0.000000
   25  1  -36.433794    1.000000    0.000000    1.000000    0.000000
   26  1  -36.426837    1.000000    0.000000    1.000000    0.000000
   27  1  -36.421784    1.000000    0.000000   -1.000000    0.000000
   28  1  -36.419233    1.000000    0.000000    1.000000    0.000000
   29  1   -8.937424    1.000000    0.000000   -1.000000    0.000000
   30  1   -8.747410    1.000000    0.000000   -1.000000    0.000000
   31  1   -8.461292    1.000000    0.000000    1.000000    0.000000
   32  1   -8.225527    1.000000    0.000000    1.000000    0.000000
   33  1   -7.864343    1.000000    0.000000    1.000000    0.000000
   34  1   -7.765142    1.000000    0.000000   -1.000000    0.000000
   35  1   -7.752083    1.000000    0.000000   -1.000000    0.000000
   36  1   -7.651563    1.000000    0.000000    1.000000    0.000000
   37  1   -7.639998    1.000000    0.000000    1.000000    0.000000
   38  1   -7.602967    1.000000    0.000000   -1.000000    0.000000
   39  1   -7.573642    1.000000    0.000000    1.000000    0.000000
   40  1   -7.507753    1.000000    0.000000   -1.000000    0.000000
   41  1   -7.494327    1.000000    0.000000   -1.000000    0.000000
   42  1   -7.365084    1.000000    0.000000    1.000000    0.000000
   43  1   -7.352738    1.000000    0.000000    1.000000    0.000000
   44  1   -7.345445    1.000000    0.000000   -0.999999    0.000000
   45  1   -0.757503    1.000000    0.000000   -1.000000    0.000000
   46  1   -0.510328    1.000000    0.000000   -1.000000    0.000000
   47  1   -0.501800    1.000000    0.000000   -1.000000    0.000000
   48  1   -0.191670    1.000000    0.000000   -1.000000    0.000000
   49  1   -0.142829    1.000000    0.000000   -1.000000    0.000000
   50  1   -0.140078    1.000000    0.000000   -1.000000    0.000000
   51  1   -0.054119    1.000000    0.000000    1.000000    0.000000
   52  1    0.067727    1.000000    0.000000    1.000000    0.000000
   53  1    0.111155    1.000000    0.000000    1.000000    0.000000
   54  1    0.119635    1.000000    0.000000   -0.999999    0.000000
   55  1    0.185356    1.000000    0.000000    1.000000    0.000000
   56  1    0.263426    1.000000    0.000000    1.000000    0.000000
   57  1    0.352561    1.000000    0.000000    1.000000    0.000000
   58  1    0.470723    1.000000    0.000000   -1.000000    0.000000
   59  1    0.486564    1.000000    0.000000   -1.000000    0.000000
   60  1    0.870197    1.000000    0.000000   -1.000000    0.000000
   61  1    0.899524    1.000000    0.000000    1.000000    0.000000
   62  1    1.113162    1.000000    0.000000    1.000000    0.000000
   63  1    1.186597    1.000000    0.000000    1.000000    0.000000
   64  1    1.209093    1.000000    0.000000   -1.000000    0.000000
   65  1    1.241381    1.000000    0.000000    1.000000    0.000000
   66  1    1.246935    1.000000    0.000000   -1.000000    0.000000
   67  1    1.290653    1.000000    0.000000   -1.000000    0.000000
   68  1    1.366254    1.000000    0.000000   -1.000000    0.000000
   69  1    1.419243    1.000000    0.000000   -1.000000    0.000000
   70  1    1.603184    1.000000    0.000000   -1.000000    0.000000
   71  1    1.660619    1.000000    0.000000   -1.000000    0.000000
   72  1    1.677432    1.000000    0.000000    1.000000    0.000000
   73  1    1.713474    1.000000    0.000000   -1.000000    0.000000
   74  1    1.722620    1.000000    0.000000    1.000000    0.000000
   75  1    1.915331    1.000000    0.000000    1.000000    0.000000
   76  1    1.974338    1.000000    0.000000   -1.000000    0.000000
   77  1    2.018064    1.000000    0.000000    1.000000    0.000000
   78  1    2.045250    1.000000    0.000000    1.000000    0.000000
   79  1    2.056262    1.000000    0.000000   -1.000000    0.000000
   80  1    2.059344    1.000000    0.000000    1.000000    0.000000
   81  1    2.106556    1.000000    0.000000   -1.000000    0.000000
   82  1    2.185192    1.000000    0.000000   -1.000000    0.000000
   83  1    2.268142    1.000000    0.000000    1.000000    0.000000
   84  1    2.290284    1.000000    0.000000    1.000000    0.000000
   85  1    2.324421    1.000000    0.000000   -1.000000    0.000000
   86  1    2.337623    1.000000    0.000000   -1.000000    0.000000
   87  1    2.421326    1.000000    0.000000   -1.000000    0.000000
   88  1    2.550634    1.000000    0.000000   -1.000000    0.000000
   89  1    2.639251    1.000000    0.000000   -1.000000    0.000000
   90  1    2.879655    1.000000    0.000000   -0.999980    0.000000
   91  1    2.881469    1.000000    0.000000    0.999987    0.000000
   92  1    2.900197    1.000000    0.000000    0.999999    0.000000
   93  1    2.911084    1.000000    0.000000   -0.999998    0.000000
   94  1    2.931688    1.000000    0.000000    1.000000    0.000000
   95  1    3.007516    1.000000    0.000000   -1.000000    0.000000
   96  1    3.013893    1.000000    0.000000    1.000000    0.000000
   97  1    3.093255    1.000000    0.000000    1.000000    0.000000
   98  1    3.260139    1.000000    0.000000   -1.000000    0.000000
   99  1    3.503254    1.000000    0.000000    1.000000    0.000000
  100  1    3.526507    1.000000    0.000000   -1.000000    0.000000
  101  1    3.571830    1.000000    0.000000   -1.000000    0.000000
  102  1    3.679209    1.000000    0.000000    1.000000    0.000000
  103  1    3.840265    1.000000    0.000000    1.000000    0.000000
  104  1    4.021396    1.000000    0.000000    1.000000    0.000000
  105  1    6.145056    1.000000    0.000000   -1.000000    0.000000
  106  1    6.171427    1.000000    0.000000   -1.000000    0.000000
  107  1    6.217418    1.000000    0.000000    1.000000    0.000000
  108  1    6.288718    1.000000    0.000000    1.000000    0.000000
  109  1    6.306917    1.000000    0.000000   -1.000000    0.000000
  110  1    6.436160    1.000000    0.000000   -1.000000    0.000000
  111  1    6.698713    1.000000    0.000000   -1.000000    0.000000
  112  1    6.729337    1.000000    0.000000   -1.000000    0.000000
  113  1    6.743433    1.000000    0.000000   -1.000000    0.000000
  114  1    6.785406    1.000000    0.000000   -1.000000    0.000000
  115  1    6.952539    1.000000    0.000000   -1.000000    0.000000
  116  1    7.447239    1.000000    0.000000    1.000000    0.000000
  117  1    7.481298    1.000000    0.000000   -1.000000    0.000000
  118  1    7.534532    1.000000    0.000000   -1.000000    0.000000
  119  1    7.558071    1.000000    0.000000    1.000000    0.000000
  120  1    7.579209    1.000000    0.000000    1.000000    0.000000
  121  1    7.602905    1.000000    0.000000   -1.000000    0.000000
  122  1    7.666528    1.000000    0.000000   -1.000000    0.000000
  123  1    7.768212    1.000000    0.000000   -1.000000    0.000000
  124  1    7.874115    1.000000    0.000000   -1.000000    0.000000
  125  1    7.971509    1.000000    0.000000    1.000000    0.000000
  126  1    8.025464    1.000000    0.000000    1.000000    0.000000
  127  1    8.284972    1.000000    0.000000   -1.000000    0.000000
  128  1    8.333258    1.000000    0.000000   -1.000000    0.000000
  129  1    8.342939    1.000000    0.000000   -0.999999    0.000000
  130  1    8.463133    1.000000    0.000000   -0.999999    0.000000
  131  1    8.476166    1.000000    0.000000   -1.000000    0.000000
  132  1    8.498235    1.000000    0.000000   -0.999999    0.000000
  133  1   10.036667    1.000000    0.000000   -0.993777    0.000000
  134  1   10.264977    1.000000    0.000000    0.971406    0.000000
  135  1   10.368271    1.000000    0.000000    0.359301    0.000000
  136  1   10.434698    1.000000    0.000000    0.644091    0.000000
  2
    1    2
    1  2  -40.449241    2.000000    0.000000    0.000016    0.000000
    3  2  -40.443879    2.000000    0.000000    0.000006    0.000000
    5  1  -40.278439    1.000000    0.000000   -1.000000    0.000000
    6  1  -40.273907    1.000000    0.000000    1.000000    0.000000
    7  2  -40.272690    2.000000    0.000000    0.000000    0.000000
    9  1  -39.956308    1.000000    0.000000    1.000000    0.000000
   10  1  -39.946163    1.000000    0.000000   -1.000000    0.000000
   11  1  -39.944414    1.000000    0.000000   -1.000000    0.000000
   12  1  -39.941372    1.000000    0.000000    1.000000    0.000000
   13  1  -39.532552    1.000000    0.000000   -1.000000    0.000000
   14  1  -39.527459    1.000000    0.000000    1.000000    0.000000
   15  2  -39.525821    2.000000    0.000000    0.000000    0.000000
   17  1  -37.032227    1.000000    0.000000   -1.000000    0.000000
   18  1  -37.023750    1.000000    0.000000   -1.000000    0.000000
   19  1  -37.021821    1.000000    0.000000    1.000000    0.000000
   20  1  -37.020408    1.000000    0.000000    1.000000    0.000000
   21  1  -36.713976    1.000000    0.000000    1.000000    0.000000
   22  1  -36.694959    1.000000    0.000000    1.000000    0.000000
   23  1  -36.692180    1.000000    0.000000   -1.000000    0.000000
   24  1  -36.689537    1.000000    0.000000   -1.000000    0.000000
   25  1  -36.433787    1.000000    0.000000   -1.000000    0.000000
   26  1  -36.424503    1.000000    0.000000   -1.000000    0.000000
   27  1  -36.422908    1.000000    0.000000    1.000000    0.000000
   28  1  -36.420664    1.000000    0.000000    1.000000    0.000000
   29  2   -8.670447    2.000000    0.000000    0.000000    0.000000
   31  2   -8.461567    2.000000    0.000000   -0.000000    0.000000
   33  2   -7.898408    2.000000    0.000000    0.000000    0.000000
   35  2   -7.777442    2.000000    0.000000    0.000000    0.000000
   37  2   -7.628140    2.000000    0.000000    0.000000    0.000000
   39  2   -7.517906    2.000000    0.000000   -0.000000    0.000000
   41  2   -7.499217    2.000000    0.000000    0.000000    0.000000
   43  2   -7.247431    2.000000    0.000000    0.000000    0.000000
   45  2   -0.400615    2.000000    0.000000    0.000000    0.000000
   47  2   -0.030368    2.000000    0.000000   -0.000000    0.000000
   49  2   -0.003829    2.000000    0.000000    0.000002    0.000000
   51  2    0.087191    2.000000    0.000000    0.000000    0.000000
   53  2    0.264009    2.000000    0.000000   -0.000042    0.000000
   55  2    0.495061    2.000000    0.000000    0.000000    0.000000
   57  1    0.576219    1.000000    0.000000    1.000000    0.000000
   58  1    0.577480    1.000000    0.000000   -1.000000    0.000000
   59  1    0.599562    1.000000    0.000000   -0.999941    0.000000
   60  1    0.601936    1.000000    0.000000    0.999944    0.000000
   61  2    0.854392    2.000000    0.000000    0.000000    0.000000
   63  2    0.903057    2.000000    0.000000    0.000000    0.000000
   65  2    1.080137    2.000000    0.000000    0.000000    0.000000
   67  2    1.158184    2.000000    0.000000   -0.000006    0.000000
   69  2    1.376289    2.000000    0.000000    0.000012    0.000000
   71  1    1.579827    1.000000    0.000000   -0.999997    0.000000
   72  1    1.582361    1.000000    0.000000    0.999997    0.000000
   73  1    1.600274    1.000000    0.000000    0.999934    0.000000
   74  1    1.602569    1.000000    0.000000   -0.999931    0.000000
   75  1    1.694794    1.000000    0.000000    0.999996    0.000000
   76  1    1.697013    1.000000    0.000000   -0.999995    0.000000
   77  2    1.992221    2.000000    0.000000    0.000000    0.000000
   79  2    2.024566    2.000000    0.000000   -0.000000    0.000000
   81  1    2.225283    1.000000    0.000000   -0.999985    0.000000
   82  1    2.226910    1.000000    0.000000    0.999985    0.000000
   83  1    2.321737    1.000000    0.000000   -0.999999    0.000000
   84  1    2.323698    1.000000    0.000000    0.999999    0.000000
   85  2    2.369973    2.000000    0.000000    0.000002    0.000000
   87  1    2.476037    1.000000    0.000000    0.999978    0.000000
   88  1    2.477662    1.000000    0.000000   -0.999978    0.000000
   89  2    2.545749    2.000000    0.000000   -0.000001    0.000000
   91  2    2.641878    2.000000    0.000000    0.000000    0.000000
   93  2    2.992317    2.000000    0.000000    0.000000    0.000000
   95  2    3.151632    2.000000    0.000000    0.000000    0.000000
   97  1    3.267054    1.000000    0.000000    1.000000    0.000000
   98  1    3.269541    1.000000    0.000000   -1.000000    0.000000
   99  1    3.381607    1.000000    0.000000   -1.000000    0.000000
  100  1    3.384383    1.000000    0.000000    1.000000    0.000000
  101  2    3.770331    2.000000    0.000000    0.000000    0.000000
  103  2    3.851824    2.000000    0.000000    0.000000    0.000000
  105  2    5.579130    2.000000    0.000000    0.000000    0.000000
  107  2    5.703395    2.000000    0.000000    0.000000    0.000000
  109  2    6.694360    2.000000    0.000000    0.000006    0.000000
  111  2    6.729903    2.000000    0.000000    0.000000    0.000000
  113  2    6.739363    2.000000    0.000000   -0.000001    0.000000
  115  2    7.186619    2.000000    0.000000    0.000000    0.000000
  117  1    7.485722    1.000000    0.000000    0.999953    0.000000
  118  1    7.486970    1.000000    0.000000   -0.999952    0.000000
  119  1    7.548372    1.000000    0.000000    1.000000    0.000000
  120  1    7.550466    1.000000    0.000000   -1.000000    0.000000
  121  2    7.711202    2.000000    0.000000   -0.000016    0.000000
  123  1    7.763208    1.000000    0.000000   -1.000000    0.000000
  124  1    7.767630    1.000000    0.000000    1.000000    0.000000
  125  1    8.065027    1.000000    0.000000    0.999994    0.000000
  126  1    8.067058    1.000000    0.000000   -0.999994    0.000000
  127  2    8.180493    2.000000    0.000000   -0.000000    0.000000
  129  2    8.260370    2.000000    0.000000    0.000000    0.000000
  131  2    8.556867    2.000000    0.000000    0.000000    0.000000
  133  1    9.994773    1.000000    0.000000   -0.275926    0.000000
  134  1   10.016410    1.000000    0.000000   -0.248728    0.000000
  135  1   10.062443    1.000000    0.000000    0.629301    0.000000
  136  1   10.397552    1.000000    0.000000   -0.110289    0.000000
