  154  184
  1
  2
  1  0  0  0  1  0  0  0  1    0.000000    0.000000    0.000000    1.000000    0.000000    0.000000    0.000000    0.000000    0.000000    1.000000    0.000000  1
  1  0  0  0  1  0  0  0  1    0.000000    0.000000    0.500000    1.000000    0.000000    0.000000    0.000000    0.000000    0.000000    1.000000    0.000000 -1
  8
    0.000000    0.000000    0.000000
    0.500000    0.500000    0.500000
    0.000000    0.500000    0.500000
    0.500000    0.000000    0.500000
    0.500000    0.500000    0.000000
    0.500000    0.000000    0.000000
    0.000000    0.500000    0.000000
    0.000000    0.000000    0.500000
  1
    1
    1  2  -48.427092    2.000000    0.000000
    3  2  -48.270948    2.000000    0.000000
    5  2  -48.110866    2.000000    0.000000
    7  2  -47.982644    2.000000    0.000000
    9  2  -47.842557    2.000000    0.000000
   11  2  -47.705018    2.000000    0.000000
   13  2  -47.526890    2.000000    0.000000
   15  2  -47.365808    2.000000    0.000000
   17  2  -47.207368    2.000000    0.000000
   19  2  -43.414024    2.000000    0.000000
   21  2  -43.239269    2.000000    0.000000
   23  2  -43.132734    2.000000    0.000000
   25  2  -42.995981    2.000000    0.000000
   27  2  -42.831656    2.000000    0.000000
   29  2  -42.743054    2.000000    0.000000
   31  2  -42.662740    2.000000    0.000000
   33  2  -42.484638    2.000000    0.000000
   35  2  -42.379711    2.000000    0.000000
   37  4  -21.025831    4.000000    0.000000
   41  4  -20.852648    4.000000    0.000000
   45  4  -20.841181    4.000000    0.000000
   49  4  -20.600211    4.000000    0.000000
   53  4  -20.428388    4.000000    0.000000
   57  4  -20.414114    4.000000    0.000000
   61  2   -7.845723    2.000000    0.000000
   63  2   -7.729291    2.000000    0.000000
   65  2   -7.395271    2.000000    0.000000
   67  2   -7.274515    2.000000    0.000000
   69  2   -7.197077    2.000000    0.000000
   71  2   -7.171888    2.000000    0.000000
   73  2   -6.674851    2.000000    0.000000
   75  2   -6.623300    2.000000    0.000000
   77  2   -2.418074    2.000000    0.000000
   79  2   -2.383488    2.000000    0.000000
   81  2   -2.281636    2.000000    0.000000
   83  2   -2.222370    2.000000    0.000000
   85  2   -2.207435    2.000000    0.000000
   87  2   -2.185071    2.000000    0.000000
   89  2   -2.143205    2.000000    0.000000
   91  2   -2.133098    2.000000    0.000000
   93  2   -2.074228    2.000000    0.000000
   95  2   -2.059844    2.000000    0.000000
   97  2   -2.029070    2.000000    0.000000
   99  2   -1.979521    2.000000    0.000000
  101  2   -1.974461    2.000000    0.000000
  103  2   -1.958714    2.000000    0.000000
  105  2   -1.885325    2.000000    0.000000
  107  2   -0.896694    2.000000    0.000000
  109  2   -0.787532    2.000000    0.000000
  111  2   -0.427776    2.000000    0.000000
  113  2   -0.160252    2.000000    0.000000
  115  2    0.071670    2.000000    0.000000
  117  2    0.451959    2.000000    0.000000
  119  2    0.819299    2.000000    0.000000
  121  2    1.010059    2.000000    0.000000
  123  2    1.224388    2.000000    0.000000
  125  2    1.335452    2.000000    0.000000
  127  2    1.398961    2.000000    0.000000
  129  2    1.544483    2.000000    0.000000
  131  2    1.601953    2.000000    0.000000
  133  2    1.741361    2.000000    0.000000
  135  2    1.918441    2.000000    0.000000
  137  2    2.017990    2.000000    0.000000
  139  2    2.071057    2.000000    0.000000
  141  2    2.254349    2.000000    0.000000
  143  2    2.352142    2.000000    0.000000
  145  2    2.418432    2.000000    0.000000
  147  2    2.518885    2.000000    0.000000
  149  2    2.856848    2.000000    0.000000
  151  2    3.200767    2.000000    0.000000
  153  2    3.331402    2.000000    0.000000
  155  2    4.588354    2.000000    0.000000
  157  2    5.071329    2.000000    0.000000
  159  2    5.202596    2.000000    0.000000
  161  2    5.408279    2.000000    0.000000
  163  2    5.507387    2.000000    0.000000
  165  2    5.579695    2.000000    0.000000
  167  2    5.675481    2.000000    0.000000
  169  2    5.820745    2.000000    0.000000
  171  2    5.870613    2.000000    0.000000
  173  2    6.054675    2.000000    0.000000
  175  2    6.069038    2.000000    0.000000
  177  1    6.147962    1.000000    0.000000
  178  1    6.149061    1.000000    0.000000
  179  1    6.208211    1.000000    0.000000
  180  1    6.226151    1.000000    0.000000
  181  1    6.367804    1.000000    0.000000
  182  1    6.407458    1.000000    0.000000
  183  1    6.485206    1.000000    0.000000
  184  1    6.527240    1.000000    0.000000
  1
    1
    1  2  -48.427165    2.000000    0.000000
    3  2  -48.271016    2.000000    0.000000
    5  2  -48.110942    2.000000    0.000000
    7  2  -47.982648    2.000000    0.000000
    9  2  -47.842560    2.000000    0.000000
   11  2  -47.705025    2.000000    0.000000
   13  2  -47.526966    2.000000    0.000000
   15  2  -47.365894    2.000000    0.000000
   17  2  -47.207463    2.000000    0.000000
   19  2  -43.414137    2.000000    0.000000
   21  2  -43.239379    2.000000    0.000000
   23  2  -43.132852    2.000000    0.000000
   25  2  -42.995988    2.000000    0.000000
   27  2  -42.831660    2.000000    0.000000
   29  2  -42.743063    2.000000    0.000000
   31  2  -42.662860    2.000000    0.000000
   33  2  -42.484779    2.000000    0.000000
   35  2  -42.379866    2.000000    0.000000
   37  4  -21.026397    4.000000    0.000000
   41  4  -20.853497    4.000000    0.000000
   45  4  -20.841435    4.000000    0.000000
   49  4  -20.600827    4.000000    0.000000
   53  4  -20.429035    4.000000    0.000000
   57  4  -20.414853    4.000000    0.000000
   61  2   -7.498871    2.000000    0.000000
   63  2   -7.455299    2.000000    0.000000
   65  2   -7.154038    2.000000    0.000000
   67  2   -7.135859    2.000000    0.000000
   69  2   -7.058898    2.000000    0.000000
   71  2   -7.033150    2.000000    0.000000
   73  2   -6.546826    2.000000    0.000000
   75  2   -6.535568    2.000000    0.000000
   77  2   -2.358036    2.000000    0.000000
   79  2   -2.296863    2.000000    0.000000
   81  1   -2.270043    1.000000    0.000000
   82  1   -2.268043    1.000000    0.000000
   83  2   -2.208996    2.000000    0.000000
   85  1   -2.157495    1.000000    0.000000
   86  1   -2.153164    1.000000    0.000000
   87  1   -2.105735    1.000000    0.000000
   88  1   -2.103387    1.000000    0.000000
   89  1   -2.097692    1.000000    0.000000
   90  1   -2.095290    1.000000    0.000000
   91  1   -2.065280    1.000000    0.000000
   92  1   -2.059357    1.000000    0.000000
   93  1   -2.053531    1.000000    0.000000
   94  1   -2.052100    1.000000    0.000000
   95  1   -2.016776    1.000000    0.000000
   96  1   -2.013815    1.000000    0.000000
   97  2   -1.991405    2.000000    0.000000
   99  1   -1.957279    1.000000    0.000000
  100  1   -1.954416    1.000000    0.000000
  101  1   -1.920917    1.000000    0.000000
  102  1   -1.919019    1.000000    0.000000
  103  2   -1.880884    2.000000    0.000000
  105  1   -1.794375    1.000000    0.000000
  106  1   -1.793333    1.000000    0.000000
  107  1   -0.975698    1.000000    0.000000
  108  1   -0.971919    1.000000    0.000000
  109  1   -0.897263    1.000000    0.000000
  110  1   -0.881180    1.000000    0.000000
  111  1   -0.762569    1.000000    0.000000
  112  1   -0.745139    1.000000    0.000000
  113  1   -0.478481    1.000000    0.000000
  114  1   -0.471072    1.000000    0.000000
  115  1   -0.385344    1.000000    0.000000
  116  1   -0.351059    1.000000    0.000000
  117  1   -0.225279    1.000000    0.000000
  118  1   -0.199739    1.000000    0.000000
  119  1    0.490246    1.000000    0.000000
  120  1    0.552294    1.000000    0.000000
  121  1    0.602325    1.000000    0.000000
  122  1    0.636413    1.000000    0.000000
  123  1    0.713329    1.000000    0.000000
  124  1    0.842241    1.000000    0.000000
  125  1    0.850936    1.000000    0.000000
  126  1    0.901441    1.000000    0.000000
  127  1    0.987266    1.000000    0.000000
  128  1    1.002092    1.000000    0.000000
  129  1    1.077758    1.000000    0.000000
  130  1    1.097101    1.000000    0.000000
  131  1    1.136617    1.000000    0.000000
  132  1    1.202550    1.000000    0.000000
  133  1    1.223903    1.000000    0.000000
  134  1    1.279470    1.000000    0.000000
  135  1    1.322770    1.000000    0.000000
  136  1    1.402953    1.000000    0.000000
  137  1    1.420365    1.000000    0.000000
  138  1    1.481347    1.000000    0.000000
  139  1    1.575005    1.000000    0.000000
  140  1    1.653484    1.000000    0.000000
  141  1    1.688194    1.000000    0.000000
  142  1    1.718640    1.000000    0.000000
  143  1    1.773738    1.000000    0.000000
  144  1    1.878943    1.000000    0.000000
  145  1    1.927609    1.000000    0.000000
  146  1    1.975102    1.000000    0.000000
  147  1    2.044053    1.000000    0.000000
  148  1    2.103193    1.000000    0.000000
  149  1    2.116112    1.000000    0.000000
  150  1    2.178179    1.000000    0.000000
  151  1    2.293296    1.000000    0.000000
  152  1    2.339176    1.000000    0.000000
  153  1    2.407000    1.000000    0.000000
  154  1    2.438890    1.000000    0.000000
  155  1    5.145679    1.000000    0.000000
  156  1    5.159879    1.000000    0.000000
  157  1    5.202132    1.000000    0.000000
  158  1    5.210654    1.000000    0.000000
  159  2    5.255711    2.000000    0.000000
  161  1    5.385449    1.000000    0.000000
  162  1    5.398004    1.000000    0.000000
  163  1    5.514750    1.000000    0.000000
  164  1    5.538331    1.000000    0.000000
  165  1    5.582650    1.000000    0.000000
  166  1    5.614861    1.000000    0.000000
  167  1    5.691293    1.000000    0.000000
  168  1    5.697476    1.000000    0.000000
  169  1    5.819437    1.000000    0.000000
  170  1    5.825034    1.000000    0.000000
  171  1    5.848532    1.000000    0.000000
  172  1    5.862321    1.000000    0.000000
  173  1    5.939130    1.000000    0.000000
  174  1    5.944870    1.000000    0.000000
  175  1    5.995481    1.000000    0.000000
  176  1    6.001779    1.000000    0.000000
  177  1    6.069745    1.000000    0.000000
  178  1    6.083568    1.000000    0.000000
  179  1    6.104279    1.000000    0.000000
  180  1    6.123079    1.000000    0.000000
  181  1    6.178647    1.000000    0.000000
  182  1    6.196205    1.000000    0.000000
  183  1    6.218871    1.000000    0.000000
  184  1    6.257998    1.000000    0.000000
  1
    1
    1  2  -48.427090    2.000000    0.000000
    3  2  -48.270946    2.000000    0.000000
    5  2  -48.110864    2.000000    0.000000
    7  2  -47.982639    2.000000    0.000000
    9  2  -47.842552    2.000000    0.000000
   11  2  -47.705014    2.000000    0.000000
   13  2  -47.526889    2.000000    0.000000
   15  2  -47.365806    2.000000    0.000000
   17  2  -47.207367    2.000000    0.000000
   19  2  -43.414021    2.000000    0.000000
   21  2  -43.239266    2.000000    0.000000
   23  2  -43.132730    2.000000    0.000000
   25  2  -42.995973    2.000000    0.000000
   27  2  -42.831648    2.000000    0.000000
   29  2  -42.743047    2.000000    0.000000
   31  2  -42.662737    2.000000    0.000000
   33  2  -42.484636    2.000000    0.000000
   35  2  -42.379709    2.000000    0.000000
   37  4  -21.025829    4.000000    0.000000
   41  4  -20.852647    4.000000    0.000000
   45  4  -20.841179    4.000000    0.000000
   49  4  -20.600210    4.000000    0.000000
   53  4  -20.428387    4.000000    0.000000
   57  4  -20.414113    4.000000    0.000000
   61  2   -7.777746    2.000000    0.000000
   63  2   -7.745994    2.000000    0.000000
   65  2   -7.331253    2.000000    0.000000
   67  2   -7.311685    2.000000    0.000000
   69  2   -7.240115    2.000000    0.000000
   71  2   -7.228377    2.000000    0.000000
   73  2   -6.661170    2.000000    0.000000
   75  2   -6.649620    2.000000    0.000000
   77  2   -2.416277    2.000000    0.000000
   79  1   -2.379507    1.000000    0.000000
   80  1   -2.377867    1.000000    0.000000
   81  2   -2.292614    2.000000    0.000000
   83  1   -2.231588    1.000000    0.000000
   84  1   -2.225583    1.000000    0.000000
   85  1   -2.214906    1.000000    0.000000
   86  1   -2.209473    1.000000    0.000000
   87  2   -2.186115    2.000000    0.000000
   89  1   -2.156539    1.000000    0.000000
   90  1   -2.142216    1.000000    0.000000
   91  1   -2.138565    1.000000    0.000000
   92  1   -2.137120    1.000000    0.000000
   93  1   -2.100924    1.000000    0.000000
   94  1   -2.094722    1.000000    0.000000
   95  1   -2.050225    1.000000    0.000000
   96  1   -2.045542    1.000000    0.000000
   97  2   -2.033905    2.000000    0.000000
   99  1   -2.001826    1.000000    0.000000
  100  1   -1.993455    1.000000    0.000000
  101  1   -1.980557    1.000000    0.000000
  102  1   -1.978950    1.000000    0.000000
  103  1   -1.953477    1.000000    0.000000
  104  1   -1.945405    1.000000    0.000000
  105  2   -1.885576    2.000000    0.000000
  107  1   -0.677518    1.000000    0.000000
  108  1   -0.643994    1.000000    0.000000
  109  1   -0.413931    1.000000    0.000000
  110  1   -0.401765    1.000000    0.000000
  111  1   -0.323724    1.000000    0.000000
  112  1   -0.314125    1.000000    0.000000
  113  1   -0.185489    1.000000    0.000000
  114  1   -0.172921    1.000000    0.000000
  115  1    0.283045    1.000000    0.000000
  116  1    0.392170    1.000000    0.000000
  117  1    0.459456    1.000000    0.000000
  118  1    0.538503    1.000000    0.000000
  119  1    0.638546    1.000000    0.000000
  120  1    0.729985    1.000000    0.000000
  121  1    0.843236    1.000000    0.000000
  122  1    0.884686    1.000000    0.000000
  123  1    1.002415    1.000000    0.000000
  124  1    1.022588    1.000000    0.000000
  125  1    1.120840    1.000000    0.000000
  126  1    1.233369    1.000000    0.000000
  127  1    1.296836    1.000000    0.000000
  128  1    1.318369    1.000000    0.000000
  129  1    1.340138    1.000000    0.000000
  130  1    1.377464    1.000000    0.000000
  131  1    1.529985    1.000000    0.000000
  132  1    1.560753    1.000000    0.000000
  133  1    1.719088    1.000000    0.000000
  134  1    1.742609    1.000000    0.000000
  135  1    1.793555    1.000000    0.000000
  136  1    1.831795    1.000000    0.000000
  137  1    1.919250    1.000000    0.000000
  138  1    1.978682    1.000000    0.000000
  139  1    1.994247    1.000000    0.000000
  140  1    2.009917    1.000000    0.000000
  141  1    2.043519    1.000000    0.000000
  142  1    2.121059    1.000000    0.000000
  143  1    2.223427    1.000000    0.000000
  144  1    2.264666    1.000000    0.000000
  145  1    2.329984    1.000000    0.000000
  146  1    2.352204    1.000000    0.000000
  147  1    2.419950    1.000000    0.000000
  148  1    2.498806    1.000000    0.000000
  149  1    2.542354    1.000000    0.000000
  150  1    2.584657    1.000000    0.000000
  151  1    3.205291    1.000000    0.000000
  152  1    3.207095    1.000000    0.000000
  153  1    3.285120    1.000000    0.000000
  154  1    3.287009    1.000000    0.000000
  155  1    5.111846    1.000000    0.000000
  156  1    5.113664    1.000000    0.000000
  157  1    5.287863    1.000000    0.000000
  158  1    5.289120    1.000000    0.000000
  159  1    5.340597    1.000000    0.000000
  160  1    5.352718    1.000000    0.000000
  161  1    5.548271    1.000000    0.000000
  162  1    5.553701    1.000000    0.000000
  163  1    5.661428    1.000000    0.000000
  164  1    5.685076    1.000000    0.000000
  165  1    5.792561    1.000000    0.000000
  166  1    5.813731    1.000000    0.000000
  167  1    5.843798    1.000000    0.000000
  168  1    5.850884    1.000000    0.000000
  169  1    5.897323    1.000000    0.000000
  170  1    5.905944    1.000000    0.000000
  171  1    5.916002    1.000000    0.000000
  172  1    5.918480    1.000000    0.000000
  173  1    6.015005    1.000000    0.000000
  174  1    6.023872    1.000000    0.000000
  175  1    6.055519    1.000000    0.000000
  176  1    6.073461    1.000000    0.000000
  177  1    6.121098    1.000000    0.000000
  178  1    6.127232    1.000000    0.000000
  179  1    6.168853    1.000000    0.000000
  180  1    6.190845    1.000000    0.000000
  181  1    6.335490    1.000000    0.000000
  182  1    6.385917    1.000000    0.000000
  183  1    6.428537    1.000000    0.000000
  184  1    6.471399    1.000000    0.000000
  1
    1
    1  2  -48.427165    2.000000    0.000000
    3  2  -48.271017    2.000000    0.000000
    5  2  -48.110942    2.000000    0.000000
    7  2  -47.982647    2.000000    0.000000
    9  2  -47.842560    2.000000    0.000000
   11  2  -47.705024    2.000000    0.000000
   13  2  -47.526967    2.000000    0.000000
   15  2  -47.365894    2.000000    0.000000
   17  2  -47.207464    2.000000    0.000000
   19  2  -43.414138    2.000000    0.000000
   21  2  -43.239379    2.000000    0.000000
   23  2  -43.132853    2.000000    0.000000
   25  2  -42.995986    2.000000    0.000000
   27  2  -42.831659    2.000000    0.000000
   29  2  -42.743062    2.000000    0.000000
   31  2  -42.662861    2.000000    0.000000
   33  2  -42.484780    2.000000    0.000000
   35  2  -42.379867    2.000000    0.000000
   37  4  -21.026397    4.000000    0.000000
   41  4  -20.853497    4.000000    0.000000
   45  4  -20.841435    4.000000    0.000000
   49  4  -20.600827    4.000000    0.000000
   53  4  -20.429035    4.000000    0.000000
   57  4  -20.414853    4.000000    0.000000
   61  2   -7.498871    2.000000    0.000000
   63  2   -7.455294    2.000000    0.000000
   65  2   -7.154025    2.000000    0.000000
   67  2   -7.135841    2.000000    0.000000
   69  2   -7.058904    2.000000    0.000000
   71  2   -7.033158    2.000000    0.000000
   73  2   -6.546841    2.000000    0.000000
   75  2   -6.535560    2.000000    0.000000
   77  2   -2.358214    2.000000    0.000000
   79  2   -2.296960    2.000000    0.000000
   81  1   -2.270375    1.000000    0.000000
   82  1   -2.268172    1.000000    0.000000
   83  2   -2.208193    2.000000    0.000000
   85  1   -2.157754    1.000000    0.000000
   86  1   -2.153723    1.000000    0.000000
   87  1   -2.109221    1.000000    0.000000
   88  1   -2.104145    1.000000    0.000000
   89  1   -2.094430    1.000000    0.000000
   90  1   -2.092145    1.000000    0.000000
   91  1   -2.068251    1.000000    0.000000
   92  1   -2.061743    1.000000    0.000000
   93  1   -2.052331    1.000000    0.000000
   94  1   -2.050744    1.000000    0.000000
   95  1   -2.016382    1.000000    0.000000
   96  1   -2.012315    1.000000    0.000000
   97  2   -1.991621    2.000000    0.000000
   99  1   -1.957220    1.000000    0.000000
  100  1   -1.953988    1.000000    0.000000
  101  1   -1.921523    1.000000    0.000000
  102  1   -1.919161    1.000000    0.000000
  103  1   -1.880737    1.000000    0.000000
  104  1   -1.879663    1.000000    0.000000
  105  1   -1.794647    1.000000    0.000000
  106  1   -1.793556    1.000000    0.000000
  107  1   -0.977352    1.000000    0.000000
  108  1   -0.969488    1.000000    0.000000
  109  1   -0.895521    1.000000    0.000000
  110  1   -0.883412    1.000000    0.000000
  111  1   -0.760077    1.000000    0.000000
  112  1   -0.747928    1.000000    0.000000
  113  1   -0.480553    1.000000    0.000000
  114  1   -0.469591    1.000000    0.000000
  115  1   -0.381849    1.000000    0.000000
  116  1   -0.353326    1.000000    0.000000
  117  1   -0.226334    1.000000    0.000000
  118  1   -0.199478    1.000000    0.000000
  119  1    0.499010    1.000000    0.000000
  120  1    0.542193    1.000000    0.000000
  121  1    0.599324    1.000000    0.000000
  122  1    0.639167    1.000000    0.000000
  123  1    0.711318    1.000000    0.000000
  124  1    0.825135    1.000000    0.000000
  125  1    0.875411    1.000000    0.000000
  126  1    0.906010    1.000000    0.000000
  127  1    0.990049    1.000000    0.000000
  128  1    1.002280    1.000000    0.000000
  129  1    1.061501    1.000000    0.000000
  130  1    1.100010    1.000000    0.000000
  131  1    1.138863    1.000000    0.000000
  132  1    1.190373    1.000000    0.000000
  133  1    1.240254    1.000000    0.000000
  134  1    1.278929    1.000000    0.000000
  135  1    1.310512    1.000000    0.000000
  136  1    1.406052    1.000000    0.000000
  137  1    1.431195    1.000000    0.000000
  138  1    1.482886    1.000000    0.000000
  139  1    1.562034    1.000000    0.000000
  140  1    1.664338    1.000000    0.000000
  141  1    1.687038    1.000000    0.000000
  142  1    1.711716    1.000000    0.000000
  143  1    1.780693    1.000000    0.000000
  144  1    1.874451    1.000000    0.000000
  145  1    1.923275    1.000000    0.000000
  146  1    1.980185    1.000000    0.000000
  147  1    2.046246    1.000000    0.000000
  148  1    2.096954    1.000000    0.000000
  149  1    2.124025    1.000000    0.000000
  150  1    2.174278    1.000000    0.000000
  151  1    2.296143    1.000000    0.000000
  152  1    2.333721    1.000000    0.000000
  153  1    2.411965    1.000000    0.000000
  154  1    2.436454    1.000000    0.000000
  155  1    5.145587    1.000000    0.000000
  156  1    5.160302    1.000000    0.000000
  157  1    5.201541    1.000000    0.000000
  158  1    5.211730    1.000000    0.000000
  159  2    5.255300    2.000000    0.000000
  161  1    5.388383    1.000000    0.000000
  162  1    5.395752    1.000000    0.000000
  163  1    5.513393    1.000000    0.000000
  164  1    5.535899    1.000000    0.000000
  165  1    5.586635    1.000000    0.000000
  166  1    5.613342    1.000000    0.000000
  167  1    5.689469    1.000000    0.000000
  168  1    5.698603    1.000000    0.000000
  169  1    5.822485    1.000000    0.000000
  170  1    5.825823    1.000000    0.000000
  171  1    5.846645    1.000000    0.000000
  172  1    5.864660    1.000000    0.000000
  173  1    5.940539    1.000000    0.000000
  174  1    5.945248    1.000000    0.000000
  175  1    5.997024    1.000000    0.000000
  176  1    6.002145    1.000000    0.000000
  177  1    6.076353    1.000000    0.000000
  178  1    6.093211    1.000000    0.000000
  179  1    6.104939    1.000000    0.000000
  180  1    6.125903    1.000000    0.000000
  181  1    6.179780    1.000000    0.000000
  182  1    6.203171    1.000000    0.000000
  183  1    6.239396    1.000000    0.000000
  184  1    6.322410    1.000000    0.000000
  1
    1
    1  2  -48.427166    2.000000    0.000000
    3  2  -48.271017    2.000000    0.000000
    5  2  -48.110943    2.000000    0.000000
    7  2  -47.982647    2.000000    0.000000
    9  2  -47.842560    2.000000    0.000000
   11  2  -47.705024    2.000000    0.000000
   13  2  -47.526967    2.000000    0.000000
   15  2  -47.365895    2.000000    0.000000
   17  2  -47.207464    2.000000    0.000000
   19  2  -43.414139    2.000000    0.000000
   21  2  -43.239380    2.000000    0.000000
   23  2  -43.132854    2.000000    0.000000
   25  2  -42.995986    2.000000    0.000000
   27  2  -42.831658    2.000000    0.000000
   29  2  -42.743062    2.000000    0.000000
   31  2  -42.662861    2.000000    0.000000
   33  2  -42.484780    2.000000    0.000000
   35  2  -42.379868    2.000000    0.000000
   37  4  -21.026397    4.000000    0.000000
   41  4  -20.853497    4.000000    0.000000
   45  4  -20.841435    4.000000    0.000000
   49  4  -20.600828    4.000000    0.000000
   53  4  -20.429035    4.000000    0.000000
   57  4  -20.414853    4.000000    0.000000
   61  2   -7.498891    2.000000    0.000000
   63  2   -7.455249    2.000000    0.000000
   65  2   -7.154351    2.000000    0.000000
   67  2   -7.135515    2.000000    0.000000
   69  2   -7.058889    2.000000    0.000000
   71  2   -7.033114    2.000000    0.000000
   73  2   -6.546822    2.000000    0.000000
   75  2   -6.535433    2.000000    0.000000
   77  2   -2.357935    2.000000    0.000000
   79  2   -2.295931    2.000000    0.000000
   81  2   -2.269498    2.000000    0.000000
   83  2   -2.208842    2.000000    0.000000
   85  2   -2.155701    2.000000    0.000000
   87  2   -2.103360    2.000000    0.000000
   89  2   -2.094349    2.000000    0.000000
   91  2   -2.063850    2.000000    0.000000
   93  2   -2.052832    2.000000    0.000000
   95  2   -2.015545    2.000000    0.000000
   97  2   -1.990324    2.000000    0.000000
   99  2   -1.957888    2.000000    0.000000
  101  2   -1.919814    2.000000    0.000000
  103  2   -1.880242    2.000000    0.000000
  105  2   -1.793828    2.000000    0.000000
  107  2   -0.984083    2.000000    0.000000
  109  2   -0.916260    2.000000    0.000000
  111  2   -0.750977    2.000000    0.000000
  113  2   -0.440901    2.000000    0.000000
  115  2   -0.303741    2.000000    0.000000
  117  2   -0.191514    2.000000    0.000000
  119  2    0.404333    2.000000    0.000000
  121  2    0.579460    2.000000    0.000000
  123  2    0.710125    2.000000    0.000000
  125  2    0.879123    2.000000    0.000000
  127  2    0.954422    2.000000    0.000000
  129  2    1.157057    2.000000    0.000000
  131  2    1.210212    2.000000    0.000000
  133  2    1.320844    2.000000    0.000000
  135  2    1.376753    2.000000    0.000000
  137  2    1.473327    2.000000    0.000000
  139  2    1.612712    2.000000    0.000000
  141  2    1.700107    2.000000    0.000000
  143  2    1.787264    2.000000    0.000000
  145  2    1.953244    2.000000    0.000000
  147  2    1.997318    2.000000    0.000000
  149  2    2.192947    2.000000    0.000000
  151  2    2.282991    2.000000    0.000000
  153  2    2.542898    2.000000    0.000000
  155  2    5.071260    2.000000    0.000000
  157  2    5.114200    2.000000    0.000000
  159  2    5.296538    2.000000    0.000000
  161  2    5.395837    2.000000    0.000000
  163  2    5.544544    2.000000    0.000000
  165  2    5.579269    2.000000    0.000000
  167  2    5.714011    2.000000    0.000000
  169  2    5.784781    2.000000    0.000000
  171  2    5.871061    2.000000    0.000000
  173  1    5.946049    1.000000    0.000000
  174  1    5.948383    1.000000    0.000000
  175  1    6.022622    1.000000    0.000000
  176  1    6.026980    1.000000    0.000000
  177  1    6.039978    1.000000    0.000000
  178  1    6.041626    1.000000    0.000000
  179  1    6.086347    1.000000    0.000000
  180  1    6.091330    1.000000    0.000000
  181  1    6.108220    1.000000    0.000000
  182  1    6.137830    1.000000    0.000000
  183  1    6.154055    1.000000    0.000000
  184  1    6.175100    1.000000    0.000000
  1
    1
    1  2  -48.427166    2.000000    0.000000
    3  2  -48.271017    2.000000    0.000000
    5  2  -48.110943    2.000000    0.000000
    7  2  -47.982647    2.000000    0.000000
    9  2  -47.842560    2.000000    0.000000
   11  2  -47.705024    2.000000    0.000000
   13  2  -47.526967    2.000000    0.000000
   15  2  -47.365895    2.000000    0.000000
   17  2  -47.207464    2.000000    0.000000
   19  2  -43.414139    2.000000    0.000000
   21  2  -43.239380    2.000000    0.000000
   23  2  -43.132853    2.000000    0.000000
   25  2  -42.995987    2.000000    0.000000
   27  2  -42.831659    2.000000    0.000000
   29  2  -42.743062    2.000000    0.000000
   31  2  -42.662861    2.000000    0.000000
   33  2  -42.484780    2.000000    0.000000
   35  2  -42.379867    2.000000    0.000000
   37  4  -21.026397    4.000000    0.000000
   41  4  -20.853497    4.000000    0.000000
   45  4  -20.841435    4.000000    0.000000
   49  4  -20.600828    4.000000    0.000000
   53  4  -20.429035    4.000000    0.000000
   57  4  -20.414853    4.000000    0.000000
   61  2   -7.498890    2.000000    0.000000
   63  2   -7.455249    2.000000    0.000000
   65  2   -7.154337    2.000000    0.000000
   67  2   -7.135503    2.000000    0.000000
   69  2   -7.058904    2.000000    0.000000
   71  2   -7.033126    2.000000    0.000000
   73  2   -6.546823    2.000000    0.000000
   75  2   -6.535435    2.000000    0.000000
   77  2   -2.358004    2.000000    0.000000
   79  2   -2.296110    2.000000    0.000000
   81  2   -2.269701    2.000000    0.000000
   83  2   -2.208105    2.000000    0.000000
   85  2   -2.155916    2.000000    0.000000
   87  2   -2.105372    2.000000    0.000000
   89  2   -2.091639    2.000000    0.000000
   91  2   -2.066276    2.000000    0.000000
   93  2   -2.051810    2.000000    0.000000
   95  2   -2.014327    2.000000    0.000000
   97  2   -1.990263    2.000000    0.000000
   99  2   -1.958318    2.000000    0.000000
  101  2   -1.920032    2.000000    0.000000
  103  2   -1.879931    2.000000    0.000000
  105  2   -1.794147    2.000000    0.000000
  107  2   -0.983426    2.000000    0.000000
  109  2   -0.916695    2.000000    0.000000
  111  2   -0.751322    2.000000    0.000000
  113  2   -0.440084    2.000000    0.000000
  115  2   -0.303882    2.000000    0.000000
  117  2   -0.192366    2.000000    0.000000
  119  2    0.404667    2.000000    0.000000
  121  2    0.580321    2.000000    0.000000
  123  2    0.711739    2.000000    0.000000
  125  2    0.872884    2.000000    0.000000
  127  2    0.956345    2.000000    0.000000
  129  2    1.161312    2.000000    0.000000
  131  2    1.202633    2.000000    0.000000
  133  2    1.334539    2.000000    0.000000
  135  2    1.375489    2.000000    0.000000
  137  2    1.466285    2.000000    0.000000
  139  2    1.609010    2.000000    0.000000
  141  2    1.698222    2.000000    0.000000
  143  2    1.795893    2.000000    0.000000
  145  2    1.950108    2.000000    0.000000
  147  2    1.997481    2.000000    0.000000
  149  2    2.192140    2.000000    0.000000
  151  2    2.283184    2.000000    0.000000
  153  2    2.543106    2.000000    0.000000
  155  2    5.071225    2.000000    0.000000
  157  2    5.114313    2.000000    0.000000
  159  2    5.296552    2.000000    0.000000
  161  2    5.395662    2.000000    0.000000
  163  2    5.544064    2.000000    0.000000
  165  2    5.578881    2.000000    0.000000
  167  2    5.714210    2.000000    0.000000
  169  2    5.784431    2.000000    0.000000
  171  1    5.870987    1.000000    0.000000
  172  1    5.873229    1.000000    0.000000
  173  1    5.947953    1.000000    0.000000
  174  1    5.949171    1.000000    0.000000
  175  1    6.023671    1.000000    0.000000
  176  1    6.028342    1.000000    0.000000
  177  1    6.040466    1.000000    0.000000
  178  1    6.044527    1.000000    0.000000
  179  1    6.082188    1.000000    0.000000
  180  1    6.092475    1.000000    0.000000
  181  1    6.111989    1.000000    0.000000
  182  1    6.129293    1.000000    0.000000
  183  1    6.152753    1.000000    0.000000
  184  1    6.174599    1.000000    0.000000
  1
    1
    1  2  -48.427091    2.000000    0.000000
    3  2  -48.270947    2.000000    0.000000
    5  2  -48.110865    2.000000    0.000000
    7  2  -47.982640    2.000000    0.000000
    9  2  -47.842552    2.000000    0.000000
   11  2  -47.705014    2.000000    0.000000
   13  2  -47.526890    2.000000    0.000000
   15  2  -47.365807    2.000000    0.000000
   17  2  -47.207367    2.000000    0.000000
   19  2  -43.414022    2.000000    0.000000
   21  2  -43.239268    2.000000    0.000000
   23  2  -43.132733    2.000000    0.000000
   25  2  -42.995974    2.000000    0.000000
   27  2  -42.831649    2.000000    0.000000
   29  2  -42.743048    2.000000    0.000000
   31  2  -42.662739    2.000000    0.000000
   33  2  -42.484637    2.000000    0.000000
   35  2  -42.379710    2.000000    0.000000
   37  4  -21.025830    4.000000    0.000000
   41  4  -20.852648    4.000000    0.000000
   45  4  -20.841179    4.000000    0.000000
   49  4  -20.600210    4.000000    0.000000
   53  4  -20.428387    4.000000    0.000000
   57  4  -20.414113    4.000000    0.000000
   61  2   -7.783428    2.000000    0.000000
   63  2   -7.736485    2.000000    0.000000
   65  2   -7.348564    2.000000    0.000000
   67  2   -7.319496    2.000000    0.000000
   69  2   -7.248361    2.000000    0.000000
   71  2   -7.194493    2.000000    0.000000
   73  2   -6.671351    2.000000    0.000000
   75  2   -6.642870    2.000000    0.000000
   77  2   -2.416386    2.000000    0.000000
   79  2   -2.379718    2.000000    0.000000
   81  2   -2.293954    2.000000    0.000000
   83  2   -2.229437    2.000000    0.000000
   85  2   -2.211692    2.000000    0.000000
   87  2   -2.186034    2.000000    0.000000
   89  2   -2.141198    2.000000    0.000000
   91  2   -2.138264    2.000000    0.000000
   93  2   -2.095131    2.000000    0.000000
   95  2   -2.044619    2.000000    0.000000
   97  2   -2.029587    2.000000    0.000000
   99  2   -2.002300    2.000000    0.000000
  101  2   -1.978656    2.000000    0.000000
  103  2   -1.957927    2.000000    0.000000
  105  2   -1.885531    2.000000    0.000000
  107  2   -0.752211    2.000000    0.000000
  109  2   -0.441917    2.000000    0.000000
  111  2   -0.271172    2.000000    0.000000
  113  2    0.014604    2.000000    0.000000
  115  2    0.320931    2.000000    0.000000
  117  2    0.459125    2.000000    0.000000
  119  2    0.714550    2.000000    0.000000
  121  2    0.901557    2.000000    0.000000
  123  2    0.974568    2.000000    0.000000
  125  2    1.133892    2.000000    0.000000
  127  2    1.249958    2.000000    0.000000
  129  2    1.414704    2.000000    0.000000
  131  2    1.474501    2.000000    0.000000
  133  2    1.557985    2.000000    0.000000
  135  2    1.805182    2.000000    0.000000
  137  2    1.860902    2.000000    0.000000
  139  2    2.057035    2.000000    0.000000
  141  2    2.122746    2.000000    0.000000
  143  2    2.276566    2.000000    0.000000
  145  2    2.359432    2.000000    0.000000
  147  2    2.540640    2.000000    0.000000
  149  2    2.682633    2.000000    0.000000
  151  2    3.199184    2.000000    0.000000
  153  2    3.311393    2.000000    0.000000
  155  2    5.039191    2.000000    0.000000
  157  2    5.238631    2.000000    0.000000
  159  2    5.492241    2.000000    0.000000
  161  2    5.588641    2.000000    0.000000
  163  2    5.688930    2.000000    0.000000
  165  2    5.720262    2.000000    0.000000
  167  2    5.839267    2.000000    0.000000
  169  2    5.896464    2.000000    0.000000
  171  2    5.915063    2.000000    0.000000
  173  1    5.988866    1.000000    0.000000
  174  1    5.990300    1.000000    0.000000
  175  1    6.036502    1.000000    0.000000
  176  1    6.039473    1.000000    0.000000
  177  1    6.113969    1.000000    0.000000
  178  1    6.115736    1.000000    0.000000
  179  1    6.127933    1.000000    0.000000
  180  1    6.141677    1.000000    0.000000
  181  1    6.272601    1.000000    0.000000
  182  1    6.325985    1.000000    0.000000
  183  1    6.365407    1.000000    0.000000
  184  1    6.450678    1.000000    0.000000
  1
    1
    1  2  -48.427095    2.000000    0.000000
    3  2  -48.270951    2.000000    0.000000
    5  2  -48.110869    2.000000    0.000000
    7  2  -47.982644    2.000000    0.000000
    9  2  -47.842557    2.000000    0.000000
   11  2  -47.705019    2.000000    0.000000
   13  2  -47.526892    2.000000    0.000000
   15  2  -47.365810    2.000000    0.000000
   17  2  -47.207370    2.000000    0.000000
   19  2  -43.414029    2.000000    0.000000
   21  2  -43.239275    2.000000    0.000000
   23  2  -43.132738    2.000000    0.000000
   25  2  -42.995982    2.000000    0.000000
   27  2  -42.831657    2.000000    0.000000
   29  2  -42.743055    2.000000    0.000000
   31  2  -42.662744    2.000000    0.000000
   33  2  -42.484642    2.000000    0.000000
   35  2  -42.379715    2.000000    0.000000
   37  4  -21.025832    4.000000    0.000000
   41  4  -20.852650    4.000000    0.000000
   45  4  -20.841182    4.000000    0.000000
   49  4  -20.600213    4.000000    0.000000
   53  4  -20.428389    4.000000    0.000000
   57  4  -20.414115    4.000000    0.000000
   61  2   -7.808979    2.000000    0.000000
   63  2   -7.781795    2.000000    0.000000
   65  2   -7.332701    2.000000    0.000000
   67  2   -7.322046    2.000000    0.000000
   69  2   -7.196009    2.000000    0.000000
   71  2   -7.172665    2.000000    0.000000
   73  2   -6.655262    2.000000    0.000000
   75  2   -6.643831    2.000000    0.000000
   77  2   -2.418023    2.000000    0.000000
   79  1   -2.383500    1.000000    0.000000
   80  1   -2.381862    1.000000    0.000000
   81  1   -2.278026    1.000000    0.000000
   82  1   -2.276658    1.000000    0.000000
   83  1   -2.225630    1.000000    0.000000
   84  1   -2.221262    1.000000    0.000000
   85  1   -2.208448    1.000000    0.000000
   86  1   -2.206347    1.000000    0.000000
   87  2   -2.185176    2.000000    0.000000
   89  1   -2.160810    1.000000    0.000000
   90  1   -2.149756    1.000000    0.000000
   91  1   -2.137003    1.000000    0.000000
   92  1   -2.132673    1.000000    0.000000
   93  1   -2.076962    1.000000    0.000000
   94  1   -2.074596    1.000000    0.000000
   95  1   -2.065348    1.000000    0.000000
   96  1   -2.055692    1.000000    0.000000
   97  1   -2.031624    1.000000    0.000000
   98  1   -2.028257    1.000000    0.000000
   99  1   -1.981449    1.000000    0.000000
  100  1   -1.978395    1.000000    0.000000
  101  1   -1.974871    1.000000    0.000000
  102  1   -1.973089    1.000000    0.000000
  103  1   -1.954150    1.000000    0.000000
  104  1   -1.946792    1.000000    0.000000
  105  2   -1.885310    2.000000    0.000000
  107  1   -0.814733    1.000000    0.000000
  108  1   -0.798200    1.000000    0.000000
  109  1   -0.695799    1.000000    0.000000
  110  1   -0.675245    1.000000    0.000000
  111  1   -0.566267    1.000000    0.000000
  112  1   -0.564649    1.000000    0.000000
  113  1   -0.358657    1.000000    0.000000
  114  1   -0.330261    1.000000    0.000000
  115  1    0.097599    1.000000    0.000000
  116  1    0.226036    1.000000    0.000000
  117  1    0.294944    1.000000    0.000000
  118  1    0.337335    1.000000    0.000000
  119  1    0.996296    1.000000    0.000000
  120  1    1.056006    1.000000    0.000000
  121  1    1.068379    1.000000    0.000000
  122  1    1.148571    1.000000    0.000000
  123  1    1.172686    1.000000    0.000000
  124  1    1.258811    1.000000    0.000000
  125  1    1.285205    1.000000    0.000000
  126  1    1.288418    1.000000    0.000000
  127  1    1.420909    1.000000    0.000000
  128  1    1.439405    1.000000    0.000000
  129  1    1.615032    1.000000    0.000000
  130  1    1.656944    1.000000    0.000000
  131  1    1.664682    1.000000    0.000000
  132  1    1.699160    1.000000    0.000000
  133  1    1.734028    1.000000    0.000000
  134  1    1.774676    1.000000    0.000000
  135  1    1.791802    1.000000    0.000000
  136  1    1.882314    1.000000    0.000000
  137  1    1.947193    1.000000    0.000000
  138  1    2.036391    1.000000    0.000000
  139  1    2.069695    1.000000    0.000000
  140  1    2.097410    1.000000    0.000000
  141  1    2.165431    1.000000    0.000000
  142  1    2.204654    1.000000    0.000000
  143  1    2.311746    1.000000    0.000000
  144  1    2.317951    1.000000    0.000000
  145  1    2.380446    1.000000    0.000000
  146  1    2.437168    1.000000    0.000000
  147  1    2.465380    1.000000    0.000000
  148  1    2.575869    1.000000    0.000000
  149  1    2.595221    1.000000    0.000000
  150  1    2.662234    1.000000    0.000000
  151  1    3.215862    1.000000    0.000000
  152  1    3.226014    1.000000    0.000000
  153  1    3.294675    1.000000    0.000000
  154  1    3.297102    1.000000    0.000000
  155  1    4.918580    1.000000    0.000000
  156  1    4.926583    1.000000    0.000000
  157  1    5.049867    1.000000    0.000000
  158  1    5.053549    1.000000    0.000000
  159  1    5.321597    1.000000    0.000000
  160  1    5.342979    1.000000    0.000000
  161  1    5.425870    1.000000    0.000000
  162  1    5.429854    1.000000    0.000000
  163  1    5.508995    1.000000    0.000000
  164  1    5.518106    1.000000    0.000000
  165  1    5.533616    1.000000    0.000000
  166  1    5.540640    1.000000    0.000000
  167  1    5.666536    1.000000    0.000000
  168  1    5.678818    1.000000    0.000000
  169  1    5.836955    1.000000    0.000000
  170  1    5.848452    1.000000    0.000000
  171  1    5.876975    1.000000    0.000000
  172  1    5.883649    1.000000    0.000000
  173  1    5.960407    1.000000    0.000000
  174  1    5.977837    1.000000    0.000000
  175  1    6.035945    1.000000    0.000000
  176  1    6.043450    1.000000    0.000000
  177  1    6.049950    1.000000    0.000000
  178  1    6.074157    1.000000    0.000000
  179  1    6.079790    1.000000    0.000000
  180  1    6.086784    1.000000    0.000000
  181  1    6.341426    1.000000    0.000000
  182  1    6.368321    1.000000    0.000000
  183  1    6.495203    1.000000    0.000000
  184  1    6.535696    1.000000    0.000000
