  104  136
  1
  2
  1  0  0  0  1  0  0  0  1    0.000000    0.000000    0.000000    1.000000    0.000000    0.000000    0.000000    0.000000    0.000000    1.000000    0.000000  1
  0  1  0  1  0  0  0  0  1    0.000000    0.000000    0.000000    0.000000    0.000000    0.000000   -1.000000    0.000000   -1.000000    0.000000    0.000000 -1
  8
    0.000000    0.000000    0.000000
    0.000000    0.000000    0.500000
    0.000000    0.500000    0.500000
    0.500000    0.000000    0.500000
    0.500000    0.500000    0.500000
    0.000000    0.500000    0.000000
    0.500000    0.000000    0.000000
    0.500000    0.500000    0.000000
  1
    1
    1  1  -40.386187    1.000000    0.000000
    2  1  -40.384447    1.000000    0.000000
    3  1  -40.378142    1.000000    0.000000
    4  1  -40.373749    1.000000    0.000000
    5  1  -40.071335    1.000000    0.000000
    6  1  -40.056371    1.000000    0.000000
    7  2  -40.047368    2.000000    0.000000
    9  1  -39.639984    1.000000    0.000000
   10  1  -39.637547    1.000000    0.000000
   11  1  -39.630633    1.000000    0.000000
   12  1  -39.626528    1.000000    0.000000
   13  1  -37.806967    1.000000    0.000000
   14  1  -37.805531    1.000000    0.000000
   15  1  -37.521190    1.000000    0.000000
   16  1  -37.519881    1.000000    0.000000
   17  1  -37.518482    1.000000    0.000000
   18  1  -37.516805    1.000000    0.000000
   19  1  -37.153326    1.000000    0.000000
   20  1  -37.147029    1.000000    0.000000
   21  1  -37.132762    1.000000    0.000000
   22  1  -37.125492    1.000000    0.000000
   23  1  -36.848220    1.000000    0.000000
   24  1  -36.828092    1.000000    0.000000
   25  1  -36.790725    1.000000    0.000000
   26  1  -36.788384    1.000000    0.000000
   27  1  -36.553619    1.000000    0.000000
   28  1  -36.546455    1.000000    0.000000
   29  1  -36.532731    1.000000    0.000000
   30  1  -36.525170    1.000000    0.000000
   31  1   -9.460679    1.000000    0.000000
   32  1   -9.287742    1.000000    0.000000
   33  1   -8.112989    1.000000    0.000000
   34  2   -7.945932    2.000000    0.000000
   36  1   -7.941802    1.000000    0.000000
   37  1   -7.812787    1.000000    0.000000
   38  2   -7.702065    2.000000    0.000000
   40  1   -7.699735    1.000000    0.000000
   41  2   -7.665555    2.000000    0.000000
   43  1   -7.656461    1.000000    0.000000
   44  2   -7.348295    2.000000    0.000000
   46  1   -7.337336    1.000000    0.000000
   47  1   -1.711723    1.000000    0.000000
   48  1   -1.352175    1.000000    0.000000
   49  1   -1.149646    1.000000    0.000000
   50  1   -1.148042    1.000000    0.000000
   51  1   -1.145874    1.000000    0.000000
   52  1   -0.795296    1.000000    0.000000
   53  2   -0.793939    2.000000    0.000000
   55  2   -0.032034    2.000000    0.000000
   57  1   -0.025660    1.000000    0.000000
   58  2    0.039536    2.000000    0.000000
   60  1    0.073709    1.000000    0.000000
   61  2    0.583410    2.000000    0.000000
   63  1    1.246716    1.000000    0.000000
   64  1    1.259797    1.000000    0.000000
   65  1    1.268950    1.000000    0.000000
   66  1    1.284105    1.000000    0.000000
   67  1    1.289788    1.000000    0.000000
   68  1    1.298045    1.000000    0.000000
   69  2    1.770596    2.000000    0.000000
   71  1    1.953630    1.000000    0.000000
   72  1    1.957006    1.000000    0.000000
   73  1    1.974396    1.000000    0.000000
   74  1    1.982474    1.000000    0.000000
   75  1    1.988252    1.000000    0.000000
   76  1    2.082762    1.000000    0.000000
   77  1    2.098546    1.000000    0.000000
   78  1    2.104678    1.000000    0.000000
   79  1    2.184340    1.000000    0.000000
   80  1    2.198295    1.000000    0.000000
   81  1    2.215196    1.000000    0.000000
   82  1    2.276561    1.000000    0.000000
   83  1    2.282970    1.000000    0.000000
   84  1    2.291362    1.000000    0.000000
   85  1    2.414129    1.000000    0.000000
   86  1    2.458096    1.000000    0.000000
   87  1    2.469371    1.000000    0.000000
   88  1    2.492350    1.000000    0.000000
   89  1    2.508638    1.000000    0.000000
   90  1    2.532452    1.000000    0.000000
   91  1    2.571640    1.000000    0.000000
   92  1    2.574521    1.000000    0.000000
   93  1    2.582020    1.000000    0.000000
   94  1    2.593393    1.000000    0.000000
   95  1    2.778633    1.000000    0.000000
   96  1    2.785891    1.000000    0.000000
   97  1    2.801556    1.000000    0.000000
   98  1    2.820595    1.000000    0.000000
   99  1    2.835663    1.000000    0.000000
  100  1    2.845047    1.000000    0.000000
  101  1    3.774624    1.000000    0.000000
  102  1    3.815101    1.000000    0.000000
  103  1    3.851661    1.000000    0.000000
  104  1    4.123549    1.000000    0.000000
  105  1    4.168167    1.000000    0.000000
  106  1    4.191626    1.000000    0.000000
  107  2    5.992295    2.000000    0.000000
  109  1    6.206608    1.000000    0.000000
  110  2    6.671021    2.000000    0.000000
  112  1    6.722857    1.000000    0.000000
  113  1    6.727853    1.000000    0.000000
  114  2    6.732064    2.000000    0.000000
  116  1    6.734058    1.000000    0.000000
  117  1    6.737049    1.000000    0.000000
  118  1    7.087095    1.000000    0.000000
  119  1    7.096565    1.000000    0.000000
  120  1    7.102929    1.000000    0.000000
  121  1    7.655051    1.000000    0.000000
  122  1    7.664134    1.000000    0.000000
  123  1    7.674769    1.000000    0.000000
  124  1    7.741988    1.000000    0.000000
  125  1    7.758101    1.000000    0.000000
  126  1    7.768456    1.000000    0.000000
  127  2    8.203939    2.000000    0.000000
  129  1    8.591028    1.000000    0.000000
  130  1    8.605276    1.000000    0.000000
  131  1    8.617849    1.000000    0.000000
  132  1    8.643064    1.000000    0.000000
  133  1    8.649829    1.000000    0.000000
  134  1    8.671637    1.000000    0.000000
  135  1    8.699416    1.000000    0.000000
  136  1    8.709696    1.000000    0.000000
  1
    1
    1  1  -40.386129    1.000000    0.000000
    2  1  -40.383763    1.000000    0.000000
    3  1  -40.377191    1.000000    0.000000
    4  1  -40.375365    1.000000    0.000000
    5  1  -40.067353    1.000000    0.000000
    6  1  -40.059715    1.000000    0.000000
    7  1  -40.048056    1.000000    0.000000
    8  1  -40.046616    1.000000    0.000000
    9  1  -39.640017    1.000000    0.000000
   10  1  -39.636718    1.000000    0.000000
   11  1  -39.629888    1.000000    0.000000
   12  1  -39.628194    1.000000    0.000000
   13  1  -37.806992    1.000000    0.000000
   14  1  -37.805555    1.000000    0.000000
   15  1  -37.521220    1.000000    0.000000
   16  1  -37.519902    1.000000    0.000000
   17  1  -37.518507    1.000000    0.000000
   18  1  -37.516831    1.000000    0.000000
   19  1  -37.153216    1.000000    0.000000
   20  1  -37.146215    1.000000    0.000000
   21  1  -37.132657    1.000000    0.000000
   22  1  -37.126374    1.000000    0.000000
   23  1  -36.843137    1.000000    0.000000
   24  1  -36.833045    1.000000    0.000000
   25  1  -36.790922    1.000000    0.000000
   26  1  -36.788398    1.000000    0.000000
   27  1  -36.553671    1.000000    0.000000
   28  1  -36.545895    1.000000    0.000000
   29  1  -36.532750    1.000000    0.000000
   30  1  -36.525927    1.000000    0.000000
   31  1   -9.113719    1.000000    0.000000
   32  1   -8.937157    1.000000    0.000000
   33  1   -8.567964    1.000000    0.000000
   34  1   -8.317982    1.000000    0.000000
   35  1   -7.989470    1.000000    0.000000
   36  1   -7.950241    1.000000    0.000000
   37  1   -7.947709    1.000000    0.000000
   38  1   -7.719040    1.000000    0.000000
   39  1   -7.717241    1.000000    0.000000
   40  1   -7.713776    1.000000    0.000000
   41  1   -7.699551    1.000000    0.000000
   42  1   -7.678583    1.000000    0.000000
   43  1   -7.668953    1.000000    0.000000
   44  1   -7.393121    1.000000    0.000000
   45  1   -7.347811    1.000000    0.000000
   46  1   -7.337553    1.000000    0.000000
   47  1   -1.086215    1.000000    0.000000
   48  1   -0.749143    1.000000    0.000000
   49  2   -0.619427    2.000000    0.000000
   51  1   -0.272879    1.000000    0.000000
   52  1   -0.271417    1.000000    0.000000
   53  1   -0.201651    1.000000    0.000000
   54  1   -0.020687    1.000000    0.000000
   55  1   -0.016116    1.000000    0.000000
   56  1    0.020224    1.000000    0.000000
   57  1    0.209630    1.000000    0.000000
   58  1    0.215048    1.000000    0.000000
   59  1    0.305661    1.000000    0.000000
   60  1    0.388559    1.000000    0.000000
   61  1    0.391313    1.000000    0.000000
   62  1    0.550980    1.000000    0.000000
   63  1    0.764892    1.000000    0.000000
   64  1    1.080078    1.000000    0.000000
   65  1    1.104930    1.000000    0.000000
   66  1    1.111709    1.000000    0.000000
   67  1    1.119466    1.000000    0.000000
   68  1    1.127291    1.000000    0.000000
   69  1    1.179950    1.000000    0.000000
   70  1    1.316278    1.000000    0.000000
   71  1    1.326110    1.000000    0.000000
   72  1    1.333918    1.000000    0.000000
   73  1    1.560470    1.000000    0.000000
   74  1    1.564929    1.000000    0.000000
   75  1    1.576253    1.000000    0.000000
   76  1    1.632620    1.000000    0.000000
   77  1    1.636404    1.000000    0.000000
   78  1    1.844218    1.000000    0.000000
   79  1    1.859429    1.000000    0.000000
   80  1    1.879724    1.000000    0.000000
   81  1    1.967781    1.000000    0.000000
   82  1    2.006549    1.000000    0.000000
   83  1    2.017739    1.000000    0.000000
   84  1    2.153020    1.000000    0.000000
   85  1    2.183523    1.000000    0.000000
   86  1    2.194160    1.000000    0.000000
   87  1    2.223095    1.000000    0.000000
   88  1    2.234444    1.000000    0.000000
   89  1    2.305580    1.000000    0.000000
   90  1    2.450095    1.000000    0.000000
   91  1    2.487415    1.000000    0.000000
   92  1    2.727871    1.000000    0.000000
   93  1    2.790147    1.000000    0.000000
   94  1    2.895362    1.000000    0.000000
   95  1    2.912062    1.000000    0.000000
   96  1    2.934784    1.000000    0.000000
   97  1    2.959114    1.000000    0.000000
   98  1    2.984912    1.000000    0.000000
   99  1    3.074800    1.000000    0.000000
  100  1    3.250924    1.000000    0.000000
  101  1    3.466306    1.000000    0.000000
  102  1    3.485005    1.000000    0.000000
  103  1    3.509833    1.000000    0.000000
  104  1    3.558029    1.000000    0.000000
  105  1    3.904645    1.000000    0.000000
  106  1    3.956357    1.000000    0.000000
  107  1    5.837347    1.000000    0.000000
  108  1    5.849939    1.000000    0.000000
  109  1    6.176692    1.000000    0.000000
  110  1    6.285738    1.000000    0.000000
  111  1    6.365558    1.000000    0.000000
  112  1    6.370872    1.000000    0.000000
  113  2    6.604455    2.000000    0.000000
  115  1    6.625395    1.000000    0.000000
  116  1    6.646509    1.000000    0.000000
  117  1    6.857987    1.000000    0.000000
  118  1    7.161300    1.000000    0.000000
  119  1    7.264892    1.000000    0.000000
  120  1    7.289986    1.000000    0.000000
  121  1    7.500298    1.000000    0.000000
  122  1    7.554829    1.000000    0.000000
  123  1    7.562023    1.000000    0.000000
  124  1    7.628034    1.000000    0.000000
  125  1    7.641507    1.000000    0.000000
  126  1    7.697186    1.000000    0.000000
  127  1    7.835100    1.000000    0.000000
  128  1    7.855159    1.000000    0.000000
  129  1    8.195893    1.000000    0.000000
  130  1    8.208614    1.000000    0.000000
  131  1    8.223852    1.000000    0.000000
  132  1    8.379239    1.000000    0.000000
  133  1    8.399899    1.000000    0.000000
  134  1    8.413173    1.000000    0.000000
  135  1    9.257695    1.000000    0.000000
  136  1    9.798472    1.000000    0.000000
  1
    1
    1  2  -40.384587    2.000000    0.000000
    3  1  -40.378872    1.000000    0.000000
    4  1  -40.375143    1.000000    0.000000
    5  1  -40.067303    1.000000    0.000000
    6  1  -40.059778    1.000000    0.000000
    7  2  -40.047548    2.000000    0.000000
    9  1  -39.638182    1.000000    0.000000
   10  1  -39.637175    1.000000    0.000000
   11  1  -39.631637    1.000000    0.000000
   12  1  -39.627866    1.000000    0.000000
   13  1  -37.806978    1.000000    0.000000
   14  1  -37.805542    1.000000    0.000000
   15  1  -37.521203    1.000000    0.000000
   16  1  -37.519892    1.000000    0.000000
   17  1  -37.518493    1.000000    0.000000
   18  1  -37.516817    1.000000    0.000000
   19  1  -37.150638    1.000000    0.000000
   20  1  -37.148158    1.000000    0.000000
   21  1  -37.133575    1.000000    0.000000
   22  1  -37.126033    1.000000    0.000000
   23  1  -36.843115    1.000000    0.000000
   24  1  -36.833080    1.000000    0.000000
   25  2  -36.790143    2.000000    0.000000
   27  1  -36.551076    1.000000    0.000000
   28  1  -36.548185    1.000000    0.000000
   29  1  -36.533455    1.000000    0.000000
   30  1  -36.525622    1.000000    0.000000
   31  1   -8.943940    1.000000    0.000000
   32  1   -8.768611    1.000000    0.000000
   33  1   -8.622748    1.000000    0.000000
   34  1   -8.381237    1.000000    0.000000
   35  1   -8.050100    1.000000    0.000000
   36  1   -8.034776    1.000000    0.000000
   37  1   -8.030689    1.000000    0.000000
   38  1   -7.824215    1.000000    0.000000
   39  1   -7.791019    1.000000    0.000000
   40  1   -7.785987    1.000000    0.000000
   41  1   -7.782741    1.000000    0.000000
   42  1   -7.595440    1.000000    0.000000
   43  1   -7.590914    1.000000    0.000000
   44  1   -7.494480    1.000000    0.000000
   45  1   -7.285580    1.000000    0.000000
   46  1   -7.280158    1.000000    0.000000
   47  1   -0.706955    1.000000    0.000000
   48  1   -0.492382    1.000000    0.000000
   49  1   -0.318334    1.000000    0.000000
   50  1   -0.147617    1.000000    0.000000
   51  1   -0.119312    1.000000    0.000000
   52  1   -0.113780    1.000000    0.000000
   53  1   -0.077699    1.000000    0.000000
   54  1    0.004218    1.000000    0.000000
   55  1    0.164115    1.000000    0.000000
   56  1    0.169811    1.000000    0.000000
   57  1    0.306173    1.000000    0.000000
   58  1    0.481272    1.000000    0.000000
   59  1    0.486303    1.000000    0.000000
   60  1    0.492947    1.000000    0.000000
   61  1    0.506266    1.000000    0.000000
   62  1    0.604954    1.000000    0.000000
   63  1    0.705547    1.000000    0.000000
   64  1    0.707734    1.000000    0.000000
   65  1    0.804724    1.000000    0.000000
   66  1    0.870159    1.000000    0.000000
   67  1    0.979087    1.000000    0.000000
   68  1    1.077220    1.000000    0.000000
   69  1    1.090759    1.000000    0.000000
   70  1    1.096853    1.000000    0.000000
   71  1    1.214499    1.000000    0.000000
   72  1    1.216241    1.000000    0.000000
   73  1    1.426415    1.000000    0.000000
   74  1    1.438800    1.000000    0.000000
   75  1    1.467832    1.000000    0.000000
   76  1    1.604125    1.000000    0.000000
   77  1    1.613480    1.000000    0.000000
   78  1    1.635228    1.000000    0.000000
   79  1    1.641261    1.000000    0.000000
   80  1    1.686898    1.000000    0.000000
   81  1    1.871300    1.000000    0.000000
   82  1    1.893085    1.000000    0.000000
   83  1    1.968187    1.000000    0.000000
   84  1    2.148601    1.000000    0.000000
   85  1    2.169218    1.000000    0.000000
   86  1    2.264336    1.000000    0.000000
   87  1    2.269651    1.000000    0.000000
   88  1    2.329682    1.000000    0.000000
   89  1    2.344295    1.000000    0.000000
   90  1    2.365344    1.000000    0.000000
   91  1    2.375356    1.000000    0.000000
   92  1    2.382773    1.000000    0.000000
   93  1    2.392995    1.000000    0.000000
   94  1    2.746235    1.000000    0.000000
   95  1    2.885809    1.000000    0.000000
   96  1    2.927468    1.000000    0.000000
   97  1    3.102541    1.000000    0.000000
   98  1    3.107373    1.000000    0.000000
   99  1    3.132453    1.000000    0.000000
  100  1    3.171538    1.000000    0.000000
  101  1    3.204436    1.000000    0.000000
  102  1    3.521258    1.000000    0.000000
  103  1    3.691245    1.000000    0.000000
  104  1    3.727607    1.000000    0.000000
  105  1    3.818246    1.000000    0.000000
  106  1    3.863849    1.000000    0.000000
  107  1    5.261716    1.000000    0.000000
  108  1    5.459638    1.000000    0.000000
  109  1    5.462135    1.000000    0.000000
  110  1    5.792894    1.000000    0.000000
  111  1    6.496729    1.000000    0.000000
  112  1    6.561520    1.000000    0.000000
  113  1    6.630275    1.000000    0.000000
  114  1    6.639122    1.000000    0.000000
  115  1    6.641173    1.000000    0.000000
  116  1    6.670897    1.000000    0.000000
  117  1    7.051151    1.000000    0.000000
  118  1    7.054873    1.000000    0.000000
  119  1    7.187064    1.000000    0.000000
  120  1    7.226046    1.000000    0.000000
  121  1    7.343206    1.000000    0.000000
  122  1    7.548115    1.000000    0.000000
  123  1    7.585686    1.000000    0.000000
  124  1    7.599999    1.000000    0.000000
  125  1    7.613610    1.000000    0.000000
  126  1    7.916551    1.000000    0.000000
  127  1    7.972726    1.000000    0.000000
  128  1    8.032249    1.000000    0.000000
  129  1    8.043418    1.000000    0.000000
  130  1    8.130606    1.000000    0.000000
  131  1    8.146773    1.000000    0.000000
  132  1    8.155373    1.000000    0.000000
  133  1    8.422814    1.000000    0.000000
  134  1    8.424621    1.000000    0.000000
  135  1   10.188425    1.000000    0.000000
  136  1   10.484981    1.000000    0.000000
  1
    1
    1  2  -40.384587    2.000000    0.000000
    3  1  -40.378872    1.000000    0.000000
    4  1  -40.375142    1.000000    0.000000
    5  1  -40.067303    1.000000    0.000000
    6  1  -40.059778    1.000000    0.000000
    7  2  -40.047548    2.000000    0.000000
    9  1  -39.638182    1.000000    0.000000
   10  1  -39.637176    1.000000    0.000000
   11  1  -39.631636    1.000000    0.000000
   12  1  -39.627865    1.000000    0.000000
   13  1  -37.806978    1.000000    0.000000
   14  1  -37.805542    1.000000    0.000000
   15  1  -37.521203    1.000000    0.000000
   16  1  -37.519892    1.000000    0.000000
   17  1  -37.518493    1.000000    0.000000
   18  1  -37.516817    1.000000    0.000000
   19  1  -37.150638    1.000000    0.000000
   20  1  -37.148158    1.000000    0.000000
   21  1  -37.133575    1.000000    0.000000
   22  1  -37.126033    1.000000    0.000000
   23  1  -36.843115    1.000000    0.000000
   24  1  -36.833080    1.000000    0.000000
   25  2  -36.790143    2.000000    0.000000
   27  1  -36.551076    1.000000    0.000000
   28  1  -36.548186    1.000000    0.000000
   29  1  -36.533455    1.000000    0.000000
   30  1  -36.525622    1.000000    0.000000
   31  1   -8.943940    1.000000    0.000000
   32  1   -8.768611    1.000000    0.000000
   33  1   -8.622746    1.000000    0.000000
   34  1   -8.381235    1.000000    0.000000
   35  1   -8.050100    1.000000    0.000000
   36  1   -8.034777    1.000000    0.000000
   37  1   -8.030690    1.000000    0.000000
   38  1   -7.824215    1.000000    0.000000
   39  1   -7.791019    1.000000    0.000000
   40  1   -7.785989    1.000000    0.000000
   41  1   -7.782741    1.000000    0.000000
   42  1   -7.595439    1.000000    0.000000
   43  1   -7.590915    1.000000    0.000000
   44  1   -7.494480    1.000000    0.000000
   45  1   -7.285580    1.000000    0.000000
   46  1   -7.280157    1.000000    0.000000
   47  1   -0.706956    1.000000    0.000000
   48  1   -0.492379    1.000000    0.000000
   49  1   -0.318335    1.000000    0.000000
   50  1   -0.147615    1.000000    0.000000
   51  1   -0.119313    1.000000    0.000000
   52  1   -0.113780    1.000000    0.000000
   53  1   -0.077694    1.000000    0.000000
   54  1    0.004218    1.000000    0.000000
   55  1    0.164120    1.000000    0.000000
   56  1    0.169807    1.000000    0.000000
   57  1    0.306172    1.000000    0.000000
   58  1    0.481283    1.000000    0.000000
   59  1    0.486307    1.000000    0.000000
   60  1    0.492945    1.000000    0.000000
   61  1    0.506254    1.000000    0.000000
   62  1    0.604956    1.000000    0.000000
   63  1    0.705548    1.000000    0.000000
   64  1    0.707730    1.000000    0.000000
   65  1    0.804724    1.000000    0.000000
   66  1    0.870162    1.000000    0.000000
   67  1    0.979087    1.000000    0.000000
   68  1    1.077220    1.000000    0.000000
   69  1    1.090755    1.000000    0.000000
   70  1    1.096851    1.000000    0.000000
   71  1    1.214498    1.000000    0.000000
   72  1    1.216238    1.000000    0.000000
   73  1    1.426417    1.000000    0.000000
   74  1    1.438804    1.000000    0.000000
   75  1    1.467830    1.000000    0.000000
   76  1    1.604122    1.000000    0.000000
   77  1    1.613467    1.000000    0.000000
   78  1    1.635245    1.000000    0.000000
   79  1    1.641258    1.000000    0.000000
   80  1    1.686892    1.000000    0.000000
   81  1    1.871299    1.000000    0.000000
   82  1    1.893087    1.000000    0.000000
   83  1    1.968189    1.000000    0.000000
   84  1    2.148603    1.000000    0.000000
   85  1    2.169236    1.000000    0.000000
   86  1    2.264321    1.000000    0.000000
   87  1    2.269651    1.000000    0.000000
   88  1    2.329677    1.000000    0.000000
   89  1    2.344295    1.000000    0.000000
   90  1    2.365342    1.000000    0.000000
   91  1    2.375355    1.000000    0.000000
   92  1    2.382779    1.000000    0.000000
   93  1    2.392997    1.000000    0.000000
   94  1    2.746235    1.000000    0.000000
   95  1    2.885807    1.000000    0.000000
   96  1    2.927467    1.000000    0.000000
   97  1    3.102545    1.000000    0.000000
   98  1    3.107374    1.000000    0.000000
   99  1    3.132456    1.000000    0.000000
  100  1    3.171538    1.000000    0.000000
  101  1    3.204432    1.000000    0.000000
  102  1    3.521259    1.000000    0.000000
  103  1    3.691243    1.000000    0.000000
  104  1    3.727608    1.000000    0.000000
  105  1    3.818245    1.000000    0.000000
  106  1    3.863850    1.000000    0.000000
  107  1    5.261717    1.000000    0.000000
  108  1    5.459636    1.000000    0.000000
  109  1    5.462137    1.000000    0.000000
  110  1    5.792894    1.000000    0.000000
  111  1    6.496727    1.000000    0.000000
  112  1    6.561535    1.000000    0.000000
  113  1    6.630261    1.000000    0.000000
  114  1    6.639121    1.000000    0.000000
  115  1    6.641172    1.000000    0.000000
  116  1    6.670895    1.000000    0.000000
  117  1    7.051152    1.000000    0.000000
  118  1    7.054874    1.000000    0.000000
  119  1    7.187065    1.000000    0.000000
  120  1    7.226045    1.000000    0.000000
  121  1    7.343205    1.000000    0.000000
  122  1    7.548116    1.000000    0.000000
  123  1    7.585685    1.000000    0.000000
  124  1    7.599999    1.000000    0.000000
  125  1    7.613611    1.000000    0.000000
  126  1    7.916550    1.000000    0.000000
  127  1    7.972724    1.000000    0.000000
  128  1    8.032248    1.000000    0.000000
  129  1    8.043417    1.000000    0.000000
  130  1    8.130605    1.000000    0.000000
  131  1    8.146772    1.000000    0.000000
  132  1    8.155373    1.000000    0.000000
  133  1    8.422814    1.000000    0.000000
  134  1    8.424621    1.000000    0.000000
  135  1   10.111962    1.000000    0.000000
  136  1   10.275950    1.000000    0.000000
  1
    1
    1  1  -40.386112    1.000000    0.000000
    2  1  -40.382571    1.000000    0.000000
    3  1  -40.379739    1.000000    0.000000
    4  1  -40.374023    1.000000    0.000000
    5  1  -40.067258    1.000000    0.000000
    6  1  -40.059875    1.000000    0.000000
    7  1  -40.047992    1.000000    0.000000
    8  1  -40.046615    1.000000    0.000000
    9  1  -39.640017    1.000000    0.000000
   10  1  -39.635616    1.000000    0.000000
   11  1  -39.632456    1.000000    0.000000
   12  1  -39.626732    1.000000    0.000000
   13  1  -37.806991    1.000000    0.000000
   14  1  -37.805555    1.000000    0.000000
   15  1  -37.521216    1.000000    0.000000
   16  1  -37.519905    1.000000    0.000000
   17  1  -37.518503    1.000000    0.000000
   18  1  -37.516834    1.000000    0.000000
   19  1  -37.153190    1.000000    0.000000
   20  1  -37.145626    1.000000    0.000000
   21  1  -37.134121    1.000000    0.000000
   22  1  -37.125519    1.000000    0.000000
   23  1  -36.843078    1.000000    0.000000
   24  1  -36.833124    1.000000    0.000000
   25  1  -36.790905    1.000000    0.000000
   26  1  -36.788396    1.000000    0.000000
   27  1  -36.553664    1.000000    0.000000
   28  1  -36.545496    1.000000    0.000000
   29  1  -36.533883    1.000000    0.000000
   30  1  -36.525206    1.000000    0.000000
   31  1   -9.110919    1.000000    0.000000
   32  1   -8.934350    1.000000    0.000000
   33  1   -8.567630    1.000000    0.000000
   34  1   -8.318080    1.000000    0.000000
   35  1   -7.988915    1.000000    0.000000
   36  2   -7.950815    2.000000    0.000000
   38  2   -7.719507    2.000000    0.000000
   40  1   -7.714413    1.000000    0.000000
   41  1   -7.693436    1.000000    0.000000
   42  1   -7.679091    1.000000    0.000000
   43  1   -7.677943    1.000000    0.000000
   44  1   -7.385669    1.000000    0.000000
   45  1   -7.348249    1.000000    0.000000
   46  1   -7.347212    1.000000    0.000000
   47  1   -1.084274    1.000000    0.000000
   48  1   -0.746844    1.000000    0.000000
   49  2   -0.613566    2.000000    0.000000
   51  2   -0.266326    2.000000    0.000000
   53  1   -0.202646    1.000000    0.000000
   54  1   -0.019938    1.000000    0.000000
   55  1   -0.015256    1.000000    0.000000
   56  1    0.029565    1.000000    0.000000
   57  1    0.214135    1.000000    0.000000
   58  1    0.219585    1.000000    0.000000
   59  1    0.305787    1.000000    0.000000
   60  1    0.388198    1.000000    0.000000
   61  1    0.390805    1.000000    0.000000
   62  1    0.555559    1.000000    0.000000
   63  1    0.763977    1.000000    0.000000
   64  1    1.078196    1.000000    0.000000
   65  1    1.103424    1.000000    0.000000
   66  1    1.114234    1.000000    0.000000
   67  1    1.119351    1.000000    0.000000
   68  1    1.126379    1.000000    0.000000
   69  1    1.176444    1.000000    0.000000
   70  1    1.316957    1.000000    0.000000
   71  1    1.323612    1.000000    0.000000
   72  1    1.333179    1.000000    0.000000
   73  1    1.556947    1.000000    0.000000
   74  1    1.563990    1.000000    0.000000
   75  1    1.576127    1.000000    0.000000
   76  1    1.630097    1.000000    0.000000
   77  1    1.633676    1.000000    0.000000
   78  1    1.845752    1.000000    0.000000
   79  1    1.864732    1.000000    0.000000
   80  1    1.881466    1.000000    0.000000
   81  1    1.963196    1.000000    0.000000
   82  1    2.007513    1.000000    0.000000
   83  1    2.015582    1.000000    0.000000
   84  1    2.168173    1.000000    0.000000
   85  1    2.180840    1.000000    0.000000
   86  1    2.186710    1.000000    0.000000
   87  1    2.225334    1.000000    0.000000
   88  1    2.235873    1.000000    0.000000
   89  1    2.305463    1.000000    0.000000
   90  1    2.445396    1.000000    0.000000
   91  1    2.481906    1.000000    0.000000
   92  1    2.731076    1.000000    0.000000
   93  1    2.784036    1.000000    0.000000
   94  1    2.892394    1.000000    0.000000
   95  1    2.914118    1.000000    0.000000
   96  1    2.922584    1.000000    0.000000
   97  1    2.964575    1.000000    0.000000
   98  1    2.989271    1.000000    0.000000
   99  1    3.062275    1.000000    0.000000
  100  1    3.265098    1.000000    0.000000
  101  1    3.457372    1.000000    0.000000
  102  1    3.475498    1.000000    0.000000
  103  1    3.503437    1.000000    0.000000
  104  1    3.549943    1.000000    0.000000
  105  1    3.896531    1.000000    0.000000
  106  1    3.944384    1.000000    0.000000
  107  1    5.831749    1.000000    0.000000
  108  1    5.832796    1.000000    0.000000
  109  1    6.176839    1.000000    0.000000
  110  1    6.284522    1.000000    0.000000
  111  1    6.369204    1.000000    0.000000
  112  1    6.373649    1.000000    0.000000
  113  1    6.607447    1.000000    0.000000
  114  1    6.611384    1.000000    0.000000
  115  1    6.631473    1.000000    0.000000
  116  1    6.650296    1.000000    0.000000
  117  1    6.862790    1.000000    0.000000
  118  1    7.154476    1.000000    0.000000
  119  1    7.255587    1.000000    0.000000
  120  1    7.279709    1.000000    0.000000
  121  1    7.499193    1.000000    0.000000
  122  1    7.559600    1.000000    0.000000
  123  1    7.562297    1.000000    0.000000
  124  1    7.622224    1.000000    0.000000
  125  1    7.636034    1.000000    0.000000
  126  1    7.695072    1.000000    0.000000
  127  1    7.829063    1.000000    0.000000
  128  1    7.848042    1.000000    0.000000
  129  1    8.199054    1.000000    0.000000
  130  1    8.213769    1.000000    0.000000
  131  1    8.230268    1.000000    0.000000
  132  1    8.381295    1.000000    0.000000
  133  1    8.403701    1.000000    0.000000
  134  1    8.417692    1.000000    0.000000
  135  1    9.240207    1.000000    0.000000
  136  1    9.822875    1.000000    0.000000
  1
    1
    1  1  -40.385070    1.000000    0.000000
    2  1  -40.383280    1.000000    0.000000
    3  1  -40.378896    1.000000    0.000000
    4  1  -40.375175    1.000000    0.000000
    5  1  -40.071350    1.000000    0.000000
    6  1  -40.055935    1.000000    0.000000
    7  2  -40.047481    2.000000    0.000000
    9  1  -39.638569    1.000000    0.000000
   10  1  -39.636817    1.000000    0.000000
   11  1  -39.631589    1.000000    0.000000
   12  1  -39.627895    1.000000    0.000000
   13  1  -37.806991    1.000000    0.000000
   14  1  -37.805555    1.000000    0.000000
   15  1  -37.521210    1.000000    0.000000
   16  1  -37.519912    1.000000    0.000000
   17  1  -37.518513    1.000000    0.000000
   18  1  -37.516824    1.000000    0.000000
   19  1  -37.150749    1.000000    0.000000
   20  1  -37.148055    1.000000    0.000000
   21  1  -37.133564    1.000000    0.000000
   22  1  -37.126031    1.000000    0.000000
   23  1  -36.848243    1.000000    0.000000
   24  1  -36.827956    1.000000    0.000000
   25  2  -36.790125    2.000000    0.000000
   27  1  -36.551106    1.000000    0.000000
   28  1  -36.548186    1.000000    0.000000
   29  1  -36.533496    1.000000    0.000000
   30  1  -36.525543    1.000000    0.000000
   31  1   -9.113728    1.000000    0.000000
   32  1   -8.937169    1.000000    0.000000
   33  1   -8.567937    1.000000    0.000000
   34  1   -8.317944    1.000000    0.000000
   35  1   -7.989618    1.000000    0.000000
   36  1   -7.950081    1.000000    0.000000
   37  1   -7.947733    1.000000    0.000000
   38  1   -7.718932    1.000000    0.000000
   39  1   -7.717399    1.000000    0.000000
   40  1   -7.713792    1.000000    0.000000
   41  1   -7.699648    1.000000    0.000000
   42  1   -7.678454    1.000000    0.000000
   43  1   -7.668944    1.000000    0.000000
   44  1   -7.393267    1.000000    0.000000
   45  1   -7.347679    1.000000    0.000000
   46  1   -7.337547    1.000000    0.000000
   47  1   -1.086156    1.000000    0.000000
   48  1   -0.749112    1.000000    0.000000
   49  2   -0.619460    2.000000    0.000000
   51  1   -0.272786    1.000000    0.000000
   52  1   -0.271338    1.000000    0.000000
   53  1   -0.201908    1.000000    0.000000
   54  2   -0.018628    2.000000    0.000000
   56  1    0.020294    1.000000    0.000000
   57  1    0.211571    1.000000    0.000000
   58  1    0.213011    1.000000    0.000000
   59  1    0.305770    1.000000    0.000000
   60  1    0.389397    1.000000    0.000000
   61  1    0.390624    1.000000    0.000000
   62  1    0.550909    1.000000    0.000000
   63  1    0.764795    1.000000    0.000000
   64  1    1.091679    1.000000    0.000000
   65  1    1.093123    1.000000    0.000000
   66  1    1.110952    1.000000    0.000000
   67  1    1.122397    1.000000    0.000000
   68  1    1.125641    1.000000    0.000000
   69  1    1.179650    1.000000    0.000000
   70  1    1.317270    1.000000    0.000000
   71  1    1.324799    1.000000    0.000000
   72  1    1.333737    1.000000    0.000000
   73  1    1.563241    1.000000    0.000000
   74  1    1.565859    1.000000    0.000000
   75  1    1.573377    1.000000    0.000000
   76  1    1.633705    1.000000    0.000000
   77  1    1.635094    1.000000    0.000000
   78  1    1.839759    1.000000    0.000000
   79  1    1.863881    1.000000    0.000000
   80  1    1.879389    1.000000    0.000000
   81  1    1.968303    1.000000    0.000000
   82  1    2.008380    1.000000    0.000000
   83  1    2.015580    1.000000    0.000000
   84  1    2.152113    1.000000    0.000000
   85  1    2.185905    1.000000    0.000000
   86  1    2.192567    1.000000    0.000000
   87  1    2.226903    1.000000    0.000000
   88  1    2.229358    1.000000    0.000000
   89  1    2.306366    1.000000    0.000000
   90  1    2.464014    1.000000    0.000000
   91  1    2.473002    1.000000    0.000000
   92  1    2.727589    1.000000    0.000000
   93  1    2.790962    1.000000    0.000000
   94  1    2.900056    1.000000    0.000000
   95  1    2.914972    1.000000    0.000000
   96  1    2.926324    1.000000    0.000000
   97  1    2.967871    1.000000    0.000000
   98  1    2.976479    1.000000    0.000000
   99  1    3.075823    1.000000    0.000000
  100  1    3.250074    1.000000    0.000000
  101  1    3.473199    1.000000    0.000000
  102  1    3.478426    1.000000    0.000000
  103  1    3.527083    1.000000    0.000000
  104  1    3.538517    1.000000    0.000000
  105  1    3.922277    1.000000    0.000000
  106  1    3.941804    1.000000    0.000000
  107  1    5.837583    1.000000    0.000000
  108  1    5.849630    1.000000    0.000000
  109  1    6.176326    1.000000    0.000000
  110  1    6.286153    1.000000    0.000000
  111  1    6.366662    1.000000    0.000000
  112  1    6.370009    1.000000    0.000000
  113  1    6.600344    1.000000    0.000000
  114  1    6.604516    1.000000    0.000000
  115  1    6.635646    1.000000    0.000000
  116  1    6.639787    1.000000    0.000000
  117  1    6.857669    1.000000    0.000000
  118  1    7.159463    1.000000    0.000000
  119  1    7.277597    1.000000    0.000000
  120  1    7.279284    1.000000    0.000000
  121  1    7.500714    1.000000    0.000000
  122  1    7.555761    1.000000    0.000000
  123  1    7.561940    1.000000    0.000000
  124  1    7.634102    1.000000    0.000000
  125  1    7.635523    1.000000    0.000000
  126  1    7.697513    1.000000    0.000000
  127  1    7.842176    1.000000    0.000000
  128  1    7.847052    1.000000    0.000000
  129  1    8.196129    1.000000    0.000000
  130  1    8.213875    1.000000    0.000000
  131  1    8.218972    1.000000    0.000000
  132  1    8.373584    1.000000    0.000000
  133  1    8.405989    1.000000    0.000000
  134  1    8.412174    1.000000    0.000000
  135  1    9.257871    1.000000    0.000000
  136  1    9.795526    1.000000    0.000000
  1
    1
    1  1  -40.385070    1.000000    0.000000
    2  1  -40.383280    1.000000    0.000000
    3  1  -40.378896    1.000000    0.000000
    4  1  -40.375175    1.000000    0.000000
    5  1  -40.071350    1.000000    0.000000
    6  1  -40.055935    1.000000    0.000000
    7  2  -40.047482    2.000000    0.000000
    9  1  -39.638568    1.000000    0.000000
   10  1  -39.636817    1.000000    0.000000
   11  1  -39.631589    1.000000    0.000000
   12  1  -39.627895    1.000000    0.000000
   13  1  -37.806991    1.000000    0.000000
   14  1  -37.805555    1.000000    0.000000
   15  1  -37.521210    1.000000    0.000000
   16  1  -37.519912    1.000000    0.000000
   17  1  -37.518513    1.000000    0.000000
   18  1  -37.516824    1.000000    0.000000
   19  1  -37.150748    1.000000    0.000000
   20  1  -37.148055    1.000000    0.000000
   21  1  -37.133563    1.000000    0.000000
   22  1  -37.126031    1.000000    0.000000
   23  1  -36.848243    1.000000    0.000000
   24  1  -36.827956    1.000000    0.000000
   25  2  -36.790125    2.000000    0.000000
   27  1  -36.551106    1.000000    0.000000
   28  1  -36.548186    1.000000    0.000000
   29  1  -36.533495    1.000000    0.000000
   30  1  -36.525543    1.000000    0.000000
   31  1   -9.113727    1.000000    0.000000
   32  1   -8.937168    1.000000    0.000000
   33  1   -8.567939    1.000000    0.000000
   34  1   -8.317946    1.000000    0.000000
   35  1   -7.989617    1.000000    0.000000
   36  1   -7.950081    1.000000    0.000000
   37  1   -7.947734    1.000000    0.000000
   38  1   -7.718930    1.000000    0.000000
   39  1   -7.717398    1.000000    0.000000
   40  1   -7.713791    1.000000    0.000000
   41  1   -7.699647    1.000000    0.000000
   42  1   -7.678456    1.000000    0.000000
   43  1   -7.668944    1.000000    0.000000
   44  1   -7.393268    1.000000    0.000000
   45  1   -7.347678    1.000000    0.000000
   46  1   -7.337547    1.000000    0.000000
   47  1   -1.086156    1.000000    0.000000
   48  1   -0.749111    1.000000    0.000000
   49  2   -0.619460    2.000000    0.000000
   51  1   -0.272786    1.000000    0.000000
   52  1   -0.271334    1.000000    0.000000
   53  1   -0.201907    1.000000    0.000000
   54  2   -0.018631    2.000000    0.000000
   56  1    0.020294    1.000000    0.000000
   57  1    0.211572    1.000000    0.000000
   58  1    0.213013    1.000000    0.000000
   59  1    0.305769    1.000000    0.000000
   60  1    0.389397    1.000000    0.000000
   61  1    0.390619    1.000000    0.000000
   62  1    0.550912    1.000000    0.000000
   63  1    0.764792    1.000000    0.000000
   64  1    1.091674    1.000000    0.000000
   65  1    1.093107    1.000000    0.000000
   66  1    1.110944    1.000000    0.000000
   67  1    1.122400    1.000000    0.000000
   68  1    1.125663    1.000000    0.000000
   69  1    1.179653    1.000000    0.000000
   70  1    1.317270    1.000000    0.000000
   71  1    1.324798    1.000000    0.000000
   72  1    1.333737    1.000000    0.000000
   73  1    1.563248    1.000000    0.000000
   74  1    1.565840    1.000000    0.000000
   75  1    1.573396    1.000000    0.000000
   76  1    1.633695    1.000000    0.000000
   77  1    1.635091    1.000000    0.000000
   78  1    1.839760    1.000000    0.000000
   79  1    1.863880    1.000000    0.000000
   80  1    1.879388    1.000000    0.000000
   81  1    1.968307    1.000000    0.000000
   82  1    2.008377    1.000000    0.000000
   83  1    2.015581    1.000000    0.000000
   84  1    2.152113    1.000000    0.000000
   85  1    2.185906    1.000000    0.000000
   86  1    2.192563    1.000000    0.000000
   87  1    2.226901    1.000000    0.000000
   88  1    2.229361    1.000000    0.000000
   89  1    2.306366    1.000000    0.000000
   90  1    2.464015    1.000000    0.000000
   91  1    2.473001    1.000000    0.000000
   92  1    2.727594    1.000000    0.000000
   93  1    2.790962    1.000000    0.000000
   94  1    2.900056    1.000000    0.000000
   95  1    2.914978    1.000000    0.000000
   96  1    2.926304    1.000000    0.000000
   97  1    2.967882    1.000000    0.000000
   98  1    2.976483    1.000000    0.000000
   99  1    3.075826    1.000000    0.000000
  100  1    3.250076    1.000000    0.000000
  101  1    3.473198    1.000000    0.000000
  102  1    3.478423    1.000000    0.000000
  103  1    3.527086    1.000000    0.000000
  104  1    3.538517    1.000000    0.000000
  105  1    3.922276    1.000000    0.000000
  106  1    3.941804    1.000000    0.000000
  107  1    5.837586    1.000000    0.000000
  108  1    5.849629    1.000000    0.000000
  109  1    6.176326    1.000000    0.000000
  110  1    6.286146    1.000000    0.000000
  111  1    6.366665    1.000000    0.000000
  112  1    6.370011    1.000000    0.000000
  113  1    6.600349    1.000000    0.000000
  114  1    6.604496    1.000000    0.000000
  115  1    6.635650    1.000000    0.000000
  116  1    6.639796    1.000000    0.000000
  117  1    6.857670    1.000000    0.000000
  118  1    7.159462    1.000000    0.000000
  119  1    7.277595    1.000000    0.000000
  120  1    7.279285    1.000000    0.000000
  121  1    7.500714    1.000000    0.000000
  122  1    7.555762    1.000000    0.000000
  123  1    7.561941    1.000000    0.000000
  124  1    7.634102    1.000000    0.000000
  125  1    7.635523    1.000000    0.000000
  126  1    7.697513    1.000000    0.000000
  127  1    7.842178    1.000000    0.000000
  128  1    7.847053    1.000000    0.000000
  129  1    8.196129    1.000000    0.000000
  130  1    8.213874    1.000000    0.000000
  131  1    8.218972    1.000000    0.000000
  132  1    8.373582    1.000000    0.000000
  133  1    8.405990    1.000000    0.000000
  134  1    8.412174    1.000000    0.000000
  135  1    9.257744    1.000000    0.000000
  136  1    9.889596    1.000000    0.000000
  1
    1
    1  1  -40.386074    1.000000    0.000000
    2  1  -40.382015    1.000000    0.000000
    3  1  -40.378568    1.000000    0.000000
    4  1  -40.375682    1.000000    0.000000
    5  1  -40.071360    1.000000    0.000000
    6  1  -40.055538    1.000000    0.000000
    7  1  -40.048218    1.000000    0.000000
    8  1  -40.046616    1.000000    0.000000
    9  1  -39.640049    1.000000    0.000000
   10  1  -39.634962    1.000000    0.000000
   11  1  -39.631526    1.000000    0.000000
   12  1  -39.628390    1.000000    0.000000
   13  1  -37.806978    1.000000    0.000000
   14  1  -37.805542    1.000000    0.000000
   15  1  -37.521196    1.000000    0.000000
   16  1  -37.519898    1.000000    0.000000
   17  1  -37.518501    1.000000    0.000000
   18  1  -37.516811    1.000000    0.000000
   19  1  -37.153095    1.000000    0.000000
   20  1  -37.144731    1.000000    0.000000
   21  1  -37.134110    1.000000    0.000000
   22  1  -37.126339    1.000000    0.000000
   23  1  -36.848255    1.000000    0.000000
   24  1  -36.827815    1.000000    0.000000
   25  1  -36.791023    1.000000    0.000000
   26  1  -36.788397    1.000000    0.000000
   27  1  -36.553715    1.000000    0.000000
   28  1  -36.544972    1.000000    0.000000
   29  1  -36.534001    1.000000    0.000000
   30  1  -36.525797    1.000000    0.000000
   31  1   -8.943942    1.000000    0.000000
   32  1   -8.768611    1.000000    0.000000
   33  1   -8.622746    1.000000    0.000000
   34  1   -8.381225    1.000000    0.000000
   35  1   -8.050105    1.000000    0.000000
   36  1   -8.034849    1.000000    0.000000
   37  1   -8.030615    1.000000    0.000000
   38  1   -7.824195    1.000000    0.000000
   39  1   -7.791041    1.000000    0.000000
   40  1   -7.786058    1.000000    0.000000
   41  1   -7.782677    1.000000    0.000000
   42  1   -7.595502    1.000000    0.000000
   43  1   -7.590848    1.000000    0.000000
   44  1   -7.494479    1.000000    0.000000
   45  1   -7.285685    1.000000    0.000000
   46  1   -7.280060    1.000000    0.000000
   47  1   -0.706927    1.000000    0.000000
   48  1   -0.492364    1.000000    0.000000
   49  1   -0.318356    1.000000    0.000000
   50  1   -0.147734    1.000000    0.000000
   51  1   -0.119473    1.000000    0.000000
   52  1   -0.113444    1.000000    0.000000
   53  1   -0.077759    1.000000    0.000000
   54  1    0.004362    1.000000    0.000000
   55  1    0.164468    1.000000    0.000000
   56  1    0.169390    1.000000    0.000000
   57  1    0.305961    1.000000    0.000000
   58  1    0.481253    1.000000    0.000000
   59  1    0.487475    1.000000    0.000000
   60  1    0.490487    1.000000    0.000000
   61  1    0.507508    1.000000    0.000000
   62  1    0.605332    1.000000    0.000000
   63  1    0.705075    1.000000    0.000000
   64  1    0.707730    1.000000    0.000000
   65  1    0.804775    1.000000    0.000000
   66  1    0.870426    1.000000    0.000000
   67  1    0.978990    1.000000    0.000000
   68  1    1.077296    1.000000    0.000000
   69  1    1.091016    1.000000    0.000000
   70  1    1.095121    1.000000    0.000000
   71  2    1.215710    2.000000    0.000000
   73  1    1.428515    1.000000    0.000000
   74  1    1.439237    1.000000    0.000000
   75  1    1.466188    1.000000    0.000000
   76  1    1.605683    1.000000    0.000000
   77  1    1.611690    1.000000    0.000000
   78  1    1.636571    1.000000    0.000000
   79  1    1.641561    1.000000    0.000000
   80  1    1.687154    1.000000    0.000000
   81  1    1.878243    1.000000    0.000000
   82  1    1.888206    1.000000    0.000000
   83  1    1.966597    1.000000    0.000000
   84  1    2.148183    1.000000    0.000000
   85  1    2.164186    1.000000    0.000000
   86  2    2.268364    2.000000    0.000000
   88  1    2.328617    1.000000    0.000000
   89  1    2.330976    1.000000    0.000000
   90  1    2.373819    1.000000    0.000000
   91  1    2.379800    1.000000    0.000000
   92  1    2.384406    1.000000    0.000000
   93  1    2.391694    1.000000    0.000000
   94  1    2.746573    1.000000    0.000000
   95  1    2.898645    1.000000    0.000000
   96  1    2.913099    1.000000    0.000000
   97  1    3.102703    1.000000    0.000000
   98  1    3.107889    1.000000    0.000000
   99  1    3.132991    1.000000    0.000000
  100  1    3.181815    1.000000    0.000000
  101  1    3.192951    1.000000    0.000000
  102  1    3.520741    1.000000    0.000000
  103  1    3.704307    1.000000    0.000000
  104  1    3.717286    1.000000    0.000000
  105  1    3.833052    1.000000    0.000000
  106  1    3.848342    1.000000    0.000000
  107  1    5.262136    1.000000    0.000000
  108  1    5.460249    1.000000    0.000000
  109  1    5.462204    1.000000    0.000000
  110  1    5.793253    1.000000    0.000000
  111  1    6.495246    1.000000    0.000000
  112  1    6.558026    1.000000    0.000000
  113  1    6.633845    1.000000    0.000000
  114  1    6.638667    1.000000    0.000000
  115  1    6.640603    1.000000    0.000000
  116  1    6.672565    1.000000    0.000000
  117  2    7.051978    2.000000    0.000000
  119  1    7.186079    1.000000    0.000000
  120  1    7.226505    1.000000    0.000000
  121  1    7.344211    1.000000    0.000000
  122  1    7.545964    1.000000    0.000000
  123  1    7.592657    1.000000    0.000000
  124  1    7.595213    1.000000    0.000000
  125  1    7.612748    1.000000    0.000000
  126  1    7.916340    1.000000    0.000000
  127  1    7.972821    1.000000    0.000000
  128  1    8.036724    1.000000    0.000000
  129  1    8.039469    1.000000    0.000000
  130  1    8.130848    1.000000    0.000000
  131  1    8.151772    1.000000    0.000000
  132  1    8.154340    1.000000    0.000000
  133  2    8.421910    2.000000    0.000000
  135  1   10.166032    1.000000    0.000000
  136  1   10.408765    1.000000    0.000000
