  234  280
  1
  4
  1  0  0  0  1  0  0  0  1    0.000000    0.000000    0.000000    1.000000    0.000000    0.000000    0.000000    0.000000    0.000000    1.000000    0.000000  1
 -1  0  0  0 -1  0  0  0 -1    0.000000    0.000000    0.000000    1.000000    0.000000    0.000000    0.000000    0.000000    0.000000    1.000000    0.000000  1
  1  0  0  0  1  0  0  0  1    0.000000    0.000000    0.500000    1.000000    0.000000    0.000000    0.000000    0.000000    0.000000    1.000000    0.000000 -1
 -1  0  0  0 -1  0  0  0 -1    0.000000    0.000000    0.500000    1.000000    0.000000    0.000000    0.000000    0.000000    0.000000    1.000000    0.000000 -1
  8
    0.000000    0.000000    0.000000
    0.500000    0.500000    0.500000
    0.000000    0.500000    0.500000
    0.500000    0.000000    0.500000
    0.500000    0.500000    0.000000
    0.500000    0.000000    0.000000
    0.000000    0.500000    0.000000
    0.000000    0.000000    0.500000
  2
    1    2
    1  2  -40.258951    2.000000    0.000000    1.999777    0.000000
    3  2  -40.252937    2.000000    0.000000   -1.999776    0.000000
    5  4  -40.116751    4.000000    0.000000   -0.000010    0.000000
    9  2  -40.026625    2.000000    0.000000   -2.000000    0.000000
   11  4  -39.920300    4.000000    0.000000   -0.000050    0.000000
   15  4  -39.806131    4.000000    0.000000   -0.000003    0.000000
   19  2  -39.651473    2.000000    0.000000   -2.000000    0.000000
   21  2  -39.515195    2.000000    0.000000    1.999814    0.000000
   23  2  -39.508607    2.000000    0.000000   -1.999814    0.000000
   25  4  -39.370057    4.000000    0.000000    0.000002    0.000000
   29  2  -39.275622    2.000000    0.000000   -2.000000    0.000000
   31  2  -36.938789    2.000000    0.000000    1.999862    0.000000
   33  2  -36.931155    2.000000    0.000000   -1.999861    0.000000
   35  4  -36.843214    4.000000    0.000000   -0.000013    0.000000
   39  2  -36.712586    2.000000    0.000000   -2.000000    0.000000
   41  4  -36.550889    4.000000    0.000000   -0.000027    0.000000
   45  4  -36.504332    4.000000    0.000000   -0.000002    0.000000
   49  2  -36.363066    2.000000    0.000000   -2.000000    0.000000
   51  2  -36.340147    2.000000    0.000000    1.999876    0.000000
   53  2  -36.332091    2.000000    0.000000   -1.999875    0.000000
   55  4  -36.242672    4.000000    0.000000    0.000015    0.000000
   59  2  -36.099359    2.000000    0.000000   -2.000000    0.000000
   61  4  -17.049354    4.000000    0.000000    0.000000    0.000000
   65  2   -9.007097    2.000000    0.000000    2.000000    0.000000
   67  2   -8.724269    2.000000    0.000000   -1.999998    0.000000
   69  2   -8.707026    2.000000    0.000000    1.999998    0.000000
   71  2   -8.308741    2.000000    0.000000    2.000000    0.000000
   73  2   -8.185769    2.000000    0.000000    2.000000    0.000000
   75  2   -8.126626    2.000000    0.000000   -2.000000    0.000000
   77  2   -7.946500    2.000000    0.000000    2.000000    0.000000
   79  2   -7.647018    2.000000    0.000000   -2.000000    0.000000
   81  2   -7.610907    2.000000    0.000000    2.000000    0.000000
   83  2   -7.546803    2.000000    0.000000   -2.000000    0.000000
   85  2   -7.427968    2.000000    0.000000   -2.000000    0.000000
   87  2   -7.374675    2.000000    0.000000   -2.000000    0.000000
   89  2   -7.243327    2.000000    0.000000   -1.999999    0.000000
   91  2   -7.224616    2.000000    0.000000    1.999999    0.000000
   93  2   -7.122700    2.000000    0.000000   -1.999998    0.000000
   95  2   -7.106182    2.000000    0.000000    1.999998    0.000000
   97  2   -4.672377    2.000000    0.000000    2.000000    0.000000
   99  2   -4.617937    2.000000    0.000000   -2.000000    0.000000
  101  2   -3.437001    2.000000    0.000000    2.000000    0.000000
  103  2   -3.356956    2.000000    0.000000   -2.000000    0.000000
  105  2   -2.570968    2.000000    0.000000    2.000000    0.000000
  107  2   -2.553767    2.000000    0.000000   -2.000000    0.000000
  109  2   -0.898085    2.000000    0.000000   -2.000000    0.000000
  111  2   -0.863453    2.000000    0.000000    2.000000    0.000000
  113  2   -0.492121    2.000000    0.000000    2.000000    0.000000
  115  2   -0.176285    2.000000    0.000000    2.000000    0.000000
  117  2   -0.115879    2.000000    0.000000   -2.000000    0.000000
  119  2   -0.007770    2.000000    0.000000    2.000000    0.000000
  121  2    0.129251    2.000000    0.000000   -2.000000    0.000000
  123  2    0.284449    2.000000    0.000000    2.000000    0.000000
  125  2    0.370072    2.000000    0.000000   -2.000000    0.000000
  127  2    0.640355    2.000000    0.000000    2.000000    0.000000
  129  2    0.710389    2.000000    0.000000   -1.999999    0.000000
  131  2    0.734237    2.000000    0.000000    2.000000    0.000000
  133  2    0.981118    2.000000    0.000000    2.000000    0.000000
  135  2    1.026341    2.000000    0.000000   -2.000000    0.000000
  137  2    1.048311    2.000000    0.000000    2.000000    0.000000
  139  2    1.121714    2.000000    0.000000    2.000000    0.000000
  141  2    1.195611    2.000000    0.000000   -2.000000    0.000000
  143  2    1.260236    2.000000    0.000000    2.000000    0.000000
  145  2    1.344068    2.000000    0.000000    2.000000    0.000000
  147  2    1.355154    2.000000    0.000000   -2.000000    0.000000
  149  2    1.390916    2.000000    0.000000   -2.000000    0.000000
  151  2    1.514807    2.000000    0.000000    1.999999    0.000000
  153  2    1.527489    2.000000    0.000000   -1.999998    0.000000
  155  4    1.545182    4.000000    0.000000   -0.000132    0.000000
  159  2    1.807995    2.000000    0.000000   -1.999999    0.000000
  161  2    1.828981    2.000000    0.000000    2.000000    0.000000
  163  2    1.860327    2.000000    0.000000    1.999999    0.000000
  165  2    1.885151    2.000000    0.000000   -2.000000    0.000000
  167  2    1.944809    2.000000    0.000000    2.000000    0.000000
  169  2    1.955620    2.000000    0.000000   -1.999999    0.000000
  171  2    2.119457    2.000000    0.000000    2.000000    0.000000
  173  2    2.139240    2.000000    0.000000   -2.000000    0.000000
  175  2    2.222571    2.000000    0.000000    1.999999    0.000000
  177  2    2.243050    2.000000    0.000000   -1.999999    0.000000
  179  2    2.275156    2.000000    0.000000    2.000000    0.000000
  181  2    2.360626    2.000000    0.000000    2.000000    0.000000
  183  2    2.386171    2.000000    0.000000    2.000000    0.000000
  185  2    2.477977    2.000000    0.000000    2.000000    0.000000
  187  2    2.621569    2.000000    0.000000   -1.999968    0.000000
  189  2    2.623833    2.000000    0.000000    1.999960    0.000000
  191  2    2.645574    2.000000    0.000000    1.999995    0.000000
  193  2    2.675200    2.000000    0.000000    1.999998    0.000000
  195  2    2.680899    2.000000    0.000000   -1.999999    0.000000
  197  2    2.848337    2.000000    0.000000   -2.000000    0.000000
  199  2    2.912247    2.000000    0.000000    2.000000    0.000000
  201  2    2.999117    2.000000    0.000000    2.000000    0.000000
  203  2    3.045872    2.000000    0.000000   -2.000000    0.000000
  205  2    3.164155    2.000000    0.000000   -2.000000    0.000000
  207  2    3.187003    2.000000    0.000000   -2.000000    0.000000
  209  2    3.223584    2.000000    0.000000    2.000000    0.000000
  211  2    3.372160    2.000000    0.000000    2.000000    0.000000
  213  2    3.483548    2.000000    0.000000   -2.000000    0.000000
  215  2    3.559342    2.000000    0.000000    2.000000    0.000000
  217  2    3.664592    2.000000    0.000000    2.000000    0.000000
  219  2    3.692954    2.000000    0.000000   -2.000000    0.000000
  221  2    3.783515    2.000000    0.000000   -2.000000    0.000000
  223  2    3.849574    2.000000    0.000000    2.000000    0.000000
  225  2    3.987760    2.000000    0.000000   -2.000000    0.000000
  227  2    4.127546    2.000000    0.000000   -2.000000    0.000000
  229  2    4.160652    2.000000    0.000000   -2.000000    0.000000
  231  2    4.261104    2.000000    0.000000   -2.000000    0.000000
  233  2    4.337579    2.000000    0.000000   -2.000000    0.000000
  235  2    5.558010    2.000000    0.000000    2.000000    0.000000
  237  2    5.893600    2.000000    0.000000   -2.000000    0.000000
  239  2    6.130306    2.000000    0.000000    2.000000    0.000000
  241  2    6.210170    2.000000    0.000000    2.000000    0.000000
  243  2    6.376838    2.000000    0.000000    1.999999    0.000000
  245  2    6.390302    2.000000    0.000000   -2.000000    0.000000
  247  2    6.419978    2.000000    0.000000   -1.999999    0.000000
  249  2    6.514629    2.000000    0.000000    2.000000    0.000000
  251  2    6.546965    2.000000    0.000000   -1.999998    0.000000
  253  2    6.596432    2.000000    0.000000    1.999998    0.000000
  255  2    6.758409    2.000000    0.000000   -2.000000    0.000000
  257  2    6.865186    2.000000    0.000000    1.999999    0.000000
  259  2    6.984706    2.000000    0.000000    1.999996    0.000000
  261  2    7.009046    2.000000    0.000000   -1.999996    0.000000
  263  2    7.225968    2.000000    0.000000    1.999990    0.000000
  265  2    7.351728    2.000000    0.000000    1.999855    0.000000
  267  2    7.645224    2.000000    0.000000   -1.987869    0.000000
  269  1    7.708974    1.000000    0.000000    0.984291    0.000000
  270  1    7.711170    1.000000    0.000000    0.989362    0.000000
  271  2    7.734946    2.000000    0.000000   -1.913821    0.000000
  273  1    7.774558    1.000000    0.000000    0.984238    0.000000
  274  1    7.787540    1.000000    0.000000    0.906985    0.000000
  275  1    7.802318    1.000000    0.000000    0.974771    0.000000
  276  1    7.810417    1.000000    0.000000    0.971538    0.000000
  277  1    7.942985    1.000000    0.000000   -0.255042    0.000000
  278  1    7.999590    1.000000    0.000000   -0.012164    0.000000
  279  1    8.023526    1.000000    0.000000    0.393374    0.000000
  280  1    8.089966    1.000000    0.000000   -0.084781    0.000000
  2
    1    2
    1  4  -40.261862    4.000000    0.000000    0.000000    0.000000
    5  4  -40.122433    4.000000    0.000000    0.000000    0.000000
    9  2  -40.032825    2.000000    0.000000    0.000000    0.000000
   11  4  -39.920166    4.000000    0.000000    0.000000    0.000000
   15  4  -39.805152    4.000000    0.000000   -0.000000    0.000000
   19  2  -39.651407    2.000000    0.000000    0.000000    0.000000
   21  4  -39.518485    4.000000    0.000000    0.000000    0.000000
   25  4  -39.376714    4.000000    0.000000    0.000000    0.000000
   29  2  -39.281396    2.000000    0.000000    0.000000    0.000000
   31  4  -36.942483    4.000000    0.000000    0.000000    0.000000
   35  4  -36.850781    4.000000    0.000000    0.000000    0.000000
   39  2  -36.719675    2.000000    0.000000    0.000000    0.000000
   41  2  -36.550814    2.000000    0.000000    0.000003    0.000000
   43  2  -36.549369    2.000000    0.000000   -0.000003    0.000000
   45  4  -36.503021    4.000000    0.000000    0.000000    0.000000
   49  2  -36.363731    2.000000    0.000000    0.000000    0.000000
   51  4  -36.343964    4.000000    0.000000    0.000000    0.000000
   55  4  -36.250159    4.000000    0.000000    0.000000    0.000000
   59  2  -36.106082    2.000000    0.000000    0.000000    0.000000
   61  4  -16.737915    4.000000    0.000000    0.000000    0.000000
   65  2   -7.738682    2.000000    0.000000    0.000000    0.000000
   67  2   -7.733579    2.000000    0.000000    0.000000    0.000000
   69  2   -7.725892    2.000000    0.000000   -0.000001    0.000000
   71  2   -7.719096    2.000000    0.000000    0.000000    0.000000
   73  2   -7.527994    2.000000    0.000000    0.000000    0.000000
   75  2   -7.466110    2.000000    0.000000    0.000000    0.000000
   77  2   -7.441395    2.000000    0.000000    0.000000    0.000000
   79  2   -7.395818    2.000000    0.000000    0.000000    0.000000
   81  2   -7.366415    2.000000    0.000000    0.000000    0.000000
   83  2   -7.275583    2.000000    0.000000    0.000000    0.000000
   85  2   -7.257814    2.000000    0.000000    0.000000    0.000000
   87  2   -7.242382    2.000000    0.000000    0.000000    0.000000
   89  2   -7.218956    2.000000    0.000000    0.000000    0.000000
   91  2   -7.156741    2.000000    0.000000    0.000001    0.000000
   93  2   -7.103135    2.000000    0.000000   -0.000000    0.000000
   95  2   -7.000024    2.000000    0.000000    0.000000    0.000000
   97  4   -5.406389    4.000000    0.000000    0.000000    0.000000
  101  4   -3.708348    4.000000    0.000000    0.000000    0.000000
  105  4   -3.026287    4.000000    0.000000    0.000000    0.000000
  109  2   -0.969127    2.000000    0.000000    0.000000    0.000000
  111  2   -0.920347    2.000000    0.000000   -0.000000    0.000000
  113  2   -0.891363    2.000000    0.000000    0.000000    0.000000
  115  2   -0.774903    2.000000    0.000000    0.000000    0.000000
  117  2   -0.434866    2.000000    0.000000    0.000000    0.000000
  119  2   -0.282948    2.000000    0.000000    0.000000    0.000000
  121  2   -0.147110    2.000000    0.000000   -0.000001    0.000000
  123  2   -0.061896    2.000000    0.000000    0.000001    0.000000
  125  2    0.056770    2.000000    0.000000    0.000000    0.000000
  127  2    0.206047    2.000000    0.000000    0.000000    0.000000
  129  2    0.338138    2.000000    0.000000    0.000001    0.000000
  131  2    0.381873    2.000000    0.000000   -0.000000    0.000000
  133  2    0.412259    2.000000    0.000000    0.000003    0.000000
  135  2    0.420000    2.000000    0.000000   -0.000000    0.000000
  137  2    0.509235    2.000000    0.000000   -0.000001    0.000000
  139  2    0.570981    2.000000    0.000000    0.000000    0.000000
  141  2    0.997503    2.000000    0.000000    0.000005    0.000000
  143  2    1.035220    2.000000    0.000000   -0.000004    0.000000
  145  2    1.134531    2.000000    0.000000    0.000002    0.000000
  147  2    1.140854    2.000000    0.000000   -0.000003    0.000000
  149  2    1.258686    2.000000    0.000000    0.000003    0.000000
  151  2    1.273468    2.000000    0.000000   -0.000001    0.000000
  153  2    1.300923    2.000000    0.000000   -0.000005    0.000000
  155  2    1.367840    2.000000    0.000000    0.000000    0.000000
  157  2    1.432326    2.000000    0.000000    0.000006    0.000000
  159  2    1.491782    2.000000    0.000000    0.000182    0.000000
  161  2    1.496251    2.000000    0.000000    0.000003    0.000000
  163  2    1.508689    2.000000    0.000000    0.000003    0.000000
  165  2    1.654861    2.000000    0.000000    0.000001    0.000000
  167  2    1.727668    2.000000    0.000000   -0.000004    0.000000
  169  2    1.833981    2.000000    0.000000    0.000001    0.000000
  171  2    1.851911    2.000000    0.000000    0.000003    0.000000
  173  2    1.957163    2.000000    0.000000    0.000000    0.000000
  175  2    2.074306    2.000000    0.000000   -0.000001    0.000000
  177  2    2.100917    2.000000    0.000000    0.000002    0.000000
  179  2    2.154282    2.000000    0.000000   -0.000023    0.000000
  181  2    2.190117    2.000000    0.000000    0.000001    0.000000
  183  2    2.209344    2.000000    0.000000   -0.000001    0.000000
  185  2    2.246728    2.000000    0.000000    0.000000    0.000000
  187  2    2.354848    2.000000    0.000000    0.000001    0.000000
  189  2    2.423069    2.000000    0.000000    0.000012    0.000000
  191  2    2.493061    2.000000    0.000000    0.000034    0.000000
  193  2    2.508552    2.000000    0.000000    0.000045    0.000000
  195  2    2.545043    2.000000    0.000000    0.000032    0.000000
  197  2    2.564835    2.000000    0.000000   -0.000044    0.000000
  199  2    2.596495    2.000000    0.000000   -0.000068    0.000000
  201  2    2.617568    2.000000    0.000000   -0.000019    0.000000
  203  2    2.662372    2.000000    0.000000    0.000002    0.000000
  205  2    2.688929    2.000000    0.000000    0.000000    0.000000
  207  2    2.701793    2.000000    0.000000   -0.000010    0.000000
  209  2    2.742449    2.000000    0.000000   -0.000047    0.000000
  211  2    2.757672    2.000000    0.000000    0.000026    0.000000
  213  2    2.769269    2.000000    0.000000   -0.000006    0.000000
  215  2    2.842902    2.000000    0.000000   -0.000066    0.000000
  217  2    2.857695    2.000000    0.000000    0.000010    0.000000
  219  2    2.934690    2.000000    0.000000    0.000060    0.000000
  221  2    2.950163    2.000000    0.000000   -0.000007    0.000000
  223  2    3.030803    2.000000    0.000000    0.000007    0.000000
  225  2    3.175194    2.000000    0.000000    0.000004    0.000000
  227  2    3.209179    2.000000    0.000000    0.000000    0.000000
  229  2    3.277093    2.000000    0.000000    0.000004    0.000000
  231  2    3.358400    2.000000    0.000000    0.000002    0.000000
  233  2    3.690440    2.000000    0.000000    0.000001    0.000000
  235  2    5.555595    2.000000    0.000000    0.000001    0.000000
  237  2    5.716629    2.000000    0.000000    0.000001    0.000000
  239  2    5.818747    2.000000    0.000000    0.000001    0.000000
  241  2    5.835061    2.000000    0.000000   -0.000002    0.000000
  243  2    6.085407    2.000000    0.000000    0.000002    0.000000
  245  2    6.230575    2.000000    0.000000    0.000000    0.000000
  247  2    6.283208    2.000000    0.000000   -0.000000    0.000000
  249  2    6.348312    2.000000    0.000000    0.000001    0.000000
  251  2    6.465688    2.000000    0.000000    0.000001    0.000000
  253  2    6.546448    2.000000    0.000000   -0.000003    0.000000
  255  2    6.842984    2.000000    0.000000    0.000001    0.000000
  257  2    7.088241    2.000000    0.000000    0.000004    0.000000
  259  2    7.259964    2.000000    0.000000    0.000099    0.000000
  261  2    7.285138    2.000000    0.000000    0.000065    0.000000
  263  2    7.448443    2.000000    0.000000    0.000283    0.000000
  265  2    7.464896    2.000000    0.000000    0.000356    0.000000
  267  2    7.516519    2.000000    0.000000    0.000045    0.000000
  269  1    7.706179    1.000000    0.000000    0.881341    0.000000
  270  1    7.707192    1.000000    0.000000   -0.878474    0.000000
  271  1    7.754317    1.000000    0.000000   -0.456354    0.000000
  272  1    7.759149    1.000000    0.000000    0.451355    0.000000
  273  1    7.845137    1.000000    0.000000    0.298776    0.000000
  274  1    7.851629    1.000000    0.000000   -0.011313    0.000000
  275  1    7.860386    1.000000    0.000000   -0.352396    0.000000
  276  1    7.878682    1.000000    0.000000    0.086242    0.000000
  277  1    7.969702    1.000000    0.000000   -0.534349    0.000000
  278  1    7.983301    1.000000    0.000000    0.054231    0.000000
  279  1    7.988596    1.000000    0.000000    0.548195    0.000000
  280  1    8.045562    1.000000    0.000000    0.160785    0.000000
  2
    1    2
    1  2  -40.258951    2.000000    0.000000    0.000000    0.000000
    3  2  -40.252934    2.000000    0.000000    0.000000    0.000000
    5  4  -40.116749    4.000000    0.000000    0.000000    0.000000
    9  2  -40.026624    2.000000    0.000000    0.000000    0.000000
   11  4  -39.920297    4.000000    0.000000    0.000000    0.000000
   15  4  -39.806130    4.000000    0.000000    0.000000    0.000000
   19  2  -39.651470    2.000000    0.000000    0.000000    0.000000
   21  2  -39.515195    2.000000    0.000000    0.000000    0.000000
   23  2  -39.508605    2.000000    0.000000    0.000000    0.000000
   25  4  -39.370056    4.000000    0.000000    0.000000    0.000000
   29  2  -39.275621    2.000000    0.000000    0.000000    0.000000
   31  2  -36.938791    2.000000    0.000000    0.000000    0.000000
   33  2  -36.931151    2.000000    0.000000    0.000000    0.000000
   35  4  -36.843214    4.000000    0.000000    0.000000    0.000000
   39  2  -36.712584    2.000000    0.000000    0.000000    0.000000
   41  4  -36.550880    4.000000    0.000000    0.000000    0.000000
   45  4  -36.504331    4.000000    0.000000    0.000000    0.000000
   49  2  -36.363064    2.000000    0.000000    0.000000    0.000000
   51  2  -36.340148    2.000000    0.000000    0.000000    0.000000
   53  2  -36.332088    2.000000    0.000000    0.000000    0.000000
   55  4  -36.242670    4.000000    0.000000    0.000000    0.000000
   59  2  -36.099359    2.000000    0.000000    0.000000    0.000000
   61  4  -17.049329    4.000000    0.000000    0.000000    0.000000
   65  2   -8.906309    2.000000    0.000000    0.000000    0.000000
   67  2   -8.894695    2.000000    0.000000    0.000000    0.000000
   69  2   -8.571204    2.000000    0.000000    0.000000    0.000000
   71  2   -8.525357    2.000000    0.000000    0.000000    0.000000
   73  2   -8.131633    2.000000    0.000000    0.000000    0.000000
   75  2   -8.069168    2.000000    0.000000    0.000000    0.000000
   77  2   -7.778666    2.000000    0.000000    0.000000    0.000000
   79  2   -7.749200    2.000000    0.000000    0.000000    0.000000
   81  2   -7.564182    2.000000    0.000000    0.000000    0.000000
   83  2   -7.504078    2.000000    0.000000    0.000000    0.000000
   85  2   -7.447967    2.000000    0.000000    0.000000    0.000000
   87  2   -7.362589    2.000000    0.000000    0.000000    0.000000
   89  2   -7.342725    2.000000    0.000000   -0.000002    0.000000
   91  2   -7.262303    2.000000    0.000000    0.000000    0.000000
   93  2   -7.107212    2.000000    0.000000    0.000000    0.000000
   95  2   -7.099733    2.000000    0.000000   -0.000001    0.000000
   97  2   -4.643017    2.000000    0.000000    0.000000    0.000000
   99  2   -4.642009    2.000000    0.000000    0.000000    0.000000
  101  2   -3.395896    2.000000    0.000000    0.000000    0.000000
  103  2   -3.394573    2.000000    0.000000    0.000000    0.000000
  105  4   -2.562663    4.000000    0.000000    0.000000    0.000000
  109  2   -0.849495    2.000000    0.000000    0.000000    0.000000
  111  2   -0.825735    2.000000    0.000000    0.000000    0.000000
  113  2   -0.601723    2.000000    0.000000    0.000000    0.000000
  115  2   -0.416972    2.000000    0.000000    0.000001    0.000000
  117  2   -0.084310    2.000000    0.000000    0.000001    0.000000
  119  2    0.071602    2.000000    0.000000    0.000000    0.000000
  121  2    0.270904    2.000000    0.000000    0.000000    0.000000
  123  2    0.349336    2.000000    0.000000   -0.000000    0.000000
  125  2    0.501966    2.000000    0.000000    0.000000    0.000000
  127  2    0.588812    2.000000    0.000000    0.000000    0.000000
  129  2    0.620258    2.000000    0.000000   -0.000006    0.000000
  131  2    0.649539    2.000000    0.000000    0.000005    0.000000
  133  2    0.913671    2.000000    0.000000    0.000000    0.000000
  135  2    0.972375    2.000000    0.000000   -0.000001    0.000000
  137  2    1.052197    2.000000    0.000000    0.000000    0.000000
  139  2    1.206455    2.000000    0.000000    0.000000    0.000000
  141  2    1.231447    2.000000    0.000000   -0.000000    0.000000
  143  2    1.258737    2.000000    0.000000    0.000000    0.000000
  145  2    1.358349    2.000000    0.000000   -0.000000    0.000000
  147  2    1.388766    2.000000    0.000000    0.000000    0.000000
  149  2    1.492015    2.000000    0.000000    0.000000    0.000000
  151  2    1.534040    2.000000    0.000000    0.000010    0.000000
  153  2    1.540756    2.000000    0.000000   -0.000006    0.000000
  155  2    1.600923    2.000000    0.000000    0.000005    0.000000
  157  2    1.614562    2.000000    0.000000    0.000009    0.000000
  159  2    1.755464    2.000000    0.000000   -0.000001    0.000000
  161  2    1.784707    2.000000    0.000000    0.000004    0.000000
  163  2    1.858555    2.000000    0.000000    0.000006    0.000000
  165  2    1.887787    2.000000    0.000000   -0.000003    0.000000
  167  2    1.910492    2.000000    0.000000    0.000008    0.000000
  169  2    1.930346    2.000000    0.000000   -0.000005    0.000000
  171  2    2.108706    2.000000    0.000000    0.000001    0.000000
  173  2    2.159937    2.000000    0.000000    0.000000    0.000000
  175  2    2.174349    2.000000    0.000000    0.000183    0.000000
  177  2    2.270632    2.000000    0.000000    0.000000    0.000000
  179  2    2.286020    2.000000    0.000000   -0.000007    0.000000
  181  2    2.351126    2.000000    0.000000    0.000000    0.000000
  183  2    2.428025    2.000000    0.000000    0.000006    0.000000
  185  2    2.443377    2.000000    0.000000   -0.000027    0.000000
  187  2    2.577821    2.000000    0.000000    0.000072    0.000000
  189  2    2.579918    2.000000    0.000000    0.000029    0.000000
  191  2    2.657063    2.000000    0.000000    0.000001    0.000000
  193  2    2.821320    2.000000    0.000000    0.000009    0.000000
  195  2    2.832467    2.000000    0.000000   -0.000002    0.000000
  197  2    2.957669    2.000000    0.000000   -0.000003    0.000000
  199  2    2.971403    2.000000    0.000000   -0.000001    0.000000
  201  2    2.982976    2.000000    0.000000    0.000034    0.000000
  203  2    3.014944    2.000000    0.000000   -0.000008    0.000000
  205  2    3.053772    2.000000    0.000000   -0.000068    0.000000
  207  2    3.090335    2.000000    0.000000    0.000002    0.000000
  209  2    3.159401    2.000000    0.000000   -0.000002    0.000000
  211  2    3.260369    2.000000    0.000000    0.000004    0.000000
  213  2    3.389438    2.000000    0.000000   -0.000001    0.000000
  215  2    3.611719    2.000000    0.000000   -0.000001    0.000000
  217  2    3.695747    2.000000    0.000000    0.000012    0.000000
  219  2    3.750225    2.000000    0.000000   -0.000000    0.000000
  221  2    3.762931    2.000000    0.000000    0.000003    0.000000
  223  2    3.806586    2.000000    0.000000   -0.000001    0.000000
  225  2    3.830132    2.000000    0.000000    0.000003    0.000000
  227  2    4.054831    2.000000    0.000000    0.000003    0.000000
  229  2    4.084485    2.000000    0.000000   -0.000004    0.000000
  231  2    4.132566    2.000000    0.000000    0.000000    0.000000
  233  2    4.292370    2.000000    0.000000    0.000000    0.000000
  235  2    5.816886    2.000000    0.000000    0.000000    0.000000
  237  2    6.106078    2.000000    0.000000    0.000000    0.000000
  239  2    6.153864    2.000000    0.000000    0.000000    0.000000
  241  2    6.190265    2.000000    0.000000    0.000000    0.000000
  243  2    6.362464    2.000000    0.000000   -0.000000    0.000000
  245  2    6.468346    2.000000    0.000000    0.000000    0.000000
  247  2    6.504990    2.000000    0.000000    0.000002    0.000000
  249  2    6.555719    2.000000    0.000000   -0.000002    0.000000
  251  2    6.568433    2.000000    0.000000   -0.000005    0.000000
  253  2    6.621575    2.000000    0.000000   -0.000001    0.000000
  255  2    6.758332    2.000000    0.000000   -0.000001    0.000000
  257  2    6.796207    2.000000    0.000000   -0.000000    0.000000
  259  2    6.969151    2.000000    0.000000    0.000002    0.000000
  261  2    7.017082    2.000000    0.000000   -0.000002    0.000000
  263  2    7.229252    2.000000    0.000000   -0.000042    0.000000
  265  2    7.338691    2.000000    0.000000    0.000021    0.000000
  267  2    7.562169    2.000000    0.000000   -0.000951    0.000000
  269  1    7.695623    1.000000    0.000000   -0.795215    0.000000
  270  1    7.697338    1.000000    0.000000    0.798498    0.000000
  271  1    7.760563    1.000000    0.000000   -0.512565    0.000000
  272  1    7.770398    1.000000    0.000000    0.604452    0.000000
  273  1    7.790408    1.000000    0.000000   -0.752758    0.000000
  274  1    7.793344    1.000000    0.000000   -0.105108    0.000000
  275  1    7.804235    1.000000    0.000000    0.576971    0.000000
  276  1    7.830312    1.000000    0.000000    0.109343    0.000000
  277  1    7.958220    1.000000    0.000000    0.631438    0.000000
  278  1    7.962661    1.000000    0.000000   -0.528881    0.000000
  279  1    7.994957    1.000000    0.000000   -0.119390    0.000000
  280  1    8.014408    1.000000    0.000000    0.059905    0.000000
  2
    1    2
    1  4  -40.261862    4.000000    0.000000    0.000000    0.000000
    5  4  -40.122433    4.000000    0.000000    0.000000    0.000000
    9  2  -40.032825    2.000000    0.000000    0.000000    0.000000
   11  4  -39.920164    4.000000    0.000000    0.000000    0.000000
   15  4  -39.805152    4.000000    0.000000    0.000000    0.000000
   19  2  -39.651408    2.000000    0.000000    0.000000    0.000000
   21  4  -39.518485    4.000000    0.000000    0.000000    0.000000
   25  4  -39.376714    4.000000    0.000000    0.000000    0.000000
   29  2  -39.281396    2.000000    0.000000    0.000000    0.000000
   31  4  -36.942481    4.000000    0.000000    0.000000    0.000000
   35  4  -36.850781    4.000000    0.000000    0.000000    0.000000
   39  2  -36.719675    2.000000    0.000000    0.000000    0.000000
   41  2  -36.550810    2.000000    0.000000   -0.000003    0.000000
   43  2  -36.549374    2.000000    0.000000    0.000003    0.000000
   45  4  -36.503020    4.000000    0.000000    0.000000    0.000000
   49  2  -36.363732    2.000000    0.000000    0.000000    0.000000
   51  4  -36.343963    4.000000    0.000000    0.000000    0.000000
   55  4  -36.250158    4.000000    0.000000    0.000000    0.000000
   59  2  -36.106081    2.000000    0.000000    0.000000    0.000000
   61  4  -16.737915    4.000000    0.000000    0.000000    0.000000
   65  2   -7.738673    2.000000    0.000000    0.000000    0.000000
   67  2   -7.733599    2.000000    0.000000    0.000000    0.000000
   69  2   -7.725877    2.000000    0.000000   -0.000000    0.000000
   71  2   -7.719098    2.000000    0.000000    0.000000    0.000000
   73  2   -7.528002    2.000000    0.000000    0.000000    0.000000
   75  2   -7.466089    2.000000    0.000000    0.000000    0.000000
   77  2   -7.441413    2.000000    0.000000    0.000000    0.000000
   79  2   -7.395814    2.000000    0.000000    0.000000    0.000000
   81  2   -7.366397    2.000000    0.000000    0.000000    0.000000
   83  2   -7.275655    2.000000    0.000000    0.000000    0.000000
   85  2   -7.257765    2.000000    0.000000   -0.000000    0.000000
   87  2   -7.242392    2.000000    0.000000    0.000000    0.000000
   89  2   -7.218942    2.000000    0.000000    0.000000    0.000000
   91  2   -7.156740    2.000000    0.000000    0.000001    0.000000
   93  2   -7.103142    2.000000    0.000000   -0.000000    0.000000
   95  2   -7.000021    2.000000    0.000000    0.000000    0.000000
   97  4   -5.406403    4.000000    0.000000    0.000000    0.000000
  101  4   -3.708347    4.000000    0.000000    0.000000    0.000000
  105  4   -3.026281    4.000000    0.000000    0.000000    0.000000
  109  2   -0.969209    2.000000    0.000000    0.000000    0.000000
  111  2   -0.920238    2.000000    0.000000    0.000000    0.000000
  113  2   -0.891397    2.000000    0.000000    0.000000    0.000000
  115  2   -0.774860    2.000000    0.000000    0.000000    0.000000
  117  2   -0.434939    2.000000    0.000000    0.000000    0.000000
  119  2   -0.282984    2.000000    0.000000    0.000000    0.000000
  121  2   -0.147147    2.000000    0.000000    0.000000    0.000000
  123  2   -0.061780    2.000000    0.000000    0.000000    0.000000
  125  2    0.056883    2.000000    0.000000    0.000000    0.000000
  127  2    0.206067    2.000000    0.000000   -0.000000    0.000000
  129  2    0.338144    2.000000    0.000000    0.000001    0.000000
  131  2    0.381778    2.000000    0.000000   -0.000001    0.000000
  133  2    0.412060    2.000000    0.000000    0.000002    0.000000
  135  2    0.420039    2.000000    0.000000   -0.000000    0.000000
  137  2    0.509237    2.000000    0.000000    0.000000    0.000000
  139  2    0.571018    2.000000    0.000000    0.000000    0.000000
  141  2    0.997417    2.000000    0.000000    0.000000    0.000000
  143  2    1.035208    2.000000    0.000000    0.000008    0.000000
  145  2    1.134809    2.000000    0.000000    0.000001    0.000000
  147  2    1.140570    2.000000    0.000000    0.000002    0.000000
  149  2    1.258489    2.000000    0.000000    0.000005    0.000000
  151  2    1.273562    2.000000    0.000000   -0.000005    0.000000
  153  2    1.301271    2.000000    0.000000    0.000004    0.000000
  155  2    1.367699    2.000000    0.000000    0.000000    0.000000
  157  2    1.431652    2.000000    0.000000    0.000010    0.000000
  159  2    1.492100    2.000000    0.000000    0.000153    0.000000
  161  2    1.496914    2.000000    0.000000    0.000009    0.000000
  163  2    1.508401    2.000000    0.000000    0.000017    0.000000
  165  2    1.654768    2.000000    0.000000    0.000001    0.000000
  167  2    1.727729    2.000000    0.000000    0.000002    0.000000
  169  2    1.834263    2.000000    0.000000   -0.000004    0.000000
  171  2    1.851908    2.000000    0.000000    0.000003    0.000000
  173  2    1.957245    2.000000    0.000000    0.000001    0.000000
  175  2    2.074213    2.000000    0.000000   -0.000002    0.000000
  177  2    2.100959    2.000000    0.000000    0.000001    0.000000
  179  2    2.154206    2.000000    0.000000   -0.000039    0.000000
  181  2    2.189975    2.000000    0.000000    0.000004    0.000000
  183  2    2.209311    2.000000    0.000000    0.000014    0.000000
  185  2    2.246822    2.000000    0.000000    0.000000    0.000000
  187  2    2.354769    2.000000    0.000000    0.000005    0.000000
  189  2    2.422701    2.000000    0.000000   -0.000003    0.000000
  191  2    2.494006    2.000000    0.000000    0.000072    0.000000
  193  2    2.507990    2.000000    0.000000    0.000056    0.000000
  195  2    2.546171    2.000000    0.000000   -0.000009    0.000000
  197  2    2.564290    2.000000    0.000000    0.000000    0.000000
  199  2    2.596696    2.000000    0.000000   -0.000023    0.000000
  201  2    2.616186    2.000000    0.000000    0.000000    0.000000
  203  2    2.662201    2.000000    0.000000    0.000010    0.000000
  205  2    2.689593    2.000000    0.000000   -0.000041    0.000000
  207  2    2.701771    2.000000    0.000000   -0.000002    0.000000
  209  2    2.743433    2.000000    0.000000   -0.000098    0.000000
  211  2    2.757999    2.000000    0.000000    0.000014    0.000000
  213  2    2.768196    2.000000    0.000000   -0.000064    0.000000
  215  2    2.842672    2.000000    0.000000   -0.000009    0.000000
  217  2    2.857445    2.000000    0.000000   -0.000054    0.000000
  219  2    2.936713    2.000000    0.000000    0.000064    0.000000
  221  2    2.948749    2.000000    0.000000   -0.000001    0.000000
  223  2    3.029896    2.000000    0.000000    0.000010    0.000000
  225  2    3.175472    2.000000    0.000000    0.000005    0.000000
  227  2    3.209819    2.000000    0.000000    0.000000    0.000000
  229  2    3.277191    2.000000    0.000000    0.000003    0.000000
  231  2    3.357945    2.000000    0.000000    0.000001    0.000000
  233  2    3.690473    2.000000    0.000000    0.000001    0.000000
  235  2    5.555480    2.000000    0.000000   -0.000000    0.000000
  237  2    5.717155    2.000000    0.000000    0.000000    0.000000
  239  2    5.818726    2.000000    0.000000   -0.000001    0.000000
  241  2    5.834520    2.000000    0.000000   -0.000001    0.000000
  243  2    6.085603    2.000000    0.000000   -0.000001    0.000000
  245  2    6.230681    2.000000    0.000000   -0.000000    0.000000
  247  2    6.283241    2.000000    0.000000   -0.000000    0.000000
  249  2    6.348468    2.000000    0.000000    0.000000    0.000000
  251  2    6.465331    2.000000    0.000000   -0.000000    0.000000
  253  2    6.546377    2.000000    0.000000   -0.000000    0.000000
  255  2    6.842971    2.000000    0.000000   -0.000000    0.000000
  257  2    7.088250    2.000000    0.000000    0.000004    0.000000
  259  2    7.260071    2.000000    0.000000   -0.000020    0.000000
  261  2    7.285177    2.000000    0.000000   -0.000117    0.000000
  263  2    7.447505    2.000000    0.000000   -0.000221    0.000000
  265  2    7.465335    2.000000    0.000000   -0.000262    0.000000
  267  2    7.517065    2.000000    0.000000    0.000950    0.000000
  269  1    7.706222    1.000000    0.000000   -0.660902    0.000000
  270  1    7.712846    1.000000    0.000000    0.612209    0.000000
  271  1    7.754106    1.000000    0.000000    0.825667    0.000000
  272  1    7.764223    1.000000    0.000000   -0.742084    0.000000
  273  2    7.847369    2.000000    0.000000    0.019432    0.000000
  275  1    7.852074    1.000000    0.000000   -0.388916    0.000000
  276  1    7.868991    1.000000    0.000000    0.345089    0.000000
  277  1    7.971072    1.000000    0.000000    0.189612    0.000000
  278  1    7.984869    1.000000    0.000000   -0.800245    0.000000
  279  1    8.020350    1.000000    0.000000    0.716238    0.000000
  280  1    8.046628    1.000000    0.000000   -0.473199    0.000000
  2
    1    2
    1  4  -40.261864    4.000000    0.000000   -0.000008    0.000000
    5  4  -40.122435    4.000000    0.000000   -0.000018    0.000000
    9  2  -40.032827    2.000000    0.000000   -2.000000    0.000000
   11  4  -39.920165    4.000000    0.000000    0.000004    0.000000
   15  4  -39.805153    4.000000    0.000000    0.000004    0.000000
   19  2  -39.651408    2.000000    0.000000   -2.000000    0.000000
   21  4  -39.518487    4.000000    0.000000   -0.000006    0.000000
   25  4  -39.376715    4.000000    0.000000    0.000020    0.000000
   29  2  -39.281397    2.000000    0.000000   -2.000000    0.000000
   31  4  -36.942484    4.000000    0.000000   -0.000007    0.000000
   35  4  -36.850784    4.000000    0.000000   -0.000020    0.000000
   39  2  -36.719678    2.000000    0.000000   -2.000000    0.000000
   41  2  -36.550811    2.000000    0.000000    1.995517    0.000000
   43  2  -36.549371    2.000000    0.000000   -1.995514    0.000000
   45  4  -36.503020    4.000000    0.000000   -0.000019    0.000000
   49  2  -36.363732    2.000000    0.000000   -2.000000    0.000000
   51  4  -36.343966    4.000000    0.000000   -0.000004    0.000000
   55  4  -36.250163    4.000000    0.000000    0.000011    0.000000
   59  2  -36.106085    2.000000    0.000000   -2.000000    0.000000
   61  4  -16.737925    4.000000    0.000000    0.000000    0.000000
   65  2   -7.741093    2.000000    0.000000   -1.999905    0.000000
   67  2   -7.735625    2.000000    0.000000    1.999906    0.000000
   69  2   -7.721052    2.000000    0.000000    1.999191    0.000000
   71  2   -7.718968    2.000000    0.000000   -1.999191    0.000000
   73  2   -7.527187    2.000000    0.000000   -2.000000    0.000000
   75  2   -7.459581    2.000000    0.000000   -1.999907    0.000000
   77  2   -7.455777    2.000000    0.000000    1.999907    0.000000
   79  2   -7.394974    2.000000    0.000000   -2.000000    0.000000
   81  2   -7.359212    2.000000    0.000000    2.000000    0.000000
   83  2   -7.270560    2.000000    0.000000    1.999976    0.000000
   85  2   -7.261807    2.000000    0.000000   -1.999966    0.000000
   87  2   -7.252029    2.000000    0.000000    1.999991    0.000000
   89  2   -7.212086    2.000000    0.000000    1.999998    0.000000
   91  2   -7.136352    2.000000    0.000000   -1.999966    0.000000
   93  2   -7.127321    2.000000    0.000000    1.999966    0.000000
   95  2   -6.996203    2.000000    0.000000   -1.999999    0.000000
   97  2   -5.407267    2.000000    0.000000    2.000000    0.000000
   99  2   -5.405227    2.000000    0.000000   -2.000000    0.000000
  101  2   -3.709117    2.000000    0.000000    2.000000    0.000000
  103  2   -3.706928    2.000000    0.000000   -2.000000    0.000000
  105  2   -3.026516    2.000000    0.000000    2.000000    0.000000
  107  2   -3.025025    2.000000    0.000000   -2.000000    0.000000
  109  2   -0.994944    2.000000    0.000000    2.000000    0.000000
  111  2   -0.909049    2.000000    0.000000    2.000000    0.000000
  113  2   -0.897507    2.000000    0.000000   -1.999999    0.000000
  115  2   -0.740709    2.000000    0.000000   -2.000000    0.000000
  117  2   -0.421540    2.000000    0.000000    2.000000    0.000000
  119  2   -0.266051    2.000000    0.000000   -2.000000    0.000000
  121  2   -0.151510    2.000000    0.000000    2.000000    0.000000
  123  2   -0.039128    2.000000    0.000000    1.999999    0.000000
  125  2   -0.008584    2.000000    0.000000   -1.999999    0.000000
  127  2    0.123020    2.000000    0.000000    2.000000    0.000000
  129  2    0.268786    2.000000    0.000000   -2.000000    0.000000
  131  2    0.330283    2.000000    0.000000    2.000000    0.000000
  133  2    0.436481    2.000000    0.000000   -2.000000    0.000000
  135  2    0.502422    2.000000    0.000000   -2.000000    0.000000
  137  2    0.618968    2.000000    0.000000   -1.999999    0.000000
  139  2    0.647548    2.000000    0.000000    2.000000    0.000000
  141  2    0.897438    2.000000    0.000000    2.000000    0.000000
  143  2    1.000792    2.000000    0.000000   -2.000000    0.000000
  145  2    1.184227    2.000000    0.000000    2.000000    0.000000
  147  2    1.202190    2.000000    0.000000   -2.000000    0.000000
  149  2    1.277814    2.000000    0.000000    2.000000    0.000000
  151  2    1.284264    2.000000    0.000000    2.000000    0.000000
  153  2    1.349513    2.000000    0.000000   -1.999999    0.000000
  155  2    1.363048    2.000000    0.000000    1.999999    0.000000
  157  2    1.386188    2.000000    0.000000   -1.999999    0.000000
  159  2    1.410188    2.000000    0.000000    2.000000    0.000000
  161  2    1.516660    2.000000    0.000000    2.000000    0.000000
  163  2    1.561315    2.000000    0.000000   -2.000000    0.000000
  165  2    1.650373    2.000000    0.000000   -1.999998    0.000000
  167  2    1.655865    2.000000    0.000000    1.999999    0.000000
  169  2    1.793887    2.000000    0.000000   -2.000000    0.000000
  171  2    1.836707    2.000000    0.000000    2.000000    0.000000
  173  2    1.977826    2.000000    0.000000    2.000000    0.000000
  175  2    2.046111    2.000000    0.000000    1.999999    0.000000
  177  2    2.058250    2.000000    0.000000   -1.999999    0.000000
  179  2    2.131849    2.000000    0.000000   -2.000000    0.000000
  181  2    2.183157    2.000000    0.000000    2.000000    0.000000
  183  2    2.255632    2.000000    0.000000   -2.000000    0.000000
  185  2    2.283416    2.000000    0.000000   -1.999999    0.000000
  187  2    2.302117    2.000000    0.000000    1.999999    0.000000
  189  2    2.467924    2.000000    0.000000    2.000000    0.000000
  191  2    2.498193    2.000000    0.000000    1.999999    0.000000
  193  2    2.517048    2.000000    0.000000   -1.999997    0.000000
  195  2    2.584331    2.000000    0.000000   -2.000000    0.000000
  197  2    2.597759    2.000000    0.000000   -1.999995    0.000000
  199  2    2.610197    2.000000    0.000000    1.999995    0.000000
  201  2    2.631485    2.000000    0.000000   -2.000000    0.000000
  203  2    2.668761    2.000000    0.000000    2.000000    0.000000
  205  2    2.688269    2.000000    0.000000    1.999999    0.000000
  207  2    2.701820    2.000000    0.000000   -1.999999    0.000000
  209  2    2.732570    2.000000    0.000000    2.000000    0.000000
  211  2    2.743159    2.000000    0.000000   -2.000000    0.000000
  213  2    2.786006    2.000000    0.000000    2.000000    0.000000
  215  2    2.847997    2.000000    0.000000    1.999999    0.000000
  217  2    2.855201    2.000000    0.000000   -1.999998    0.000000
  219  2    2.879757    2.000000    0.000000    1.999998    0.000000
  221  2    2.900437    2.000000    0.000000   -1.999999    0.000000
  223  2    3.113586    2.000000    0.000000    2.000000    0.000000
  225  2    3.134448    2.000000    0.000000   -2.000000    0.000000
  227  2    3.223291    2.000000    0.000000    2.000000    0.000000
  229  2    3.305935    2.000000    0.000000   -1.999998    0.000000
  231  2    3.316633    2.000000    0.000000    1.999997    0.000000
  233  2    3.694099    2.000000    0.000000   -2.000000    0.000000
  235  2    5.566900    2.000000    0.000000   -2.000000    0.000000
  237  2    5.707566    2.000000    0.000000    2.000000    0.000000
  239  2    5.809338    2.000000    0.000000   -1.999998    0.000000
  241  2    5.840709    2.000000    0.000000    1.999999    0.000000
  243  2    6.101519    2.000000    0.000000    2.000000    0.000000
  245  2    6.244945    2.000000    0.000000    1.999999    0.000000
  247  2    6.257307    2.000000    0.000000   -1.999999    0.000000
  249  2    6.360477    2.000000    0.000000   -2.000000    0.000000
  251  2    6.408355    2.000000    0.000000    2.000000    0.000000
  253  2    6.568530    2.000000    0.000000    2.000000    0.000000
  255  2    6.902717    2.000000    0.000000    2.000000    0.000000
  257  2    7.083255    2.000000    0.000000    1.999926    0.000000
  259  2    7.087131    2.000000    0.000000   -1.999920    0.000000
  261  2    7.395122    2.000000    0.000000   -1.999788    0.000000
  263  2    7.462182    2.000000    0.000000    1.999382    0.000000
  265  2    7.506506    2.000000    0.000000   -1.998966    0.000000
  267  2    7.578995    2.000000    0.000000    1.998995    0.000000
  269  2    7.605496    2.000000    0.000000   -1.995643    0.000000
  271  1    7.790420    1.000000    0.000000    0.985547    0.000000
  272  1    7.794104    1.000000    0.000000    0.939076    0.000000
  273  1    7.829059    1.000000    0.000000   -0.922889    0.000000
  274  1    7.838260    1.000000    0.000000   -0.753641    0.000000
  275  1    7.862646    1.000000    0.000000    0.837968    0.000000
  276  1    7.883657    1.000000    0.000000    0.764472    0.000000
  277  1    7.966426    1.000000    0.000000   -0.701724    0.000000
  278  1    7.982844    1.000000    0.000000   -0.308714    0.000000
  279  1    8.026764    1.000000    0.000000    0.952731    0.000000
  280  1    8.046077    1.000000    0.000000    0.984780    0.000000
  2
    1    2
    1  4  -40.261865    4.000000    0.000000    0.000008    0.000000
    5  4  -40.122435    4.000000    0.000000   -0.000018    0.000000
    9  2  -40.032827    2.000000    0.000000   -2.000000    0.000000
   11  4  -39.920166    4.000000    0.000000   -0.000004    0.000000
   15  4  -39.805153    4.000000    0.000000    0.000005    0.000000
   19  2  -39.651408    2.000000    0.000000   -2.000000    0.000000
   21  4  -39.518487    4.000000    0.000000    0.000006    0.000000
   25  4  -39.376715    4.000000    0.000000    0.000020    0.000000
   29  2  -39.281397    2.000000    0.000000   -2.000000    0.000000
   31  4  -36.942485    4.000000    0.000000    0.000007    0.000000
   35  4  -36.850783    4.000000    0.000000   -0.000021    0.000000
   39  2  -36.719678    2.000000    0.000000   -2.000000    0.000000
   41  2  -36.550812    2.000000    0.000000   -1.995524    0.000000
   43  2  -36.549371    2.000000    0.000000    1.995521    0.000000
   45  4  -36.503021    4.000000    0.000000   -0.000017    0.000000
   49  2  -36.363732    2.000000    0.000000   -2.000000    0.000000
   51  4  -36.343966    4.000000    0.000000    0.000004    0.000000
   55  4  -36.250162    4.000000    0.000000    0.000011    0.000000
   59  2  -36.106084    2.000000    0.000000   -2.000000    0.000000
   61  4  -16.737925    4.000000    0.000000    0.000000    0.000000
   65  2   -7.741117    2.000000    0.000000   -1.999909    0.000000
   67  2   -7.735600    2.000000    0.000000    1.999909    0.000000
   69  2   -7.721066    2.000000    0.000000    1.999197    0.000000
   71  2   -7.718953    2.000000    0.000000   -1.999197    0.000000
   73  2   -7.527184    2.000000    0.000000   -2.000000    0.000000
   75  2   -7.459571    2.000000    0.000000   -1.999908    0.000000
   77  2   -7.455795    2.000000    0.000000    1.999908    0.000000
   79  2   -7.394972    2.000000    0.000000   -2.000000    0.000000
   81  2   -7.359198    2.000000    0.000000    2.000000    0.000000
   83  2   -7.270534    2.000000    0.000000    1.999974    0.000000
   85  2   -7.261874    2.000000    0.000000   -1.999965    0.000000
   87  2   -7.252019    2.000000    0.000000    1.999991    0.000000
   89  2   -7.212079    2.000000    0.000000    1.999998    0.000000
   91  2   -7.136351    2.000000    0.000000   -1.999966    0.000000
   93  2   -7.127314    2.000000    0.000000    1.999966    0.000000
   95  2   -6.996206    2.000000    0.000000   -1.999999    0.000000
   97  2   -5.407268    2.000000    0.000000    2.000000    0.000000
   99  2   -5.405227    2.000000    0.000000   -2.000000    0.000000
  101  2   -3.709116    2.000000    0.000000    2.000000    0.000000
  103  2   -3.706929    2.000000    0.000000   -2.000000    0.000000
  105  2   -3.026512    2.000000    0.000000    2.000000    0.000000
  107  2   -3.025030    2.000000    0.000000   -2.000000    0.000000
  109  2   -0.994828    2.000000    0.000000    2.000000    0.000000
  111  2   -0.909118    2.000000    0.000000    2.000000    0.000000
  113  2   -0.897623    2.000000    0.000000   -1.999999    0.000000
  115  2   -0.740663    2.000000    0.000000   -2.000000    0.000000
  117  2   -0.421490    2.000000    0.000000    2.000000    0.000000
  119  2   -0.265967    2.000000    0.000000   -2.000000    0.000000
  121  2   -0.151682    2.000000    0.000000    2.000000    0.000000
  123  2   -0.039204    2.000000    0.000000    1.999999    0.000000
  125  2   -0.008480    2.000000    0.000000   -1.999999    0.000000
  127  2    0.122947    2.000000    0.000000    2.000000    0.000000
  129  2    0.268870    2.000000    0.000000   -2.000000    0.000000
  131  2    0.330297    2.000000    0.000000    2.000000    0.000000
  133  2    0.436506    2.000000    0.000000   -2.000000    0.000000
  135  2    0.502407    2.000000    0.000000   -2.000000    0.000000
  137  2    0.619074    2.000000    0.000000   -1.999999    0.000000
  139  2    0.647464    2.000000    0.000000    2.000000    0.000000
  141  2    0.897381    2.000000    0.000000    2.000000    0.000000
  143  2    1.000755    2.000000    0.000000   -2.000000    0.000000
  145  2    1.184112    2.000000    0.000000    2.000000    0.000000
  147  2    1.202367    2.000000    0.000000   -2.000000    0.000000
  149  2    1.277619    2.000000    0.000000    2.000000    0.000000
  151  2    1.284858    2.000000    0.000000    2.000000    0.000000
  153  2    1.349230    2.000000    0.000000   -1.999999    0.000000
  155  2    1.362288    2.000000    0.000000    2.000000    0.000000
  157  2    1.386330    2.000000    0.000000   -2.000000    0.000000
  159  2    1.410309    2.000000    0.000000    2.000000    0.000000
  161  2    1.516467    2.000000    0.000000    2.000000    0.000000
  163  2    1.561609    2.000000    0.000000   -2.000000    0.000000
  165  2    1.650585    2.000000    0.000000   -1.999996    0.000000
  167  2    1.656133    2.000000    0.000000    1.999996    0.000000
  169  2    1.793859    2.000000    0.000000   -2.000000    0.000000
  171  2    1.836702    2.000000    0.000000    2.000000    0.000000
  173  2    1.977648    2.000000    0.000000    2.000000    0.000000
  175  2    2.046372    2.000000    0.000000    1.999999    0.000000
  177  2    2.058150    2.000000    0.000000   -1.999999    0.000000
  179  2    2.132076    2.000000    0.000000   -2.000000    0.000000
  181  2    2.182966    2.000000    0.000000    2.000000    0.000000
  183  2    2.255456    2.000000    0.000000   -2.000000    0.000000
  185  2    2.283299    2.000000    0.000000   -1.999999    0.000000
  187  2    2.302031    2.000000    0.000000    1.999999    0.000000
  189  2    2.469920    2.000000    0.000000    2.000000    0.000000
  191  2    2.497162    2.000000    0.000000    1.999999    0.000000
  193  2    2.516585    2.000000    0.000000   -1.999997    0.000000
  195  2    2.584164    2.000000    0.000000   -2.000000    0.000000
  197  2    2.597807    2.000000    0.000000   -1.999996    0.000000
  199  2    2.609268    2.000000    0.000000    1.999996    0.000000
  201  2    2.631575    2.000000    0.000000   -2.000000    0.000000
  203  2    2.668753    2.000000    0.000000    2.000000    0.000000
  205  2    2.688454    2.000000    0.000000    1.999999    0.000000
  207  2    2.701672    2.000000    0.000000   -1.999999    0.000000
  209  2    2.733229    2.000000    0.000000    2.000000    0.000000
  211  2    2.743458    2.000000    0.000000   -2.000000    0.000000
  213  2    2.785611    2.000000    0.000000    2.000000    0.000000
  215  2    2.847651    2.000000    0.000000    1.999999    0.000000
  217  2    2.855107    2.000000    0.000000   -1.999999    0.000000
  219  2    2.880024    2.000000    0.000000    1.999998    0.000000
  221  2    2.900647    2.000000    0.000000   -1.999999    0.000000
  223  2    3.114366    2.000000    0.000000    2.000000    0.000000
  225  2    3.134223    2.000000    0.000000   -2.000000    0.000000
  227  2    3.222395    2.000000    0.000000    2.000000    0.000000
  229  2    3.305697    2.000000    0.000000   -1.999998    0.000000
  231  2    3.317129    2.000000    0.000000    1.999997    0.000000
  233  2    3.694097    2.000000    0.000000   -2.000000    0.000000
  235  2    5.566991    2.000000    0.000000   -2.000000    0.000000
  237  2    5.707371    2.000000    0.000000    2.000000    0.000000
  239  2    5.809451    2.000000    0.000000   -1.999999    0.000000
  241  2    5.840651    2.000000    0.000000    1.999999    0.000000
  243  2    6.101782    2.000000    0.000000    2.000000    0.000000
  245  2    6.245087    2.000000    0.000000    2.000000    0.000000
  247  2    6.257151    2.000000    0.000000   -1.999999    0.000000
  249  2    6.360433    2.000000    0.000000   -2.000000    0.000000
  251  2    6.408387    2.000000    0.000000    2.000000    0.000000
  253  2    6.568214    2.000000    0.000000    2.000000    0.000000
  255  2    6.902850    2.000000    0.000000    2.000000    0.000000
  257  2    7.083224    2.000000    0.000000    1.999909    0.000000
  259  2    7.087045    2.000000    0.000000   -1.999900    0.000000
  261  2    7.395244    2.000000    0.000000   -1.999863    0.000000
  263  2    7.462378    2.000000    0.000000    1.999818    0.000000
  265  2    7.506346    2.000000    0.000000   -1.998879    0.000000
  267  2    7.579059    2.000000    0.000000    1.998981    0.000000
  269  2    7.605993    2.000000    0.000000   -1.996580    0.000000
  271  1    7.790760    1.000000    0.000000    0.993144    0.000000
  272  1    7.795528    1.000000    0.000000    0.953932    0.000000
  273  1    7.827618    1.000000    0.000000   -0.989661    0.000000
  274  1    7.833609    1.000000    0.000000   -0.843636    0.000000
  275  1    7.859605    1.000000    0.000000    0.982466    0.000000
  276  1    7.871691    1.000000    0.000000    0.894031    0.000000
  277  1    7.959465    1.000000    0.000000   -0.959374    0.000000
  278  1    7.966671    1.000000    0.000000   -0.756721    0.000000
  279  1    8.017904    1.000000    0.000000    0.987698    0.000000
  280  1    8.054468    1.000000    0.000000    0.990876    0.000000
  2
    1    2
    1  2  -40.258948    2.000000    0.000000   -1.999777    0.000000
    3  2  -40.252933    2.000000    0.000000    1.999777    0.000000
    5  4  -40.116750    4.000000    0.000000   -0.000006    0.000000
    9  2  -40.026623    2.000000    0.000000   -2.000000    0.000000
   11  4  -39.920296    4.000000    0.000000    0.000051    0.000000
   15  4  -39.806130    4.000000    0.000000   -0.000003    0.000000
   19  2  -39.651471    2.000000    0.000000   -2.000000    0.000000
   21  2  -39.515193    2.000000    0.000000   -1.999814    0.000000
   23  2  -39.508605    2.000000    0.000000    1.999814    0.000000
   25  4  -39.370056    4.000000    0.000000    0.000005    0.000000
   29  2  -39.275622    2.000000    0.000000   -2.000000    0.000000
   31  2  -36.938789    2.000000    0.000000   -1.999862    0.000000
   33  2  -36.931152    2.000000    0.000000    1.999861    0.000000
   35  4  -36.843212    4.000000    0.000000   -0.000006    0.000000
   39  2  -36.712581    2.000000    0.000000   -2.000000    0.000000
   41  4  -36.550882    4.000000    0.000000    0.000029    0.000000
   45  4  -36.504326    4.000000    0.000000   -0.000002    0.000000
   49  2  -36.363062    2.000000    0.000000   -2.000000    0.000000
   51  2  -36.340147    2.000000    0.000000   -1.999875    0.000000
   53  2  -36.332089    2.000000    0.000000    1.999875    0.000000
   55  4  -36.242666    4.000000    0.000000    0.000021    0.000000
   59  2  -36.099355    2.000000    0.000000   -2.000000    0.000000
   61  4  -17.049328    4.000000    0.000000    0.000000    0.000000
   65  2   -8.912868    2.000000    0.000000   -2.000000    0.000000
   67  2   -8.887232    2.000000    0.000000    2.000000    0.000000
   69  2   -8.587276    2.000000    0.000000   -2.000000    0.000000
   71  2   -8.518670    2.000000    0.000000    2.000000    0.000000
   73  2   -8.108888    2.000000    0.000000   -2.000000    0.000000
   75  2   -8.021009    2.000000    0.000000    2.000000    0.000000
   77  2   -7.831300    2.000000    0.000000    2.000000    0.000000
   79  2   -7.810149    2.000000    0.000000   -2.000000    0.000000
   81  2   -7.539631    2.000000    0.000000   -2.000000    0.000000
   83  2   -7.484055    2.000000    0.000000   -2.000000    0.000000
   85  2   -7.455477    2.000000    0.000000    2.000000    0.000000
   87  2   -7.381421    2.000000    0.000000   -1.999999    0.000000
   89  2   -7.282020    2.000000    0.000000    2.000000    0.000000
   91  2   -7.274733    2.000000    0.000000   -2.000000    0.000000
   93  2   -7.151245    2.000000    0.000000    2.000000    0.000000
   95  2   -7.069873    2.000000    0.000000    2.000000    0.000000
   97  2   -4.653308    2.000000    0.000000   -2.000000    0.000000
   99  2   -4.634299    2.000000    0.000000    2.000000    0.000000
  101  2   -3.406901    2.000000    0.000000   -2.000000    0.000000
  103  2   -3.383120    2.000000    0.000000    2.000000    0.000000
  105  2   -2.564231    2.000000    0.000000   -2.000000    0.000000
  107  2   -2.559689    2.000000    0.000000    2.000000    0.000000
  109  2   -0.949328    2.000000    0.000000    2.000000    0.000000
  111  2   -0.825063    2.000000    0.000000    2.000000    0.000000
  113  2   -0.390735    2.000000    0.000000   -2.000000    0.000000
  115  2   -0.259230    2.000000    0.000000    2.000000    0.000000
  117  2   -0.163787    2.000000    0.000000    2.000000    0.000000
  119  2   -0.065763    2.000000    0.000000   -2.000000    0.000000
  121  2    0.146057    2.000000    0.000000   -2.000000    0.000000
  123  2    0.369383    2.000000    0.000000    2.000000    0.000000
  125  2    0.463366    2.000000    0.000000   -1.999999    0.000000
  127  2    0.509873    2.000000    0.000000    1.999999    0.000000
  129  2    0.557532    2.000000    0.000000   -2.000000    0.000000
  131  2    0.824598    2.000000    0.000000   -2.000000    0.000000
  133  2    0.948833    2.000000    0.000000    2.000000    0.000000
  135  2    0.968614    2.000000    0.000000   -2.000000    0.000000
  137  2    1.058953    2.000000    0.000000   -2.000000    0.000000
  139  2    1.214301    2.000000    0.000000    2.000000    0.000000
  141  2    1.234245    2.000000    0.000000   -1.999999    0.000000
  143  2    1.246311    2.000000    0.000000    2.000000    0.000000
  145  2    1.285338    2.000000    0.000000    2.000000    0.000000
  147  2    1.371155    2.000000    0.000000   -2.000000    0.000000
  149  2    1.455417    2.000000    0.000000    2.000000    0.000000
  151  2    1.466743    2.000000    0.000000   -2.000000    0.000000
  153  2    1.594960    2.000000    0.000000    2.000000    0.000000
  155  2    1.640585    2.000000    0.000000    2.000000    0.000000
  157  2    1.664604    2.000000    0.000000   -1.999999    0.000000
  159  2    1.697268    2.000000    0.000000   -2.000000    0.000000
  161  2    1.816361    2.000000    0.000000    2.000000    0.000000
  163  2    1.833004    2.000000    0.000000    2.000000    0.000000
  165  2    1.851626    2.000000    0.000000   -2.000000    0.000000
  167  2    2.028876    2.000000    0.000000   -2.000000    0.000000
  169  2    2.044388    2.000000    0.000000    2.000000    0.000000
  171  2    2.108807    2.000000    0.000000   -2.000000    0.000000
  173  2    2.160493    2.000000    0.000000    2.000000    0.000000
  175  2    2.225715    2.000000    0.000000    2.000000    0.000000
  177  2    2.267523    2.000000    0.000000   -2.000000    0.000000
  179  2    2.278989    2.000000    0.000000   -2.000000    0.000000
  181  2    2.306767    2.000000    0.000000    2.000000    0.000000
  183  2    2.422141    2.000000    0.000000    2.000000    0.000000
  185  2    2.524151    2.000000    0.000000   -2.000000    0.000000
  187  2    2.554608    2.000000    0.000000   -2.000000    0.000000
  189  2    2.585608    2.000000    0.000000    2.000000    0.000000
  191  2    2.675212    2.000000    0.000000   -2.000000    0.000000
  193  2    2.757016    2.000000    0.000000    2.000000    0.000000
  195  2    2.857073    2.000000    0.000000   -2.000000    0.000000
  197  2    2.910900    2.000000    0.000000    2.000000    0.000000
  199  2    2.953084    2.000000    0.000000    2.000000    0.000000
  201  2    2.978249    2.000000    0.000000    2.000000    0.000000
  203  2    3.031061    2.000000    0.000000    2.000000    0.000000
  205  2    3.054792    2.000000    0.000000   -2.000000    0.000000
  207  2    3.092184    2.000000    0.000000   -2.000000    0.000000
  209  2    3.255639    2.000000    0.000000    2.000000    0.000000
  211  2    3.329696    2.000000    0.000000   -2.000000    0.000000
  213  2    3.431409    2.000000    0.000000    2.000000    0.000000
  215  2    3.503326    2.000000    0.000000    2.000000    0.000000
  217  2    3.525517    2.000000    0.000000    2.000000    0.000000
  219  2    3.573035    2.000000    0.000000   -2.000000    0.000000
  221  2    3.781776    2.000000    0.000000    2.000000    0.000000
  223  2    3.847493    2.000000    0.000000    2.000000    0.000000
  225  2    3.968051    2.000000    0.000000   -1.999999    0.000000
  227  2    4.027579    2.000000    0.000000    2.000000    0.000000
  229  2    4.057213    2.000000    0.000000   -2.000000    0.000000
  231  2    4.131024    2.000000    0.000000   -2.000000    0.000000
  233  2    4.292740    2.000000    0.000000   -2.000000    0.000000
  235  2    5.928527    2.000000    0.000000    2.000000    0.000000
  237  2    6.028925    2.000000    0.000000   -2.000000    0.000000
  239  2    6.149015    2.000000    0.000000   -2.000000    0.000000
  241  2    6.324272    2.000000    0.000000   -2.000000    0.000000
  243  2    6.364606    2.000000    0.000000    2.000000    0.000000
  245  2    6.420620    2.000000    0.000000   -1.999989    0.000000
  247  2    6.431234    2.000000    0.000000    1.999990    0.000000
  249  2    6.537040    2.000000    0.000000    2.000000    0.000000
  251  2    6.590290    2.000000    0.000000    1.999999    0.000000
  253  2    6.620791    2.000000    0.000000    2.000000    0.000000
  255  2    6.743175    2.000000    0.000000    2.000000    0.000000
  257  2    6.808081    2.000000    0.000000    2.000000    0.000000
  259  2    6.948530    2.000000    0.000000   -1.999997    0.000000
  261  2    7.009223    2.000000    0.000000   -1.999997    0.000000
  263  2    7.238679    2.000000    0.000000    1.999950    0.000000
  265  2    7.374776    2.000000    0.000000    1.999862    0.000000
  267  2    7.484259    2.000000    0.000000   -1.996314    0.000000
  269  1    7.721659    1.000000    0.000000   -0.982368    0.000000
  270  1    7.723891    1.000000    0.000000   -0.955895    0.000000
  271  1    7.779111    1.000000    0.000000    0.972190    0.000000
  272  1    7.785045    1.000000    0.000000    0.826359    0.000000
  273  1    7.806661    1.000000    0.000000   -0.910786    0.000000
  274  1    7.821057    1.000000    0.000000   -0.675514    0.000000
  275  1    7.894249    1.000000    0.000000    0.871909    0.000000
  276  1    7.908365    1.000000    0.000000    0.732380    0.000000
  277  1    7.928089    1.000000    0.000000   -0.574628    0.000000
  278  1    7.950173    1.000000    0.000000    0.442661    0.000000
  279  1    7.973219    1.000000    0.000000    0.068846    0.000000
  280  1    8.034628    1.000000    0.000000    0.009553    0.000000
  2
    1    2
    1  2  -40.258951    2.000000    0.000000    0.000000    0.000000
    3  2  -40.252937    2.000000    0.000000    0.000000    0.000000
    5  4  -40.116751    4.000000    0.000000    0.000000    0.000000
    9  2  -40.026624    2.000000    0.000000    0.000000    0.000000
   11  4  -39.920299    4.000000    0.000000    0.000000    0.000000
   15  4  -39.806131    4.000000    0.000000    0.000000    0.000000
   19  2  -39.651472    2.000000    0.000000    0.000000    0.000000
   21  2  -39.515195    2.000000    0.000000    0.000000    0.000000
   23  2  -39.508607    2.000000    0.000000    0.000000    0.000000
   25  4  -39.370057    4.000000    0.000000    0.000000    0.000000
   29  2  -39.275622    2.000000    0.000000    0.000000    0.000000
   31  2  -36.938788    2.000000    0.000000    0.000000    0.000000
   33  2  -36.931151    2.000000    0.000000    0.000000    0.000000
   35  4  -36.843215    4.000000    0.000000    0.000000    0.000000
   39  2  -36.712585    2.000000    0.000000    0.000000    0.000000
   41  4  -36.550884    4.000000    0.000000    0.000000    0.000000
   45  4  -36.504332    4.000000    0.000000    0.000000    0.000000
   49  2  -36.363065    2.000000    0.000000    0.000000    0.000000
   51  2  -36.340145    2.000000    0.000000    0.000000    0.000000
   53  2  -36.332088    2.000000    0.000000    0.000000    0.000000
   55  4  -36.242670    4.000000    0.000000    0.000000    0.000000
   59  2  -36.099358    2.000000    0.000000    0.000000    0.000000
   61  4  -17.049331    4.000000    0.000000    0.000000    0.000000
   65  2   -8.935458    2.000000    0.000000    0.000000    0.000000
   67  2   -8.929297    2.000000    0.000000    0.000000    0.000000
   69  2   -8.414868    2.000000    0.000000    0.000000    0.000000
   71  2   -8.387423    2.000000    0.000000    0.000000    0.000000
   73  2   -8.259168    2.000000    0.000000    0.000000    0.000000
   75  2   -8.232010    2.000000    0.000000    0.000000    0.000000
   77  2   -7.782886    2.000000    0.000000    0.000000    0.000000
   79  2   -7.729216    2.000000    0.000000    0.000000    0.000000
   81  2   -7.582540    2.000000    0.000000    0.000000    0.000000
   83  2   -7.529797    2.000000    0.000000    0.000000    0.000000
   85  2   -7.439733    2.000000    0.000000    0.000000    0.000000
   87  2   -7.398540    2.000000    0.000000    0.000000    0.000000
   89  2   -7.259163    2.000000    0.000000    0.000000    0.000000
   91  2   -7.184298    2.000000    0.000000    0.000000    0.000000
   93  2   -7.168317    2.000000    0.000000    0.000000    0.000000
   95  2   -7.077064    2.000000    0.000000    0.000000    0.000000
   97  2   -4.646822    2.000000    0.000000    0.000000    0.000000
   99  2   -4.644047    2.000000    0.000000    0.000000    0.000000
  101  2   -3.400089    2.000000    0.000000    0.000000    0.000000
  103  2   -3.395987    2.000000    0.000000    0.000000    0.000000
  105  2   -2.563356    2.000000    0.000000    0.000000    0.000000
  107  2   -2.562167    2.000000    0.000000    0.000000    0.000000
  109  2   -0.863016    2.000000    0.000000    0.000000    0.000000
  111  2   -0.737901    2.000000    0.000000    0.000000    0.000000
  113  2   -0.636174    2.000000    0.000000    0.000000    0.000000
  115  2   -0.429276    2.000000    0.000000    0.000000    0.000000
  117  2    0.005154    2.000000    0.000000    0.000000    0.000000
  119  2    0.090696    2.000000    0.000000    0.000000    0.000000
  121  2    0.261572    2.000000    0.000000   -0.000003    0.000000
  123  2    0.266494    2.000000    0.000000    0.000007    0.000000
  125  2    0.449140    2.000000    0.000000   -0.000000    0.000000
  127  2    0.515476    2.000000    0.000000    0.000001    0.000000
  129  2    0.626731    2.000000    0.000000   -0.000000    0.000000
  131  2    0.805562    2.000000    0.000000    0.000001    0.000000
  133  2    0.877244    2.000000    0.000000    0.000001    0.000000
  135  2    1.055114    2.000000    0.000000    0.000000    0.000000
  137  2    1.096184    2.000000    0.000000    0.000001    0.000000
  139  2    1.178072    2.000000    0.000000    0.000000    0.000000
  141  2    1.215096    2.000000    0.000000    0.000001    0.000000
  143  2    1.227324    2.000000    0.000000   -0.000000    0.000000
  145  2    1.312536    2.000000    0.000000   -0.000003    0.000000
  147  2    1.381666    2.000000    0.000000   -0.000001    0.000000
  149  2    1.404056    2.000000    0.000000   -0.000000    0.000000
  151  2    1.457673    2.000000    0.000000   -0.000001    0.000000
  153  2    1.463503    2.000000    0.000000    0.000001    0.000000
  155  2    1.529015    2.000000    0.000000    0.000001    0.000000
  157  2    1.598413    2.000000    0.000000   -0.000000    0.000000
  159  2    1.694477    2.000000    0.000000    0.000004    0.000000
  161  2    1.765194    2.000000    0.000000   -0.000000    0.000000
  163  2    1.863168    2.000000    0.000000   -0.000000    0.000000
  165  2    1.975660    2.000000    0.000000    0.000022    0.000000
  167  2    1.982457    2.000000    0.000000    0.000005    0.000000
  169  2    2.024731    2.000000    0.000000    0.000001    0.000000
  171  2    2.101084    2.000000    0.000000   -0.000029    0.000000
  173  2    2.117928    2.000000    0.000000    0.000004    0.000000
  175  2    2.166669    2.000000    0.000000    0.000004    0.000000
  177  2    2.273212    2.000000    0.000000    0.000031    0.000000
  179  2    2.298038    2.000000    0.000000   -0.000009    0.000000
  181  2    2.362983    2.000000    0.000000    0.000000    0.000000
  183  2    2.414881    2.000000    0.000000    0.000004    0.000000
  185  2    2.429284    2.000000    0.000000   -0.000027    0.000000
  187  2    2.518549    2.000000    0.000000    0.000012    0.000000
  189  2    2.628178    2.000000    0.000000   -0.000018    0.000000
  191  2    2.633179    2.000000    0.000000   -0.000013    0.000000
  193  2    2.728409    2.000000    0.000000   -0.000000    0.000000
  195  2    2.743097    2.000000    0.000000   -0.000000    0.000000
  197  2    2.844433    2.000000    0.000000   -0.000002    0.000000
  199  2    2.872716    2.000000    0.000000   -0.000000    0.000000
  201  2    2.968832    2.000000    0.000000   -0.000001    0.000000
  203  2    3.195185    2.000000    0.000000    0.000000    0.000000
  205  2    3.241024    2.000000    0.000000   -0.000001    0.000000
  207  2    3.270693    2.000000    0.000000   -0.000001    0.000000
  209  2    3.353576    2.000000    0.000000   -0.000007    0.000000
  211  2    3.406899    2.000000    0.000000   -0.000001    0.000000
  213  2    3.473679    2.000000    0.000000    0.000001    0.000000
  215  2    3.481851    2.000000    0.000000   -0.000005    0.000000
  217  2    3.523486    2.000000    0.000000   -0.000009    0.000000
  219  2    3.726981    2.000000    0.000000    0.000000    0.000000
  221  2    3.769810    2.000000    0.000000   -0.000000    0.000000
  223  2    3.888563    2.000000    0.000000   -0.000001    0.000000
  225  2    4.007597    2.000000    0.000000   -0.000000    0.000000
  227  2    4.090590    2.000000    0.000000   -0.000003    0.000000
  229  2    4.128544    2.000000    0.000000    0.000006    0.000000
  231  2    4.176067    2.000000    0.000000    0.000000    0.000000
  233  2    4.233391    2.000000    0.000000    0.000000    0.000000
  235  2    5.569642    2.000000    0.000000    0.000000    0.000000
  237  2    6.091507    2.000000    0.000000   -0.000000    0.000000
  239  2    6.096210    2.000000    0.000000   -0.000032    0.000000
  241  2    6.142912    2.000000    0.000000    0.000000    0.000000
  243  2    6.298605    2.000000    0.000000    0.000000    0.000000
  245  2    6.332076    2.000000    0.000000   -0.000002    0.000000
  247  2    6.489689    2.000000    0.000000   -0.000001    0.000000
  249  2    6.504436    2.000000    0.000000    0.000000    0.000000
  251  2    6.548999    2.000000    0.000000   -0.000002    0.000000
  253  2    6.604828    2.000000    0.000000    0.000006    0.000000
  255  2    6.738105    2.000000    0.000000    0.000001    0.000000
  257  2    6.887804    2.000000    0.000000    0.000002    0.000000
  259  2    6.933226    2.000000    0.000000    0.000001    0.000000
  261  2    7.030857    2.000000    0.000000    0.000006    0.000000
  263  2    7.216565    2.000000    0.000000    0.000040    0.000000
  265  2    7.358952    2.000000    0.000000    0.000011    0.000000
  267  1    7.612242    1.000000    0.000000    0.500814    0.000000
  268  1    7.614207    1.000000    0.000000   -0.498103    0.000000
  269  1    7.684067    1.000000    0.000000    0.652849    0.000000
  270  1    7.687684    1.000000    0.000000   -0.662384    0.000000
  271  1    7.788427    1.000000    0.000000    0.710007    0.000000
  272  1    7.793245    1.000000    0.000000   -0.693858    0.000000
  273  1    7.861559    1.000000    0.000000    0.004502    0.000000
  274  1    7.868633    1.000000    0.000000   -0.231240    0.000000
  275  1    7.876920    1.000000    0.000000   -0.163071    0.000000
  276  1    7.889437    1.000000    0.000000    0.353651    0.000000
  277  1    7.935906    1.000000    0.000000    0.644585    0.000000
  278  1    7.959584    1.000000    0.000000   -0.355731    0.000000
  279  1    7.976940    1.000000    0.000000   -0.452294    0.000000
  280  1    7.994246    1.000000    0.000000    0.360957    0.000000
