  132  160
  1
  2
  1  0  0  0  1  0  0  0  1    0.000000    0.000000    0.000000    1.000000    0.000000    0.000000    0.000000    0.000000    0.000000    1.000000    0.000000  1
  1  0  0  0  1  0  0  0  1    0.000000    0.000000    0.500000    1.000000    0.000000    0.000000    0.000000    0.000000    0.000000    1.000000    0.000000 -1
  8
    0.000000    0.000000    0.000000
    0.500000    0.500000    0.500000
    0.000000    0.500000    0.500000
    0.500000    0.000000    0.500000
    0.500000    0.500000    0.000000
    0.500000    0.000000    0.000000
    0.000000    0.500000    0.000000
    0.000000    0.000000    0.500000
  1
    1
    1  2  -56.520763    2.000000    0.000000
    3  2  -56.511985    2.000000    0.000000
    5  2  -56.056243    2.000000    0.000000
    7  2  -56.011358    2.000000    0.000000
    9  2  -55.396892    2.000000    0.000000
   11  2  -55.387745    2.000000    0.000000
   13  2  -52.012659    2.000000    0.000000
   15  2  -51.988076    2.000000    0.000000
   17  2  -51.543739    2.000000    0.000000
   19  2  -51.499047    2.000000    0.000000
   21  2  -51.134794    2.000000    0.000000
   23  2  -51.111051    2.000000    0.000000
   25  4  -22.483025    4.000000    0.000000
   29  4  -22.481873    4.000000    0.000000
   33  6  -22.308338    6.000000    0.000000
   39  2  -22.306927    2.000000    0.000000
   41  4  -22.300452    4.000000    0.000000
   45  4  -22.299229    4.000000    0.000000
   49  2  -11.482378    2.000000    0.000000
   51  2  -11.419203    2.000000    0.000000
   53  2  -10.775921    2.000000    0.000000
   55  2  -10.720832    2.000000    0.000000
   57  4  -10.713592    4.000000    0.000000
   61  2  -10.703646    2.000000    0.000000
   63  2  -10.698497    2.000000    0.000000
   65  2   -5.742305    2.000000    0.000000
   67  2   -5.711332    2.000000    0.000000
   69  2   -5.488893    2.000000    0.000000
   71  2   -5.454419    2.000000    0.000000
   73  2   -5.440750    2.000000    0.000000
   75  2   -5.404273    2.000000    0.000000
   77  2   -5.386229    2.000000    0.000000
   79  2   -5.358458    2.000000    0.000000
   81  2   -5.290832    2.000000    0.000000
   83  2   -5.251353    2.000000    0.000000
   85  2   -3.186680    2.000000    0.000000
   87  2   -3.042198    2.000000    0.000000
   89  2   -2.303870    2.000000    0.000000
   91  2   -2.229774    2.000000    0.000000
   93  2   -2.157754    2.000000    0.000000
   95  2   -2.050997    2.000000    0.000000
   97  2   -1.811692    2.000000    0.000000
   99  2   -1.690038    2.000000    0.000000
  101  2   -1.579550    2.000000    0.000000
  103  2   -1.463334    2.000000    0.000000
  105  2   -1.176286    2.000000    0.000000
  107  2   -1.087882    2.000000    0.000000
  109  2   -0.969334    2.000000    0.000000
  111  2   -0.953664    2.000000    0.000000
  113  2   -0.889088    2.000000    0.000000
  115  2   -0.783480    2.000000    0.000000
  117  2   -0.634779    2.000000    0.000000
  119  2   -0.585831    2.000000    0.000000
  121  2   -0.540246    2.000000    0.000000
  123  2   -0.336519    2.000000    0.000000
  125  2   -0.235789    2.000000    0.000000
  127  2   -0.103207    2.000000    0.000000
  129  2    0.116811    2.000000    0.000000
  131  2    0.215325    2.000000    0.000000
  133  2    2.263773    2.000000    0.000000
  135  2    2.411739    2.000000    0.000000
  137  2    2.467359    2.000000    0.000000
  139  2    2.497892    2.000000    0.000000
  141  2    2.509879    2.000000    0.000000
  143  2    2.566328    2.000000    0.000000
  145  2    2.583092    2.000000    0.000000
  147  2    2.646615    2.000000    0.000000
  149  2    2.667460    2.000000    0.000000
  151  2    2.705590    2.000000    0.000000
  153  2    3.857685    2.000000    0.000000
  155  2    5.453906    2.000000    0.000000
  157  2    5.475745    2.000000    0.000000
  159  1    5.948446    1.000000    0.000000
  160  1    5.951360    1.000000    0.000000
  1
    1
    1  2  -56.520710    2.000000    0.000000
    3  2  -56.511935    2.000000    0.000000
    5  2  -56.056222    2.000000    0.000000
    7  2  -56.011338    2.000000    0.000000
    9  2  -55.396828    2.000000    0.000000
   11  2  -55.387684    2.000000    0.000000
   13  2  -52.012745    2.000000    0.000000
   15  2  -51.988158    2.000000    0.000000
   17  2  -51.543768    2.000000    0.000000
   19  2  -51.499076    2.000000    0.000000
   21  2  -51.134893    2.000000    0.000000
   23  2  -51.111150    2.000000    0.000000
   25  7  -22.482658    7.000000    0.000000
   32  1  -22.481655    1.000000    0.000000
   33  7  -22.308175    7.000000    0.000000
   40  1  -22.307105    1.000000    0.000000
   41  5  -22.300297    5.000000    0.000000
   46  3  -22.299041    3.000000    0.000000
   49  2  -11.099223    2.000000    0.000000
   51  2  -11.084091    2.000000    0.000000
   53  2  -11.073713    2.000000    0.000000
   55  2  -11.054320    2.000000    0.000000
   57  4  -10.748523    4.000000    0.000000
   61  2  -10.727004    2.000000    0.000000
   63  2  -10.718940    2.000000    0.000000
   65  2   -5.645249    2.000000    0.000000
   67  2   -5.620400    2.000000    0.000000
   69  2   -5.469032    2.000000    0.000000
   71  2   -5.433838    2.000000    0.000000
   73  2   -5.431051    2.000000    0.000000
   75  2   -5.393167    2.000000    0.000000
   77  2   -5.380349    2.000000    0.000000
   79  2   -5.365645    2.000000    0.000000
   81  2   -5.357282    2.000000    0.000000
   83  2   -5.316358    2.000000    0.000000
   85  2   -3.138944    2.000000    0.000000
   87  2   -2.987255    2.000000    0.000000
   89  2   -2.895885    2.000000    0.000000
   91  2   -2.806282    2.000000    0.000000
   93  1   -2.101619    1.000000    0.000000
   94  1   -2.099671    1.000000    0.000000
   95  1   -2.090396    1.000000    0.000000
   96  1   -2.085713    1.000000    0.000000
   97  1   -1.773674    1.000000    0.000000
   98  1   -1.771050    1.000000    0.000000
   99  1   -1.765625    1.000000    0.000000
  100  1   -1.757910    1.000000    0.000000
  101  1   -1.455641    1.000000    0.000000
  102  1   -1.453782    1.000000    0.000000
  103  1   -1.373000    1.000000    0.000000
  104  1   -1.368886    1.000000    0.000000
  105  1   -1.347498    1.000000    0.000000
  106  1   -1.329113    1.000000    0.000000
  107  1   -1.253764    1.000000    0.000000
  108  1   -1.240892    1.000000    0.000000
  109  1   -1.234555    1.000000    0.000000
  110  1   -1.206375    1.000000    0.000000
  111  1   -1.106356    1.000000    0.000000
  112  1   -1.097615    1.000000    0.000000
  113  1   -1.027787    1.000000    0.000000
  114  1   -1.008404    1.000000    0.000000
  115  1   -0.933295    1.000000    0.000000
  116  1   -0.908049    1.000000    0.000000
  117  1   -0.696471    1.000000    0.000000
  118  1   -0.669124    1.000000    0.000000
  119  1   -0.645186    1.000000    0.000000
  120  1   -0.614829    1.000000    0.000000
  121  1   -0.164494    1.000000    0.000000
  122  1   -0.154334    1.000000    0.000000
  123  1   -0.119960    1.000000    0.000000
  124  1   -0.109636    1.000000    0.000000
  125  1    0.221481    1.000000    0.000000
  126  1    0.222984    1.000000    0.000000
  127  1    0.275921    1.000000    0.000000
  128  1    0.280412    1.000000    0.000000
  129  1    0.420337    1.000000    0.000000
  130  1    0.422752    1.000000    0.000000
  131  1    0.492407    1.000000    0.000000
  132  1    0.494511    1.000000    0.000000
  133  2    2.299917    2.000000    0.000000
  135  1    2.344804    1.000000    0.000000
  136  1    2.348752    1.000000    0.000000
  137  1    2.370676    1.000000    0.000000
  138  1    2.379547    1.000000    0.000000
  139  1    2.417210    1.000000    0.000000
  140  1    2.427599    1.000000    0.000000
  141  1    2.464010    1.000000    0.000000
  142  1    2.472768    1.000000    0.000000
  143  1    2.483665    1.000000    0.000000
  144  1    2.487741    1.000000    0.000000
  145  1    2.725731    1.000000    0.000000
  146  1    2.737141    1.000000    0.000000
  147  1    2.792121    1.000000    0.000000
  148  1    2.806710    1.000000    0.000000
  149  1    2.822038    1.000000    0.000000
  150  1    2.827227    1.000000    0.000000
  151  1    2.882916    1.000000    0.000000
  152  1    2.894538    1.000000    0.000000
  153  1    5.485710    1.000000    0.000000
  154  1    5.491383    1.000000    0.000000
  155  1    5.520736    1.000000    0.000000
  156  1    5.523202    1.000000    0.000000
  157  1    5.945853    1.000000    0.000000
  158  1    5.949578    1.000000    0.000000
  159  1    6.046783    1.000000    0.000000
  160  1    6.067059    1.000000    0.000000
  1
    1
    1  2  -56.520758    2.000000    0.000000
    3  2  -56.511981    2.000000    0.000000
    5  2  -56.056240    2.000000    0.000000
    7  2  -56.011355    2.000000    0.000000
    9  2  -55.396891    2.000000    0.000000
   11  2  -55.387743    2.000000    0.000000
   13  2  -52.012654    2.000000    0.000000
   15  2  -51.988071    2.000000    0.000000
   17  2  -51.543736    2.000000    0.000000
   19  2  -51.499044    2.000000    0.000000
   21  2  -51.134791    2.000000    0.000000
   23  2  -51.111048    2.000000    0.000000
   25  5  -22.482965    5.000000    0.000000
   30  3  -22.481749    3.000000    0.000000
   33  4  -22.308562    4.000000    0.000000
   37  4  -22.307368    4.000000    0.000000
   41  3  -22.300712    3.000000    0.000000
   44  3  -22.299712    3.000000    0.000000
   47  2  -22.298585    2.000000    0.000000
   49  2  -11.407264    2.000000    0.000000
   51  2  -11.405818    2.000000    0.000000
   53  2  -10.785508    2.000000    0.000000
   55  2  -10.780579    2.000000    0.000000
   57  2  -10.739056    2.000000    0.000000
   59  2  -10.730886    2.000000    0.000000
   61  2  -10.701044    2.000000    0.000000
   63  2  -10.697024    2.000000    0.000000
   65  2   -5.726257    2.000000    0.000000
   67  2   -5.706399    2.000000    0.000000
   69  2   -5.488238    2.000000    0.000000
   71  2   -5.470788    2.000000    0.000000
   73  2   -5.457249    2.000000    0.000000
   75  1   -5.424779    1.000000    0.000000
   76  1   -5.423607    1.000000    0.000000
   77  1   -5.411039    1.000000    0.000000
   78  1   -5.409566    1.000000    0.000000
   79  2   -5.370988    2.000000    0.000000
   81  2   -5.295805    2.000000    0.000000
   83  2   -5.256747    2.000000    0.000000
   85  1   -3.154162    1.000000    0.000000
   86  1   -3.152538    1.000000    0.000000
   87  1   -3.046371    1.000000    0.000000
   88  1   -3.043968    1.000000    0.000000
   89  1   -2.322987    1.000000    0.000000
   90  1   -2.316633    1.000000    0.000000
   91  1   -2.186183    1.000000    0.000000
   92  1   -2.172487    1.000000    0.000000
   93  1   -2.055778    1.000000    0.000000
   94  1   -2.053128    1.000000    0.000000
   95  1   -2.003312    1.000000    0.000000
   96  1   -1.999192    1.000000    0.000000
   97  1   -1.715431    1.000000    0.000000
   98  1   -1.710820    1.000000    0.000000
   99  1   -1.664856    1.000000    0.000000
  100  1   -1.661968    1.000000    0.000000
  101  1   -1.612377    1.000000    0.000000
  102  1   -1.603171    1.000000    0.000000
  103  1   -1.508984    1.000000    0.000000
  104  1   -1.503027    1.000000    0.000000
  105  1   -1.047781    1.000000    0.000000
  106  1   -1.039217    1.000000    0.000000
  107  1   -1.036701    1.000000    0.000000
  108  1   -1.027978    1.000000    0.000000
  109  1   -0.976611    1.000000    0.000000
  110  1   -0.973391    1.000000    0.000000
  111  1   -0.940626    1.000000    0.000000
  112  1   -0.934100    1.000000    0.000000
  113  1   -0.849486    1.000000    0.000000
  114  1   -0.845596    1.000000    0.000000
  115  1   -0.843890    1.000000    0.000000
  116  1   -0.837586    1.000000    0.000000
  117  1   -0.662839    1.000000    0.000000
  118  1   -0.655474    1.000000    0.000000
  119  1   -0.643952    1.000000    0.000000
  120  1   -0.640262    1.000000    0.000000
  121  1   -0.462335    1.000000    0.000000
  122  1   -0.447168    1.000000    0.000000
  123  1   -0.427075    1.000000    0.000000
  124  1   -0.412836    1.000000    0.000000
  125  1   -0.330874    1.000000    0.000000
  126  1   -0.314057    1.000000    0.000000
  127  1   -0.182406    1.000000    0.000000
  128  1   -0.166000    1.000000    0.000000
  129  1    0.199927    1.000000    0.000000
  130  1    0.201009    1.000000    0.000000
  131  1    0.213085    1.000000    0.000000
  132  1    0.214323    1.000000    0.000000
  133  1    2.298697    1.000000    0.000000
  134  1    2.303481    1.000000    0.000000
  135  1    2.313381    1.000000    0.000000
  136  1    2.315489    1.000000    0.000000
  137  1    2.370687    1.000000    0.000000
  138  1    2.374980    1.000000    0.000000
  139  2    2.387713    2.000000    0.000000
  141  1    2.437941    1.000000    0.000000
  142  1    2.443411    1.000000    0.000000
  143  1    2.461193    1.000000    0.000000
  144  1    2.465680    1.000000    0.000000
  145  1    2.522228    1.000000    0.000000
  146  1    2.534083    1.000000    0.000000
  147  1    2.594946    1.000000    0.000000
  148  1    2.606899    1.000000    0.000000
  149  1    2.652758    1.000000    0.000000
  150  1    2.657790    1.000000    0.000000
  151  1    2.706880    1.000000    0.000000
  152  1    2.715811    1.000000    0.000000
  153  1    5.310723    1.000000    0.000000
  154  1    5.312314    1.000000    0.000000
  155  1    5.336117    1.000000    0.000000
  156  1    5.338609    1.000000    0.000000
  157  1    5.897780    1.000000    0.000000
  158  1    5.925631    1.000000    0.000000
  159  1    5.929063    1.000000    0.000000
  160  1    6.021475    1.000000    0.000000
  1
    1
    1  2  -56.520710    2.000000    0.000000
    3  2  -56.511935    2.000000    0.000000
    5  2  -56.056222    2.000000    0.000000
    7  2  -56.011339    2.000000    0.000000
    9  2  -55.396828    2.000000    0.000000
   11  2  -55.387684    2.000000    0.000000
   13  2  -52.012745    2.000000    0.000000
   15  2  -51.988158    2.000000    0.000000
   17  2  -51.543769    2.000000    0.000000
   19  2  -51.499077    2.000000    0.000000
   21  2  -51.134893    2.000000    0.000000
   23  2  -51.111150    2.000000    0.000000
   25  7  -22.482665    7.000000    0.000000
   32  1  -22.481647    1.000000    0.000000
   33  6  -22.308228    6.000000    0.000000
   39  2  -22.307206    2.000000    0.000000
   41  5  -22.300389    5.000000    0.000000
   46  3  -22.299157    3.000000    0.000000
   49  2  -11.099200    2.000000    0.000000
   51  2  -11.084120    2.000000    0.000000
   53  2  -11.073750    2.000000    0.000000
   55  2  -11.054291    2.000000    0.000000
   57  4  -10.748550    4.000000    0.000000
   61  2  -10.726948    2.000000    0.000000
   63  2  -10.718979    2.000000    0.000000
   65  2   -5.645346    2.000000    0.000000
   67  2   -5.620407    2.000000    0.000000
   69  2   -5.464377    2.000000    0.000000
   71  2   -5.434022    2.000000    0.000000
   73  2   -5.428236    2.000000    0.000000
   75  2   -5.402418    2.000000    0.000000
   77  2   -5.390742    2.000000    0.000000
   79  2   -5.360115    2.000000    0.000000
   81  2   -5.350840    2.000000    0.000000
   83  2   -5.315297    2.000000    0.000000
   85  2   -3.139009    2.000000    0.000000
   87  2   -2.987334    2.000000    0.000000
   89  2   -2.895917    2.000000    0.000000
   91  2   -2.806237    2.000000    0.000000
   93  1   -2.101403    1.000000    0.000000
   94  1   -2.099257    1.000000    0.000000
   95  1   -2.090177    1.000000    0.000000
   96  1   -2.086160    1.000000    0.000000
   97  1   -1.773924    1.000000    0.000000
   98  1   -1.770822    1.000000    0.000000
   99  1   -1.764477    1.000000    0.000000
  100  1   -1.758523    1.000000    0.000000
  101  1   -1.456455    1.000000    0.000000
  102  1   -1.454086    1.000000    0.000000
  103  1   -1.377873    1.000000    0.000000
  104  1   -1.366901    1.000000    0.000000
  105  1   -1.345155    1.000000    0.000000
  106  1   -1.328763    1.000000    0.000000
  107  1   -1.253311    1.000000    0.000000
  108  1   -1.242233    1.000000    0.000000
  109  1   -1.234332    1.000000    0.000000
  110  1   -1.205891    1.000000    0.000000
  111  1   -1.105483    1.000000    0.000000
  112  1   -1.097630    1.000000    0.000000
  113  1   -1.027141    1.000000    0.000000
  114  1   -1.008327    1.000000    0.000000
  115  1   -0.932758    1.000000    0.000000
  116  1   -0.909077    1.000000    0.000000
  117  1   -0.694952    1.000000    0.000000
  118  1   -0.670494    1.000000    0.000000
  119  1   -0.643857    1.000000    0.000000
  120  1   -0.616363    1.000000    0.000000
  121  1   -0.165326    1.000000    0.000000
  122  1   -0.153151    1.000000    0.000000
  123  1   -0.120761    1.000000    0.000000
  124  1   -0.108218    1.000000    0.000000
  125  1    0.220501    1.000000    0.000000
  126  1    0.222897    1.000000    0.000000
  127  1    0.275884    1.000000    0.000000
  128  1    0.279359    1.000000    0.000000
  129  1    0.419907    1.000000    0.000000
  130  1    0.423160    1.000000    0.000000
  131  1    0.492928    1.000000    0.000000
  132  1    0.494417    1.000000    0.000000
  133  1    2.308173    1.000000    0.000000
  134  1    2.310454    1.000000    0.000000
  135  1    2.350478    1.000000    0.000000
  136  1    2.361967    1.000000    0.000000
  137  1    2.368756    1.000000    0.000000
  138  1    2.374565    1.000000    0.000000
  139  1    2.408377    1.000000    0.000000
  140  1    2.416099    1.000000    0.000000
  141  1    2.460395    1.000000    0.000000
  142  1    2.463129    1.000000    0.000000
  143  1    2.482360    1.000000    0.000000
  144  1    2.485613    1.000000    0.000000
  145  1    2.727797    1.000000    0.000000
  146  1    2.737921    1.000000    0.000000
  147  1    2.793542    1.000000    0.000000
  148  1    2.806294    1.000000    0.000000
  149  1    2.823641    1.000000    0.000000
  150  1    2.828370    1.000000    0.000000
  151  1    2.883803    1.000000    0.000000
  152  1    2.894548    1.000000    0.000000
  153  1    5.486365    1.000000    0.000000
  154  1    5.491571    1.000000    0.000000
  155  1    5.519618    1.000000    0.000000
  156  1    5.523612    1.000000    0.000000
  157  1    5.947231    1.000000    0.000000
  158  1    5.961470    1.000000    0.000000
  159  1    6.046664    1.000000    0.000000
  160  1    6.076708    1.000000    0.000000
  1
    1
    1  2  -56.520708    2.000000    0.000000
    3  2  -56.511933    2.000000    0.000000
    5  2  -56.056221    2.000000    0.000000
    7  2  -56.011337    2.000000    0.000000
    9  2  -55.396827    2.000000    0.000000
   11  2  -55.387683    2.000000    0.000000
   13  2  -52.012743    2.000000    0.000000
   15  2  -51.988156    2.000000    0.000000
   17  2  -51.543767    2.000000    0.000000
   19  2  -51.499075    2.000000    0.000000
   21  2  -51.134892    2.000000    0.000000
   23  2  -51.111149    2.000000    0.000000
   25  8  -22.482638    8.000000    0.000000
   33  6  -22.308162    6.000000    0.000000
   39  2  -22.307140    2.000000    0.000000
   41  4  -22.300313    4.000000    0.000000
   45  4  -22.299232    4.000000    0.000000
   49  2  -11.092710    2.000000    0.000000
   51  2  -11.083238    2.000000    0.000000
   53  2  -11.078760    2.000000    0.000000
   55  2  -11.056668    2.000000    0.000000
   57  2  -10.751194    2.000000    0.000000
   59  2  -10.734653    2.000000    0.000000
   61  2  -10.733261    2.000000    0.000000
   63  2  -10.721748    2.000000    0.000000
   65  2   -5.644538    2.000000    0.000000
   67  2   -5.621131    2.000000    0.000000
   69  2   -5.469350    2.000000    0.000000
   71  2   -5.435488    2.000000    0.000000
   73  2   -5.429080    2.000000    0.000000
   75  2   -5.394543    2.000000    0.000000
   77  2   -5.380327    2.000000    0.000000
   79  2   -5.364281    2.000000    0.000000
   81  2   -5.355695    2.000000    0.000000
   83  2   -5.315740    2.000000    0.000000
   85  2   -3.132577    2.000000    0.000000
   87  2   -3.004816    2.000000    0.000000
   89  2   -2.894013    2.000000    0.000000
   91  2   -2.820626    2.000000    0.000000
   93  2   -2.117683    2.000000    0.000000
   95  2   -2.008526    2.000000    0.000000
   97  2   -1.767903    2.000000    0.000000
   99  2   -1.748812    2.000000    0.000000
  101  2   -1.420072    2.000000    0.000000
  103  2   -1.377219    2.000000    0.000000
  105  2   -1.362268    2.000000    0.000000
  107  2   -1.343347    2.000000    0.000000
  109  2   -1.208479    2.000000    0.000000
  111  2   -1.097859    2.000000    0.000000
  113  2   -0.980486    2.000000    0.000000
  115  2   -0.934689    2.000000    0.000000
  117  2   -0.689247    2.000000    0.000000
  119  2   -0.656130    2.000000    0.000000
  121  2   -0.139197    2.000000    0.000000
  123  2   -0.119020    2.000000    0.000000
  125  2    0.224992    2.000000    0.000000
  127  2    0.306969    2.000000    0.000000
  129  2    0.398812    2.000000    0.000000
  131  2    0.491248    2.000000    0.000000
  133  2    2.301031    2.000000    0.000000
  135  2    2.346907    2.000000    0.000000
  137  2    2.398923    2.000000    0.000000
  139  2    2.423846    2.000000    0.000000
  141  2    2.458422    2.000000    0.000000
  143  2    2.471950    2.000000    0.000000
  145  2    2.752425    2.000000    0.000000
  147  2    2.805445    2.000000    0.000000
  149  2    2.829078    2.000000    0.000000
  151  2    2.866261    2.000000    0.000000
  153  2    5.446136    2.000000    0.000000
  155  2    5.557813    2.000000    0.000000
  157  1    5.904410    1.000000    0.000000
  158  1    5.906535    1.000000    0.000000
  159  1    6.077076    1.000000    0.000000
  160  1    6.103700    1.000000    0.000000
  1
    1
    1  2  -56.520709    2.000000    0.000000
    3  2  -56.511934    2.000000    0.000000
    5  2  -56.056219    2.000000    0.000000
    7  2  -56.011336    2.000000    0.000000
    9  2  -55.396827    2.000000    0.000000
   11  2  -55.387683    2.000000    0.000000
   13  2  -52.012744    2.000000    0.000000
   15  2  -51.988157    2.000000    0.000000
   17  2  -51.543766    2.000000    0.000000
   19  2  -51.499074    2.000000    0.000000
   21  2  -51.134892    2.000000    0.000000
   23  2  -51.111150    2.000000    0.000000
   25  8  -22.482639    8.000000    0.000000
   33  6  -22.308197    6.000000    0.000000
   39  2  -22.307174    2.000000    0.000000
   41  4  -22.300344    4.000000    0.000000
   45  4  -22.299342    4.000000    0.000000
   49  2  -11.092698    2.000000    0.000000
   51  2  -11.083205    2.000000    0.000000
   53  2  -11.078795    2.000000    0.000000
   55  2  -11.056685    2.000000    0.000000
   57  2  -10.751194    2.000000    0.000000
   59  2  -10.734682    2.000000    0.000000
   61  2  -10.733225    2.000000    0.000000
   63  2  -10.721752    2.000000    0.000000
   65  2   -5.644645    2.000000    0.000000
   67  2   -5.621102    2.000000    0.000000
   69  2   -5.464798    2.000000    0.000000
   71  2   -5.434592    2.000000    0.000000
   73  2   -5.427752    2.000000    0.000000
   75  2   -5.404478    2.000000    0.000000
   77  2   -5.388183    2.000000    0.000000
   79  2   -5.360497    2.000000    0.000000
   81  2   -5.349594    2.000000    0.000000
   83  2   -5.314487    2.000000    0.000000
   85  2   -3.132718    2.000000    0.000000
   87  2   -3.004917    2.000000    0.000000
   89  2   -2.893938    2.000000    0.000000
   91  2   -2.820602    2.000000    0.000000
   93  2   -2.117598    2.000000    0.000000
   95  2   -2.008475    2.000000    0.000000
   97  2   -1.767547    2.000000    0.000000
   99  2   -1.749001    2.000000    0.000000
  101  2   -1.420092    2.000000    0.000000
  103  2   -1.377258    2.000000    0.000000
  105  2   -1.362896    2.000000    0.000000
  107  2   -1.343510    2.000000    0.000000
  109  2   -1.208107    2.000000    0.000000
  111  2   -1.097758    2.000000    0.000000
  113  2   -0.979219    2.000000    0.000000
  115  2   -0.935541    2.000000    0.000000
  117  2   -0.688060    2.000000    0.000000
  119  2   -0.657415    2.000000    0.000000
  121  2   -0.139481    2.000000    0.000000
  123  2   -0.118344    2.000000    0.000000
  125  2    0.224484    2.000000    0.000000
  127  2    0.306311    2.000000    0.000000
  129  2    0.398973    2.000000    0.000000
  131  2    0.491473    2.000000    0.000000
  133  2    2.313563    2.000000    0.000000
  135  2    2.346661    2.000000    0.000000
  137  2    2.399957    2.000000    0.000000
  139  2    2.420873    2.000000    0.000000
  141  2    2.444327    2.000000    0.000000
  143  2    2.472458    2.000000    0.000000
  145  2    2.754051    2.000000    0.000000
  147  2    2.806085    2.000000    0.000000
  149  2    2.829545    2.000000    0.000000
  151  2    2.867017    2.000000    0.000000
  153  2    5.446177    2.000000    0.000000
  155  2    5.557791    2.000000    0.000000
  157  1    5.903136    1.000000    0.000000
  158  1    5.911137    1.000000    0.000000
  159  1    6.068276    1.000000    0.000000
  160  1    6.090803    1.000000    0.000000
  1
    1
    1  2  -56.520760    2.000000    0.000000
    3  2  -56.511983    2.000000    0.000000
    5  2  -56.056241    2.000000    0.000000
    7  2  -56.011356    2.000000    0.000000
    9  2  -55.396892    2.000000    0.000000
   11  2  -55.387745    2.000000    0.000000
   13  2  -52.012656    2.000000    0.000000
   15  2  -51.988074    2.000000    0.000000
   17  2  -51.543737    2.000000    0.000000
   19  2  -51.499046    2.000000    0.000000
   21  2  -51.134793    2.000000    0.000000
   23  2  -51.111050    2.000000    0.000000
   25  6  -22.482852    6.000000    0.000000
   31  2  -22.481445    2.000000    0.000000
   33  4  -22.308545    4.000000    0.000000
   37  4  -22.307291    4.000000    0.000000
   41  4  -22.300560    4.000000    0.000000
   45  4  -22.299078    4.000000    0.000000
   49  2  -11.419129    2.000000    0.000000
   51  2  -11.392659    2.000000    0.000000
   53  2  -10.804136    2.000000    0.000000
   55  2  -10.777173    2.000000    0.000000
   57  2  -10.731446    2.000000    0.000000
   59  2  -10.716214    2.000000    0.000000
   61  2  -10.708317    2.000000    0.000000
   63  2  -10.697908    2.000000    0.000000
   65  2   -5.727052    2.000000    0.000000
   67  2   -5.705071    2.000000    0.000000
   69  2   -5.491442    2.000000    0.000000
   71  2   -5.473698    2.000000    0.000000
   73  2   -5.456130    2.000000    0.000000
   75  2   -5.421459    2.000000    0.000000
   77  2   -5.409800    2.000000    0.000000
   79  2   -5.366942    2.000000    0.000000
   81  2   -5.296098    2.000000    0.000000
   83  2   -5.256811    2.000000    0.000000
   85  2   -3.171588    2.000000    0.000000
   87  2   -3.031336    2.000000    0.000000
   89  2   -2.337335    2.000000    0.000000
   91  2   -2.198985    2.000000    0.000000
   93  2   -2.062482    2.000000    0.000000
   95  2   -1.871423    2.000000    0.000000
   97  2   -1.795893    2.000000    0.000000
   99  2   -1.697947    2.000000    0.000000
  101  2   -1.594997    2.000000    0.000000
  103  2   -1.468260    2.000000    0.000000
  105  2   -1.114460    2.000000    0.000000
  107  2   -1.057414    2.000000    0.000000
  109  2   -0.922422    2.000000    0.000000
  111  2   -0.908332    2.000000    0.000000
  113  2   -0.829466    2.000000    0.000000
  115  2   -0.787984    2.000000    0.000000
  117  2   -0.659007    2.000000    0.000000
  119  2   -0.623480    2.000000    0.000000
  121  2   -0.565178    2.000000    0.000000
  123  2   -0.472887    2.000000    0.000000
  125  2   -0.288172    2.000000    0.000000
  127  2   -0.126545    2.000000    0.000000
  129  2    0.195912    2.000000    0.000000
  131  2    0.217101    2.000000    0.000000
  133  2    2.277464    2.000000    0.000000
  135  2    2.297734    2.000000    0.000000
  137  2    2.377841    2.000000    0.000000
  139  2    2.392172    2.000000    0.000000
  141  2    2.480179    2.000000    0.000000
  143  2    2.500117    2.000000    0.000000
  145  2    2.526853    2.000000    0.000000
  147  2    2.589580    2.000000    0.000000
  149  2    2.605474    2.000000    0.000000
  151  2    2.700567    2.000000    0.000000
  153  2    5.431745    2.000000    0.000000
  155  1    5.549992    1.000000    0.000000
  156  1    5.551141    1.000000    0.000000
  157  1    5.687704    1.000000    0.000000
  158  1    5.689114    1.000000    0.000000
  159  1    5.836883    1.000000    0.000000
  160  1    5.859790    1.000000    0.000000
  1
    1
    1  2  -56.520762    2.000000    0.000000
    3  2  -56.511985    2.000000    0.000000
    5  2  -56.056243    2.000000    0.000000
    7  2  -56.011357    2.000000    0.000000
    9  2  -55.396892    2.000000    0.000000
   11  2  -55.387745    2.000000    0.000000
   13  2  -52.012659    2.000000    0.000000
   15  2  -51.988076    2.000000    0.000000
   17  2  -51.543738    2.000000    0.000000
   19  2  -51.499046    2.000000    0.000000
   21  2  -51.134794    2.000000    0.000000
   23  2  -51.111051    2.000000    0.000000
   25  4  -22.483104    4.000000    0.000000
   29  4  -22.481761    4.000000    0.000000
   33  5  -22.308421    5.000000    0.000000
   38  3  -22.307389    3.000000    0.000000
   41  4  -22.300553    4.000000    0.000000
   45  4  -22.299456    4.000000    0.000000
   49  2  -11.453002    2.000000    0.000000
   51  2  -11.451530    2.000000    0.000000
   53  2  -10.745986    2.000000    0.000000
   55  2  -10.741220    2.000000    0.000000
   57  2  -10.715282    2.000000    0.000000
   59  2  -10.713731    2.000000    0.000000
   61  2  -10.705157    2.000000    0.000000
   63  2  -10.701563    2.000000    0.000000
   65  2   -5.738994    2.000000    0.000000
   67  2   -5.716794    2.000000    0.000000
   69  2   -5.482098    2.000000    0.000000
   71  2   -5.452302    2.000000    0.000000
   73  2   -5.444594    2.000000    0.000000
   75  2   -5.401604    2.000000    0.000000
   77  2   -5.390412    2.000000    0.000000
   79  2   -5.362393    2.000000    0.000000
   81  2   -5.290737    2.000000    0.000000
   83  2   -5.251316    2.000000    0.000000
   85  1   -3.160621    1.000000    0.000000
   86  1   -3.159146    1.000000    0.000000
   87  1   -3.071019    1.000000    0.000000
   88  1   -3.068813    1.000000    0.000000
   89  1   -2.302819    1.000000    0.000000
   90  1   -2.295919    1.000000    0.000000
   91  1   -2.210416    1.000000    0.000000
   92  1   -2.206399    1.000000    0.000000
   93  1   -2.183416    1.000000    0.000000
   94  1   -2.179236    1.000000    0.000000
   95  1   -2.126746    1.000000    0.000000
   96  1   -2.116259    1.000000    0.000000
   97  1   -1.694184    1.000000    0.000000
   98  1   -1.686412    1.000000    0.000000
   99  1   -1.674061    1.000000    0.000000
  100  1   -1.666928    1.000000    0.000000
  101  1   -1.632657    1.000000    0.000000
  102  1   -1.622641    1.000000    0.000000
  103  1   -1.489961    1.000000    0.000000
  104  1   -1.486029    1.000000    0.000000
  105  2   -1.108289    2.000000    0.000000
  107  2   -1.090365    2.000000    0.000000
  109  1   -1.058081    1.000000    0.000000
  110  1   -1.054969    1.000000    0.000000
  111  1   -1.022811    1.000000    0.000000
  112  1   -1.018249    1.000000    0.000000
  113  1   -0.804693    1.000000    0.000000
  114  1   -0.800773    1.000000    0.000000
  115  1   -0.775642    1.000000    0.000000
  116  1   -0.772124    1.000000    0.000000
  117  1   -0.635645    1.000000    0.000000
  118  1   -0.603257    1.000000    0.000000
  119  1   -0.601037    1.000000    0.000000
  120  1   -0.575508    1.000000    0.000000
  121  1   -0.468322    1.000000    0.000000
  122  1   -0.444939    1.000000    0.000000
  123  1   -0.351282    1.000000    0.000000
  124  1   -0.328998    1.000000    0.000000
  125  1   -0.256420    1.000000    0.000000
  126  1   -0.245434    1.000000    0.000000
  127  1   -0.198342    1.000000    0.000000
  128  1   -0.194805    1.000000    0.000000
  129  2    0.165649    2.000000    0.000000
  131  2    0.166725    2.000000    0.000000
  133  1    2.320455    1.000000    0.000000
  134  1    2.327209    1.000000    0.000000
  135  1    2.353314    1.000000    0.000000
  136  1    2.363163    1.000000    0.000000
  137  1    2.447926    1.000000    0.000000
  138  1    2.450953    1.000000    0.000000
  139  1    2.473965    1.000000    0.000000
  140  1    2.475387    1.000000    0.000000
  141  1    2.502993    1.000000    0.000000
  142  1    2.509227    1.000000    0.000000
  143  1    2.523574    1.000000    0.000000
  144  1    2.528920    1.000000    0.000000
  145  1    2.571163    1.000000    0.000000
  146  1    2.576160    1.000000    0.000000
  147  1    2.651745    1.000000    0.000000
  148  1    2.654880    1.000000    0.000000
  149  1    2.662005    1.000000    0.000000
  150  1    2.665439    1.000000    0.000000
  151  1    2.701910    1.000000    0.000000
  152  1    2.703098    1.000000    0.000000
  153  1    4.533990    1.000000    0.000000
  154  1    4.535316    1.000000    0.000000
  155  2    4.536336    2.000000    0.000000
  157  1    5.836853    1.000000    0.000000
  158  1    5.838421    1.000000    0.000000
  159  1    5.858262    1.000000    0.000000
  160  1    5.860088    1.000000    0.000000
