   66   80
  1
  8
  1  0  0  0  1  0  0  0  1    0.000000    0.000000    0.000000    1.000000    0.000000    0.000000    0.000000    0.000000    0.000000    1.000000    0.000000  1
 -1  0  0  0 -1  0  0  0  1    0.500000    0.500000    0.000000    0.000000   -1.000000    0.000000    0.000000    0.000000    0.000000    0.000000    1.000000  1
 -1  0  0  0  1  0  0  0 -1    0.000000    0.500000    0.000000    0.000000    0.000000   -1.000000    0.000000    1.000000    0.000000    0.000000    0.000000  1
  1  0  0  0 -1  0  0  0 -1    0.500000    0.000000    0.000000    0.000000    0.000000    0.000000   -1.000000    0.000000   -1.000000    0.000000    0.000000  1
 -1  0  0  0 -1  0  0  0 -1    0.000000    0.000000    0.000000    1.000000    0.000000    0.000000    0.000000    0.000000    0.000000    1.000000    0.000000 -1
  1  0  0  0  1  0  0  0 -1    0.500000    0.500000    0.000000    0.000000   -1.000000    0.000000    0.000000    0.000000    0.000000    0.000000    1.000000 -1
  1  0  0  0 -1  0  0  0  1    0.000000    0.500000    0.000000    0.000000    0.000000   -1.000000    0.000000    1.000000    0.000000    0.000000    0.000000 -1
 -1  0  0  0  1  0  0  0  1    0.500000    0.000000    0.000000    0.000000    0.000000    0.000000   -1.000000    0.000000   -1.000000    0.000000    0.000000 -1
  8
    0.000000    0.000000    0.000000
    0.500000    0.500000    0.500000
    0.500000    0.500000    0.000000
    0.000000    0.500000    0.500000
    0.500000    0.000000    0.500000
    0.500000    0.000000    0.000000
    0.000000    0.500000    0.000000
    0.000000    0.000000    0.500000
  4
    1    2    3    4
    1  2  -46.157242    2.000000    0.000000    0.000000   -0.000000    0.000000    0.000000    0.000000    0.000000
    3  2  -45.740519    2.000000    0.000000    0.000000    0.000000    0.000000   -0.000000    0.000000    0.000000
    5  2  -45.256370    2.000000    0.000000    0.000000    0.000000    0.000000   -0.000000    0.000000    0.000000
    7  2  -41.260640    2.000000    0.000000    0.000000   -0.000000    0.000000    0.000000    0.000000   -0.000000
    9  2  -40.845418    2.000000    0.000000    0.000000    0.000000    0.000000    0.000000    0.000000    0.000000
   11  2  -40.511132    2.000000    0.000000    0.000000    0.000000    0.000000    0.000000    0.000000    0.000000
   13  4  -35.536721    4.000000    0.000000    0.000000    0.000001    0.000000    0.000001    0.000000    0.000001
   17  2  -16.804449    2.000000    0.000000    0.000000    0.000000    0.000000    0.000000    0.000000    0.000000
   19  2  -16.802430    2.000000    0.000000    0.000000    0.000000    0.000000   -0.000000    0.000000    0.000000
   21  2  -16.444721    2.000000    0.000000    0.000000    0.000000    0.000000    0.000000    0.000000    0.000000
   23  2  -16.441507    2.000000    0.000000    0.000000   -0.000000    0.000000    0.000000    0.000000    0.000000
   25  4  -16.406374    4.000000    0.000000    0.000000    0.000000    0.000000    0.000000    0.000000    0.000000
   29  2   -5.327753    2.000000    0.000000    0.000000   -0.000000    0.000000   -0.000000    0.000000   -0.000000
   31  2   -4.290157    2.000000    0.000000    0.000000   -0.000000    0.000000    0.000000    0.000000   -0.000000
   33  2   -3.635518    2.000000    0.000000    0.000000    0.000001    0.000000   -0.000001    0.000000   -0.000001
   35  2   -0.138313    2.000000    0.000000    0.000000    0.000001    0.000000   -0.000000    0.000000    0.000000
   37  2   -0.126760    2.000000    0.000000    0.000000    0.000000    0.000000   -0.000000    0.000000    0.000000
   39  2   -0.072945    2.000000    0.000000    0.000000    0.000000    0.000000    0.000000    0.000000   -0.000000
   41  2   -0.045589    2.000000    0.000000    0.000000    0.000000    0.000000    0.000000    0.000000    0.000000
   43  2   -0.040439    2.000000    0.000000    0.000000    0.000000    0.000000    0.000000    0.000000    0.000000
   45  2    0.106773    2.000000    0.000000    0.000000    0.000000    0.000000    0.000000    0.000000    0.000000
   47  2    1.879047    2.000000    0.000000    0.000000    0.000000    0.000000   -0.000000    0.000000    0.000000
   49  2    2.162657    2.000000    0.000000    0.000000   -0.000000    0.000000    0.000000    0.000000    0.000001
   51  2    2.811757    2.000000    0.000000    0.000000    0.000000    0.000000    0.000000    0.000000    0.000000
   53  2    3.235120    2.000000    0.000000    0.000000    0.000000    0.000000    0.000000    0.000000    0.000000
   55  2    3.960598    2.000000    0.000000    0.000000    0.000000    0.000000    0.000000    0.000000    0.000000
   57  2    4.194658    2.000000    0.000000    0.000000    0.000000    0.000000   -0.000000    0.000000    0.000001
   59  2    4.819501    2.000000    0.000000    0.000000    0.000000    0.000000    0.000001    0.000000   -0.000001
   61  2    5.234180    2.000000    0.000000    0.000000    0.000000    0.000000   -0.000001    0.000000    0.000001
   63  2    5.242407    2.000000    0.000000    0.000000    0.000000    0.000000   -0.000001    0.000000    0.000000
   65  2    5.814048    2.000000    0.000000    0.000000    0.000000    0.000000    0.000000    0.000000    0.000000
   67  2    6.178908    2.000000    0.000000    0.000000    0.000000    0.000000    0.000000    0.000000   -0.000000
   69  2    6.540551    2.000000    0.000000    0.000000    0.000000    0.000000    0.000000    0.000000    0.000000
   71  2    7.324243    2.000000    0.000000    0.000000   -0.000001    0.000000   -0.000004    0.000000    0.000005
   73  2    7.999164    2.000000    0.000000    0.000000   -0.000024    0.000000   -0.000023    0.000000    0.000054
   75  2    8.187706    2.000000    0.000000    0.000000    0.000040    0.000000   -0.000436    0.000000   -0.000025
   77  1    8.486961    1.000000    0.000000    0.000000   -0.268597    0.000000    0.902672    0.000000   -0.250738
   78  1    8.525170    1.000000    0.000000    0.000000   -0.007094    0.000000   -0.865363    0.000000    0.254018
   79  1    8.604361    1.000000    0.000000    0.000000    0.655157    0.000000    0.234741    0.000000   -0.435613
   80  1    8.628788    1.000000    0.000000    0.000000    0.311597    0.000000   -0.355400    0.000000   -0.226264
  4
    1    2    3    4
    1  2  -46.157540    2.000000    0.000000    0.000000    0.000000   -0.000000    0.000000    0.000000    0.000000
    3  2  -45.740436    2.000000    0.000000    0.000000    0.000000    0.000000    0.000000    0.000000    0.000000
    5  2  -45.256725    2.000000    0.000000    0.000000   -0.000000    0.000001    0.000000   -0.000000    0.000000
    7  2  -41.261046    2.000000    0.000000    0.000000   -0.000000    0.000000    0.000000   -0.000000    0.000000
    9  2  -40.845300    2.000000    0.000000    0.000000    0.000000    0.000000    0.000000    0.000000    0.000000
   11  2  -40.511625    2.000000    0.000000    0.000000    0.000000    0.000000    0.000000    0.000000    0.000000
   13  4  -35.534805    4.000000    0.000000    0.000000    0.000000    0.000000    0.000000   -0.000001    0.000000
   17  4  -16.813387    4.000000    0.000000    0.000000    0.000000    0.000000    0.000000   -0.000000    0.000000
   21  2  -16.447953    2.000000    0.000000    0.000000    0.000000    0.000000    0.000000    0.000000    0.000000
   23  2  -16.446586    2.000000    0.000000    0.000000    0.000000   -0.000000    0.000000    0.000000    0.000000
   25  2  -16.428629    2.000000    0.000000    0.000000    0.000000    0.000000    0.000000    0.000000    0.000000
   27  2  -16.427199    2.000000    0.000000    0.000000    0.000000    0.000000    0.000000    0.000000    0.000000
   29  2   -3.168161    2.000000    0.000000    0.000000    0.000000    0.000000    0.000000    0.000000    0.000000
   31  2   -3.166727    2.000000    0.000000    0.000000    0.000000    0.000000    0.000000    0.000000    0.000000
   33  2   -2.784923    2.000000    0.000000    0.000000    0.000000    0.000000    0.000000    0.000000    0.000000
   35  2   -2.772577    2.000000    0.000000    0.000000    0.000000    0.000000    0.000000    0.000000    0.000000
   37  2   -0.288347    2.000000    0.000000    0.000000    0.000000    0.000000    0.000000    0.000000    0.000000
   39  2    0.018753    2.000000    0.000000    0.000000    0.000000    0.000000    0.000000    0.000000    0.000000
   41  2    0.117593    2.000000    0.000000    0.000000    0.000000    0.000000    0.000000   -0.000000    0.000000
   43  2    0.229979    2.000000    0.000000    0.000000   -0.000000    0.000000    0.000000    0.000000    0.000000
   45  2    0.273556    2.000000    0.000000    0.000000    0.000000    0.000000    0.000000   -0.000000    0.000000
   47  4    1.002582    4.000000    0.000000    0.000000    0.000000    0.000000    0.000000    0.000000    0.000000
   51  2    1.345390    2.000000    0.000000    0.000000    0.000000    0.000000    0.000000    0.000000    0.000000
   53  2    2.297513    2.000000    0.000000    0.000000    0.000000    0.000000    0.000000    0.000000    0.000000
   55  2    2.920737    2.000000    0.000000    0.000000    0.000000    0.000000    0.000000    0.000000    0.000000
   57  2    2.948642    2.000000    0.000000    0.000000    0.000000    0.000000    0.000000    0.000000    0.000000
   59  2    3.522500    2.000000    0.000000    0.000000   -0.000000   -0.000000    0.000000    0.000000    0.000000
   61  2    3.532532    2.000000    0.000000    0.000000    0.000000    0.000000    0.000000    0.000000    0.000000
   63  2    4.372757    2.000000    0.000000    0.000000    0.000000    0.000000    0.000000    0.000000    0.000000
   65  2    4.425899    2.000000    0.000000    0.000000    0.000000    0.000000    0.000000    0.000000    0.000000
   67  2    6.054793    2.000000    0.000000    0.000000    0.000000    0.000000    0.000000    0.000001    0.000000
   69  2    6.065429    2.000000    0.000000    0.000000   -0.000003    0.000001    0.000000    0.000001    0.000000
   71  2    7.285650    2.000000    0.000000    0.000000    0.000001   -0.000000    0.000000   -0.000000    0.000000
   73  2    7.840856    2.000000    0.000000    0.000000    0.000002    0.000008    0.000000   -0.000018    0.000000
   75  2    8.092679    2.000000    0.000000    0.000000    0.000002   -0.000002    0.000000   -0.000000    0.000000
   77  2    8.658255    2.000000    0.000000    0.000000    0.000083   -0.000490    0.000000   -0.000285    0.000000
   79  2    8.697494    2.000000    0.000000    0.000000   -0.000055    0.000029    0.000000   -0.000009    0.000000
  4
    1    2    3    4
    1  2  -46.157550    2.000000    0.000000    0.000000    0.000000    0.000000    0.000000   -0.000000    0.000000
    3  2  -45.740436    2.000000    0.000000    0.000000    0.000000   -0.000000    0.000000    0.000000    0.000000
    5  2  -45.256731    2.000000    0.000000    0.000000   -0.000000    0.000000    0.000000    0.000000    0.000000
    7  2  -41.261059    2.000000    0.000000    0.000000   -0.000000    0.000000    0.000000   -0.000000    0.000000
    9  2  -40.845297    2.000000    0.000000    0.000000    0.000000    0.000000    0.000000    0.000000    0.000000
   11  2  -40.511635    2.000000    0.000000    0.000000    0.000000    0.000000    0.000000    0.000000    0.000000
   13  4  -35.534806    4.000000    0.000000    0.000000    0.000000    0.000000    0.000000    0.000000    0.000000
   17  4  -16.813395    4.000000    0.000000    0.000000    0.000000   -0.000000    0.000000    0.000000    0.000000
   21  2  -16.447957    2.000000    0.000000    0.000000    0.000000   -0.000000    0.000000   -0.000000    0.000000
   23  2  -16.446589    2.000000    0.000000    0.000000    0.000000   -0.000000    0.000000    0.000000    0.000000
   25  2  -16.428644    2.000000    0.000000    0.000000    0.000000    0.000000    0.000000    0.000000    0.000000
   27  2  -16.427212    2.000000    0.000000    0.000000    0.000000    0.000000    0.000000    0.000000    0.000000
   29  2   -3.168280    2.000000    0.000000    0.000000    0.000000    0.000000    0.000000    0.000000    0.000000
   31  2   -3.166847    2.000000    0.000000    0.000000    0.000000   -0.000000    0.000000    0.000000    0.000000
   33  2   -2.784957    2.000000    0.000000    0.000000    0.000000    0.000000    0.000000    0.000000    0.000000
   35  2   -2.772615    2.000000    0.000000    0.000000    0.000000    0.000000    0.000000    0.000000    0.000000
   37  2   -0.287799    2.000000    0.000000    0.000000    0.000000    0.000000    0.000000   -0.000000    0.000000
   39  2    0.019635    2.000000    0.000000    0.000000   -0.000000    0.000000    0.000000   -0.000000    0.000000
   41  2    0.117320    2.000000    0.000000    0.000000   -0.000000    0.000000    0.000000   -0.000000    0.000000
   43  2    0.219463    2.000000    0.000000    0.000000    0.000002    0.000000    0.000000    0.000000    0.000000
   45  2    0.262159    2.000000    0.000000    0.000000    0.000001   -0.000000    0.000000    0.000001    0.000000
   47  2    1.033497    2.000000    0.000000    0.000000   -0.000001   -0.000001    0.000000   -0.000000    0.000000
   49  2    1.034905    2.000000    0.000000    0.000000    0.000002   -0.000000    0.000000    0.000001    0.000000
   51  2    1.353730    2.000000    0.000000    0.000000    0.000000    0.000000    0.000000    0.000000    0.000000
   53  2    2.324220    2.000000    0.000000    0.000000    0.000000    0.000000    0.000000    0.000000    0.000000
   55  2    2.848628    2.000000    0.000000    0.000000    0.000000    0.000000    0.000000    0.000000    0.000000
   57  2    2.886078    2.000000    0.000000    0.000000    0.000000    0.000000    0.000000    0.000000    0.000000
   59  2    3.434071    2.000000    0.000000    0.000000    0.000000    0.000000    0.000000   -0.000001    0.000000
   61  2    3.443709    2.000000    0.000000    0.000000   -0.000000   -0.000000    0.000000    0.000000    0.000000
   63  2    4.505226    2.000000    0.000000    0.000000    0.000000    0.000000    0.000000    0.000000    0.000000
   65  2    4.507369    2.000000    0.000000    0.000000    0.000000    0.000000    0.000000    0.000000    0.000000
   67  2    6.279322    2.000000    0.000000    0.000000    0.000000   -0.000000    0.000000    0.000001    0.000000
   69  2    6.295359    2.000000    0.000000    0.000000    0.000000    0.000002    0.000000   -0.000001    0.000000
   71  2    7.097606    2.000000    0.000000    0.000000   -0.000000   -0.000000    0.000000   -0.000001    0.000000
   73  2    7.784389    2.000000    0.000000    0.000000    0.000044    0.000064    0.000000    0.000002    0.000000
   75  2    8.091980    2.000000    0.000000    0.000000   -0.000013    0.000014    0.000000    0.000009    0.000000
   77  2    8.720930    2.000000    0.000000    0.000000    1.501608   -0.478625    0.000000    0.361623    0.000000
   79  1    8.731961    1.000000    0.000000    0.000000   -0.519773    0.337131    0.000000   -0.593351    0.000000
   80  1    8.905040    1.000000    0.000000    0.000000   -0.906849    0.218568    0.000000    0.292608    0.000000
  4
    1    2    3    4
    1  2  -46.157362    2.000000    0.000000    0.000000    2.000000    0.000000    0.000000    0.000000    0.000000
    3  2  -45.740471    2.000000    0.000000    0.000000   -2.000000    0.000000    0.000000    0.000000    0.000000
    5  2  -45.256511    2.000000    0.000000    0.000000    2.000000    0.000000    0.000000    0.000000    0.000000
    7  2  -41.260960    2.000000    0.000000    0.000000   -2.000000    0.000000    0.000000    0.000000    0.000000
    9  2  -40.845347    2.000000    0.000000    0.000000    2.000000    0.000000    0.000000    0.000000    0.000000
   11  2  -40.511509    2.000000    0.000000    0.000000   -2.000000    0.000000    0.000000    0.000000    0.000000
   13  4  -35.535742    4.000000    0.000000    0.000000    0.000000   -0.000000    0.000000    0.000000    0.000002
   17  4  -16.809535    4.000000    0.000000    0.000000    0.000000    0.000000    0.000000    0.000000    0.000000
   21  2  -16.451716    2.000000    0.000000    0.000000    2.000000    0.000000    0.000000    0.000000    0.000000
   23  2  -16.449664    2.000000    0.000000    0.000000   -2.000000    0.000000    0.000000    0.000000    0.000000
   25  2  -16.413196    2.000000    0.000000    0.000000   -2.000000    0.000000    0.000000    0.000000    0.000000
   27  2  -16.411132    2.000000    0.000000    0.000000    2.000000    0.000000    0.000000    0.000000    0.000000
   29  2   -3.626327    2.000000    0.000000    0.000000    2.000000    0.000000    0.000000    0.000000    0.000000
   31  2   -3.618206    2.000000    0.000000    0.000000   -2.000000    0.000000    0.000000    0.000000    0.000000
   33  2   -3.426326    2.000000    0.000000    0.000000    2.000000    0.000000    0.000000    0.000000    0.000000
   35  2   -3.425093    2.000000    0.000000    0.000000   -2.000000    0.000000    0.000000    0.000000    0.000000
   37  2   -0.081712    2.000000    0.000000    0.000000   -2.000000    0.000000    0.000000    0.000000    0.000000
   39  2   -0.024542    2.000000    0.000000    0.000000    2.000000    0.000000    0.000000    0.000000    0.000000
   41  1    0.034234    1.000000    0.000000    0.000000   -1.000000    1.000000    0.000000    0.000000    1.000000
   42  1    0.039115    1.000000    0.000000    0.000000   -1.000000   -1.000000    0.000000    0.000000   -1.000000
   43  2    0.074874    2.000000    0.000000    0.000000    2.000000    0.000000    0.000000    0.000000    0.000000
   45  2    0.203407    2.000000    0.000000    0.000000   -2.000000    0.000000    0.000000    0.000000    0.000000
   47  1    1.181768    1.000000    0.000000    0.000000   -1.000000   -1.000000    0.000000    0.000000   -1.000000
   48  1    1.186760    1.000000    0.000000    0.000000   -1.000000    1.000000    0.000000    0.000000    1.000000
   49  1    1.644198    1.000000    0.000000    0.000000    1.000000    1.000000    0.000000    0.000000   -1.000000
   50  1    1.647852    1.000000    0.000000    0.000000    1.000000   -1.000000    0.000000    0.000000    1.000000
   51  1    3.050940    1.000000    0.000000    0.000000    1.000000    1.000000    0.000000    0.000000   -1.000000
   52  1    3.052868    1.000000    0.000000    0.000000    1.000000   -1.000000    0.000000    0.000000    1.000000
   53  2    3.153730    2.000000    0.000000    0.000000   -2.000000    0.000000    0.000000    0.000000    0.000000
   55  2    4.599246    2.000000    0.000000    0.000000   -2.000000    0.000000    0.000000    0.000000    0.000000
   57  1    4.650404    1.000000    0.000000    0.000000    1.000000   -1.000000    0.000000    0.000000    1.000000
   58  1    4.653776    1.000000    0.000000    0.000000    1.000000    1.000000    0.000000    0.000000   -1.000000
   59  2    4.782935    2.000000    0.000000    0.000000    2.000000    0.000000    0.000000    0.000000    0.000000
   61  2    4.917038    2.000000    0.000000    0.000000   -2.000000    0.000000    0.000000    0.000000    0.000000
   63  1    5.300212    1.000000    0.000000    0.000000    1.000000   -1.000000    0.000000    0.000000    1.000000
   64  1    5.301841    1.000000    0.000000    0.000000    1.000000    1.000000    0.000000    0.000000   -1.000000
   65  2    5.303601    2.000000    0.000000    0.000000   -2.000000    0.000000    0.000000    0.000000    0.000000
   67  2    5.884070    2.000000    0.000000    0.000000   -2.000000    0.000000    0.000000    0.000000    0.000000
   69  2    5.901231    2.000000    0.000000    0.000000    2.000000    0.000000    0.000000    0.000000    0.000000
   71  1    6.857640    1.000000    0.000000    0.000000   -1.000000   -1.000000    0.000000    0.000000   -1.000000
   72  1    6.861545    1.000000    0.000000    0.000000   -1.000000    1.000000    0.000000    0.000000    1.000000
   73  1    7.240697    1.000000    0.000000    0.000000    0.999998    0.999997    0.000000    0.000000   -0.999999
   74  1    7.241780    1.000000    0.000000    0.000000    1.000000   -1.000000    0.000000    0.000000    1.000000
   75  1    7.362230    1.000000    0.000000    0.000000    0.999998   -0.999997    0.000000    0.000000    0.999998
   76  1    7.369590    1.000000    0.000000    0.000000    0.999993    0.999996    0.000000    0.000000   -0.999996
   77  2    7.612770    2.000000    0.000000    0.000000    1.999547    0.002051    0.000000    0.000000   -0.002243
   79  1    7.964566    1.000000    0.000000    0.000000   -0.998612    0.228454    0.000000    0.000000    0.228824
   80  1    7.994282    1.000000    0.000000    0.000000   -0.922366   -0.315585    0.000000    0.000000   -0.250934
  4
    1    2    3    4
    1  2  -46.157362    2.000000    0.000000    0.000000    2.000000    0.000000    0.000000    0.000000    0.000000
    3  2  -45.740471    2.000000    0.000000    0.000000   -2.000000    0.000000    0.000000    0.000000    0.000000
    5  2  -45.256510    2.000000    0.000000    0.000000    2.000000    0.000000    0.000000    0.000000    0.000000
    7  2  -41.260959    2.000000    0.000000    0.000000   -2.000000    0.000000    0.000000    0.000000    0.000000
    9  2  -40.845348    2.000000    0.000000    0.000000    2.000000    0.000000    0.000000    0.000000    0.000000
   11  2  -40.511509    2.000000    0.000000    0.000000   -2.000000    0.000000    0.000000    0.000000    0.000000
   13  4  -35.535750    4.000000    0.000000    0.000000    0.000000    0.000000    0.000003    0.000000    0.000000
   17  4  -16.808697    4.000000    0.000000    0.000000    0.000000    0.000000    0.000000    0.000000    0.000000
   21  4  -16.445945    4.000000    0.000000    0.000000    0.000000    0.000000    0.000000    0.000000    0.000000
   25  4  -16.418291    4.000000    0.000000    0.000000    0.000000    0.000000    0.000000    0.000000    0.000000
   29  2   -3.620696    2.000000    0.000000    0.000000    2.000000    0.000000    0.000000    0.000000    0.000000
   31  2   -3.612983    2.000000    0.000000    0.000000   -2.000000    0.000000    0.000000    0.000000    0.000000
   33  3   -3.432028    3.000000    0.000000    0.000000    1.000000    0.000000   -1.000000    1.000000    0.000000
   36  1   -3.430598    1.000000    0.000000    0.000000   -1.000000    0.000000    1.000000   -1.000000    0.000000
   37  2   -0.081712    2.000000    0.000000    0.000000   -2.000000    0.000000    0.000000    0.000000    0.000000
   39  2   -0.025524    2.000000    0.000000    0.000000    2.000000    0.000000    0.000000    0.000000    0.000000
   41  1    0.034346    1.000000    0.000000    0.000000   -1.000000    0.000000    1.000000   -1.000000    0.000000
   42  1    0.039226    1.000000    0.000000    0.000000   -1.000000    0.000000   -1.000000    1.000000    0.000000
   43  2    0.074468    2.000000    0.000000    0.000000    2.000000    0.000000    0.000000    0.000000    0.000000
   45  2    0.203759    2.000000    0.000000    0.000000   -2.000000    0.000000    0.000000    0.000000    0.000000
   47  1    1.182638    1.000000    0.000000    0.000000   -1.000000    0.000000   -1.000000    1.000000    0.000000
   48  1    1.187639    1.000000    0.000000    0.000000   -1.000000    0.000000    1.000000   -1.000000    0.000000
   49  1    1.643493    1.000000    0.000000    0.000000    1.000000    0.000000   -1.000000   -1.000000    0.000000
   50  1    1.647148    1.000000    0.000000    0.000000    1.000000    0.000000    1.000000    1.000000    0.000000
   51  1    3.040289    1.000000    0.000000    0.000000    1.000000    0.000000   -1.000000   -1.000000    0.000000
   52  1    3.042264    1.000000    0.000000    0.000000    1.000000    0.000000    1.000000    1.000000    0.000000
   53  2    3.145251    2.000000    0.000000    0.000000   -2.000000    0.000000    0.000000    0.000000    0.000000
   55  2    4.607178    2.000000    0.000000    0.000000   -2.000000    0.000000    0.000000    0.000000    0.000000
   57  1    4.679298    1.000000    0.000000    0.000000    1.000000    0.000000    1.000000    1.000000    0.000000
   58  1    4.683444    1.000000    0.000000    0.000000    1.000000    0.000000   -1.000000   -1.000000    0.000000
   59  2    4.803620    2.000000    0.000000    0.000000    2.000000    0.000000    0.000000    0.000000    0.000000
   61  2    4.943958    2.000000    0.000000    0.000000   -2.000000    0.000000    0.000000    0.000000    0.000000
   63  1    5.292162    1.000000    0.000000    0.000000    1.000000    0.000000    1.000000    1.000000    0.000000
   64  1    5.293592    1.000000    0.000000    0.000000    1.000000    0.000000   -1.000000   -1.000000    0.000000
   65  2    5.313603    2.000000    0.000000    0.000000   -2.000000    0.000000    0.000000    0.000000    0.000000
   67  2    5.839338    2.000000    0.000000    0.000000   -2.000000    0.000000    0.000000    0.000000    0.000000
   69  2    5.864783    2.000000    0.000000    0.000000    2.000000    0.000000    0.000000    0.000000    0.000000
   71  1    6.834877    1.000000    0.000000    0.000000   -1.000000    0.000000   -1.000000    1.000000    0.000000
   72  1    6.838722    1.000000    0.000000    0.000000   -1.000000    0.000000    1.000000   -1.000000    0.000000
   73  1    7.217219    1.000000    0.000000    0.000000    1.000000    0.000000   -1.000000   -0.999999    0.000000
   74  1    7.218366    1.000000    0.000000    0.000000    1.000000    0.000000    1.000000    1.000000    0.000000
   75  1    7.361331    1.000000    0.000000    0.000000    0.999998    0.000000    0.999998    0.999999    0.000000
   76  1    7.368761    1.000000    0.000000    0.000000    0.999996    0.000000   -0.999997   -0.999997    0.000000
   77  2    7.608387    2.000000    0.000000    0.000000    1.999811    0.000000    0.001131    0.001127    0.000000
   79  1    7.968269    1.000000    0.000000    0.000000   -0.997006    0.000000   -0.066924    0.069239    0.000000
   80  1    7.991085    1.000000    0.000000    0.000000   -0.821521    0.000000   -0.026590   -0.124164    0.000000
  4
    1    2    3    4
    1  2  -46.157365    2.000000    0.000000    0.000000    2.000000    0.000000    0.000000    0.000000    0.000000
    3  2  -45.740472    2.000000    0.000000    0.000000   -2.000000    0.000000    0.000000    0.000000    0.000000
    5  2  -45.256512    2.000000    0.000000    0.000000    2.000000    0.000000    0.000000    0.000000    0.000000
    7  2  -41.260963    2.000000    0.000000    0.000000   -2.000000    0.000000    0.000000    0.000000    0.000000
    9  2  -40.845350    2.000000    0.000000    0.000000    2.000000    0.000000    0.000000    0.000000    0.000000
   11  2  -40.511512    2.000000    0.000000    0.000000   -2.000000    0.000000    0.000000    0.000000    0.000000
   13  4  -35.535751    4.000000    0.000000    0.000000    0.000000    0.000000   -0.000007   -0.000001    0.000000
   17  4  -16.808701    4.000000    0.000000    0.000000    0.000000    0.000000    0.000000    0.000000    0.000000
   21  4  -16.445946    4.000000    0.000000    0.000000    0.000000    0.000000    0.000000    0.000000    0.000000
   25  4  -16.418300    4.000000    0.000000    0.000000    0.000000    0.000000    0.000000    0.000000    0.000000
   29  2   -3.631146    2.000000    0.000000    0.000000    2.000000    0.000000    0.000000    0.000000    0.000000
   31  2   -3.629149    2.000000    0.000000    0.000000   -2.000000    0.000000    0.000000    0.000000    0.000000
   33  2   -3.419394    2.000000    0.000000    0.000000    2.000000    0.000000    0.000000    0.000000    0.000000
   35  2   -3.411623    2.000000    0.000000    0.000000   -2.000000    0.000000    0.000000    0.000000    0.000000
   37  2   -0.077384    2.000000    0.000000    0.000000   -2.000000    0.000000    0.000000    0.000000    0.000000
   39  2   -0.025464    2.000000    0.000000    0.000000    2.000000    0.000000    0.000000    0.000000    0.000000
   41  1    0.034481    1.000000    0.000000    0.000000   -1.000000    0.000000   -1.000000    1.000000    0.000000
   42  1    0.039356    1.000000    0.000000    0.000000   -1.000000    0.000000    1.000000   -1.000000    0.000000
   43  2    0.084526    2.000000    0.000000    0.000000    2.000000    0.000000    0.000000    0.000000    0.000000
   45  2    0.201632    2.000000    0.000000    0.000000   -2.000000    0.000000    0.000000    0.000000    0.000000
   47  1    1.093740    1.000000    0.000000    0.000000   -1.000000    0.000000    1.000000   -1.000000    0.000000
   48  1    1.098712    1.000000    0.000000    0.000000   -1.000000    0.000000   -1.000000    1.000000    0.000000
   49  1    1.500512    1.000000    0.000000    0.000000    1.000000    0.000000    1.000000    1.000000    0.000000
   50  1    1.503942    1.000000    0.000000    0.000000    1.000000    0.000000   -1.000000   -1.000000    0.000000
   51  1    3.675932    1.000000    0.000000    0.000000    1.000000    0.000000    1.000000    1.000000    0.000000
   52  1    3.678190    1.000000    0.000000    0.000000    1.000000    0.000000   -1.000000   -1.000000    0.000000
   53  2    3.788884    2.000000    0.000000    0.000000   -2.000000    0.000000    0.000000    0.000000    0.000000
   55  1    4.108445    1.000000    0.000000    0.000000    1.000000    0.000000    1.000000    1.000000    0.000000
   56  1    4.110004    1.000000    0.000000    0.000000    1.000000    0.000000   -1.000000   -1.000000    0.000000
   57  1    4.154358    1.000000    0.000000    0.000000   -1.000000    0.000000    1.000000   -1.000000    0.000000
   58  1    4.156765    1.000000    0.000000    0.000000   -1.000000    0.000000   -1.000000    1.000000    0.000000
   59  2    4.634618    2.000000    0.000000    0.000000   -2.000000    0.000000    0.000000    0.000000    0.000000
   61  1    4.768375    1.000000    0.000000    0.000000    1.000000    0.000000   -1.000000   -1.000000    0.000000
   62  1    4.772505    1.000000    0.000000    0.000000    1.000000    0.000000    1.000000    1.000000    0.000000
   63  1    5.180089    1.000000    0.000000    0.000000    1.000000    0.000000   -1.000000   -1.000000    0.000000
   64  1    5.181266    1.000000    0.000000    0.000000    1.000000    0.000000    1.000000    1.000000    0.000000
   65  2    5.203606    2.000000    0.000000    0.000000   -2.000000    0.000000    0.000000    0.000000    0.000000
   67  2    5.764545    2.000000    0.000000    0.000000   -2.000000    0.000000    0.000000    0.000000    0.000000
   69  2    5.779903    2.000000    0.000000    0.000000    2.000000    0.000000    0.000000    0.000000    0.000000
   71  1    7.247076    1.000000    0.000000    0.000000   -1.000000    0.000000    1.000000   -1.000000    0.000000
   72  1    7.249996    1.000000    0.000000    0.000000   -1.000000    0.000000   -1.000000    1.000000    0.000000
   73  1    7.296169    1.000000    0.000000    0.000000    1.000000    0.000000   -1.000000   -1.000000    0.000000
   74  1    7.299553    1.000000    0.000000    0.000000    1.000000    0.000000    1.000000    1.000000    0.000000
   75  1    7.452267    1.000000    0.000000    0.000000    0.999999    0.000000   -0.999999   -0.999999    0.000000
   76  1    7.459742    1.000000    0.000000    0.000000    0.999999    0.000000    0.999999    1.000000    0.000000
   77  2    7.830772    2.000000    0.000000    0.000000   -1.999877    0.000000    0.000094   -0.000070    0.000000
   79  1    7.844693    1.000000    0.000000    0.000000    0.999790    0.000000    0.999676    0.999759    0.000000
   80  1    7.849897    1.000000    0.000000    0.000000    0.999900    0.000000   -0.999623   -0.999704    0.000000
  4
    1    2    3    4
    1  2  -46.157365    2.000000    0.000000    0.000000    2.000000    0.000000    0.000000    0.000000    0.000000
    3  2  -45.740472    2.000000    0.000000    0.000000   -2.000000    0.000000    0.000000    0.000000    0.000000
    5  2  -45.256513    2.000000    0.000000    0.000000    2.000000    0.000000    0.000000    0.000000    0.000000
    7  2  -41.260964    2.000000    0.000000    0.000000   -2.000000    0.000000    0.000000    0.000000    0.000000
    9  2  -40.845349    2.000000    0.000000    0.000000    2.000000    0.000000    0.000000    0.000000    0.000000
   11  2  -40.511513    2.000000    0.000000    0.000000   -2.000000    0.000000    0.000000    0.000000    0.000000
   13  4  -35.535742    4.000000    0.000000    0.000000    0.000000    0.000001    0.000000    0.000000   -0.000001
   17  4  -16.809538    4.000000    0.000000    0.000000    0.000000    0.000000    0.000000    0.000000    0.000000
   21  2  -16.451718    2.000000    0.000000    0.000000    2.000000    0.000000    0.000000    0.000000    0.000000
   23  2  -16.449666    2.000000    0.000000    0.000000   -2.000000    0.000000    0.000000    0.000000    0.000000
   25  2  -16.413204    2.000000    0.000000    0.000000   -2.000000    0.000000    0.000000    0.000000    0.000000
   27  2  -16.411139    2.000000    0.000000    0.000000    2.000000    0.000000    0.000000    0.000000    0.000000
   29  2   -3.636203    2.000000    0.000000    0.000000    2.000000    0.000000    0.000000    0.000000    0.000000
   31  2   -3.633520    2.000000    0.000000    0.000000   -2.000000    0.000000    0.000000    0.000000    0.000000
   33  2   -3.414270    2.000000    0.000000    0.000000    2.000000    0.000000    0.000000    0.000000    0.000000
   35  2   -3.406219    2.000000    0.000000    0.000000   -2.000000    0.000000    0.000000    0.000000    0.000000
   37  2   -0.077486    2.000000    0.000000    0.000000   -2.000000    0.000000    0.000000    0.000000    0.000000
   39  2   -0.024480    2.000000    0.000000    0.000000    2.000000    0.000000    0.000000    0.000000    0.000000
   41  1    0.034370    1.000000    0.000000    0.000000   -1.000000   -1.000000    0.000000    0.000000   -1.000000
   42  1    0.039245    1.000000    0.000000    0.000000   -1.000000    1.000000    0.000000    0.000000    1.000000
   43  2    0.084894    2.000000    0.000000    0.000000    2.000000    0.000000    0.000000    0.000000    0.000000
   45  2    0.201314    2.000000    0.000000    0.000000   -2.000000    0.000000    0.000000    0.000000    0.000000
   47  1    1.094174    1.000000    0.000000    0.000000   -1.000000    1.000000    0.000000    0.000000    1.000000
   48  1    1.099136    1.000000    0.000000    0.000000   -1.000000   -1.000000    0.000000    0.000000   -1.000000
   49  1    1.503279    1.000000    0.000000    0.000000    1.000000   -1.000000    0.000000    0.000000    1.000000
   50  1    1.506709    1.000000    0.000000    0.000000    1.000000    1.000000    0.000000    0.000000   -1.000000
   51  1    3.674663    1.000000    0.000000    0.000000    1.000000   -1.000000    0.000000    0.000000    1.000000
   52  1    3.676802    1.000000    0.000000    0.000000    1.000000    1.000000    0.000000    0.000000   -1.000000
   53  2    3.778578    2.000000    0.000000    0.000000   -2.000000    0.000000    0.000000    0.000000    0.000000
   55  1    4.099636    1.000000    0.000000    0.000000    1.000000   -1.000000    0.000000    0.000000    1.000000
   56  1    4.101259    1.000000    0.000000    0.000000    1.000000    1.000000    0.000000    0.000000   -1.000000
   57  1    4.161558    1.000000    0.000000    0.000000   -1.000000    1.000000    0.000000    0.000000    1.000000
   58  1    4.163887    1.000000    0.000000    0.000000   -1.000000   -1.000000    0.000000    0.000000   -1.000000
   59  2    4.630640    2.000000    0.000000    0.000000   -2.000000    0.000000    0.000000    0.000000    0.000000
   61  1    4.761210    1.000000    0.000000    0.000000    1.000000    1.000000    0.000000    0.000000   -1.000000
   62  1    4.765381    1.000000    0.000000    0.000000    1.000000   -1.000000    0.000000    0.000000    1.000000
   63  1    5.201261    1.000000    0.000000    0.000000    1.000000    1.000000    0.000000    0.000000   -1.000000
   64  1    5.202298    1.000000    0.000000    0.000000    1.000000   -1.000000    0.000000    0.000000    1.000000
   65  2    5.226313    2.000000    0.000000    0.000000   -2.000000    0.000000    0.000000    0.000000    0.000000
   67  2    5.749522    2.000000    0.000000    0.000000   -2.000000    0.000000    0.000000    0.000000    0.000000
   69  2    5.772647    2.000000    0.000000    0.000000    2.000000    0.000000    0.000000    0.000000    0.000000
   71  1    7.268209    1.000000    0.000000    0.000000   -1.000000    1.000000    0.000000    0.000000    1.000000
   72  1    7.271145    1.000000    0.000000    0.000000   -1.000000   -1.000000    0.000000    0.000000   -1.000000
   73  1    7.305481    1.000000    0.000000    0.000000    1.000000    1.000000    0.000000    0.000000   -1.000000
   74  1    7.308864    1.000000    0.000000    0.000000    1.000000   -1.000000    0.000000    0.000000    1.000000
   75  1    7.453490    1.000000    0.000000    0.000000    0.999999    0.999999    0.000000    0.000000   -1.000000
   76  1    7.460922    1.000000    0.000000    0.000000    0.999999   -0.999999    0.000000    0.000000    1.000000
   77  2    7.827410    2.000000    0.000000    0.000000   -1.999568    0.000902    0.000000    0.000000    0.000987
   79  1    7.852923    1.000000    0.000000    0.000000    0.999540   -0.999381    0.000000    0.000000    0.999736
   80  1    7.858121    1.000000    0.000000    0.000000    0.999176    0.998925    0.000000    0.000000   -0.999317
  4
    1    2    3    4
    1  2  -46.157246    2.000000    0.000000    0.000000    0.000000    0.000000    0.000000    0.000000    0.000000
    3  2  -45.740518    2.000000    0.000000    0.000000    0.000000    0.000000    0.000000    0.000000    0.000000
    5  2  -45.256373    2.000000    0.000000    0.000000    0.000000    0.000000    0.000000    0.000000   -0.000000
    7  2  -41.260645    2.000000    0.000000    0.000000   -0.000000    0.000000    0.000000    0.000000    0.000000
    9  2  -40.845418    2.000000    0.000000    0.000000    0.000000    0.000000    0.000000    0.000000    0.000000
   11  2  -40.511136    2.000000    0.000000    0.000000    0.000000    0.000000    0.000000    0.000000    0.000000
   13  4  -35.536718    4.000000    0.000000    0.000000   -0.000000    0.000000    0.000000    0.000000    0.000000
   17  2  -16.804351    2.000000    0.000000    0.000000    0.000000    0.000000    0.000000    0.000000    0.000000
   19  2  -16.802535    2.000000    0.000000    0.000000    0.000000    0.000000    0.000000    0.000000    0.000000
   21  2  -16.444554    2.000000    0.000000    0.000000    0.000000    0.000000    0.000000    0.000000    0.000000
   23  2  -16.441681    2.000000    0.000000    0.000000   -0.000000    0.000000    0.000000    0.000000   -0.000000
   25  4  -16.406382    4.000000    0.000000    0.000000    0.000000    0.000000    0.000000    0.000000    0.000000
   29  2   -5.313765    2.000000    0.000000    0.000000    0.000000    0.000000    0.000000    0.000000    0.000000
   31  2   -4.359197    2.000000    0.000000    0.000000    0.000000    0.000000    0.000000    0.000000    0.000000
   33  2   -3.563203    2.000000    0.000000    0.000000    0.000000    0.000000    0.000000    0.000000    0.000000
   35  2   -0.151879    2.000000    0.000000    0.000000    0.000000    0.000000    0.000000    0.000000    0.000000
   37  2   -0.099985    2.000000    0.000000    0.000000    0.000000    0.000000    0.000000    0.000000    0.000000
   39  2   -0.072987    2.000000    0.000000    0.000000    0.000000    0.000000    0.000000    0.000000    0.000000
   41  2   -0.050224    2.000000    0.000000    0.000000    0.000000    0.000000    0.000000    0.000000    0.000000
   43  2   -0.040438    2.000000    0.000000    0.000000    0.000000    0.000000    0.000000    0.000000    0.000000
   45  2    0.108405    2.000000    0.000000    0.000000    0.000000    0.000000   -0.000000    0.000000    0.000000
   47  2    1.315518    2.000000    0.000000    0.000000   -0.000000    0.000000    0.000000    0.000000    0.000001
   49  2    2.811774    2.000000    0.000000    0.000000    0.000000    0.000000    0.000000    0.000000    0.000000
   51  2    3.235727    2.000000    0.000000    0.000000    0.000000    0.000000    0.000000    0.000000    0.000000
   53  2    3.272065    2.000000    0.000000    0.000000   -0.000000    0.000000    0.000001    0.000000    0.000001
   55  2    3.958773    2.000000    0.000000    0.000000    0.000000    0.000000    0.000000    0.000000    0.000000
   57  2    4.077518    2.000000    0.000000    0.000000   -0.000001    0.000000   -0.000002    0.000000   -0.000003
   59  2    4.221978    2.000000    0.000000    0.000000    0.000001    0.000000    0.000000    0.000000    0.000000
   61  2    5.011471    2.000000    0.000000    0.000000   -0.000000    0.000000    0.000000    0.000000    0.000001
   63  2    5.247199    2.000000    0.000000    0.000000    0.000001    0.000000    0.000001    0.000000    0.000000
   65  2    5.729886    2.000000    0.000000    0.000000    0.000000    0.000000    0.000000    0.000000    0.000000
   67  2    6.222967    2.000000    0.000000    0.000000   -0.000000    0.000000   -0.000001    0.000000    0.000003
   69  2    7.174229    2.000000    0.000000    0.000000    0.000001    0.000000    0.000000    0.000000    0.000001
   71  2    7.341353    2.000000    0.000000    0.000000   -0.000002    0.000000    0.000005    0.000000   -0.000001
   73  2    7.999500    2.000000    0.000000    0.000000    0.000029    0.000000   -0.000051    0.000000   -0.000017
   75  2    8.038129    2.000000    0.000000    0.000000    0.001568    0.000000    0.000552    0.000000    0.001696
   77  2    8.123802    2.000000    0.000000    0.000000   -0.000259    0.000000    0.000612    0.000000    0.000374
   79  1    8.451668    1.000000    0.000000    0.000000    0.058301    0.000000    0.726051    0.000000    0.679371
   80  1    8.527176    1.000000    0.000000    0.000000    0.150035    0.000000   -0.972284    0.000000   -0.147620
