   66   80
  1
  4
  1  0  0  0  1  0  0  0  1    0.000000    0.000000    0.000000    1.000000    0.000000    0.000000    0.000000    0.000000    0.000000    1.000000    0.000000  1
  0  1  0  1  0  0  0  0  1    0.000000    0.000000    0.000000    0.000000    0.000000   -0.707107    0.707107    0.707107    0.707107    0.000000    0.000000  1
  0 -1  0 -1  0  0  0  0 -1    0.000000    0.000000    0.000000    0.000000    0.000000   -0.707107    0.707107    0.707107    0.707107    0.000000    0.000000 -1
 -1  0  0  0 -1  0  0  0 -1    0.000000    0.000000    0.000000    1.000000    0.000000    0.000000    0.000000    0.000000    0.000000    1.000000    0.000000 -1
  6
    0.000000    0.000000    0.000000
    0.000000    0.000000    0.500000
    0.000000    0.500000    0.500000
    0.500000    0.500000    0.500000
    0.000000    0.500000    0.000000
    0.500000    0.500000    0.000000
  2
    1    2
    1  2  -47.503229    2.000000    0.000000    0.000000    0.000000
    3  2  -47.101704    2.000000    0.000000    0.000000    0.000000
    5  2  -46.602684    2.000000    0.000000    0.000000    0.000000
    7  2  -42.543418    2.000000    0.000000    0.000000    0.000000
    9  2  -42.147291    2.000000    0.000000    0.000000    0.000000
   11  2  -41.792419    2.000000    0.000000    0.000000    0.000000
   13  4  -31.247209    4.000000    0.000000    0.000000    0.000000
   17  2  -14.025124    2.000000    0.000000    0.000000    0.000000
   19  2  -14.020513    2.000000    0.000000    0.000000    0.000000
   21  2  -12.933886    2.000000    0.000000    0.000000    0.000000
   23  2  -12.918171    2.000000    0.000000    0.000000    0.000000
   25  2  -12.880871    2.000000    0.000000    0.000000    0.000000
   27  2  -12.877922    2.000000    0.000000    0.000000    0.000000
   29  2   -7.106606    2.000000    0.000000    0.000000    0.000000
   31  1   -6.356327    1.000000    0.000000    0.000000   -1.000000
   32  1   -6.353996    1.000000    0.000000    0.000000    1.000000
   33  2   -5.973788    2.000000    0.000000    0.000000    0.000000
   35  2   -3.426279    2.000000    0.000000    0.000000    0.000000
   37  1   -1.376702    1.000000    0.000000    0.000000   -1.000000
   38  1   -1.374600    1.000000    0.000000    0.000000    1.000000
   39  1   -1.372426    1.000000    0.000000    0.000000   -1.000000
   40  1   -1.371018    1.000000    0.000000    0.000000    1.000000
   41  2   -1.348391    2.000000    0.000000    0.000000    0.000000
   43  2   -1.318690    2.000000    0.000000    0.000000    0.000000
   45  1   -1.202243    1.000000    0.000000    0.000000   -1.000000
   46  1   -1.198942    1.000000    0.000000    0.000000    1.000000
   47  1    0.505051    1.000000    0.000000    0.000000   -1.000000
   48  1    0.512875    1.000000    0.000000    0.000000    1.000000
   49  2    1.323978    2.000000    0.000000    0.000000    0.000000
   51  2    1.574386    2.000000    0.000000    0.000000    0.000000
   53  1    2.531476    1.000000    0.000000    0.000000   -1.000000
   54  1    2.539390    1.000000    0.000000    0.000000    1.000000
   55  2    2.874196    2.000000    0.000000    0.000000    0.000000
   57  1    3.001938    1.000000    0.000000    0.000000   -1.000000
   58  1    3.003647    1.000000    0.000000    0.000000    1.000000
   59  1    3.372814    1.000000    0.000000    0.000000   -1.000000
   60  1    3.382262    1.000000    0.000000    0.000000    1.000000
   61  2    4.329366    2.000000    0.000000    0.000000    0.000000
   63  1    4.354989    1.000000    0.000000    0.000000   -1.000000
   64  1    4.356498    1.000000    0.000000    0.000000    1.000000
   65  2    4.570393    2.000000    0.000000    0.000000    0.000000
   67  1    4.997361    1.000000    0.000000    0.000000   -0.999990
   68  1    4.999538    1.000000    0.000000    0.000000    0.999992
   69  1    5.209118    1.000000    0.000000    0.000000   -0.999903
   70  1    5.211283    1.000000    0.000000    0.000000    0.999901
   71  2    5.945294    2.000000    0.000000    0.000000    0.000047
   73  2    5.990082    2.000000    0.000000    0.000000    0.000003
   75  1    6.718422    1.000000    0.000000    0.000000   -0.999123
   76  1    6.727253    1.000000    0.000000    0.000000    0.999235
   77  1    7.199603    1.000000    0.000000    0.000000    0.620466
   78  1    7.228789    1.000000    0.000000    0.000000   -0.240147
   79  1    7.262265    1.000000    0.000000    0.000000   -0.079616
   80  1    7.374042    1.000000    0.000000    0.000000   -0.193151
  2
    1    2
    1  2  -47.503224    2.000000    0.000000    0.000000    0.000000
    3  2  -47.101698    2.000000    0.000000    0.000000    0.000000
    5  2  -46.602680    2.000000    0.000000    0.000000    0.000000
    7  2  -42.543411    2.000000    0.000000    0.000000    0.000000
    9  2  -42.147281    2.000000    0.000000    0.000000    0.000000
   11  2  -41.792414    2.000000    0.000000    0.000000    0.000000
   13  4  -31.247203    4.000000    0.000000    0.000000    0.000000
   17  2  -14.024767    2.000000    0.000000    0.000000    0.000000
   19  2  -14.020863    2.000000    0.000000    0.000000    0.000000
   21  2  -12.932789    2.000000    0.000000    0.000000    0.000000
   23  2  -12.919292    2.000000    0.000000    0.000000    0.000000
   25  2  -12.880871    2.000000    0.000000    0.000000    0.000000
   27  2  -12.877915    2.000000    0.000000    0.000000    0.000000
   29  2   -7.093716    2.000000    0.000000    0.000000    0.000000
   31  1   -6.405483    1.000000    0.000000    0.000000   -1.000000
   32  1   -6.403081    1.000000    0.000000    0.000000    1.000000
   33  2   -5.934664    2.000000    0.000000    0.000000    0.000000
   35  2   -3.426303    2.000000    0.000000    0.000000    0.000000
   37  1   -1.381638    1.000000    0.000000    0.000000   -1.000000
   38  1   -1.378786    1.000000    0.000000    0.000000    1.000000
   39  2   -1.364920    2.000000    0.000000    0.000000    0.000000
   41  2   -1.348486    2.000000    0.000000    0.000000    0.000000
   43  2   -1.315855    2.000000    0.000000    0.000000    0.000000
   45  1   -1.200926    1.000000    0.000000    0.000000   -1.000000
   46  1   -1.197667    1.000000    0.000000    0.000000    1.000000
   47  1    0.294740    1.000000    0.000000    0.000000   -1.000000
   48  1    0.300757    1.000000    0.000000    0.000000    1.000000
   49  2    1.574093    2.000000    0.000000    0.000000    0.000000
   51  1    1.950039    1.000000    0.000000    0.000000   -1.000000
   52  1    1.952466    1.000000    0.000000    0.000000    1.000000
   53  1    2.520898    1.000000    0.000000    0.000000   -1.000000
   54  1    2.527209    1.000000    0.000000    0.000000    1.000000
   55  1    2.591566    1.000000    0.000000    0.000000   -1.000000
   56  1    2.594133    1.000000    0.000000    0.000000    1.000000
   57  2    2.880174    2.000000    0.000000    0.000000    0.000000
   59  1    3.314584    1.000000    0.000000    0.000000   -1.000000
   60  1    3.324355    1.000000    0.000000    0.000000    1.000000
   61  1    3.854630    1.000000    0.000000    0.000000   -1.000000
   62  1    3.856144    1.000000    0.000000    0.000000    1.000000
   63  1    4.360260    1.000000    0.000000    0.000000   -1.000000
   64  1    4.361477    1.000000    0.000000    0.000000    1.000000
   65  2    4.693262    2.000000    0.000000    0.000000    0.000000
   67  1    4.961623    1.000000    0.000000    0.000000   -0.999999
   68  1    4.963669    1.000000    0.000000    0.000000    0.999999
   69  2    5.258808    2.000000    0.000000    0.000000    0.000000
   71  2    6.131155    2.000000    0.000000    0.000000   -0.000157
   73  1    6.719419    1.000000    0.000000    0.000000   -0.983901
   74  1    6.725830    1.000000    0.000000    0.000000    0.987886
   75  1    7.048795    1.000000    0.000000    0.000000    0.034575
   76  1    7.057518    1.000000    0.000000    0.000000   -0.010533
   77  1    7.159570    1.000000    0.000000    0.000000    0.148969
   78  1    7.204463    1.000000    0.000000    0.000000   -0.211623
   79  1    7.383679    1.000000    0.000000    0.000000    0.370267
   80  1    7.468660    1.000000    0.000000    0.000000   -0.090458
  1
    1
    1  2  -47.503299    2.000000    0.000000
    3  2  -47.101672    2.000000    0.000000
    5  2  -46.602765    2.000000    0.000000
    7  2  -42.543561    2.000000    0.000000
    9  2  -42.147247    2.000000    0.000000
   11  2  -41.792587    2.000000    0.000000
   13  4  -31.245584    4.000000    0.000000
   17  2  -14.036074    2.000000    0.000000
   19  2  -14.033438    2.000000    0.000000
   21  2  -12.946315    2.000000    0.000000
   23  2  -12.940050    2.000000    0.000000
   25  2  -12.895586    2.000000    0.000000
   27  2  -12.892509    2.000000    0.000000
   29  1   -5.911105    1.000000    0.000000
   30  1   -5.909211    1.000000    0.000000
   31  2   -5.901220    2.000000    0.000000
   33  2   -5.669088    2.000000    0.000000
   35  2   -5.639585    2.000000    0.000000
   37  2   -1.350824    2.000000    0.000000
   39  2   -1.324668    2.000000    0.000000
   41  1   -1.266687    1.000000    0.000000
   42  1   -1.263685    1.000000    0.000000
   43  2   -1.218323    2.000000    0.000000
   45  2   -1.153472    2.000000    0.000000
   47  1    0.092946    1.000000    0.000000
   48  1    0.098850    1.000000    0.000000
   49  1    0.483275    1.000000    0.000000
   50  1    0.486921    1.000000    0.000000
   51  2    2.243452    2.000000    0.000000
   53  1    2.336753    1.000000    0.000000
   54  1    2.341167    1.000000    0.000000
   55  1    3.061691    1.000000    0.000000
   56  1    3.063893    1.000000    0.000000
   57  2    3.138155    2.000000    0.000000
   59  2    3.584819    2.000000    0.000000
   61  1    3.669792    1.000000    0.000000
   62  1    3.675898    1.000000    0.000000
   63  2    4.172084    2.000000    0.000000
   65  2    4.291772    2.000000    0.000000
   67  2    4.936265    2.000000    0.000000
   69  2    5.021455    2.000000    0.000000
   71  2    5.746891    2.000000    0.000000
   73  2    6.107659    2.000000    0.000000
   75  1    6.202980    1.000000    0.000000
   76  1    6.211737    1.000000    0.000000
   77  1    6.461813    1.000000    0.000000
   78  1    6.476286    1.000000    0.000000
   79  1    6.560549    1.000000    0.000000
   80  1    6.626860    1.000000    0.000000
  2
    1    2
    1  2  -47.503384    2.000000    0.000000    0.000000    0.000000
    3  2  -47.101643    2.000000    0.000000    0.000000    0.000000
    5  2  -46.602871    2.000000    0.000000    0.000000    0.000000
    7  2  -42.543646    2.000000    0.000000    0.000000    0.000000
    9  2  -42.147203    2.000000    0.000000    0.000000    0.000000
   11  2  -41.792693    2.000000    0.000000    0.000000    0.000000
   13  4  -31.243978    4.000000    0.000000    0.000000    0.000000
   17  2  -14.043077    2.000000    0.000000    0.000000    0.000000
   19  2  -14.041375    2.000000    0.000000    0.000000    0.000000
   21  2  -12.934931    2.000000    0.000000    0.000000    0.000000
   23  2  -12.930409    2.000000    0.000000    0.000000    0.000000
   25  2  -12.929374    2.000000    0.000000    0.000000    0.000000
   27  2  -12.920800    2.000000    0.000000    0.000000    0.000000
   29  3   -5.738194    3.000000    0.000000    0.000000   -1.000000
   32  1   -5.735716    1.000000    0.000000    0.000000    1.000000
   33  2   -5.275520    2.000000    0.000000    0.000000    0.000000
   35  2   -5.270938    2.000000    0.000000    0.000000   -0.000000
   37  1   -1.472261    1.000000    0.000000    0.000000   -1.000000
   38  1   -1.466435    1.000000    0.000000    0.000000    1.000000
   39  2   -1.273411    2.000000    0.000000    0.000000    0.000000
   41  2   -1.213131    2.000000    0.000000    0.000000    0.000000
   43  2   -1.169859    2.000000    0.000000    0.000000    0.000000
   45  2   -1.130999    2.000000    0.000000    0.000000    0.000000
   47  1    0.210452    1.000000    0.000000    0.000000   -1.000000
   48  1    0.219247    1.000000    0.000000    0.000000    1.000000
   49  2    0.253026    2.000000    0.000000    0.000000    0.000000
   51  2    0.605758    2.000000    0.000000    0.000000    0.000000
   53  1    1.021316    1.000000    0.000000    0.000000   -1.000000
   54  1    1.023111    1.000000    0.000000    0.000000    1.000000
   55  1    1.859083    1.000000    0.000000    0.000000   -1.000000
   56  1    1.862719    1.000000    0.000000    0.000000    1.000000
   57  1    2.005114    1.000000    0.000000    0.000000   -1.000000
   58  1    2.007370    1.000000    0.000000    0.000000    1.000000
   59  1    2.514850    1.000000    0.000000    0.000000   -1.000000
   60  1    2.527621    1.000000    0.000000    0.000000    1.000000
   61  2    2.658406    2.000000    0.000000    0.000000    0.000000
   63  2    3.503249    2.000000    0.000000    0.000000    0.000000
   65  2    3.561442    2.000000    0.000000    0.000000    0.000000
   67  1    5.039897    1.000000    0.000000    0.000000   -0.999995
   68  1    5.043945    1.000000    0.000000    0.000000    0.999997
   69  1    5.274906    1.000000    0.000000    0.000000   -1.000000
   70  1    5.277327    1.000000    0.000000    0.000000    1.000000
   71  1    6.164608    1.000000    0.000000    0.000000   -1.000000
   72  1    6.175581    1.000000    0.000000    0.000000    1.000000
   73  1    6.474548    1.000000    0.000000    0.000000   -0.999982
   74  1    6.484007    1.000000    0.000000    0.000000    0.999999
   75  1    6.816758    1.000000    0.000000    0.000000   -0.999363
   76  1    6.818419    1.000000    0.000000    0.000000    0.999524
   77  1    7.405649    1.000000    0.000000    0.000000    0.076659
   78  1    7.410067    1.000000    0.000000    0.000000   -0.063053
   79  1    7.776350    1.000000    0.000000    0.000000    0.458060
   80  1    7.845406    1.000000    0.000000    0.000000   -0.474344
  1
    1
    1  2  -47.503298    2.000000    0.000000
    3  2  -47.101673    2.000000    0.000000
    5  2  -46.602765    2.000000    0.000000
    7  2  -42.543560    2.000000    0.000000
    9  2  -42.147249    2.000000    0.000000
   11  2  -41.792586    2.000000    0.000000
   13  4  -31.245584    4.000000    0.000000
   17  2  -14.036074    2.000000    0.000000
   19  2  -14.033438    2.000000    0.000000
   21  2  -12.946316    2.000000    0.000000
   23  2  -12.940050    2.000000    0.000000
   25  2  -12.895581    2.000000    0.000000
   27  2  -12.892513    2.000000    0.000000
   29  2   -5.910429    2.000000    0.000000
   31  1   -5.901925    1.000000    0.000000
   32  1   -5.899945    1.000000    0.000000
   33  2   -5.669086    2.000000    0.000000
   35  2   -5.639552    2.000000    0.000000
   37  2   -1.350866    2.000000    0.000000
   39  2   -1.324642    2.000000    0.000000
   41  1   -1.266753    1.000000    0.000000
   42  1   -1.263743    1.000000    0.000000
   43  2   -1.218205    2.000000    0.000000
   45  2   -1.153503    2.000000    0.000000
   47  1    0.093483    1.000000    0.000000
   48  1    0.098312    1.000000    0.000000
   49  1    0.482195    1.000000    0.000000
   50  1    0.487871    1.000000    0.000000
   51  1    2.243916    1.000000    0.000000
   52  1    2.245971    1.000000    0.000000
   53  2    2.338116    2.000000    0.000000
   55  2    3.056638    2.000000    0.000000
   57  1    3.141264    1.000000    0.000000
   58  1    3.144851    1.000000    0.000000
   59  1    3.581697    1.000000    0.000000
   60  1    3.586628    1.000000    0.000000
   61  2    3.674442    2.000000    0.000000
   63  1    4.167911    1.000000    0.000000
   64  1    4.170061    1.000000    0.000000
   65  2    4.295203    2.000000    0.000000
   67  1    4.936872    1.000000    0.000000
   68  1    4.938427    1.000000    0.000000
   69  2    5.020616    2.000000    0.000000
   71  1    5.740922    1.000000    0.000000
   72  1    5.742822    1.000000    0.000000
   73  1    6.105530    1.000000    0.000000
   74  1    6.106786    1.000000    0.000000
   75  1    6.218791    1.000000    0.000000
   76  1    6.226437    1.000000    0.000000
   77  1    6.464284    1.000000    0.000000
   78  1    6.473781    1.000000    0.000000
   79  1    6.570628    1.000000    0.000000
   80  1    6.658660    1.000000    0.000000
  2
    1    2
    1  2  -47.503384    2.000000    0.000000    0.000000    0.000000
    3  2  -47.101643    2.000000    0.000000    0.000000    0.000000
    5  2  -46.602871    2.000000    0.000000    0.000000    0.000000
    7  2  -42.543646    2.000000    0.000000    0.000000    0.000000
    9  2  -42.147203    2.000000    0.000000    0.000000    0.000000
   11  2  -41.792693    2.000000    0.000000    0.000000    0.000000
   13  4  -31.243978    4.000000    0.000000    0.000000    0.000000
   17  2  -14.043076    2.000000    0.000000    0.000000    0.000000
   19  2  -14.041375    2.000000    0.000000    0.000000    0.000000
   21  2  -12.934930    2.000000    0.000000    0.000000    0.000000
   23  2  -12.930428    2.000000    0.000000    0.000000    0.000000
   25  2  -12.929355    2.000000    0.000000    0.000000    0.000000
   27  2  -12.920802    2.000000    0.000000    0.000000    0.000000
   29  1   -5.738687    1.000000    0.000000    0.000000   -1.000000
   30  2   -5.737168    2.000000    0.000000    0.000000    0.000000
   32  1   -5.736166    1.000000    0.000000    0.000000    1.000000
   33  2   -5.275521    2.000000    0.000000    0.000000    0.000000
   35  2   -5.270938    2.000000    0.000000    0.000000    0.000000
   37  1   -1.472264    1.000000    0.000000    0.000000   -1.000000
   38  1   -1.466438    1.000000    0.000000    0.000000    1.000000
   39  2   -1.273408    2.000000    0.000000    0.000000    0.000000
   41  2   -1.213176    2.000000    0.000000    0.000000    0.000000
   43  2   -1.169770    2.000000    0.000000    0.000000    0.000000
   45  2   -1.131035    2.000000    0.000000    0.000000    0.000000
   47  1    0.210127    1.000000    0.000000    0.000000   -1.000000
   48  1    0.218986    1.000000    0.000000    0.000000    1.000000
   49  2    0.253200    2.000000    0.000000    0.000000    0.000000
   51  2    0.605785    2.000000    0.000000    0.000000    0.000000
   53  1    1.021198    1.000000    0.000000    0.000000   -1.000000
   54  1    1.023013    1.000000    0.000000    0.000000    1.000000
   55  1    1.859336    1.000000    0.000000    0.000000   -1.000000
   56  1    1.861608    1.000000    0.000000    0.000000    1.000000
   57  1    2.005737    1.000000    0.000000    0.000000   -1.000000
   58  1    2.007877    1.000000    0.000000    0.000000    1.000000
   59  2    2.520885    2.000000    0.000000    0.000000    0.000000
   61  1    2.651186    1.000000    0.000000    0.000000   -1.000000
   62  1    2.665848    1.000000    0.000000    0.000000    1.000000
   63  2    3.503170    2.000000    0.000000    0.000000    0.000000
   65  2    3.561325    2.000000    0.000000    0.000000    0.000000
   67  1    5.041141    1.000000    0.000000    0.000000   -0.999986
   68  1    5.043242    1.000000    0.000000    0.000000    0.999987
   69  1    5.273811    1.000000    0.000000    0.000000   -1.000000
   70  1    5.277354    1.000000    0.000000    0.000000    1.000000
   71  1    6.167065    1.000000    0.000000    0.000000   -1.000000
   72  1    6.174145    1.000000    0.000000    0.000000    1.000000
   73  1    6.472563    1.000000    0.000000    0.000000   -0.999998
   74  1    6.485636    1.000000    0.000000    0.000000    0.999992
   75  1    6.816904    1.000000    0.000000    0.000000   -0.999677
   76  1    6.818590    1.000000    0.000000    0.000000    0.999706
   77  1    7.403289    1.000000    0.000000    0.000000   -0.949286
   78  1    7.407506    1.000000    0.000000    0.000000    0.934177
   79  1    7.799203    1.000000    0.000000    0.000000    0.453882
   80  1    7.897765    1.000000    0.000000    0.000000    0.222153
