   38   48
  1
  4
  1  0  0  0  1  0  0  0  1    0.000000    0.000000    0.000000    1.000000    0.000000    0.000000    0.000000    0.000000    0.000000    1.000000    0.000000  1
 -1  0  0  0 -1  0  0  0 -1    0.000000    0.000000    0.000000    1.000000    0.000000    0.000000    0.000000    0.000000    0.000000    1.000000    0.000000  1
  0 -1  0 -1  0  0  0  0 -1    0.000000    0.000000    0.000000    0.000000    0.000000   -0.707107    0.707107    0.707107    0.707107    0.000000    0.000000 -1
  0  1  0  1  0  0  0  0  1    0.000000    0.000000    0.000000    0.000000    0.000000   -0.707107    0.707107    0.707107    0.707107    0.000000    0.000000 -1
  8
    0.000000    0.000000    0.000000
    0.000000    0.000000    0.500000
    0.000000    0.500000    0.500000
    0.500000    0.000000    0.500000
    0.500000    0.500000    0.500000
    0.000000    0.500000    0.000000
    0.500000    0.000000    0.000000
    0.500000    0.500000    0.000000
  2
    1    2
    1  1  -22.332394    1.000000    0.000000    1.000000    0.000000
    2  1  -22.324892    1.000000    0.000000    1.000000    0.000000
    3  1   -8.804486    1.000000    0.000000   -1.000000    0.000000
    4  1   -8.798674    1.000000    0.000000   -1.000000    0.000000
    5  1   -7.084031    1.000000    0.000000   -1.000000    0.000000
    6  1   -7.078544    1.000000    0.000000   -1.000000    0.000000
    7  1   -6.735258    1.000000    0.000000   -1.000000    0.000000
    8  1   -6.725201    1.000000    0.000000   -1.000000    0.000000
    9  1   -6.673002    1.000000    0.000000    1.000000    0.000000
   10  1   -6.661588    1.000000    0.000000    1.000000    0.000000
   11  2   -4.637747    2.000000    0.000000   -2.000000    0.000000
   13  1    0.704702    1.000000    0.000000    1.000000    0.000000
   14  1    0.834912    1.000000    0.000000    1.000000    0.000000
   15  1    2.032770    1.000000    0.000000   -1.000000    0.000000
   16  1    2.138408    1.000000    0.000000   -1.000000    0.000000
   17  1    2.213491    1.000000    0.000000   -1.000000    0.000000
   18  1    2.243249    1.000000    0.000000   -1.000000    0.000000
   19  1    2.255594    1.000000    0.000000    1.000000    0.000000
   20  1    2.485146    1.000000    0.000000   -1.000000    0.000000
   21  1    2.540147    1.000000    0.000000   -1.000000    0.000000
   22  1    2.611666    1.000000    0.000000    1.000000    0.000000
   23  1    2.695478    1.000000    0.000000    1.000000    0.000000
   24  1    2.742785    1.000000    0.000000    1.000000    0.000000
   25  1    2.828563    1.000000    0.000000    1.000000    0.000000
   26  1    4.070515    1.000000    0.000000    1.000000    0.000000
   27  1    4.179082    1.000000    0.000000   -1.000000    0.000000
   28  1    4.365113    1.000000    0.000000    1.000000    0.000000
   29  1    4.391561    1.000000    0.000000   -1.000000    0.000000
   30  1    4.462700    1.000000    0.000000    1.000000    0.000000
   31  1    4.787521    1.000000    0.000000    1.000000    0.000000
   32  1    4.854194    1.000000    0.000000    1.000000    0.000000
   33  1    4.951557    1.000000    0.000000    1.000000    0.000000
   34  1    4.983325    1.000000    0.000000   -1.000000    0.000000
   35  1    5.049976    1.000000    0.000000    1.000000    0.000000
   36  1    5.303590    1.000000    0.000000    1.000000    0.000000
   37  1    5.367577    1.000000    0.000000    1.000000    0.000000
   38  1    6.118150    1.000000    0.000000    1.000000    0.000000
   39  1    6.164870    1.000000    0.000000    1.000000    0.000000
   40  1    6.636682    1.000000    0.000000   -1.000000    0.000000
   41  1    7.841703    1.000000    0.000000   -1.000000    0.000000
   42  1    7.972274    1.000000    0.000000   -1.000000    0.000000
   43  1    8.134633    1.000000    0.000000   -1.000000    0.000000
   44  1    8.257761    1.000000    0.000000   -0.999999    0.000000
   45  1    8.635038    1.000000    0.000000   -0.999998    0.000000
   46  1    8.767531    1.000000    0.000000    0.999645    0.000000
   47  1    8.789055    1.000000    0.000000    0.999754    0.000000
   48  1    8.806758    1.000000    0.000000   -0.999980    0.000000
  2
    1    2
    1  1  -22.331844    1.000000    0.000000    1.000000    0.000000
    2  1  -22.324341    1.000000    0.000000    1.000000    0.000000
    3  1   -8.871396    1.000000    0.000000   -1.000000    0.000000
    4  1   -8.865371    1.000000    0.000000   -1.000000    0.000000
    5  1   -7.428376    1.000000    0.000000   -1.000000    0.000000
    6  1   -7.419437    1.000000    0.000000   -1.000000    0.000000
    7  1   -6.735251    1.000000    0.000000   -1.000000    0.000000
    8  1   -6.725353    1.000000    0.000000   -1.000000    0.000000
    9  1   -5.700621    1.000000    0.000000   -1.000000    0.000000
   10  1   -5.692203    1.000000    0.000000   -1.000000    0.000000
   11  1   -5.236812    1.000000    0.000000    1.000000    0.000000
   12  1   -5.235214    1.000000    0.000000    1.000000    0.000000
   13  1    1.081909    1.000000    0.000000    1.000000    0.000000
   14  1    1.204356    1.000000    0.000000    1.000000    0.000000
   15  1    1.856245    1.000000    0.000000   -1.000000    0.000000
   16  1    2.044874    1.000000    0.000000    1.000000    0.000000
   17  1    2.073900    1.000000    0.000000    1.000000    0.000000
   18  1    2.137046    1.000000    0.000000   -1.000000    0.000000
   19  1    2.257501    1.000000    0.000000   -1.000000    0.000000
   20  1    2.336350    1.000000    0.000000    1.000000    0.000000
   21  1    2.380680    1.000000    0.000000    1.000000    0.000000
   22  1    2.727218    1.000000    0.000000   -1.000000    0.000000
   23  1    2.826557    1.000000    0.000000   -1.000000    0.000000
   24  1    2.883818    1.000000    0.000000   -1.000000    0.000000
   25  1    2.991712    1.000000    0.000000   -1.000000    0.000000
   26  1    3.976376    1.000000    0.000000    1.000000    0.000000
   27  1    4.076291    1.000000    0.000000   -1.000000    0.000000
   28  1    4.389213    1.000000    0.000000    1.000000    0.000000
   29  1    4.465674    1.000000    0.000000   -1.000000    0.000000
   30  1    4.614826    1.000000    0.000000    1.000000    0.000000
   31  1    4.911232    1.000000    0.000000   -1.000000    0.000000
   32  1    5.000738    1.000000    0.000000   -1.000000    0.000000
   33  1    5.100199    1.000000    0.000000   -1.000000    0.000000
   34  1    5.354531    1.000000    0.000000    1.000000    0.000000
   35  1    5.385220    1.000000    0.000000   -1.000000    0.000000
   36  1    5.410670    1.000000    0.000000    1.000000    0.000000
   37  1    5.503688    1.000000    0.000000   -1.000000    0.000000
   38  1    5.549352    1.000000    0.000000   -1.000000    0.000000
   39  1    5.990711    1.000000    0.000000   -1.000000    0.000000
   40  1    6.493312    1.000000    0.000000    1.000000    0.000000
   41  1    6.636049    1.000000    0.000000    1.000000    0.000000
   42  1    6.802585    1.000000    0.000000    1.000000    0.000000
   43  1    7.630612    1.000000    0.000000    1.000000    0.000000
   44  1    7.694968    1.000000    0.000000    1.000000    0.000000
   45  1    7.939382    1.000000    0.000000    1.000000    0.000000
   46  1    7.991784    1.000000    0.000000    1.000000    0.000000
   47  1    8.374786    1.000000    0.000000    1.000000    0.000000
   48  1    8.569084    1.000000    0.000000    1.000000    0.000000
  2
    1    2
    1  1  -22.278513    1.000000    0.000000    1.000000    0.000000
    2  1  -22.271273    1.000000    0.000000    1.000000    0.000000
    3  1   -9.023089    1.000000    0.000000   -1.000000    0.000000
    4  1   -9.013939    1.000000    0.000000   -1.000000    0.000000
    5  1   -7.414419    1.000000    0.000000   -1.000000    0.000000
    6  1   -7.405508    1.000000    0.000000   -1.000000    0.000000
    7  1   -6.771293    1.000000    0.000000   -1.000000    0.000000
    8  1   -6.763271    1.000000    0.000000   -1.000000    0.000000
    9  1   -5.492201    1.000000    0.000000    1.000000    0.000000
   10  1   -5.485272    1.000000    0.000000    1.000000    0.000000
   11  1   -5.133598    1.000000    0.000000   -1.000000    0.000000
   12  1   -5.127598    1.000000    0.000000   -1.000000    0.000000
   13  1    0.782834    1.000000    0.000000    1.000000    0.000000
   14  1    0.817899    1.000000    0.000000    1.000000    0.000000
   15  1    1.273322    1.000000    0.000000   -1.000000    0.000000
   16  1    1.311780    1.000000    0.000000   -1.000000    0.000000
   17  1    2.023254    1.000000    0.000000    1.000000    0.000000
   18  1    2.110958    1.000000    0.000000   -1.000000    0.000000
   19  1    2.472611    1.000000    0.000000    1.000000    0.000000
   20  1    2.483408    1.000000    0.000000   -1.000000    0.000000
   21  1    2.552238    1.000000    0.000000    1.000000    0.000000
   22  1    2.691911    1.000000    0.000000   -1.000000    0.000000
   23  1    2.719458    1.000000    0.000000   -1.000000    0.000000
   24  1    2.734806    1.000000    0.000000    1.000000    0.000000
   25  1    3.387838    1.000000    0.000000    1.000000    0.000000
   26  1    3.442873    1.000000    0.000000   -1.000000    0.000000
   27  1    3.801214    1.000000    0.000000    1.000000    0.000000
   28  1    3.873776    1.000000    0.000000   -1.000000    0.000000
   29  1    4.254582    1.000000    0.000000   -1.000000    0.000000
   30  1    4.299765    1.000000    0.000000    1.000000    0.000000
   31  1    4.450845    1.000000    0.000000    1.000000    0.000000
   32  1    4.464444    1.000000    0.000000   -1.000000    0.000000
   33  1    4.685243    1.000000    0.000000    1.000000    0.000000
   34  1    4.761850    1.000000    0.000000   -1.000000    0.000000
   35  1    4.928731    1.000000    0.000000    1.000000    0.000000
   36  1    4.974203    1.000000    0.000000   -1.000000    0.000000
   37  1    6.180014    1.000000    0.000000    1.000000    0.000000
   38  1    6.219247    1.000000    0.000000    1.000000    0.000000
   39  1    6.504447    1.000000    0.000000    1.000000    0.000000
   40  1    6.549026    1.000000    0.000000   -1.000000    0.000000
   41  1    6.859442    1.000000    0.000000    1.000000    0.000000
   42  1    6.869694    1.000000    0.000000   -1.000000    0.000000
   43  1    6.932993    1.000000    0.000000   -1.000000    0.000000
   44  1    7.665787    1.000000    0.000000   -1.000000    0.000000
   45  1    8.036079    1.000000    0.000000    1.000000    0.000000
   46  1    8.224389    1.000000    0.000000    1.000000    0.000000
   47  1    8.754603    1.000000    0.000000    0.999945    0.000000
   48  1    8.780639    1.000000    0.000000    0.999993    0.000000
  2
    1    2
    1  1  -22.278513    1.000000    0.000000    1.000000    0.000000
    2  1  -22.271273    1.000000    0.000000    1.000000    0.000000
    3  1   -9.023078    1.000000    0.000000   -1.000000    0.000000
    4  1   -9.013950    1.000000    0.000000   -1.000000    0.000000
    5  1   -7.414450    1.000000    0.000000   -1.000000    0.000000
    6  1   -7.405477    1.000000    0.000000   -1.000000    0.000000
    7  1   -6.771269    1.000000    0.000000   -1.000000    0.000000
    8  1   -6.763295    1.000000    0.000000   -1.000000    0.000000
    9  1   -5.492202    1.000000    0.000000    1.000000    0.000000
   10  1   -5.485270    1.000000    0.000000    1.000000    0.000000
   11  1   -5.133598    1.000000    0.000000   -1.000000    0.000000
   12  1   -5.127598    1.000000    0.000000   -1.000000    0.000000
   13  1    0.782841    1.000000    0.000000    1.000000    0.000000
   14  1    0.817892    1.000000    0.000000    1.000000    0.000000
   15  1    1.273327    1.000000    0.000000   -1.000000    0.000000
   16  1    1.311773    1.000000    0.000000   -1.000000    0.000000
   17  1    2.023255    1.000000    0.000000    1.000000    0.000000
   18  1    2.110954    1.000000    0.000000   -1.000000    0.000000
   19  1    2.472613    1.000000    0.000000    1.000000    0.000000
   20  1    2.483410    1.000000    0.000000   -1.000000    0.000000
   21  1    2.552235    1.000000    0.000000    1.000000    0.000000
   22  1    2.691905    1.000000    0.000000   -1.000000    0.000000
   23  1    2.719471    1.000000    0.000000   -1.000000    0.000000
   24  1    2.734807    1.000000    0.000000    1.000000    0.000000
   25  1    3.387836    1.000000    0.000000    1.000000    0.000000
   26  1    3.442867    1.000000    0.000000   -1.000000    0.000000
   27  1    3.801218    1.000000    0.000000    1.000000    0.000000
   28  1    3.873781    1.000000    0.000000   -1.000000    0.000000
   29  1    4.254619    1.000000    0.000000   -1.000000    0.000000
   30  1    4.299758    1.000000    0.000000    1.000000    0.000000
   31  1    4.450857    1.000000    0.000000    1.000000    0.000000
   32  1    4.464399    1.000000    0.000000   -1.000000    0.000000
   33  1    4.685233    1.000000    0.000000    1.000000    0.000000
   34  1    4.761842    1.000000    0.000000   -1.000000    0.000000
   35  1    4.928730    1.000000    0.000000    1.000000    0.000000
   36  1    4.974215    1.000000    0.000000   -1.000000    0.000000
   37  1    6.180014    1.000000    0.000000    1.000000    0.000000
   38  1    6.219248    1.000000    0.000000    1.000000    0.000000
   39  1    6.504450    1.000000    0.000000    1.000000    0.000000
   40  1    6.549022    1.000000    0.000000   -1.000000    0.000000
   41  1    6.859439    1.000000    0.000000    1.000000    0.000000
   42  1    6.869696    1.000000    0.000000   -1.000000    0.000000
   43  1    6.932994    1.000000    0.000000   -1.000000    0.000000
   44  1    7.665788    1.000000    0.000000   -1.000000    0.000000
   45  1    8.036082    1.000000    0.000000    0.999999    0.000000
   46  1    8.224401    1.000000    0.000000    0.999999    0.000000
   47  1    8.756690    1.000000    0.000000    0.999830    0.000000
   48  1    8.787006    1.000000    0.000000    0.999560    0.000000
  2
    1    2
    1  1  -22.228479    1.000000    0.000000    1.000000    0.000000
    2  1  -22.221491    1.000000    0.000000    1.000000    0.000000
    3  1   -9.046956    1.000000    0.000000   -1.000000    0.000000
    4  1   -9.037538    1.000000    0.000000   -1.000000    0.000000
    5  1   -7.376729    1.000000    0.000000   -1.000000    0.000000
    6  1   -7.363184    1.000000    0.000000   -1.000000    0.000000
    7  1   -6.948578    1.000000    0.000000   -1.000000    0.000000
    8  1   -6.941833    1.000000    0.000000   -1.000000    0.000000
    9  1   -5.205904    1.000000    0.000000    1.000000    0.000000
   10  1   -5.202852    1.000000    0.000000    1.000000    0.000000
   11  1   -4.976871    1.000000    0.000000   -1.000000    0.000000
   12  1   -4.972328    1.000000    0.000000   -1.000000    0.000000
   13  1    0.010223    1.000000    0.000000    1.000000    0.000000
   14  1    0.250751    1.000000    0.000000    1.000000    0.000000
   15  1    0.336739    1.000000    0.000000   -1.000000    0.000000
   16  1    0.640831    1.000000    0.000000   -1.000000    0.000000
   17  1    2.233304    1.000000    0.000000    1.000000    0.000000
   18  1    2.286272    1.000000    0.000000    1.000000    0.000000
   19  1    2.325274    1.000000    0.000000    1.000000    0.000000
   20  1    2.390501    1.000000    0.000000    1.000000    0.000000
   21  1    2.652012    1.000000    0.000000   -1.000000    0.000000
   22  1    2.826160    1.000000    0.000000   -1.000000    0.000000
   23  1    3.305182    1.000000    0.000000    1.000000    0.000000
   24  1    3.405206    1.000000    0.000000    1.000000    0.000000
   25  1    3.503606    1.000000    0.000000   -1.000000    0.000000
   26  1    3.523818    1.000000    0.000000   -1.000000    0.000000
   27  1    3.711170    1.000000    0.000000   -1.000000    0.000000
   28  1    3.808192    1.000000    0.000000    1.000000    0.000000
   29  1    4.271920    1.000000    0.000000    1.000000    0.000000
   30  1    4.321683    1.000000    0.000000    1.000000    0.000000
   31  1    4.362340    1.000000    0.000000   -1.000000    0.000000
   32  1    4.473978    1.000000    0.000000    1.000000    0.000000
   33  1    4.479915    1.000000    0.000000   -1.000000    0.000000
   34  1    4.563605    1.000000    0.000000   -1.000000    0.000000
   35  1    4.619838    1.000000    0.000000    1.000000    0.000000
   36  1    4.705772    1.000000    0.000000   -1.000000    0.000000
   37  1    4.937226    1.000000    0.000000   -1.000000    0.000000
   38  1    4.944140    1.000000    0.000000    1.000000    0.000000
   39  1    5.020464    1.000000    0.000000   -1.000000    0.000000
   40  1    5.037152    1.000000    0.000000    1.000000    0.000000
   41  1    5.059821    1.000000    0.000000   -1.000000    0.000000
   42  1    5.200516    1.000000    0.000000   -1.000000    0.000000
   43  1    6.591233    1.000000    0.000000    1.000000    0.000000
   44  1    6.680607    1.000000    0.000000   -1.000000    0.000000
   45  1    8.864950    1.000000    0.000000    1.000000    0.000000
   46  1    9.019545    1.000000    0.000000    1.000000    0.000000
   47  1    9.666992    1.000000    0.000000    1.000000    0.000000
   48  1    9.877598    1.000000    0.000000    1.000000    0.000000
  2
    1    2
    1  1  -22.278513    1.000000    0.000000    1.000000    0.000000
    2  1  -22.271273    1.000000    0.000000    1.000000    0.000000
    3  1   -9.023083    1.000000    0.000000   -1.000000    0.000000
    4  1   -9.013939    1.000000    0.000000   -1.000000    0.000000
    5  1   -7.414161    1.000000    0.000000   -1.000000    0.000000
    6  1   -7.405754    1.000000    0.000000   -1.000000    0.000000
    7  1   -6.771298    1.000000    0.000000   -1.000000    0.000000
    8  1   -6.763262    1.000000    0.000000   -1.000000    0.000000
    9  1   -5.492362    1.000000    0.000000    1.000000    0.000000
   10  1   -5.485295    1.000000    0.000000    1.000000    0.000000
   11  1   -5.133476    1.000000    0.000000   -1.000000    0.000000
   12  1   -5.127576    1.000000    0.000000   -1.000000    0.000000
   13  1    0.783059    1.000000    0.000000    1.000000    0.000000
   14  1    0.818078    1.000000    0.000000    1.000000    0.000000
   15  1    1.273095    1.000000    0.000000   -1.000000    0.000000
   16  1    1.311695    1.000000    0.000000   -1.000000    0.000000
   17  1    2.023465    1.000000    0.000000    1.000000    0.000000
   18  1    2.110658    1.000000    0.000000   -1.000000    0.000000
   19  1    2.473083    1.000000    0.000000    1.000000    0.000000
   20  1    2.482844    1.000000    0.000000   -1.000000    0.000000
   21  1    2.551595    1.000000    0.000000    1.000000    0.000000
   22  1    2.697644    1.000000    0.000000   -1.000000    0.000000
   23  1    2.714452    1.000000    0.000000   -1.000000    0.000000
   24  1    2.734751    1.000000    0.000000    1.000000    0.000000
   25  1    3.387807    1.000000    0.000000    1.000000    0.000000
   26  1    3.442752    1.000000    0.000000   -1.000000    0.000000
   27  1    3.801776    1.000000    0.000000    1.000000    0.000000
   28  1    3.873359    1.000000    0.000000   -1.000000    0.000000
   29  1    4.259120    1.000000    0.000000   -1.000000    0.000000
   30  1    4.296613    1.000000    0.000000    1.000000    0.000000
   31  1    4.450327    1.000000    0.000000    1.000000    0.000000
   32  1    4.462927    1.000000    0.000000   -1.000000    0.000000
   33  1    4.686553    1.000000    0.000000    1.000000    0.000000
   34  1    4.761725    1.000000    0.000000   -1.000000    0.000000
   35  1    4.929845    1.000000    0.000000    1.000000    0.000000
   36  1    4.972235    1.000000    0.000000   -1.000000    0.000000
   37  1    6.179287    1.000000    0.000000    1.000000    0.000000
   38  1    6.220995    1.000000    0.000000    1.000000    0.000000
   39  1    6.503095    1.000000    0.000000    1.000000    0.000000
   40  1    6.548523    1.000000    0.000000   -1.000000    0.000000
   41  1    6.860095    1.000000    0.000000    1.000000    0.000000
   42  1    6.870786    1.000000    0.000000   -1.000000    0.000000
   43  1    6.932998    1.000000    0.000000   -1.000000    0.000000
   44  1    7.665414    1.000000    0.000000   -0.999999    0.000000
   45  1    8.036351    1.000000    0.000000    0.999999    0.000000
   46  1    8.223996    1.000000    0.000000    0.999988    0.000000
   47  1    8.758455    1.000000    0.000000    0.999867    0.000000
   48  1    8.801271    1.000000    0.000000    0.998546    0.000000
  2
    1    2
    1  1  -22.278513    1.000000    0.000000    1.000000    0.000000
    2  1  -22.271273    1.000000    0.000000    1.000000    0.000000
    3  1   -9.023071    1.000000    0.000000   -1.000000    0.000000
    4  1   -9.013951    1.000000    0.000000   -1.000000    0.000000
    5  1   -7.414183    1.000000    0.000000   -1.000000    0.000000
    6  1   -7.405732    1.000000    0.000000   -1.000000    0.000000
    7  1   -6.771278    1.000000    0.000000   -1.000000    0.000000
    8  1   -6.763282    1.000000    0.000000   -1.000000    0.000000
    9  1   -5.492362    1.000000    0.000000    1.000000    0.000000
   10  1   -5.485295    1.000000    0.000000    1.000000    0.000000
   11  1   -5.133479    1.000000    0.000000   -1.000000    0.000000
   12  1   -5.127573    1.000000    0.000000   -1.000000    0.000000
   13  1    0.783063    1.000000    0.000000    1.000000    0.000000
   14  1    0.818074    1.000000    0.000000    1.000000    0.000000
   15  1    1.273095    1.000000    0.000000   -1.000000    0.000000
   16  1    1.311694    1.000000    0.000000   -1.000000    0.000000
   17  1    2.023458    1.000000    0.000000    1.000000    0.000000
   18  1    2.110662    1.000000    0.000000   -1.000000    0.000000
   19  1    2.473099    1.000000    0.000000    1.000000    0.000000
   20  1    2.482844    1.000000    0.000000   -1.000000    0.000000
   21  1    2.551588    1.000000    0.000000    1.000000    0.000000
   22  1    2.697645    1.000000    0.000000   -1.000000    0.000000
   23  1    2.714447    1.000000    0.000000   -1.000000    0.000000
   24  1    2.734752    1.000000    0.000000    1.000000    0.000000
   25  1    3.387806    1.000000    0.000000    1.000000    0.000000
   26  1    3.442752    1.000000    0.000000   -1.000000    0.000000
   27  1    3.801781    1.000000    0.000000    1.000000    0.000000
   28  1    3.873370    1.000000    0.000000   -1.000000    0.000000
   29  1    4.259058    1.000000    0.000000   -1.000000    0.000000
   30  1    4.296605    1.000000    0.000000    1.000000    0.000000
   31  1    4.450332    1.000000    0.000000    1.000000    0.000000
   32  1    4.462996    1.000000    0.000000   -1.000000    0.000000
   33  1    4.686547    1.000000    0.000000    1.000000    0.000000
   34  1    4.761715    1.000000    0.000000   -1.000000    0.000000
   35  1    4.929843    1.000000    0.000000    1.000000    0.000000
   36  1    4.972223    1.000000    0.000000   -1.000000    0.000000
   37  1    6.179291    1.000000    0.000000    1.000000    0.000000
   38  1    6.220993    1.000000    0.000000    1.000000    0.000000
   39  1    6.503091    1.000000    0.000000    1.000000    0.000000
   40  1    6.548530    1.000000    0.000000   -1.000000    0.000000
   41  1    6.860099    1.000000    0.000000    1.000000    0.000000
   42  1    6.870786    1.000000    0.000000   -1.000000    0.000000
   43  1    6.932990    1.000000    0.000000   -1.000000    0.000000
   44  1    7.665415    1.000000    0.000000   -1.000000    0.000000
   45  1    8.036348    1.000000    0.000000    1.000000    0.000000
   46  1    8.223881    1.000000    0.000000    1.000000    0.000000
   47  1    8.755369    1.000000    0.000000    0.999917    0.000000
   48  1    8.781543    1.000000    0.000000    0.999954    0.000000
  2
    1    2
    1  1  -22.228479    1.000000    0.000000    1.000000    0.000000
    2  1  -22.221491    1.000000    0.000000    1.000000    0.000000
    3  1   -9.046954    1.000000    0.000000   -1.000000    0.000000
    4  1   -9.037545    1.000000    0.000000   -1.000000    0.000000
    5  1   -7.376726    1.000000    0.000000   -1.000000    0.000000
    6  1   -7.363191    1.000000    0.000000   -1.000000    0.000000
    7  1   -6.948595    1.000000    0.000000   -1.000000    0.000000
    8  1   -6.941819    1.000000    0.000000   -1.000000    0.000000
    9  1   -5.205938    1.000000    0.000000    1.000000    0.000000
   10  1   -5.202653    1.000000    0.000000    1.000000    0.000000
   11  1   -4.976800    1.000000    0.000000   -1.000000    0.000000
   12  1   -4.972563    1.000000    0.000000   -1.000000    0.000000
   13  1    0.010321    1.000000    0.000000    1.000000    0.000000
   14  1    0.251968    1.000000    0.000000    1.000000    0.000000
   15  1    0.336571    1.000000    0.000000   -1.000000    0.000000
   16  1    0.639629    1.000000    0.000000   -1.000000    0.000000
   17  1    2.234117    1.000000    0.000000    1.000000    0.000000
   18  1    2.284085    1.000000    0.000000    1.000000    0.000000
   19  1    2.327211    1.000000    0.000000    1.000000    0.000000
   20  1    2.389348    1.000000    0.000000    1.000000    0.000000
   21  1    2.651919    1.000000    0.000000   -1.000000    0.000000
   22  1    2.826990    1.000000    0.000000   -1.000000    0.000000
   23  1    3.304500    1.000000    0.000000    1.000000    0.000000
   24  1    3.407497    1.000000    0.000000    1.000000    0.000000
   25  1    3.499786    1.000000    0.000000   -1.000000    0.000000
   26  1    3.526970    1.000000    0.000000   -1.000000    0.000000
   27  1    3.712407    1.000000    0.000000   -1.000000    0.000000
   28  1    3.804538    1.000000    0.000000    1.000000    0.000000
   29  1    4.280876    1.000000    0.000000    1.000000    0.000000
   30  1    4.317984    1.000000    0.000000    1.000000    0.000000
   31  1    4.358390    1.000000    0.000000   -1.000000    0.000000
   32  1    4.464322    1.000000    0.000000    1.000000    0.000000
   33  1    4.476797    1.000000    0.000000   -1.000000    0.000000
   34  1    4.572236    1.000000    0.000000   -1.000000    0.000000
   35  1    4.620581    1.000000    0.000000    1.000000    0.000000
   36  1    4.711668    1.000000    0.000000   -1.000000    0.000000
   37  1    4.936656    1.000000    0.000000   -1.000000    0.000000
   38  1    4.946832    1.000000    0.000000    1.000000    0.000000
   39  1    5.016423    1.000000    0.000000   -1.000000    0.000000
   40  1    5.042959    1.000000    0.000000    1.000000    0.000000
   41  1    5.052089    1.000000    0.000000   -1.000000    0.000000
   42  1    5.202276    1.000000    0.000000   -1.000000    0.000000
   43  1    6.588495    1.000000    0.000000    1.000000    0.000000
   44  1    6.683243    1.000000    0.000000   -1.000000    0.000000
   45  1    8.866180    1.000000    0.000000    1.000000    0.000000
   46  1    9.017509    1.000000    0.000000    1.000000    0.000000
   47  1    9.666501    1.000000    0.000000    1.000000    0.000000
   48  1    9.879020    1.000000    0.000000    1.000000    0.000000
