   64   88
  1
  8
  1  0  0  0  1  0  0  0  1    0.000000    0.000000    0.000000    1.000000    0.000000    0.000000    0.000000    0.000000    0.000000    1.000000    0.000000  1
 -1  0  0  0 -1  0  0  0  1    0.500000    0.500000    0.000000    0.000000   -1.000000    0.000000    0.000000    0.000000    0.000000    0.000000    1.000000  1
 -1  0  0  0 -1  0  0  0 -1    0.000000    0.000000    0.000000    1.000000    0.000000    0.000000    0.000000    0.000000    0.000000    1.000000    0.000000  1
  1  0  0  0  1  0  0  0 -1    0.500000    0.500000    0.000000    0.000000   -1.000000    0.000000    0.000000    0.000000    0.000000    0.000000    1.000000  1
 -1  0  0  0  1  0  0  0 -1    0.000000    0.500000    0.000000    0.000000    0.000000   -1.000000    0.000000    1.000000    0.000000    0.000000    0.000000 -1
  1  0  0  0 -1  0  0  0 -1    0.500000    0.000000    0.000000    0.000000    0.000000    0.000000   -1.000000    0.000000   -1.000000    0.000000    0.000000 -1
  1  0  0  0 -1  0  0  0  1    0.000000    0.500000    0.000000    0.000000    0.000000   -1.000000    0.000000    1.000000    0.000000    0.000000    0.000000 -1
 -1  0  0  0  1  0  0  0  1    0.500000    0.000000    0.000000    0.000000    0.000000    0.000000   -1.000000    0.000000   -1.000000    0.000000    0.000000 -1
  8
    0.000000    0.000000    0.000000
    0.500000    0.500000    0.500000
    0.500000    0.500000    0.000000
    0.000000    0.500000    0.500000
    0.500000    0.000000    0.500000
    0.500000    0.000000    0.000000
    0.000000    0.500000    0.000000
    0.000000    0.000000    0.500000
  4
    1    2    3    4
    1  2  -48.587395    2.000000    0.000000    0.000000    2.000000    0.000000    0.000000    0.000000    0.000000
    3  2  -48.207740    2.000000    0.000000    0.000000   -2.000000    0.000000    0.000000    0.000000    0.000000
    5  2  -47.685409    2.000000    0.000000    0.000000    2.000000    0.000000    0.000000    0.000000    0.000000
    7  2  -43.723704    2.000000    0.000000    0.000000   -2.000000    0.000000    0.000000    0.000000    0.000000
    9  2  -43.336943    2.000000    0.000000    0.000000    2.000000    0.000000    0.000000    0.000000    0.000000
   11  2  -43.020284    2.000000    0.000000    0.000000   -2.000000    2.000000    0.000000    0.000000   -2.000000
   13  2  -43.018545    2.000000    0.000000    0.000000    2.000000    2.000000    0.000000    0.000000    2.000000
   15  2  -43.006325    2.000000    0.000000    0.000000   -2.000000   -2.000000    0.000000    0.000000    2.000000
   17  2  -43.004562    2.000000    0.000000    0.000000    2.000000   -2.000000    0.000000    0.000000   -2.000000
   19  2  -42.973981    2.000000    0.000000    0.000000   -2.000000    0.000000    0.000000    0.000000    0.000000
   21  2  -42.739355    2.000000    0.000000    0.000000    2.000000    0.000000    0.000000    0.000000    0.000000
   23  2  -42.728352    2.000000    0.000000    0.000000   -2.000000    0.000000    0.000000    0.000000    0.000000
   25  1   -7.957673    1.000000    0.000000    0.000000    1.000000    1.000000    0.000000    0.000000    1.000000
   26  1   -7.811046    1.000000    0.000000    0.000000   -1.000000    1.000000    0.000000    0.000000   -1.000000
   27  1   -7.703972    1.000000    0.000000    0.000000    1.000000   -1.000000    0.000000    0.000000   -1.000000
   28  1   -7.560132    1.000000    0.000000    0.000000   -1.000000   -1.000000    0.000000    0.000000    1.000000
   29  1   -7.442035    1.000000    0.000000    0.000000    1.000000    1.000000    0.000000    0.000000    1.000000
   30  1   -7.283436    1.000000    0.000000    0.000000   -1.000000    1.000000    0.000000    0.000000   -1.000000
   31  1   -7.121474    1.000000    0.000000    0.000000    1.000000   -1.000000    0.000000    0.000000   -1.000000
   32  1   -6.973290    1.000000    0.000000    0.000000   -1.000000   -1.000000    0.000000    0.000000    1.000000
   33  1   -2.598297    1.000000    0.000000    0.000000   -1.000000    1.000000    0.000000    0.000000   -1.000000
   34  1   -2.587416    1.000000    0.000000    0.000000    1.000000    1.000000    0.000000    0.000000    1.000000
   35  1   -2.564862    1.000000    0.000000    0.000000    1.000000   -1.000000    0.000000    0.000000   -1.000000
   36  1   -2.558427    1.000000    0.000000    0.000000    1.000000    1.000000    0.000000    0.000000    1.000000
   37  1   -2.538351    1.000000    0.000000    0.000000   -1.000000    1.000000    0.000000    0.000000   -1.000000
   38  1   -2.534293    1.000000    0.000000    0.000000    1.000000   -1.000000    0.000000    0.000000   -1.000000
   39  1   -2.530218    1.000000    0.000000    0.000000   -1.000000   -1.000000    0.000000    0.000000    1.000000
   40  1   -2.375690    1.000000    0.000000    0.000000   -1.000000   -1.000000    0.000000    0.000000    1.000000
   41  1   -2.274725    1.000000    0.000000    0.000000   -1.000000    1.000000    0.000000    0.000000   -1.000000
   42  1   -2.260356    1.000000    0.000000    0.000000   -1.000000   -1.000000    0.000000    0.000000    1.000000
   43  1   -0.532239    1.000000    0.000000    0.000000    1.000000    1.000000    0.000000    0.000000    1.000000
   44  1   -0.252555    1.000000    0.000000    0.000000   -1.000000    1.000000    0.000000    0.000000   -1.000000
   45  1    0.415604    1.000000    0.000000    0.000000    1.000000   -1.000000    0.000000    0.000000   -1.000000
   46  1    0.501301    1.000000    0.000000    0.000000    1.000000    1.000000    0.000000    0.000000    1.000000
   47  1    0.540300    1.000000    0.000000    0.000000   -1.000000   -1.000000    0.000000    0.000000    1.000000
   48  1    0.756809    1.000000    0.000000    0.000000   -1.000000    1.000000    0.000000    0.000000   -1.000000
   49  1    0.837346    1.000000    0.000000    0.000000   -1.000000    1.000000    0.000000    0.000000   -1.000000
   50  1    1.051493    1.000000    0.000000    0.000000    1.000000    1.000000    0.000000    0.000000    1.000000
   51  1    1.158352    1.000000    0.000000    0.000000    1.000000    1.000000    0.000000    0.000000    1.000000
   52  1    1.315564    1.000000    0.000000    0.000000   -1.000000   -1.000000    0.000000    0.000000    1.000000
   53  1    1.348224    1.000000    0.000000    0.000000   -1.000000    1.000000    0.000000    0.000000   -1.000000
   54  1    1.402903    1.000000    0.000000    0.000000   -1.000000   -1.000000    0.000000    0.000000    1.000000
   55  1    1.464677    1.000000    0.000000    0.000000   -1.000000    1.000000    0.000000    0.000000   -1.000000
   56  1    1.643759    1.000000    0.000000    0.000000    1.000000   -1.000000    0.000000    0.000000   -1.000000
   57  1    1.757648    1.000000    0.000000    0.000000    1.000000   -1.000000    0.000000    0.000000   -1.000000
   58  1    1.777351    1.000000    0.000000    0.000000   -1.000000    1.000000    0.000000    0.000000   -1.000000
   59  1    1.928796    1.000000    0.000000    0.000000    1.000000   -1.000000    0.000000    0.000000   -1.000000
   60  1    2.117354    1.000000    0.000000    0.000000   -1.000000   -1.000000    0.000000    0.000000    1.000000
   61  1    2.242284    1.000000    0.000000    0.000000   -1.000000   -1.000000    0.000000    0.000000    1.000000
   62  1    2.318698    1.000000    0.000000    0.000000    1.000000    1.000000    0.000000    0.000000    1.000000
   63  1    2.447101    1.000000    0.000000    0.000000    1.000000    1.000000    0.000000    0.000000    1.000000
   64  1    3.352580    1.000000    0.000000    0.000000    1.000000   -1.000000    0.000000    0.000000   -1.000000
   65  1    3.390421    1.000000    0.000000    0.000000   -1.000000   -1.000000    0.000000    0.000000    1.000000
   66  1    3.531069    1.000000    0.000000    0.000000    1.000000   -1.000000    0.000000    0.000000   -1.000000
   67  1    4.301461    1.000000    0.000000    0.000000    1.000000   -1.000000    0.000000    0.000000   -1.000000
   68  1    4.608845    1.000000    0.000000    0.000000    1.000000   -1.000000    0.000000    0.000000   -1.000000
   69  1    4.628160    1.000000    0.000000    0.000000   -1.000000   -1.000000    0.000000    0.000000    1.000000
   70  1    4.760105    1.000000    0.000000    0.000000   -1.000000    1.000000    0.000000    0.000000   -1.000000
   71  1    4.867020    1.000000    0.000000    0.000000    1.000000    1.000000    0.000000    0.000000    1.000000
   72  1    5.326616    1.000000    0.000000    0.000000    1.000000    1.000000    0.000000    0.000000    1.000000
   73  1    5.402885    1.000000    0.000000    0.000000    1.000000    1.000000    0.000000    0.000000    1.000000
   74  1    5.521138    1.000000    0.000000    0.000000    1.000000    1.000000    0.000000    0.000000    1.000000
   75  1    5.524160    1.000000    0.000000    0.000000    1.000000   -1.000000    0.000000    0.000000   -1.000000
   76  1    5.867334    1.000000    0.000000    0.000000   -1.000000    1.000000    0.000000    0.000000   -1.000000
   77  1    5.982769    1.000000    0.000000    0.000000   -1.000000   -1.000000    0.000000    0.000000    1.000000
   78  1    6.026332    1.000000    0.000000    0.000000   -1.000000    1.000000    0.000000    0.000000   -1.000000
   79  1    6.067719    1.000000    0.000000    0.000000   -1.000000    1.000000    0.000000    0.000000   -1.000000
   80  1    6.592820    1.000000    0.000000    0.000000    0.999810   -0.999861    0.000000    0.000000   -0.999885
   81  1    6.653972    1.000000    0.000000    0.000000   -0.999932   -0.999978    0.000000    0.000000    0.999928
   82  1    6.659076    1.000000    0.000000    0.000000   -0.999973   -0.999961    0.000000    0.000000    0.999952
   83  1    6.890550    1.000000    0.000000    0.000000   -0.933160   -0.834967    0.000000    0.000000    0.868640
   84  1    6.966311    1.000000    0.000000    0.000000    0.775814    0.991554    0.000000    0.000000    0.771405
   85  1    6.977105    1.000000    0.000000    0.000000   -0.799286    0.971359    0.000000    0.000000   -0.786203
   86  1    7.008695    1.000000    0.000000    0.000000    0.922565    0.988796    0.000000    0.000000    0.930017
   87  1    7.021141    1.000000    0.000000    0.000000    0.832792    0.945034    0.000000    0.000000    0.813417
   88  1    7.107679    1.000000    0.000000    0.000000   -0.779159    0.798438    0.000000    0.000000   -0.949818
  4
    1    2    3    4
    1  2  -48.587858    2.000000    0.000000    0.000000   -2.000000    0.000000    0.000000    0.000000    0.000000
    3  2  -48.207647    2.000000    0.000000    0.000000    2.000000    0.000000    0.000000    0.000000    0.000000
    5  2  -47.685936    2.000000    0.000000    0.000000   -2.000000    0.000000    0.000000    0.000000    0.000000
    7  2  -43.724453    2.000000    0.000000    0.000000    2.000000    0.000000    0.000000    0.000000    0.000000
    9  2  -43.336789    2.000000    0.000000    0.000000   -2.000000    0.000000    0.000000    0.000000    0.000000
   11  4  -43.013148    4.000000    0.000000    0.000000    4.000000    0.000002    0.000000    0.000000    0.000002
   15  4  -43.011387    4.000000    0.000000    0.000000   -4.000000    0.000000    0.000000    0.000000    0.000000
   19  2  -42.974827    2.000000    0.000000    0.000000    2.000000    0.000000    0.000000    0.000000    0.000000
   21  2  -42.739165    2.000000    0.000000    0.000000   -2.000000    0.000000    0.000000    0.000000    0.000000
   23  2  -42.728172    2.000000    0.000000    0.000000    2.000000    0.000000    0.000000    0.000000    0.000000
   25  2   -7.098874    2.000000    0.000000    0.000000    2.000000    0.000000    0.000000    0.000000    0.000000
   27  2   -7.095944    2.000000    0.000000    0.000000    2.000000    0.000000    0.000000    0.000000    0.000000
   29  2   -6.950351    2.000000    0.000000    0.000000   -2.000000    0.000000    0.000000    0.000000    0.000000
   31  2   -6.947969    2.000000    0.000000    0.000000   -2.000000    0.000000    0.000000    0.000000    0.000000
   33  2   -2.615362    2.000000    0.000000    0.000000    2.000000    0.000000    0.000000    0.000000    0.000000
   35  2   -2.454918    2.000000    0.000000    0.000000    2.000000    0.000000    0.000000    0.000000    0.000000
   37  2   -2.335015    2.000000    0.000000    0.000000    2.000000    0.000000    0.000000    0.000000    0.000000
   39  2   -2.140372    2.000000    0.000000    0.000000   -2.000000    0.000000    0.000000    0.000000    0.000000
   41  2   -2.101664    2.000000    0.000000    0.000000   -2.000000    0.000000    0.000000    0.000000    0.000000
   43  2   -1.027772    2.000000    0.000000    0.000000    2.000000    0.000000    0.000000    0.000000    0.000000
   45  2   -0.837508    2.000000    0.000000    0.000000   -2.000000    0.000000    0.000000    0.000000    0.000000
   47  2   -0.069936    2.000000    0.000000    0.000000   -2.000000    0.000000    0.000000    0.000000    0.000000
   49  2    0.485672    2.000000    0.000000    0.000000   -2.000000    0.000000    0.000000    0.000000    0.000000
   51  2    0.514123    2.000000    0.000000    0.000000    2.000000    0.000000    0.000000    0.000000    0.000000
   53  2    0.629159    2.000000    0.000000    0.000000    2.000000    0.000000    0.000000    0.000000    0.000000
   55  2    0.649034    2.000000    0.000000    0.000000    2.000000    0.000000    0.000000    0.000000    0.000000
   57  2    0.712569    2.000000    0.000000    0.000000   -2.000000    0.000000    0.000000    0.000000    0.000000
   59  2    0.750963    2.000000    0.000000    0.000000   -2.000000    0.000000    0.000000    0.000000    0.000000
   61  2    0.831471    2.000000    0.000000    0.000000   -2.000000    0.000000    0.000000    0.000000    0.000000
   63  2    0.991066    2.000000    0.000000    0.000000    2.000000    0.000000    0.000000    0.000000    0.000000
   65  2    1.024485    2.000000    0.000000    0.000000    2.000000    0.000000    0.000000    0.000000    0.000000
   67  2    4.296007    2.000000    0.000000    0.000000    2.000000    0.000000    0.000000    0.000000    0.000000
   69  2    4.312613    2.000000    0.000000    0.000000    2.000000    0.000000    0.000000    0.000000    0.000000
   71  2    5.367855    2.000000    0.000000    0.000000   -2.000000    0.000000    0.000000    0.000000    0.000000
   73  2    5.463163    2.000000    0.000000    0.000000   -2.000000    0.000000    0.000000    0.000000    0.000000
   75  2    5.507317    2.000000    0.000000    0.000000   -2.000000    0.000000    0.000000    0.000000    0.000000
   77  2    5.508781    2.000000    0.000000    0.000000   -2.000000    0.000000    0.000000    0.000000    0.000000
   79  2    5.731833    2.000000    0.000000    0.000000   -2.000000    0.000000    0.000000    0.000000    0.000000
   81  2    6.856042    2.000000    0.000000    0.000000    2.000000    0.000000    0.000000    0.000000    0.000000
   83  2    6.957226    2.000000    0.000000    0.000000    2.000000    0.000000    0.000000    0.000000    0.000000
   85  2    6.988996    2.000000    0.000000    0.000000    2.000000    0.000000    0.000000    0.000000    0.000000
   87  2    7.918779    2.000000    0.000000    0.000000   -1.998864   -0.000320    0.000000    0.000000   -0.000073
  4
    1    2    3    4
    1  2  -48.587861    2.000000    0.000000    0.000000   -2.000000    0.000000    0.000000    0.000000    0.000000
    3  2  -48.207656    2.000000    0.000000    0.000000    2.000000   -0.000000    0.000000    0.000000   -0.000000
    5  2  -47.685938    2.000000    0.000000    0.000000   -2.000000    0.000000    0.000000    0.000000    0.000000
    7  2  -43.724458    2.000000    0.000000    0.000000    2.000000    0.000000    0.000000    0.000000    0.000000
    9  2  -43.336802    2.000000    0.000000    0.000000   -2.000000    0.000000    0.000000    0.000000    0.000000
   11  4  -43.013174    4.000000    0.000000    0.000000    4.000000   -0.000006    0.000000    0.000000   -0.000006
   15  4  -43.011424    4.000000    0.000000    0.000000   -4.000000   -0.000013    0.000000    0.000000    0.000014
   19  2  -42.974830    2.000000    0.000000    0.000000    2.000000    0.000000    0.000000    0.000000    0.000000
   21  2  -42.739187    2.000000    0.000000    0.000000   -2.000000    0.000004    0.000000    0.000000   -0.000003
   23  2  -42.728193    2.000000    0.000000    0.000000    2.000000    0.000001    0.000000    0.000000    0.000001
   25  2   -7.103274    2.000000    0.000000    0.000000    2.000000    0.000000    0.000000    0.000000    0.000000
   27  2   -7.091513    2.000000    0.000000    0.000000    2.000000    0.000000    0.000000    0.000000    0.000000
   29  2   -6.952802    2.000000    0.000000    0.000000   -2.000000    0.000000    0.000000    0.000000    0.000000
   31  2   -6.945509    2.000000    0.000000    0.000000   -2.000000    0.000000    0.000000    0.000000    0.000000
   33  2   -2.615776    2.000000    0.000000    0.000000    2.000000   -0.000005    0.000000    0.000000   -0.000005
   35  2   -2.454425    2.000000    0.000000    0.000000    2.000000    0.000000    0.000000    0.000000    0.000000
   37  2   -2.335107    2.000000    0.000000    0.000000    2.000000    0.000000    0.000000    0.000000    0.000000
   39  2   -2.157866    2.000000    0.000000    0.000000   -2.000000    0.000000    0.000000    0.000000    0.000000
   41  2   -2.081446    2.000000    0.000000    0.000000   -2.000000    0.000000    0.000000    0.000000    0.000000
   43  2   -1.026710    2.000000    0.000000    0.000000    2.000000    0.000000    0.000000    0.000000    0.000000
   45  2   -0.844331    2.000000    0.000000    0.000000   -2.000000    0.000000    0.000000    0.000000    0.000000
   47  2    0.016751    2.000000    0.000000    0.000000   -2.000000    0.000001    0.000000    0.000000   -0.000000
   49  2    0.307449    2.000000    0.000000    0.000000   -2.000000   -0.000000    0.000000    0.000000    0.000000
   51  2    0.428435    2.000000    0.000000    0.000000    2.000000    0.000000    0.000000    0.000000    0.000000
   53  2    0.513605    2.000000    0.000000    0.000000   -2.000000    0.000000    0.000000    0.000000    0.000000
   55  2    0.569503    2.000000    0.000000    0.000000    2.000000    0.000000    0.000000    0.000000    0.000000
   57  2    0.815599    2.000000    0.000000    0.000000    2.000000    0.000000    0.000000    0.000000    0.000000
   59  2    0.877883    2.000000    0.000000    0.000000   -2.000000    0.000000    0.000000    0.000000    0.000000
   61  2    0.906494    2.000000    0.000000    0.000000    2.000000    0.000000    0.000000    0.000000    0.000000
   63  2    1.057167    2.000000    0.000000    0.000000   -2.000000    0.000000    0.000000    0.000000    0.000000
   65  2    1.131561    2.000000    0.000000    0.000000    2.000000    0.000000    0.000000    0.000000    0.000000
   67  2    3.810109    2.000000    0.000000    0.000000    2.000000    0.000000    0.000000    0.000000    0.000000
   69  2    4.629034    2.000000    0.000000    0.000000   -2.000000    0.000000    0.000000    0.000000    0.000000
   71  2    4.769063    2.000000    0.000000    0.000000    2.000000   -0.000002    0.000000    0.000000   -0.000002
   73  2    5.307811    2.000000    0.000000    0.000000   -2.000000    0.000000    0.000000    0.000000    0.000000
   75  2    5.557983    2.000000    0.000000    0.000000   -2.000000    0.000000    0.000000    0.000000    0.000000
   77  2    5.661354    2.000000    0.000000    0.000000   -2.000000    0.000000    0.000000    0.000000    0.000000
   79  2    6.694343    2.000000    0.000000    0.000000    1.999998   -0.000000    0.000000    0.000000    0.000000
   81  2    6.731636    2.000000    0.000000    0.000000    2.000000    0.000000    0.000000    0.000000    0.000000
   83  2    7.203526    2.000000    0.000000    0.000000   -2.000000   -0.000000    0.000000    0.000000    0.000000
   85  2    7.709935    2.000000    0.000000    0.000000    1.998634   -0.000645    0.000000    0.000000   -0.000480
   87  1    7.931141    1.000000    0.000000    0.000000   -0.999956   -0.603229    0.000000    0.000000    0.603232
   88  1    7.951934    1.000000    0.000000    0.000000   -0.999987    0.556246    0.000000    0.000000   -0.556248
  4
    1    2    3    4
    1  2  -48.587640    2.000000    0.000000    0.000000   -0.000000    0.000000    0.000000    0.000000    0.000000
    3  2  -48.207699    2.000000    0.000000    0.000000   -0.000000    0.000000    0.000000   -0.000000    0.000000
    5  2  -47.685687    2.000000    0.000000    0.000000    0.000000    0.000000    0.000000   -0.000000    0.000000
    7  2  -43.724171    2.000000    0.000000    0.000000    0.000000    0.000000    0.000000    0.000000    0.000000
    9  2  -43.336878    2.000000    0.000000    0.000000    0.000000    0.000000    0.000000    0.000000    0.000000
   11  4  -43.013236    4.000000    0.000000    0.000000   -0.000003    0.000001    0.000000   -0.000001    0.000000
   15  4  -43.011473    4.000000    0.000000    0.000000   -0.000001   -0.000003    0.000000   -0.000004    0.000000
   19  2  -42.974824    2.000000    0.000000    0.000000    0.000000    0.000000    0.000000    0.000000    0.000000
   21  2  -42.738740    2.000000    0.000000    0.000000    0.000000   -0.000007    0.000000    0.000002    0.000000
   23  2  -42.728226    2.000000    0.000000    0.000000    0.000001   -0.000000    0.000000    0.000001    0.000000
   25  2   -7.375968    2.000000    0.000000    0.000000    0.000000    0.000000    0.000000    0.000000    0.000000
   27  2   -7.272902    2.000000    0.000000    0.000000    0.000000    0.000000    0.000000    0.000000    0.000000
   29  2   -7.230679    2.000000    0.000000    0.000000    0.000001    0.000000    0.000000    0.000000    0.000000
   31  2   -7.121867    2.000000    0.000000    0.000000   -0.000001   -0.000001    0.000000    0.000001    0.000000
   33  2   -2.580394    2.000000    0.000000    0.000000    0.000000    0.000000    0.000000    0.000000    0.000000
   35  2   -2.531212    2.000000    0.000000    0.000000    0.000000    0.000000    0.000000    0.000000    0.000000
   37  2   -2.421908    2.000000    0.000000    0.000000   -0.000000    0.000000    0.000000    0.000000    0.000000
   39  2   -2.243529    2.000000    0.000000    0.000000    0.000000    0.000000    0.000000    0.000000    0.000000
   41  2   -2.196594    2.000000    0.000000    0.000000    0.000000    0.000000    0.000000    0.000000    0.000000
   43  2   -1.266485    2.000000    0.000000    0.000000    0.000000   -0.000000    0.000000   -0.000000    0.000000
   45  2   -1.070747    2.000000    0.000000    0.000000   -0.000000   -0.000000    0.000000    0.000000    0.000000
   47  2   -0.536852    2.000000    0.000000    0.000000    0.000001   -0.000001    0.000000   -0.000001    0.000000
   49  2   -0.291966    2.000000    0.000000    0.000000   -0.000001    0.000001    0.000000    0.000001    0.000000
   51  2    1.091218    2.000000    0.000000    0.000000    0.000000    0.000000    0.000000    0.000000    0.000000
   53  2    1.330084    2.000000    0.000000    0.000000    0.000000   -0.000001    0.000000    0.000000    0.000000
   55  2    1.479784    2.000000    0.000000    0.000000   -0.000000    0.000000    0.000000   -0.000000    0.000000
   57  2    1.719836    2.000000    0.000000    0.000000    0.000001   -0.000001    0.000000    0.000000    0.000000
   59  2    1.889405    2.000000    0.000000    0.000000    0.000000    0.000000    0.000000    0.000000    0.000000
   61  2    2.026553    2.000000    0.000000    0.000000   -0.000001   -0.000000    0.000000    0.000001    0.000000
   63  2    2.488770    2.000000    0.000000    0.000000    0.000000    0.000000    0.000000    0.000000    0.000000
   65  2    2.577784    2.000000    0.000000    0.000000    0.000000    0.000000    0.000000    0.000000    0.000000
   67  2    5.284111    2.000000    0.000000    0.000000    0.000001    0.000001    0.000000   -0.000000    0.000000
   69  2    5.363772    2.000000    0.000000    0.000000   -0.000003   -0.000000    0.000000    0.000001    0.000000
   71  2    5.448411    2.000000    0.000000    0.000000    0.000003   -0.000001    0.000000    0.000001    0.000000
   73  2    5.672513    2.000000    0.000000    0.000000   -0.000001   -0.000001    0.000000   -0.000000    0.000000
   75  2    5.943937    2.000000    0.000000    0.000000    0.000003   -0.000000    0.000000    0.000003    0.000000
   77  2    6.019931    2.000000    0.000000    0.000000    0.000000    0.000000    0.000000    0.000001    0.000000
   79  2    6.838207    2.000000    0.000000    0.000000    0.000016   -0.000030    0.000000   -0.000029    0.000000
   81  1    7.226490    1.000000    0.000000    0.000000    0.798734   -0.079950    0.000000   -0.595445    0.000000
   82  1    7.228071    1.000000    0.000000    0.000000   -0.796545    0.084219    0.000000    0.591327    0.000000
   83  1    7.262279    1.000000    0.000000    0.000000   -0.685674    0.033788    0.000000    0.726086    0.000000
   84  1    7.269957    1.000000    0.000000    0.000000    0.675207   -0.028183    0.000000   -0.719136    0.000000
   85  1    7.433471    1.000000    0.000000    0.000000   -0.523310    0.231514    0.000000    0.811834    0.000000
   86  1    7.467476    1.000000    0.000000    0.000000    0.453148   -0.188579    0.000000   -0.701606    0.000000
   87  1    7.672411    1.000000    0.000000    0.000000    0.137709    0.096138    0.000000    0.775886    0.000000
   88  1    7.703265    1.000000    0.000000    0.000000    0.168183   -0.150368    0.000000   -0.588321    0.000000
  4
    1    2    3    4
    1  2  -48.587640    2.000000    0.000000    0.000000   -0.000000   -0.000000    0.000000    0.000000    0.000000
    3  2  -48.207699    2.000000    0.000000    0.000000    0.000000    0.000000    0.000000    0.000000    0.000000
    5  2  -47.685687    2.000000    0.000000    0.000000    0.000000    0.000000    0.000000   -0.000000    0.000000
    7  2  -43.724171    2.000000    0.000000    0.000000    0.000000    0.000000    0.000000    0.000000    0.000000
    9  2  -43.336878    2.000000    0.000000    0.000000    0.000000    0.000000    0.000000    0.000000    0.000000
   11  4  -43.013236    4.000000    0.000000    0.000000   -0.000003    0.000004    0.000000   -0.000001    0.000000
   15  4  -43.011473    4.000000    0.000000    0.000000    0.000003    0.000004    0.000000    0.000004    0.000000
   19  2  -42.974824    2.000000    0.000000    0.000000    0.000000    0.000000    0.000000    0.000000    0.000000
   21  2  -42.738740    2.000000    0.000000    0.000000   -0.000001    0.000002    0.000000    0.000003    0.000000
   23  2  -42.728226    2.000000    0.000000    0.000000   -0.000003    0.000001    0.000000    0.000002    0.000000
   25  2   -7.375968    2.000000    0.000000    0.000000    0.000000    0.000000    0.000000   -0.000000    0.000000
   27  2   -7.272902    2.000000    0.000000    0.000000    0.000000    0.000000    0.000000    0.000000    0.000000
   29  2   -7.230678    2.000000    0.000000    0.000000    0.000000    0.000000    0.000000    0.000000    0.000000
   31  2   -7.121867    2.000000    0.000000    0.000000    0.000001    0.000001    0.000000    0.000000    0.000000
   33  2   -2.580394    2.000000    0.000000    0.000000    0.000000    0.000000    0.000000   -0.000000    0.000000
   35  2   -2.531212    2.000000    0.000000    0.000000    0.000000   -0.000000    0.000000    0.000000    0.000000
   37  2   -2.421908    2.000000    0.000000    0.000000    0.000000    0.000000    0.000000    0.000000    0.000000
   39  2   -2.243529    2.000000    0.000000    0.000000   -0.000000    0.000000    0.000000    0.000001    0.000000
   41  2   -2.196594    2.000000    0.000000    0.000000   -0.000000    0.000000    0.000000    0.000000    0.000000
   43  2   -1.266485    2.000000    0.000000    0.000000   -0.000001    0.000000    0.000000    0.000000    0.000000
   45  2   -1.070747    2.000000    0.000000    0.000000   -0.000000   -0.000000    0.000000   -0.000000    0.000000
   47  2   -0.536852    2.000000    0.000000    0.000000   -0.000004    0.000002    0.000000    0.000001    0.000000
   49  2   -0.291966    2.000000    0.000000    0.000000   -0.000001   -0.000000    0.000000    0.000001    0.000000
   51  2    1.091218    2.000000    0.000000    0.000000   -0.000000   -0.000001    0.000000    0.000000    0.000000
   53  2    1.330084    2.000000    0.000000    0.000000    0.000001    0.000001    0.000000   -0.000000    0.000000
   55  2    1.479784    2.000000    0.000000    0.000000    0.000000    0.000000    0.000000    0.000000    0.000000
   57  2    1.719835    2.000000    0.000000    0.000000   -0.000000    0.000001    0.000000    0.000000    0.000000
   59  2    1.889405    2.000000    0.000000    0.000000   -0.000000    0.000000    0.000000    0.000000    0.000000
   61  2    2.026553    2.000000    0.000000    0.000000    0.000001    0.000001    0.000000    0.000001    0.000000
   63  2    2.488770    2.000000    0.000000    0.000000    0.000000    0.000000    0.000000    0.000000    0.000000
   65  2    2.577783    2.000000    0.000000    0.000000    0.000000    0.000000    0.000000    0.000000    0.000000
   67  2    5.284111    2.000000    0.000000    0.000000   -0.000004    0.000000    0.000000    0.000001    0.000000
   69  2    5.363772    2.000000    0.000000    0.000000   -0.000003    0.000004    0.000000    0.000001    0.000000
   71  2    5.448411    2.000000    0.000000    0.000000   -0.000001   -0.000005    0.000000   -0.000000    0.000000
   73  2    5.672513    2.000000    0.000000    0.000000   -0.000001    0.000001    0.000000    0.000004    0.000000
   75  2    5.943937    2.000000    0.000000    0.000000    0.000003    0.000000    0.000000    0.000002    0.000000
   77  2    6.019931    2.000000    0.000000    0.000000    0.000000   -0.000000    0.000000    0.000000    0.000000
   79  2    6.838205    2.000000    0.000000    0.000000    0.000008   -0.000079    0.000000    0.000011    0.000000
   81  2    7.226085    2.000000    0.000000    0.000000    0.000239    0.001088    0.000000   -0.000602    0.000000
   83  1    7.262121    1.000000    0.000000    0.000000   -0.179814    0.091115    0.000000    0.978845    0.000000
   84  1    7.268879    1.000000    0.000000    0.000000    0.174694   -0.092741    0.000000   -0.973947    0.000000
   85  1    7.431940    1.000000    0.000000    0.000000   -0.387686    0.246606    0.000000    0.884534    0.000000
   86  1    7.453888    1.000000    0.000000    0.000000    0.331501   -0.233502    0.000000   -0.861898    0.000000
   87  1    7.660740    1.000000    0.000000    0.000000    0.406237    0.037542    0.000000    0.884372    0.000000
   88  1    7.709538    1.000000    0.000000    0.000000   -0.574195    0.061984    0.000000   -0.709148    0.000000
  4
    1    2    3    4
    1  2  -48.587640    2.000000    0.000000    0.000000   -0.000000   -0.000000    0.000000    0.000000    0.000000
    3  2  -48.207696    2.000000    0.000000    0.000000    0.000000    0.000000    0.000000    0.000000    0.000000
    5  2  -47.685687    2.000000    0.000000    0.000000    0.000000    0.000000    0.000000    0.000000    0.000000
    7  2  -43.724170    2.000000    0.000000    0.000000    0.000000    0.000000    0.000000   -0.000000    0.000000
    9  2  -43.336874    2.000000    0.000000    0.000000    0.000000    0.000000    0.000000    0.000000    0.000000
   11  4  -43.013255    4.000000    0.000000    0.000000   -0.000001    0.000000    0.000000    0.000002    0.000000
   15  4  -43.011506    4.000000    0.000000    0.000000    0.000001    0.000002    0.000000    0.000002    0.000000
   19  2  -42.974823    2.000000    0.000000    0.000000    0.000000    0.000000    0.000000    0.000000    0.000000
   21  2  -42.738734    2.000000    0.000000    0.000000    0.000003   -0.000000    0.000000    0.000001    0.000000
   23  2  -42.728220    2.000000    0.000000    0.000000    0.000000   -0.000000    0.000000   -0.000001    0.000000
   25  2   -7.376637    2.000000    0.000000    0.000000    0.000000    0.000001    0.000000    0.000000    0.000000
   27  2   -7.272150    2.000000    0.000000    0.000000   -0.000000    0.000001    0.000000    0.000000    0.000000
   29  2   -7.231145    2.000000    0.000000    0.000000    0.000000    0.000000    0.000000    0.000000    0.000000
   31  2   -7.121342    2.000000    0.000000    0.000000    0.000000    0.000000    0.000000   -0.000000    0.000000
   33  2   -2.582503    2.000000    0.000000    0.000000   -0.000000   -0.000000    0.000000   -0.000000    0.000000
   35  2   -2.531100    2.000000    0.000000    0.000000    0.000000    0.000000    0.000000    0.000000    0.000000
   37  2   -2.422026    2.000000    0.000000    0.000000    0.000000    0.000000    0.000000    0.000000    0.000000
   39  2   -2.230565    2.000000    0.000000    0.000000   -0.000001   -0.000000    0.000000    0.000001    0.000000
   41  2   -2.193469    2.000000    0.000000    0.000000    0.000000    0.000000    0.000000    0.000000    0.000000
   43  2   -1.353270    2.000000    0.000000    0.000000    0.000000    0.000000    0.000000   -0.000000    0.000000
   45  2   -1.156754    2.000000    0.000000    0.000000    0.000000    0.000000    0.000000    0.000000    0.000000
   47  2   -0.295646    2.000000    0.000000    0.000000   -0.000000    0.000001    0.000000    0.000000    0.000000
   49  2   -0.059272    2.000000    0.000000    0.000000    0.000000    0.000000    0.000000   -0.000000    0.000000
   51  2    0.626024    2.000000    0.000000    0.000000   -0.000000    0.000001    0.000000   -0.000001    0.000000
   53  2    1.149663    2.000000    0.000000    0.000000    0.000001   -0.000000    0.000000    0.000000    0.000000
   55  2    1.479967    2.000000    0.000000    0.000000    0.000000    0.000000    0.000000    0.000000    0.000000
   57  2    1.669412    2.000000    0.000000    0.000000    0.000000    0.000000    0.000000    0.000000    0.000000
   59  2    1.865919    2.000000    0.000000    0.000000    0.000000    0.000000    0.000000    0.000000    0.000000
   61  2    2.466915    2.000000    0.000000    0.000000    0.000000    0.000000    0.000000   -0.000000    0.000000
   63  2    2.515192    2.000000    0.000000    0.000000   -0.000000    0.000000    0.000000    0.000000    0.000000
   65  2    2.613200    2.000000    0.000000    0.000000    0.000000    0.000000    0.000000    0.000000    0.000000
   67  2    5.307014    2.000000    0.000000    0.000000   -0.000001    0.000004    0.000000   -0.000001    0.000000
   69  2    5.379676    2.000000    0.000000    0.000000   -0.000002    0.000002    0.000000    0.000002    0.000000
   71  2    5.482432    2.000000    0.000000    0.000000   -0.000000   -0.000001    0.000000   -0.000001    0.000000
   73  2    5.649589    2.000000    0.000000    0.000000    0.000000    0.000000    0.000000    0.000000    0.000000
   75  2    5.791818    2.000000    0.000000    0.000000    0.000000   -0.000002    0.000000   -0.000000    0.000000
   77  2    5.960264    2.000000    0.000000    0.000000   -0.000000   -0.000000    0.000000    0.000000    0.000000
   79  2    6.678555    2.000000    0.000000    0.000000   -0.000035    0.000001    0.000000   -0.000041    0.000000
   81  2    7.099899    2.000000    0.000000    0.000000    0.000062    0.000050    0.000000    0.000106    0.000000
   83  2    7.253296    2.000000    0.000000    0.000000    0.000257    0.000124    0.000000    0.000160    0.000000
   85  2    7.398029    2.000000    0.000000    0.000000   -0.000014    0.000000    0.000000   -0.000017    0.000000
   87  2    7.461552    2.000000    0.000000    0.000000   -0.000003   -0.000016    0.000000   -0.000005    0.000000
  4
    1    2    3    4
    1  2  -48.587640    2.000000    0.000000    0.000000    0.000000    0.000000    0.000000   -0.000000    0.000000
    3  2  -48.207696    2.000000    0.000000    0.000000    0.000000    0.000000    0.000000    0.000000    0.000000
    5  2  -47.685687    2.000000    0.000000    0.000000    0.000000    0.000000    0.000000    0.000000    0.000000
    7  2  -43.724170    2.000000    0.000000    0.000000   -0.000000   -0.000000    0.000000    0.000000    0.000000
    9  2  -43.336874    2.000000    0.000000    0.000000    0.000000    0.000000    0.000000    0.000000    0.000000
   11  4  -43.013255    4.000000    0.000000    0.000000   -0.000008    0.000010    0.000000   -0.000002    0.000000
   15  4  -43.011506    4.000000    0.000000    0.000000    0.000006   -0.000001    0.000000   -0.000012    0.000000
   19  2  -42.974823    2.000000    0.000000    0.000000    0.000000    0.000000    0.000000    0.000000    0.000000
   21  2  -42.738734    2.000000    0.000000    0.000000   -0.000000   -0.000000    0.000000    0.000002    0.000000
   23  2  -42.728220    2.000000    0.000000    0.000000    0.000003   -0.000002    0.000000   -0.000003    0.000000
   25  2   -7.376637    2.000000    0.000000    0.000000    0.000000    0.000000    0.000000    0.000000    0.000000
   27  2   -7.272150    2.000000    0.000000    0.000000   -0.000000    0.000000    0.000000    0.000000    0.000000
   29  2   -7.231145    2.000000    0.000000    0.000000    0.000000    0.000000    0.000000    0.000000    0.000000
   31  2   -7.121342    2.000000    0.000000    0.000000    0.000001    0.000000    0.000000   -0.000000    0.000000
   33  2   -2.582503    2.000000    0.000000    0.000000    0.000001   -0.000000    0.000000   -0.000000    0.000000
   35  2   -2.531100    2.000000    0.000000    0.000000    0.000000    0.000000    0.000000    0.000000    0.000000
   37  2   -2.422026    2.000000    0.000000    0.000000    0.000000   -0.000000    0.000000    0.000000    0.000000
   39  2   -2.230565    2.000000    0.000000    0.000000    0.000001   -0.000000    0.000000    0.000000    0.000000
   41  2   -2.193469    2.000000    0.000000    0.000000    0.000000    0.000000    0.000000    0.000000    0.000000
   43  2   -1.353270    2.000000    0.000000    0.000000    0.000001   -0.000001    0.000000    0.000000    0.000000
   45  2   -1.156754    2.000000    0.000000    0.000000    0.000001    0.000001    0.000000   -0.000000    0.000000
   47  2   -0.295646    2.000000    0.000000    0.000000    0.000001    0.000001    0.000000   -0.000000    0.000000
   49  2   -0.059272    2.000000    0.000000    0.000000   -0.000000    0.000000    0.000000    0.000000    0.000000
   51  2    0.626024    2.000000    0.000000    0.000000   -0.000000   -0.000001    0.000000    0.000001    0.000000
   53  2    1.149663    2.000000    0.000000    0.000000    0.000001    0.000001    0.000000   -0.000000    0.000000
   55  2    1.479967    2.000000    0.000000    0.000000    0.000000    0.000000    0.000000    0.000000    0.000000
   57  2    1.669412    2.000000    0.000000    0.000000    0.000000    0.000000    0.000000    0.000000    0.000000
   59  2    1.865919    2.000000    0.000000    0.000000    0.000000    0.000000    0.000000   -0.000000    0.000000
   61  2    2.466915    2.000000    0.000000    0.000000    0.000000    0.000000    0.000000    0.000000    0.000000
   63  2    2.515192    2.000000    0.000000    0.000000    0.000000    0.000000    0.000000    0.000000    0.000000
   65  2    2.613200    2.000000    0.000000    0.000000    0.000000    0.000000    0.000000    0.000000    0.000000
   67  2    5.307014    2.000000    0.000000    0.000000   -0.000001    0.000002    0.000000    0.000009    0.000000
   69  2    5.379676    2.000000    0.000000    0.000000    0.000001    0.000001    0.000000    0.000005    0.000000
   71  2    5.482432    2.000000    0.000000    0.000000    0.000000    0.000000    0.000000    0.000000    0.000000
   73  2    5.649590    2.000000    0.000000    0.000000   -0.000000    0.000001    0.000000    0.000000    0.000000
   75  2    5.791818    2.000000    0.000000    0.000000    0.000001   -0.000001    0.000000    0.000001    0.000000
   77  2    5.960264    2.000000    0.000000    0.000000    0.000000    0.000000    0.000000    0.000000    0.000000
   79  2    6.678555    2.000000    0.000000    0.000000   -0.000028   -0.000010    0.000000    0.000012    0.000000
   81  2    7.099899    2.000000    0.000000    0.000000   -0.000039   -0.000037    0.000000   -0.000021    0.000000
   83  2    7.253308    2.000000    0.000000    0.000000    0.000090    0.000067    0.000000   -0.000124    0.000000
   85  2    7.398029    2.000000    0.000000    0.000000   -0.000009   -0.000000    0.000000   -0.000006    0.000000
   87  2    7.461552    2.000000    0.000000    0.000000   -0.000000    0.000001    0.000000    0.000001    0.000000
  4
    1    2    3    4
    1  2  -48.587403    2.000000    0.000000    0.000000    2.000000   -0.000000    0.000000    0.000000   -0.000000
    3  2  -48.207745    2.000000    0.000000    0.000000   -2.000000    0.000000    0.000000    0.000000    0.000000
    5  2  -47.685414    2.000000    0.000000    0.000000    2.000000    0.000000    0.000000    0.000000    0.000000
    7  2  -43.723714    2.000000    0.000000    0.000000   -2.000000    0.000000    0.000000    0.000000    0.000000
    9  2  -43.336955    2.000000    0.000000    0.000000    2.000000    0.000000    0.000000    0.000000    0.000000
   11  2  -43.020324    2.000000    0.000000    0.000000   -2.000000    0.000000    0.000000    0.000000    0.000000
   13  2  -43.018531    2.000000    0.000000    0.000000    2.000000    0.000000    0.000000    0.000000    0.000000
   15  2  -43.006354    2.000000    0.000000    0.000000   -2.000000    0.000001    0.000000    0.000000   -0.000000
   17  2  -43.004550    2.000000    0.000000    0.000000    2.000000   -0.000000    0.000000    0.000000   -0.000000
   19  2  -42.973989    2.000000    0.000000    0.000000   -2.000000    0.000000    0.000000    0.000000    0.000000
   21  2  -42.739405    2.000000    0.000000    0.000000    2.000000   -0.000000    0.000000    0.000000   -0.000000
   23  2  -42.728401    2.000000    0.000000    0.000000   -2.000000    0.000003    0.000000    0.000000   -0.000003
   25  2   -7.864799    2.000000    0.000000    0.000000    2.000000    0.000000    0.000000    0.000000    0.000000
   27  2   -7.717956    2.000000    0.000000    0.000000   -2.000000    0.000000    0.000000    0.000000    0.000000
   29  2   -7.248190    2.000000    0.000000    0.000000    2.000000    0.000000    0.000000    0.000000    0.000000
   31  2   -7.096221    2.000000    0.000000    0.000000   -2.000000    0.000000    0.000000    0.000000    0.000000
   33  2   -2.584236    2.000000    0.000000    0.000000   -2.000000   -0.000000    0.000000    0.000000    0.000000
   35  2   -2.577924    2.000000    0.000000    0.000000    2.000000    0.000000    0.000000    0.000000    0.000000
   37  2   -2.544741    2.000000    0.000000    0.000000    2.000000    0.000000    0.000000    0.000000    0.000000
   39  2   -2.439323    2.000000    0.000000    0.000000   -2.000000   -0.000000    0.000000    0.000000    0.000000
   41  2   -2.270549    2.000000    0.000000    0.000000   -2.000000    0.000000    0.000000    0.000000    0.000000
   43  2   -0.262095    2.000000    0.000000    0.000000    2.000000   -0.000000    0.000000    0.000000   -0.000000
   45  2    0.074207    2.000000    0.000000    0.000000   -2.000000    0.000000    0.000000    0.000000   -0.000000
   47  2    0.833617    2.000000    0.000000    0.000000   -2.000000    0.000000    0.000000    0.000000    0.000000
   49  2    1.149632    2.000000    0.000000    0.000000   -2.000000    0.000000    0.000000    0.000000    0.000000
   51  2    1.244420    2.000000    0.000000    0.000000    2.000000    0.000000    0.000000    0.000000    0.000000
   53  2    1.387769    2.000000    0.000000    0.000000    2.000000    0.000000    0.000000    0.000000    0.000000
   55  2    1.403751    2.000000    0.000000    0.000000    2.000000    0.000000    0.000000    0.000000    0.000000
   57  2    1.642693    2.000000    0.000000    0.000000   -2.000000    0.000000    0.000000    0.000000    0.000000
   59  2    2.111811    2.000000    0.000000    0.000000   -2.000000    0.000000    0.000000    0.000000    0.000000
   61  2    2.511384    2.000000    0.000000    0.000000   -2.000000    0.000001    0.000000    0.000000   -0.000001
   63  2    2.878019    2.000000    0.000000    0.000000    2.000000    0.000000    0.000000    0.000000    0.000000
   65  2    3.054447    2.000000    0.000000    0.000000    2.000000    0.000000    0.000000    0.000000    0.000000
   67  2    4.371520    2.000000    0.000000    0.000000    2.000000    0.000000    0.000000    0.000000    0.000000
   69  2    5.002455    2.000000    0.000000    0.000000   -2.000000    0.000000    0.000000    0.000000    0.000000
   71  2    5.104566    2.000000    0.000000    0.000000    2.000000   -0.000000    0.000000    0.000000   -0.000000
   73  2    5.521020    2.000000    0.000000    0.000000    2.000000    0.000000    0.000000    0.000000    0.000000
   75  2    5.692915    2.000000    0.000000    0.000000   -2.000000    0.000000    0.000000    0.000000   -0.000000
   77  2    6.064655    2.000000    0.000000    0.000000   -2.000000   -0.000000    0.000000    0.000000    0.000000
   79  2    6.167155    2.000000    0.000000    0.000000    2.000000   -0.000049    0.000000    0.000000   -0.000049
   81  2    6.470997    2.000000    0.000000    0.000000   -1.999999    0.000006    0.000000    0.000000   -0.000006
   83  2    6.911901    2.000000    0.000000    0.000000    1.999353   -0.001371    0.000000    0.000000   -0.001815
   85  1    7.026460    1.000000    0.000000    0.000000   -0.998516   -0.796070    0.000000    0.000000    0.797027
   86  1    7.032746    1.000000    0.000000    0.000000   -0.992204    0.787868    0.000000    0.000000   -0.793810
   87  1    7.215376    1.000000    0.000000    0.000000   -0.990315   -0.561349    0.000000    0.000000    0.566681
   88  1    7.319530    1.000000    0.000000    0.000000   -0.501329    0.277327    0.000000    0.000000   -0.571577
