   60   72
  1
  4
  1  0  0  0  1  0  0  0  1    0.000000    0.000000    0.000000    1.000000    0.000000    0.000000    0.000000    0.000000    0.000000    1.000000    0.000000  1
 -1  0  0  0 -1  0  0  0 -1    0.000000    0.000000    0.000000    1.000000    0.000000    0.000000    0.000000    0.000000    0.000000    1.000000    0.000000  1
  1  0  0  0  1  0  0  0  1    0.000000    0.000000    0.500000    1.000000    0.000000    0.000000    0.000000    0.000000    0.000000    1.000000    0.000000 -1
 -1  0  0  0 -1  0  0  0 -1    0.000000    0.000000    0.500000    1.000000    0.000000    0.000000    0.000000    0.000000    0.000000    1.000000    0.000000 -1
  8
    0.000000    0.000000    0.000000
    0.500000    0.500000    0.500000
    0.000000    0.500000    0.500000
    0.500000    0.000000    0.500000
    0.500000    0.500000    0.000000
    0.500000    0.000000    0.000000
    0.000000    0.500000    0.000000
    0.000000    0.000000    0.500000
  2
    1    2
    1  2  -37.065745    2.000000    0.000000   -2.000000    0.000000
    3  2  -36.673828    2.000000    0.000000   -2.000000    0.000000
    5  2  -36.344463    2.000000    0.000000   -2.000000    0.000000
    7  2  -35.241388    2.000000    0.000000   -2.000000    0.000000
    9  2  -34.388932    2.000000    0.000000   -2.000000    0.000000
   11  2  -34.173695    2.000000    0.000000   -2.000000    0.000000
   13  2  -20.814825    2.000000    0.000000   -2.000000    0.000000
   15  2  -20.805909    2.000000    0.000000   -2.000000    0.000000
   17  2  -20.644383    2.000000    0.000000   -2.000000    0.000000
   19  4  -20.627960    4.000000    0.000000   -4.000000    0.000000
   23  2  -20.626185    2.000000    0.000000   -2.000000    0.000000
   25  2  -10.213869    2.000000    0.000000    2.000000    0.000000
   27  2   -9.217870    2.000000    0.000000   -2.000000    0.000000
   29  2   -9.120672    2.000000    0.000000   -2.000000    0.000000
   31  2   -9.043703    2.000000    0.000000    2.000000    0.000000
   33  2   -1.843094    2.000000    0.000000    2.000000    0.000000
   35  2   -1.689491    2.000000    0.000000    2.000000    0.000000
   37  2   -0.978657    2.000000    0.000000   -2.000000    0.000000
   39  1   -0.076145    1.000000    0.000000    1.000000    0.000000
   40  1   -0.074894    1.000000    0.000000    1.000000    0.000000
   41  2    0.434167    2.000000    0.000000    2.000000    0.000000
   43  2    0.760153    2.000000    0.000000    2.000000    0.000000
   45  2    0.843916    2.000000    0.000000    2.000000    0.000000
   47  2    1.033065    2.000000    0.000000   -2.000000    0.000000
   49  2    1.263624    2.000000    0.000000    2.000000    0.000000
   51  2    1.291714    2.000000    0.000000   -2.000000    0.000000
   53  2    1.631168    2.000000    0.000000    2.000000    0.000000
   55  2    2.116092    2.000000    0.000000   -2.000000    0.000000
   57  2    2.700568    2.000000    0.000000   -2.000000    0.000000
   59  2    2.936727    2.000000    0.000000   -2.000000    0.000000
   61  2    3.716775    2.000000    0.000000    2.000000    0.000000
   63  2    4.638633    2.000000    0.000000    2.000000    0.000000
   65  2    5.005964    2.000000    0.000000    1.999999    0.000000
   67  2    5.429052    2.000000    0.000000    1.999975    0.000000
   69  1    5.787300    1.000000    0.000000    0.999951    0.000000
   70  1    5.790135    1.000000    0.000000    0.999849    0.000000
   71  1    5.947800    1.000000    0.000000    0.999890    0.000000
   72  1    5.971505    1.000000    0.000000    0.999332    0.000000
  2
    1    2
    1  2  -37.067006    2.000000    0.000000    0.000000    0.000000
    3  2  -36.674727    2.000000    0.000000    0.000000    0.000000
    5  2  -36.350313    2.000000    0.000000    0.000000    0.000000
    7  2  -35.240508    2.000000    0.000000    0.000000    0.000000
    9  2  -34.395041    2.000000    0.000000    0.000000    0.000000
   11  2  -34.178180    2.000000    0.000000    0.000000    0.000000
   13  4  -20.814658    4.000000    0.000000    0.000000    0.000000
   17  2  -20.643938    2.000000    0.000000    0.000000    0.000000
   19  2  -20.642011    2.000000    0.000000    0.000000    0.000000
   21  2  -20.628060    2.000000    0.000000    0.000000    0.000000
   23  2  -20.627033    2.000000    0.000000    0.000000    0.000000
   25  2   -9.218826    2.000000    0.000000    0.000000    0.000000
   27  2   -9.193583    2.000000    0.000000    0.000000    0.000000
   29  2   -9.005792    2.000000    0.000000    0.000000    0.000000
   31  2   -8.994423    2.000000    0.000000    0.000000    0.000000
   33  2   -1.387760    2.000000    0.000000    0.000000    0.000000
   35  2   -1.285204    2.000000    0.000000    0.000000    0.000000
   37  2   -1.045516    2.000000    0.000000    0.000000    0.000000
   39  2   -0.857641    2.000000    0.000000    0.000000    0.000000
   41  2   -0.033234    2.000000    0.000000    0.000000    0.000000
   43  2    0.076452    2.000000    0.000000    0.000000    0.000000
   45  2    0.179616    2.000000    0.000000    0.000000    0.000000
   47  2    0.485242    2.000000    0.000000    0.000000    0.000000
   49  2    0.720239    2.000000    0.000000    0.000000    0.000000
   51  2    0.837767    2.000000    0.000000    0.000003    0.000000
   53  2    0.903374    2.000000    0.000000    0.000000    0.000000
   55  2    1.373040    2.000000    0.000000    0.000000    0.000000
   57  2    1.505764    2.000000    0.000000   -0.000005    0.000000
   59  2    1.808438    2.000000    0.000000    0.000000    0.000000
   61  2    3.930245    2.000000    0.000000    0.000001    0.000000
   63  2    4.675198    2.000000    0.000000    0.000000    0.000000
   65  2    4.992541    2.000000    0.000000    0.000061    0.000000
   67  2    5.025112    2.000000    0.000000   -0.000168    0.000000
   69  1    5.781096    1.000000    0.000000   -0.800193    0.000000
   70  1    5.783810    1.000000    0.000000    0.789372    0.000000
   71  1    5.828021    1.000000    0.000000   -0.013901    0.000000
   72  1    5.840779    1.000000    0.000000    0.041033    0.000000
  2
    1    2
    1  2  -37.067008    2.000000    0.000000    0.000000    0.000000
    3  2  -36.674729    2.000000    0.000000    0.000000    0.000000
    5  2  -36.350317    2.000000    0.000000    0.000000    0.000000
    7  2  -35.240512    2.000000    0.000000    0.000000    0.000000
    9  2  -34.395047    2.000000    0.000000    0.000000    0.000000
   11  2  -34.178192    2.000000    0.000000    0.000000    0.000000
   13  4  -20.814659    4.000000    0.000000    0.000000    0.000000
   17  2  -20.643943    2.000000    0.000000    0.000000    0.000000
   19  2  -20.642016    2.000000    0.000000    0.000000    0.000000
   21  2  -20.628053    2.000000    0.000000    0.000000    0.000000
   23  2  -20.627026    2.000000    0.000000    0.000000    0.000000
   25  2   -9.247928    2.000000    0.000000    0.000000    0.000000
   27  2   -9.222979    2.000000    0.000000    0.000000    0.000000
   29  2   -8.975485    2.000000    0.000000    0.000000    0.000000
   31  2   -8.964199    2.000000    0.000000    0.000000    0.000000
   33  2   -1.251067    2.000000    0.000000    0.000000    0.000000
   35  2   -1.198512    2.000000    0.000000   -0.000000    0.000000
   37  2   -0.966574    2.000000    0.000000    0.000000    0.000000
   39  2   -0.589580    2.000000    0.000000    0.000000    0.000000
   41  2   -0.295393    2.000000    0.000000    0.000001    0.000000
   43  2   -0.129577    2.000000    0.000000    0.000000    0.000000
   45  2    0.080845    2.000000    0.000000    0.000000    0.000000
   47  2    0.486069    2.000000    0.000000    0.000003    0.000000
   49  2    0.560867    2.000000    0.000000   -0.000000    0.000000
   51  2    0.744497    2.000000    0.000000   -0.000000    0.000000
   53  2    0.935842    2.000000    0.000000    0.000000    0.000000
   55  2    1.255014    2.000000    0.000000    0.000009    0.000000
   57  2    1.383919    2.000000    0.000000    0.000001    0.000000
   59  2    1.873547    2.000000    0.000000    0.000000    0.000000
   61  2    3.938234    2.000000    0.000000   -0.000008    0.000000
   63  2    4.336132    2.000000    0.000000    0.000004    0.000000
   65  2    5.089668    2.000000    0.000000   -0.000007    0.000000
   67  2    5.307674    2.000000    0.000000   -0.000003    0.000000
   69  2    5.503147    2.000000    0.000000    0.000025    0.000000
   71  1    6.282665    1.000000    0.000000   -0.852526    0.000000
   72  1    6.309629    1.000000    0.000000    0.815954    0.000000
  2
    1    2
    1  2  -37.065723    2.000000    0.000000    0.000000    0.000000
    3  2  -36.673829    2.000000    0.000000    0.000000    0.000000
    5  2  -36.344449    2.000000    0.000000    0.000000    0.000000
    7  2  -35.241451    2.000000    0.000000    0.000000    0.000000
    9  2  -34.388934    2.000000    0.000000    0.000000    0.000000
   11  2  -34.173702    2.000000    0.000000    0.000000    0.000000
   13  4  -20.810586    4.000000    0.000000    0.000000    0.000000
   17  2  -20.637258    2.000000    0.000000    0.000000    0.000000
   19  2  -20.635339    2.000000    0.000000    0.000000    0.000000
   21  4  -20.627489    4.000000    0.000000    0.000000    0.000000
   25  2   -9.736232    2.000000    0.000000    0.000000    0.000000
   27  2   -9.722618    2.000000    0.000000    0.000000    0.000000
   29  2   -9.142904    2.000000    0.000000    0.000000    0.000000
   31  2   -9.125786    2.000000    0.000000    0.000000    0.000000
   33  2   -1.165477    2.000000    0.000000    0.000000    0.000000
   35  2   -0.739373    2.000000    0.000000    0.000000    0.000000
   37  2   -0.496184    2.000000    0.000000    0.000000    0.000000
   39  2   -0.290742    2.000000    0.000000    0.000000    0.000000
   41  2   -0.052444    2.000000    0.000000    0.000000    0.000000
   43  2    0.205254    2.000000    0.000000    0.000000    0.000000
   45  2    0.536884    2.000000    0.000000    0.000001    0.000000
   47  2    0.973829    2.000000    0.000000   -0.000000    0.000000
   49  2    1.036626    2.000000    0.000000    0.000001    0.000000
   51  2    1.115049    2.000000    0.000000    0.000001    0.000000
   53  2    1.764972    2.000000    0.000000   -0.000000    0.000000
   55  2    1.812336    2.000000    0.000000    0.000000    0.000000
   57  2    1.973020    2.000000    0.000000   -0.000000    0.000000
   59  2    2.243406    2.000000    0.000000    0.000000    0.000000
   61  2    4.053219    2.000000    0.000000    0.000000    0.000000
   63  2    4.337902    2.000000    0.000000    0.000000    0.000000
   65  2    4.733659    2.000000    0.000000   -0.000005    0.000000
   67  2    5.295598    2.000000    0.000000   -0.000059    0.000000
   69  2    5.431803    2.000000    0.000000    0.001161    0.000000
   71  1    6.125202    1.000000    0.000000    0.800460    0.000000
   72  1    6.218504    1.000000    0.000000    0.047803    0.000000
  2
    1    2
    1  2  -37.067025    2.000000    0.000000   -2.000000    0.000000
    3  2  -36.674733    2.000000    0.000000   -2.000000    0.000000
    5  2  -36.350340    2.000000    0.000000   -2.000000    0.000000
    7  2  -35.240486    2.000000    0.000000   -2.000000    0.000000
    9  2  -34.395036    2.000000    0.000000   -2.000000    0.000000
   11  2  -34.178174    2.000000    0.000000   -2.000000    0.000000
   13  4  -20.814936    4.000000    0.000000   -4.000000    0.000000
   17  2  -20.644869    2.000000    0.000000   -2.000000    0.000000
   19  2  -20.642941    2.000000    0.000000   -2.000000    0.000000
   21  2  -20.626871    2.000000    0.000000   -2.000000    0.000000
   23  2  -20.625780    2.000000    0.000000   -2.000000    0.000000
   25  2   -9.159768    2.000000    0.000000   -2.000000    0.000000
   27  2   -9.142254    2.000000    0.000000   -2.000000    0.000000
   29  2   -9.055724    2.000000    0.000000    2.000000    0.000000
   31  2   -9.036498    2.000000    0.000000    2.000000    0.000000
   33  2   -1.966975    2.000000    0.000000    2.000000    0.000000
   35  2   -1.854036    2.000000    0.000000    2.000000    0.000000
   37  2   -0.983764    2.000000    0.000000   -2.000000    0.000000
   39  2   -0.970815    2.000000    0.000000   -2.000000    0.000000
   41  2   -0.015960    2.000000    0.000000    2.000000    0.000000
   43  2    0.267317    2.000000    0.000000    2.000000    0.000000
   45  2    0.981402    2.000000    0.000000   -1.999997    0.000000
   47  2    0.985878    2.000000    0.000000    1.999996    0.000000
   49  2    0.993730    2.000000    0.000000   -2.000000    0.000000
   51  2    1.047594    2.000000    0.000000    2.000000    0.000000
   53  2    1.339213    2.000000    0.000000   -2.000000    0.000000
   55  2    1.359594    2.000000    0.000000   -2.000000    0.000000
   57  2    1.569156    2.000000    0.000000    2.000000    0.000000
   59  2    1.691152    2.000000    0.000000    2.000000    0.000000
   61  2    3.747051    2.000000    0.000000    2.000000    0.000000
   63  2    4.494204    2.000000    0.000000    2.000000    0.000000
   65  2    5.063548    2.000000    0.000000    1.999996    0.000000
   67  2    5.656079    2.000000    0.000000    1.999854    0.000000
   69  1    5.971482    1.000000    0.000000    0.999874    0.000000
   70  1    5.982831    1.000000    0.000000    0.999307    0.000000
   71  1    6.116382    1.000000    0.000000    0.999734    0.000000
   72  1    6.140372    1.000000    0.000000    0.999110    0.000000
  2
    1    2
    1  2  -37.065753    2.000000    0.000000   -2.000000    0.000000
    3  2  -36.673829    2.000000    0.000000   -2.000000    0.000000
    5  2  -36.344463    2.000000    0.000000   -2.000000    0.000000
    7  2  -35.241399    2.000000    0.000000   -2.000000    0.000000
    9  2  -34.388929    2.000000    0.000000   -2.000000    0.000000
   11  2  -34.173691    2.000000    0.000000   -2.000000    0.000000
   13  2  -20.814829    2.000000    0.000000    2.000000    0.000000
   15  2  -20.805937    2.000000    0.000000    2.000000    0.000000
   17  2  -20.644390    2.000000    0.000000    2.000000    0.000000
   19  4  -20.627963    4.000000    0.000000    4.000000    0.000000
   23  2  -20.626196    2.000000    0.000000    2.000000    0.000000
   25  2  -10.123593    2.000000    0.000000    2.000000    0.000000
   27  2   -9.351739    2.000000    0.000000   -2.000000    0.000000
   29  2   -9.112301    2.000000    0.000000   -2.000000    0.000000
   31  2   -9.057089    2.000000    0.000000    2.000000    0.000000
   33  2   -1.581293    2.000000    0.000000    2.000000    0.000000
   35  2   -1.150095    2.000000    0.000000    2.000000    0.000000
   37  2   -0.825421    2.000000    0.000000   -2.000000    0.000000
   39  1   -0.070885    1.000000    0.000000    1.000000    0.000000
   40  1   -0.069622    1.000000    0.000000    1.000000    0.000000
   41  2    0.310018    2.000000    0.000000    2.000000    0.000000
   43  2    0.626054    2.000000    0.000000   -2.000000    0.000000
   45  2    0.771816    2.000000    0.000000   -2.000000    0.000000
   47  2    0.792401    2.000000    0.000000    2.000000    0.000000
   49  2    0.815786    2.000000    0.000000    2.000000    0.000000
   51  2    1.164583    2.000000    0.000000    2.000000    0.000000
   53  2    1.308235    2.000000    0.000000   -2.000000    0.000000
   55  2    1.650049    2.000000    0.000000    2.000000    0.000000
   57  2    2.563406    2.000000    0.000000   -2.000000    0.000000
   59  2    2.858021    2.000000    0.000000   -2.000000    0.000000
   61  2    3.775198    2.000000    0.000000    2.000000    0.000000
   63  2    4.710142    2.000000    0.000000    2.000000    0.000000
   65  2    4.973425    2.000000    0.000000    1.999997    0.000000
   67  2    5.270540    2.000000    0.000000    1.999995    0.000000
   69  1    5.914678    1.000000    0.000000    0.999973    0.000000
   70  1    5.920064    1.000000    0.000000    0.999611    0.000000
   71  1    6.308359    1.000000    0.000000    0.999637    0.000000
   72  1    6.396120    1.000000    0.000000    0.997286    0.000000
  2
    1    2
    1  2  -37.067024    2.000000    0.000000   -2.000000    0.000000
    3  2  -36.674740    2.000000    0.000000   -2.000000    0.000000
    5  2  -36.350340    2.000000    0.000000   -2.000000    0.000000
    7  2  -35.240485    2.000000    0.000000   -2.000000    0.000000
    9  2  -34.395037    2.000000    0.000000   -2.000000    0.000000
   11  2  -34.178177    2.000000    0.000000   -2.000000    0.000000
   13  4  -20.814940    4.000000    0.000000    4.000000    0.000000
   17  2  -20.644874    2.000000    0.000000    2.000000    0.000000
   19  2  -20.642946    2.000000    0.000000    2.000000    0.000000
   21  2  -20.626872    2.000000    0.000000    2.000000    0.000000
   23  2  -20.625780    2.000000    0.000000    2.000000    0.000000
   25  2   -9.148040    2.000000    0.000000   -2.000000    0.000000
   27  2   -9.130726    2.000000    0.000000   -2.000000    0.000000
   29  2   -9.071770    2.000000    0.000000    2.000000    0.000000
   31  2   -9.052437    2.000000    0.000000    2.000000    0.000000
   33  2   -1.805610    2.000000    0.000000    2.000000    0.000000
   35  2   -1.684654    2.000000    0.000000    2.000000    0.000000
   37  2   -0.830595    2.000000    0.000000   -2.000000    0.000000
   39  2   -0.823498    2.000000    0.000000   -2.000000    0.000000
   41  2   -0.150980    2.000000    0.000000    2.000000    0.000000
   43  2    0.020454    2.000000    0.000000    2.000000    0.000000
   45  2    0.720103    2.000000    0.000000   -2.000000    0.000000
   47  2    0.747089    2.000000    0.000000   -2.000000    0.000000
   49  2    0.826472    2.000000    0.000000    2.000000    0.000000
   51  2    1.003603    2.000000    0.000000    2.000000    0.000000
   53  2    1.378372    2.000000    0.000000   -2.000000    0.000000
   55  2    1.398292    2.000000    0.000000   -2.000000    0.000000
   57  2    1.429951    2.000000    0.000000    2.000000    0.000000
   59  2    1.484734    2.000000    0.000000    2.000000    0.000000
   61  2    3.811281    2.000000    0.000000    2.000000    0.000000
   63  2    4.483904    2.000000    0.000000    2.000000    0.000000
   65  2    4.943083    2.000000    0.000000    1.999997    0.000000
   67  2    5.412131    2.000000    0.000000    1.999980    0.000000
   69  1    5.896612    1.000000    0.000000    0.999976    0.000000
   70  1    5.914992    1.000000    0.000000    0.999571    0.000000
   71  1    6.176177    1.000000    0.000000    0.999434    0.000000
   72  1    6.247608    1.000000    0.000000    0.999470    0.000000
  2
    1    2
    1  2  -37.065727    2.000000    0.000000    0.000000    0.000000
    3  2  -36.673840    2.000000    0.000000    0.000000    0.000000
    5  2  -36.344454    2.000000    0.000000    0.000000    0.000000
    7  2  -35.241450    2.000000    0.000000    0.000000    0.000000
    9  2  -34.388938    2.000000    0.000000    0.000000    0.000000
   11  2  -34.173709    2.000000    0.000000    0.000000    0.000000
   13  4  -20.810582    4.000000    0.000000    0.000000    0.000000
   17  2  -20.637258    2.000000    0.000000    0.000000    0.000000
   19  2  -20.635340    2.000000    0.000000    0.000000    0.000000
   21  4  -20.627475    4.000000    0.000000    0.000000    0.000000
   25  2   -9.767324    2.000000    0.000000    0.000000    0.000000
   27  2   -9.749640    2.000000    0.000000    0.000000    0.000000
   29  2   -9.103038    2.000000    0.000000    0.000000    0.000000
   31  2   -9.089491    2.000000    0.000000    0.000000    0.000000
   33  2   -1.309508    2.000000    0.000000    0.000000    0.000000
   35  2   -0.887895    2.000000    0.000000    0.000000    0.000000
   37  2   -0.396632    2.000000    0.000000    0.000000    0.000000
   39  2   -0.244507    2.000000    0.000000    0.000001    0.000000
   41  2   -0.061547    2.000000    0.000000    0.000000    0.000000
   43  2    0.240438    2.000000    0.000000    0.000001    0.000000
   45  2    0.539088    2.000000    0.000000    0.000000    0.000000
   47  2    0.909430    2.000000    0.000000    0.000000    0.000000
   49  2    1.035886    2.000000    0.000000    0.000154    0.000000
   51  2    1.049971    2.000000    0.000000    0.000000    0.000000
   53  2    1.848465    2.000000    0.000000    0.000000    0.000000
   55  2    1.965233    2.000000    0.000000    0.000008    0.000000
   57  2    2.039669    2.000000    0.000000   -0.000001    0.000000
   59  2    2.251254    2.000000    0.000000    0.000000    0.000000
   61  2    3.863364    2.000000    0.000000    0.000000    0.000000
   63  2    4.733102    2.000000    0.000000   -0.000001    0.000000
   65  2    4.915602    2.000000    0.000000   -0.000014    0.000000
   67  2    5.294785    2.000000    0.000000    0.000099    0.000000
   69  2    5.656215    2.000000    0.000000    0.002185    0.000000
   71  1    6.164210    1.000000    0.000000   -0.890964    0.000000
   72  1    6.269762    1.000000    0.000000    0.754169    0.000000
