   70   88
  1
  2
  1  0  0  0  1  0  0  0  1    0.000000    0.000000    0.000000    1.000000    0.000000    0.000000    0.000000    0.000000    0.000000    1.000000    0.000000  1
 -1  0  0  0 -1  0  0  0 -1    0.000000    0.000000    0.000000    1.000000    0.000000    0.000000    0.000000    0.000000    0.000000    1.000000    0.000000 -1
  8
    0.000000    0.000000    0.000000
    0.500000    0.500000    0.500000
    0.000000    0.500000    0.500000
    0.500000    0.000000    0.500000
    0.500000    0.500000    0.000000
    0.500000    0.000000    0.000000
    0.000000    0.500000    0.000000
    0.000000    0.000000    0.500000
  1
    1
    1  2  -55.542706    2.000000    0.000000
    3  2  -55.088746    2.000000    0.000000
    5  2  -54.418075    2.000000    0.000000
    7  2  -51.099880    2.000000    0.000000
    9  2  -50.625651    2.000000    0.000000
   11  2  -50.225074    2.000000    0.000000
   13  2  -28.068314    2.000000    0.000000
   15  2  -28.060488    2.000000    0.000000
   17  2  -11.760756    2.000000    0.000000
   19  2  -11.725584    2.000000    0.000000
   21  2  -11.513709    2.000000    0.000000
   23  2  -11.478321    2.000000    0.000000
   25  2  -11.475234    2.000000    0.000000
   27  2  -11.433184    2.000000    0.000000
   29  2  -10.774550    2.000000    0.000000
   31  2   -9.932737    2.000000    0.000000
   33  2   -9.919527    2.000000    0.000000
   35  2   -9.883058    2.000000    0.000000
   37  2   -4.846203    2.000000    0.000000
   39  2   -4.556266    2.000000    0.000000
   41  2   -4.489882    2.000000    0.000000
   43  2   -4.440501    2.000000    0.000000
   45  2   -4.353174    2.000000    0.000000
   47  2   -2.474502    2.000000    0.000000
   49  2   -1.508110    2.000000    0.000000
   51  2   -1.268620    2.000000    0.000000
   53  2   -0.792534    2.000000    0.000000
   55  2   -0.716243    2.000000    0.000000
   57  2   -0.600603    2.000000    0.000000
   59  2   -0.326060    2.000000    0.000000
   61  2   -0.037074    2.000000    0.000000
   63  2    0.253164    2.000000    0.000000
   65  2    0.608497    2.000000    0.000000
   67  2    0.689178    2.000000    0.000000
   69  2    1.111752    2.000000    0.000000
   71  2    3.286131    2.000000    0.000000
   73  2    3.390352    2.000000    0.000000
   75  2    3.439327    2.000000    0.000000
   77  2    3.480116    2.000000    0.000000
   79  2    3.561488    2.000000    0.000000
   81  1    4.781381    1.000000    0.000000
   82  1    4.783194    1.000000    0.000000
   83  2    6.361891    2.000000    0.000000
   85  1    7.190281    1.000000    0.000000
   86  1    7.194038    1.000000    0.000000
   87  1    7.938514    1.000000    0.000000
   88  1    7.961432    1.000000    0.000000
  1
    1
    1  2  -55.542613    2.000000    0.000000
    3  2  -55.088727    2.000000    0.000000
    5  2  -54.417953    2.000000    0.000000
    7  2  -51.100050    2.000000    0.000000
    9  2  -50.625650    2.000000    0.000000
   11  2  -50.225263    2.000000    0.000000
   13  4  -28.064618    4.000000    0.000000
   17  2  -11.773103    2.000000    0.000000
   19  2  -11.771477    2.000000    0.000000
   21  2  -11.540390    2.000000    0.000000
   23  2  -11.539150    2.000000    0.000000
   25  4  -11.452660    4.000000    0.000000
   29  2  -10.215131    2.000000    0.000000
   31  2  -10.193043    2.000000    0.000000
   33  2   -9.975528    2.000000    0.000000
   35  2   -9.970180    2.000000    0.000000
   37  2   -4.688368    2.000000    0.000000
   39  2   -4.554481    2.000000    0.000000
   41  2   -4.508686    2.000000    0.000000
   43  2   -4.450105    2.000000    0.000000
   45  2   -4.437923    2.000000    0.000000
   47  2   -2.234223    2.000000    0.000000
   49  2   -1.907623    2.000000    0.000000
   51  2   -1.321330    2.000000    0.000000
   53  2   -1.309706    2.000000    0.000000
   55  2   -0.775246    2.000000    0.000000
   57  2   -0.550142    2.000000    0.000000
   59  2   -0.254347    2.000000    0.000000
   61  2   -0.119975    2.000000    0.000000
   63  2    0.139765    2.000000    0.000000
   65  2    0.698673    2.000000    0.000000
   67  2    1.042999    2.000000    0.000000
   69  2    1.249291    2.000000    0.000000
   71  2    3.082266    2.000000    0.000000
   73  2    3.197148    2.000000    0.000000
   75  2    3.353402    2.000000    0.000000
   77  2    3.659844    2.000000    0.000000
   79  2    3.763928    2.000000    0.000000
   81  1    6.880228    1.000000    0.000000
   82  1    6.881722    1.000000    0.000000
   83  1    7.036221    1.000000    0.000000
   84  1    7.038092    1.000000    0.000000
   85  1    7.267960    1.000000    0.000000
   86  1    7.269468    1.000000    0.000000
   87  1    7.472465    1.000000    0.000000
   88  1    7.476490    1.000000    0.000000
  1
    1
    1  2  -55.542703    2.000000    0.000000
    3  2  -55.088741    2.000000    0.000000
    5  2  -54.418074    2.000000    0.000000
    7  2  -51.099876    2.000000    0.000000
    9  2  -50.625646    2.000000    0.000000
   11  2  -50.225071    2.000000    0.000000
   13  2  -28.064877    2.000000    0.000000
   15  2  -28.063863    2.000000    0.000000
   17  2  -11.768624    2.000000    0.000000
   19  2  -11.761736    2.000000    0.000000
   21  2  -11.527625    2.000000    0.000000
   23  2  -11.525131    2.000000    0.000000
   25  2  -11.471880    2.000000    0.000000
   27  2  -11.453037    2.000000    0.000000
   29  2  -10.556783    2.000000    0.000000
   31  2  -10.027536    2.000000    0.000000
   33  2   -9.945563    2.000000    0.000000
   35  2   -9.834679    2.000000    0.000000
   37  2   -4.809745    2.000000    0.000000
   39  2   -4.573641    2.000000    0.000000
   41  2   -4.523135    2.000000    0.000000
   43  2   -4.506809    2.000000    0.000000
   45  2   -4.348707    2.000000    0.000000
   47  2   -2.321954    2.000000    0.000000
   49  2   -1.404541    2.000000    0.000000
   51  2   -0.962050    2.000000    0.000000
   53  2   -0.915886    2.000000    0.000000
   55  2   -0.689965    2.000000    0.000000
   57  2   -0.481033    2.000000    0.000000
   59  2   -0.385647    2.000000    0.000000
   61  2   -0.327500    2.000000    0.000000
   63  2    0.195065    2.000000    0.000000
   65  2    0.313853    2.000000    0.000000
   67  2    0.531700    2.000000    0.000000
   69  2    1.157386    2.000000    0.000000
   71  2    3.042162    2.000000    0.000000
   73  2    3.201540    2.000000    0.000000
   75  2    3.413623    2.000000    0.000000
   77  2    3.439349    2.000000    0.000000
   79  2    3.517863    2.000000    0.000000
   81  1    6.129501    1.000000    0.000000
   82  1    6.131783    1.000000    0.000000
   83  2    6.595028    2.000000    0.000000
   85  1    6.610750    1.000000    0.000000
   86  1    6.614091    1.000000    0.000000
   87  1    7.565799    1.000000    0.000000
   88  1    7.595282    1.000000    0.000000
  1
    1
    1  2  -55.542612    2.000000    0.000000
    3  2  -55.088730    2.000000    0.000000
    5  2  -54.417953    2.000000    0.000000
    7  2  -51.100048    2.000000    0.000000
    9  2  -50.625653    2.000000    0.000000
   11  2  -50.225262    2.000000    0.000000
   13  2  -28.066011    2.000000    0.000000
   15  2  -28.062522    2.000000    0.000000
   17  2  -11.762914    2.000000    0.000000
   19  2  -11.758417    2.000000    0.000000
   21  4  -11.523627    4.000000    0.000000
   25  2  -11.460349    2.000000    0.000000
   27  2  -11.458067    2.000000    0.000000
   29  2  -10.285213    2.000000    0.000000
   31  2  -10.246902    2.000000    0.000000
   33  2  -10.006019    2.000000    0.000000
   35  2   -9.876361    2.000000    0.000000
   37  2   -4.700808    2.000000    0.000000
   39  2   -4.551711    2.000000    0.000000
   41  2   -4.509389    2.000000    0.000000
   43  2   -4.450077    2.000000    0.000000
   45  2   -4.403443    2.000000    0.000000
   47  2   -2.321504    2.000000    0.000000
   49  2   -1.987497    2.000000    0.000000
   51  2   -1.300068    2.000000    0.000000
   53  2   -1.179686    2.000000    0.000000
   55  2   -0.676242    2.000000    0.000000
   57  2   -0.410896    2.000000    0.000000
   59  2   -0.303175    2.000000    0.000000
   61  2   -0.113604    2.000000    0.000000
   63  2    0.039867    2.000000    0.000000
   65  2    0.640256    2.000000    0.000000
   67  2    1.161238    2.000000    0.000000
   69  2    1.238778    2.000000    0.000000
   71  2    3.119649    2.000000    0.000000
   73  2    3.251409    2.000000    0.000000
   75  2    3.326818    2.000000    0.000000
   77  2    3.660149    2.000000    0.000000
   79  2    3.693065    2.000000    0.000000
   81  1    6.485950    1.000000    0.000000
   82  1    6.489518    1.000000    0.000000
   83  1    6.894118    1.000000    0.000000
   84  1    6.896087    1.000000    0.000000
   85  1    7.015913    1.000000    0.000000
   86  1    7.019055    1.000000    0.000000
   87  1    7.603174    1.000000    0.000000
   88  1    7.643069    1.000000    0.000000
  1
    1
    1  2  -55.542613    2.000000    0.000000
    3  2  -55.088728    2.000000    0.000000
    5  2  -54.417953    2.000000    0.000000
    7  2  -51.100050    2.000000    0.000000
    9  2  -50.625649    2.000000    0.000000
   11  2  -50.225263    2.000000    0.000000
   13  2  -28.066010    2.000000    0.000000
   15  2  -28.062523    2.000000    0.000000
   17  2  -11.762971    2.000000    0.000000
   19  2  -11.758357    2.000000    0.000000
   21  2  -11.523991    2.000000    0.000000
   23  2  -11.522352    2.000000    0.000000
   25  2  -11.460218    2.000000    0.000000
   27  2  -11.458198    2.000000    0.000000
   29  2  -10.285610    2.000000    0.000000
   31  2  -10.246487    2.000000    0.000000
   33  2  -10.005530    2.000000    0.000000
   35  2   -9.876841    2.000000    0.000000
   37  2   -4.699550    2.000000    0.000000
   39  2   -4.549521    2.000000    0.000000
   41  2   -4.512534    2.000000    0.000000
   43  2   -4.458658    2.000000    0.000000
   45  2   -4.395126    2.000000    0.000000
   47  2   -2.321652    2.000000    0.000000
   49  2   -1.987302    2.000000    0.000000
   51  2   -1.300037    2.000000    0.000000
   53  2   -1.179670    2.000000    0.000000
   55  2   -0.677271    2.000000    0.000000
   57  2   -0.409464    2.000000    0.000000
   59  2   -0.303291    2.000000    0.000000
   61  2   -0.113067    2.000000    0.000000
   63  2    0.038860    2.000000    0.000000
   65  2    0.640568    2.000000    0.000000
   67  2    1.160681    2.000000    0.000000
   69  2    1.238818    2.000000    0.000000
   71  2    3.129670    2.000000    0.000000
   73  2    3.238274    2.000000    0.000000
   75  2    3.328950    2.000000    0.000000
   77  2    3.661702    2.000000    0.000000
   79  2    3.692827    2.000000    0.000000
   81  2    6.487123    2.000000    0.000000
   83  1    6.892948    1.000000    0.000000
   84  1    6.896903    1.000000    0.000000
   85  1    7.015668    1.000000    0.000000
   86  1    7.017072    1.000000    0.000000
   87  1    7.562823    1.000000    0.000000
   88  1    7.643462    1.000000    0.000000
  1
    1
    1  2  -55.542612    2.000000    0.000000
    3  2  -55.088729    2.000000    0.000000
    5  2  -54.417953    2.000000    0.000000
    7  2  -51.100049    2.000000    0.000000
    9  2  -50.625651    2.000000    0.000000
   11  2  -50.225263    2.000000    0.000000
   13  4  -28.064649    4.000000    0.000000
   17  2  -11.752108    2.000000    0.000000
   19  2  -11.750545    2.000000    0.000000
   21  2  -11.510820    2.000000    0.000000
   23  2  -11.509031    2.000000    0.000000
   25  4  -11.461435    4.000000    0.000000
   29  2  -10.335092    2.000000    0.000000
   31  2  -10.314493    2.000000    0.000000
   33  2   -9.913809    2.000000    0.000000
   35  2   -9.906876    2.000000    0.000000
   37  2   -4.708805    2.000000    0.000000
   39  2   -4.554162    2.000000    0.000000
   41  2   -4.520042    2.000000    0.000000
   43  2   -4.409807    2.000000    0.000000
   45  2   -4.387279    2.000000    0.000000
   47  2   -2.368422    2.000000    0.000000
   49  2   -2.182284    2.000000    0.000000
   51  2   -1.160883    2.000000    0.000000
   53  2   -1.135238    2.000000    0.000000
   55  2   -0.564810    2.000000    0.000000
   57  2   -0.427795    2.000000    0.000000
   59  2   -0.327036    2.000000    0.000000
   61  2   -0.066516    2.000000    0.000000
   63  2    0.008240    2.000000    0.000000
   65  2    0.616801    2.000000    0.000000
   67  2    1.103051    2.000000    0.000000
   69  2    1.466445    2.000000    0.000000
   71  2    3.193954    2.000000    0.000000
   73  2    3.271963    2.000000    0.000000
   75  2    3.301571    2.000000    0.000000
   77  2    3.652580    2.000000    0.000000
   79  2    3.740793    2.000000    0.000000
   81  2    6.300884    2.000000    0.000000
   83  2    6.385703    2.000000    0.000000
   85  1    7.039901    1.000000    0.000000
   86  1    7.041249    1.000000    0.000000
   87  1    7.186260    1.000000    0.000000
   88  1    7.254053    1.000000    0.000000
  1
    1
    1  2  -55.542704    2.000000    0.000000
    3  2  -55.088739    2.000000    0.000000
    5  2  -54.418075    2.000000    0.000000
    7  2  -51.099877    2.000000    0.000000
    9  2  -50.625644    2.000000    0.000000
   11  2  -50.225072    2.000000    0.000000
   13  2  -28.066529    2.000000    0.000000
   15  2  -28.062230    2.000000    0.000000
   17  2  -11.772159    2.000000    0.000000
   19  2  -11.756917    2.000000    0.000000
   21  2  -11.526628    2.000000    0.000000
   23  2  -11.510432    2.000000    0.000000
   25  2  -11.473188    2.000000    0.000000
   27  2  -11.436449    2.000000    0.000000
   29  2  -10.561497    2.000000    0.000000
   31  2  -10.051264    2.000000    0.000000
   33  2   -9.932963    2.000000    0.000000
   35  2   -9.874964    2.000000    0.000000
   37  2   -4.806717    2.000000    0.000000
   39  2   -4.577668    2.000000    0.000000
   41  2   -4.533094    2.000000    0.000000
   43  2   -4.455203    2.000000    0.000000
   45  2   -4.361970    2.000000    0.000000
   47  2   -2.278151    2.000000    0.000000
   49  2   -1.503105    2.000000    0.000000
   51  2   -1.193628    2.000000    0.000000
   53  2   -0.914597    2.000000    0.000000
   55  2   -0.793473    2.000000    0.000000
   57  2   -0.293364    2.000000    0.000000
   59  2   -0.082859    2.000000    0.000000
   61  2    0.009044    2.000000    0.000000
   63  2    0.168408    2.000000    0.000000
   65  2    0.227288    2.000000    0.000000
   67  2    0.614232    2.000000    0.000000
   69  2    0.838299    2.000000    0.000000
   71  2    2.993212    2.000000    0.000000
   73  2    3.153872    2.000000    0.000000
   75  2    3.400092    2.000000    0.000000
   77  2    3.479744    2.000000    0.000000
   79  2    3.590499    2.000000    0.000000
   81  1    6.317898    1.000000    0.000000
   82  1    6.321932    1.000000    0.000000
   83  1    6.431839    1.000000    0.000000
   84  1    6.433066    1.000000    0.000000
   85  1    6.885955    1.000000    0.000000
   86  1    6.887523    1.000000    0.000000
   87  1    7.478010    1.000000    0.000000
   88  1    7.539184    1.000000    0.000000
  1
    1
    1  2  -55.542703    2.000000    0.000000
    3  2  -55.088741    2.000000    0.000000
    5  2  -54.418074    2.000000    0.000000
    7  2  -51.099876    2.000000    0.000000
    9  2  -50.625646    2.000000    0.000000
   11  2  -50.225071    2.000000    0.000000
   13  2  -28.066528    2.000000    0.000000
   15  2  -28.062230    2.000000    0.000000
   17  2  -11.772157    2.000000    0.000000
   19  2  -11.756910    2.000000    0.000000
   21  2  -11.526635    2.000000    0.000000
   23  2  -11.510395    2.000000    0.000000
   25  2  -11.473211    2.000000    0.000000
   27  2  -11.436438    2.000000    0.000000
   29  2  -10.561465    2.000000    0.000000
   31  2  -10.051702    2.000000    0.000000
   33  2   -9.933000    2.000000    0.000000
   35  2   -9.874544    2.000000    0.000000
   37  2   -4.807933    2.000000    0.000000
   39  2   -4.567731    2.000000    0.000000
   41  2   -4.544020    2.000000    0.000000
   43  2   -4.449188    2.000000    0.000000
   45  2   -4.365849    2.000000    0.000000
   47  2   -2.278079    2.000000    0.000000
   49  2   -1.502701    2.000000    0.000000
   51  2   -1.193735    2.000000    0.000000
   53  2   -0.915538    2.000000    0.000000
   55  2   -0.792816    2.000000    0.000000
   57  2   -0.293137    2.000000    0.000000
   59  2   -0.083366    2.000000    0.000000
   61  2    0.009366    2.000000    0.000000
   63  2    0.171800    2.000000    0.000000
   65  2    0.222739    2.000000    0.000000
   67  2    0.615628    2.000000    0.000000
   69  2    0.838353    2.000000    0.000000
   71  2    2.986815    2.000000    0.000000
   73  2    3.159893    2.000000    0.000000
   75  2    3.401745    2.000000    0.000000
   77  2    3.481301    2.000000    0.000000
   79  2    3.587377    2.000000    0.000000
   81  1    6.319210    1.000000    0.000000
   82  1    6.320646    1.000000    0.000000
   83  1    6.430506    1.000000    0.000000
   84  1    6.434323    1.000000    0.000000
   85  1    6.886111    1.000000    0.000000
   86  1    6.887146    1.000000    0.000000
   87  1    7.438226    1.000000    0.000000
   88  1    7.520210    1.000000    0.000000
