   54   64
  1
  1
  1  0  0  0  1  0  0  0  1    0.000000    0.000000    0.000000    1.000000    0.000000    0.000000    0.000000    0.000000    0.000000    1.000000    0.000000  1
  8
    0.000000    0.000000    0.000000
    0.500000    0.500000    0.500000
    0.000000    0.500000    0.500000
    0.500000    0.000000    0.500000
    0.500000    0.500000    0.000000
    0.500000    0.000000    0.000000
    0.000000    0.500000    0.000000
    0.000000    0.000000    0.500000
  1
    1
    1  2  -47.925585    2.000000    0.000000
    3  2  -47.566808    2.000000    0.000000
    5  2  -47.024715    2.000000    0.000000
    7  2  -42.948669    2.000000    0.000000
    9  2  -42.583452    2.000000    0.000000
   11  2  -42.196627    2.000000    0.000000
   13  2  -18.959161    2.000000    0.000000
   15  2  -18.910179    2.000000    0.000000
   17  2   -6.945493    2.000000    0.000000
   19  2   -6.763219    2.000000    0.000000
   21  1   -5.805256    1.000000    0.000000
   22  1   -5.804132    1.000000    0.000000
   23  2   -5.402318    2.000000    0.000000
   25  2   -5.329709    2.000000    0.000000
   27  2   -5.142174    2.000000    0.000000
   29  1   -5.064303    1.000000    0.000000
   30  1   -5.062871    1.000000    0.000000
   31  1   -4.498950    1.000000    0.000000
   32  1   -4.488684    1.000000    0.000000
   33  2   -1.817599    2.000000    0.000000
   35  2   -1.780107    2.000000    0.000000
   37  1   -1.773228    1.000000    0.000000
   38  1   -1.752174    1.000000    0.000000
   39  1   -1.683898    1.000000    0.000000
   40  1   -1.649578    1.000000    0.000000
   41  1   -1.557525    1.000000    0.000000
   42  1   -1.539657    1.000000    0.000000
   43  1    0.860566    1.000000    0.000000
   44  1    0.871345    1.000000    0.000000
   45  1    1.979811    1.000000    0.000000
   46  1    1.980829    1.000000    0.000000
   47  2    2.214033    2.000000    0.000000
   49  1    2.731475    1.000000    0.000000
   50  1    2.777623    1.000000    0.000000
   51  1    3.307585    1.000000    0.000000
   52  1    3.316498    1.000000    0.000000
   53  1    3.540674    1.000000    0.000000
   54  1    3.544047    1.000000    0.000000
   55  1    4.258919    1.000000    0.000000
   56  1    4.264043    1.000000    0.000000
   57  1    4.666727    1.000000    0.000000
   58  1    4.674627    1.000000    0.000000
   59  1    4.886287    1.000000    0.000000
   60  1    4.920429    1.000000    0.000000
   61  1    5.807700    1.000000    0.000000
   62  1    5.816062    1.000000    0.000000
   63  1    6.136564    1.000000    0.000000
   64  1    6.280589    1.000000    0.000000
  1
    1
    1  2  -47.925765    2.000000    0.000000
    3  2  -47.566789    2.000000    0.000000
    5  2  -47.024981    2.000000    0.000000
    7  2  -42.949086    2.000000    0.000000
    9  2  -42.583442    2.000000    0.000000
   11  2  -42.197054    2.000000    0.000000
   13  4  -18.914764    4.000000    0.000000
   17  2   -6.923458    2.000000    0.000000
   19  2   -6.922326    2.000000    0.000000
   21  2   -5.518312    2.000000    0.000000
   23  2   -5.514622    2.000000    0.000000
   25  3   -5.351522    3.000000    0.000000
   28  1   -5.350295    1.000000    0.000000
   29  1   -4.708282    1.000000    0.000000
   30  1   -4.707217    1.000000    0.000000
   31  1   -4.701501    1.000000    0.000000
   32  1   -4.700438    1.000000    0.000000
   33  2   -1.862157    2.000000    0.000000
   35  2   -1.691712    2.000000    0.000000
   37  2   -1.667212    2.000000    0.000000
   39  1   -1.533823    1.000000    0.000000
   40  1   -1.529526    1.000000    0.000000
   41  1   -1.488119    1.000000    0.000000
   42  1   -1.484153    1.000000    0.000000
   43  2   -0.162426    2.000000    0.000000
   45  2    0.893132    2.000000    0.000000
   47  1    1.814670    1.000000    0.000000
   48  1    1.817556    1.000000    0.000000
   49  1    1.836073    1.000000    0.000000
   50  1    1.839050    1.000000    0.000000
   51  2    2.195659    2.000000    0.000000
   53  2    2.238710    2.000000    0.000000
   55  1    5.478891    1.000000    0.000000
   56  1    5.512088    1.000000    0.000000
   57  1    5.550435    1.000000    0.000000
   58  1    5.582704    1.000000    0.000000
   59  1    5.962665    1.000000    0.000000
   60  1    5.970897    1.000000    0.000000
   61  1    6.061162    1.000000    0.000000
   62  1    6.067156    1.000000    0.000000
   63  1    6.256439    1.000000    0.000000
   64  1    6.361102    1.000000    0.000000
  1
    1
    1  2  -47.925615    2.000000    0.000000
    3  2  -47.566795    2.000000    0.000000
    5  2  -47.024752    2.000000    0.000000
    7  2  -42.948724    2.000000    0.000000
    9  2  -42.583445    2.000000    0.000000
   11  2  -42.196704    2.000000    0.000000
   13  4  -18.924722    4.000000    0.000000
   17  3   -6.937418    3.000000    0.000000
   20  1   -6.936172    1.000000    0.000000
   21  2   -5.708650    2.000000    0.000000
   23  2   -5.703813    2.000000    0.000000
   25  2   -5.245113    2.000000    0.000000
   27  2   -5.241803    2.000000    0.000000
   29  2   -4.533751    2.000000    0.000000
   31  2   -4.513788    2.000000    0.000000
   33  2   -1.791815    2.000000    0.000000
   35  2   -1.731009    2.000000    0.000000
   37  2   -1.699361    2.000000    0.000000
   39  2   -1.606532    2.000000    0.000000
   41  2   -1.562811    2.000000    0.000000
   43  2    0.208256    2.000000    0.000000
   45  2    0.636438    2.000000    0.000000
   47  1    2.490934    1.000000    0.000000
   48  1    2.494129    1.000000    0.000000
   49  1    2.599404    1.000000    0.000000
   50  1    2.604744    1.000000    0.000000
   51  1    2.807931    1.000000    0.000000
   52  1    2.811088    1.000000    0.000000
   53  2    3.097459    2.000000    0.000000
   55  2    5.214478    2.000000    0.000000
   57  2    5.307970    2.000000    0.000000
   59  1    5.705551    1.000000    0.000000
   60  1    5.714406    1.000000    0.000000
   61  1    5.722069    1.000000    0.000000
   62  1    5.726827    1.000000    0.000000
   63  1    6.063218    1.000000    0.000000
   64  1    6.087262    1.000000    0.000000
  1
    1
    1  2  -47.925616    2.000000    0.000000
    3  2  -47.566796    2.000000    0.000000
    5  2  -47.024752    2.000000    0.000000
    7  2  -42.948726    2.000000    0.000000
    9  2  -42.583446    2.000000    0.000000
   11  2  -42.196705    2.000000    0.000000
   13  4  -18.924438    4.000000    0.000000
   17  4   -6.937535    4.000000    0.000000
   21  2   -5.709009    2.000000    0.000000
   23  2   -5.704061    2.000000    0.000000
   25  2   -5.244701    2.000000    0.000000
   27  2   -5.241790    2.000000    0.000000
   29  2   -4.534894    2.000000    0.000000
   31  2   -4.513995    2.000000    0.000000
   33  2   -1.792638    2.000000    0.000000
   35  2   -1.729801    2.000000    0.000000
   37  2   -1.699248    2.000000    0.000000
   39  2   -1.604400    2.000000    0.000000
   41  2   -1.562558    2.000000    0.000000
   43  2    0.214915    2.000000    0.000000
   45  2    0.639024    2.000000    0.000000
   47  2    2.492348    2.000000    0.000000
   49  1    2.589964    1.000000    0.000000
   50  1    2.591428    1.000000    0.000000
   51  2    2.805378    2.000000    0.000000
   53  2    3.098126    2.000000    0.000000
   55  2    5.216445    2.000000    0.000000
   57  2    5.312165    2.000000    0.000000
   59  1    5.690616    1.000000    0.000000
   60  1    5.704336    1.000000    0.000000
   61  1    5.713663    1.000000    0.000000
   62  1    5.737549    1.000000    0.000000
   63  1    6.065859    1.000000    0.000000
   64  1    6.157915    1.000000    0.000000
  1
    1
    1  2  -47.925766    2.000000    0.000000
    3  2  -47.566786    2.000000    0.000000
    5  2  -47.024982    2.000000    0.000000
    7  2  -42.949090    2.000000    0.000000
    9  2  -42.583434    2.000000    0.000000
   11  2  -42.197056    2.000000    0.000000
   13  4  -18.914765    4.000000    0.000000
   17  4   -6.922767    4.000000    0.000000
   21  4   -5.518447    4.000000    0.000000
   25  2   -5.332869    2.000000    0.000000
   27  2   -5.329647    2.000000    0.000000
   29  2   -4.732885    2.000000    0.000000
   31  2   -4.726918    2.000000    0.000000
   33  2   -1.863705    2.000000    0.000000
   35  2   -1.691947    2.000000    0.000000
   37  2   -1.668337    2.000000    0.000000
   39  1   -1.546143    1.000000    0.000000
   40  1   -1.543176    1.000000    0.000000
   41  1   -1.500482    1.000000    0.000000
   42  1   -1.497867    1.000000    0.000000
   43  2   -0.170991    2.000000    0.000000
   45  2    0.891746    2.000000    0.000000
   47  1    1.956129    1.000000    0.000000
   48  1    1.958280    1.000000    0.000000
   49  1    1.992456    1.000000    0.000000
   50  1    1.994953    1.000000    0.000000
   51  1    2.256203    1.000000    0.000000
   52  1    2.257763    1.000000    0.000000
   53  1    2.287665    1.000000    0.000000
   54  1    2.288876    1.000000    0.000000
   55  1    4.962487    1.000000    0.000000
   56  1    4.978755    1.000000    0.000000
   57  1    5.025254    1.000000    0.000000
   58  1    5.039567    1.000000    0.000000
   59  1    6.087587    1.000000    0.000000
   60  1    6.091481    1.000000    0.000000
   61  1    6.167621    1.000000    0.000000
   62  1    6.183414    1.000000    0.000000
   63  1    6.208057    1.000000    0.000000
   64  1    6.221230    1.000000    0.000000
  1
    1
    1  2  -47.925612    2.000000    0.000000
    3  2  -47.566791    2.000000    0.000000
    5  2  -47.024750    2.000000    0.000000
    7  2  -42.948720    2.000000    0.000000
    9  2  -42.583438    2.000000    0.000000
   11  2  -42.196701    2.000000    0.000000
   13  4  -18.924432    4.000000    0.000000
   17  2   -6.931795    2.000000    0.000000
   19  2   -6.930629    2.000000    0.000000
   21  2   -5.697494    2.000000    0.000000
   23  2   -5.695148    2.000000    0.000000
   25  2   -5.283396    2.000000    0.000000
   27  2   -5.275469    2.000000    0.000000
   29  2   -4.521886    2.000000    0.000000
   31  2   -4.504751    2.000000    0.000000
   33  2   -1.793609    2.000000    0.000000
   35  2   -1.728768    2.000000    0.000000
   37  2   -1.698881    2.000000    0.000000
   39  2   -1.604020    2.000000    0.000000
   41  2   -1.569375    2.000000    0.000000
   43  2    0.309395    2.000000    0.000000
   45  2    0.741624    2.000000    0.000000
   47  2    2.466204    2.000000    0.000000
   49  1    2.572153    1.000000    0.000000
   50  1    2.573238    1.000000    0.000000
   51  2    2.814375    2.000000    0.000000
   53  2    2.949620    2.000000    0.000000
   55  2    5.027172    2.000000    0.000000
   57  2    5.162953    2.000000    0.000000
   59  1    5.824148    1.000000    0.000000
   60  1    5.827130    1.000000    0.000000
   61  1    5.856035    1.000000    0.000000
   62  1    5.870444    1.000000    0.000000
   63  1    5.872960    1.000000    0.000000
   64  1    5.882040    1.000000    0.000000
  1
    1
    1  2  -47.925610    2.000000    0.000000
    3  2  -47.566790    2.000000    0.000000
    5  2  -47.024748    2.000000    0.000000
    7  2  -42.948717    2.000000    0.000000
    9  2  -42.583437    2.000000    0.000000
   11  2  -42.196698    2.000000    0.000000
   13  4  -18.924711    4.000000    0.000000
   17  2   -6.931576    2.000000    0.000000
   19  2   -6.930095    2.000000    0.000000
   21  2   -5.697155    2.000000    0.000000
   23  2   -5.694691    2.000000    0.000000
   25  2   -5.283902    2.000000    0.000000
   27  2   -5.275637    2.000000    0.000000
   29  2   -4.520746    2.000000    0.000000
   31  2   -4.504503    2.000000    0.000000
   33  2   -1.792792    2.000000    0.000000
   35  2   -1.729953    2.000000    0.000000
   37  2   -1.699000    2.000000    0.000000
   39  2   -1.606166    2.000000    0.000000
   41  1   -1.569546    1.000000    0.000000
   42  1   -1.568504    1.000000    0.000000
   43  2    0.302613    2.000000    0.000000
   45  2    0.738963    2.000000    0.000000
   47  1    2.463833    1.000000    0.000000
   48  1    2.466562    1.000000    0.000000
   49  1    2.580478    1.000000    0.000000
   50  1    2.585117    1.000000    0.000000
   51  1    2.816882    1.000000    0.000000
   52  1    2.820828    1.000000    0.000000
   53  1    2.950629    1.000000    0.000000
   54  1    2.952404    1.000000    0.000000
   55  1    5.031046    1.000000    0.000000
   56  1    5.032177    1.000000    0.000000
   57  2    5.170521    2.000000    0.000000
   59  1    5.818524    1.000000    0.000000
   60  1    5.822968    1.000000    0.000000
   61  1    5.861911    1.000000    0.000000
   62  1    5.865619    1.000000    0.000000
   63  1    5.877083    1.000000    0.000000
   64  1    5.907928    1.000000    0.000000
  1
    1
    1  2  -47.925579    2.000000    0.000000
    3  2  -47.566799    2.000000    0.000000
    5  2  -47.024712    2.000000    0.000000
    7  2  -42.948663    2.000000    0.000000
    9  2  -42.583438    2.000000    0.000000
   11  2  -42.196622    2.000000    0.000000
   13  2  -18.958903    2.000000    0.000000
   15  2  -18.910416    2.000000    0.000000
   17  2   -6.915232    2.000000    0.000000
   19  2   -6.809383    2.000000    0.000000
   21  1   -5.778681    1.000000    0.000000
   22  1   -5.777384    1.000000    0.000000
   23  2   -5.523249    2.000000    0.000000
   25  2   -5.329850    2.000000    0.000000
   27  2   -5.141910    2.000000    0.000000
   29  1   -4.748612    1.000000    0.000000
   30  1   -4.746826    1.000000    0.000000
   31  1   -4.680318    1.000000    0.000000
   32  1   -4.671408    1.000000    0.000000
   33  2   -1.818155    2.000000    0.000000
   35  2   -1.779927    2.000000    0.000000
   37  1   -1.767012    1.000000    0.000000
   38  1   -1.746290    1.000000    0.000000
   39  1   -1.691592    1.000000    0.000000
   40  1   -1.660030    1.000000    0.000000
   41  1   -1.590244    1.000000    0.000000
   42  1   -1.565977    1.000000    0.000000
   43  1    0.808465    1.000000    0.000000
   44  1    0.817397    1.000000    0.000000
   45  1    1.968114    1.000000    0.000000
   46  1    1.969179    1.000000    0.000000
   47  2    2.200846    2.000000    0.000000
   49  1    2.421306    1.000000    0.000000
   50  1    2.476385    1.000000    0.000000
   51  1    3.264956    1.000000    0.000000
   52  1    3.267500    1.000000    0.000000
   53  1    3.573243    1.000000    0.000000
   54  1    3.576558    1.000000    0.000000
   55  1    4.534998    1.000000    0.000000
   56  1    4.543040    1.000000    0.000000
   57  2    5.031372    2.000000    0.000000
   59  1    5.443883    1.000000    0.000000
   60  1    5.479190    1.000000    0.000000
   61  1    6.007200    1.000000    0.000000
   62  1    6.030663    1.000000    0.000000
   63  1    6.147903    1.000000    0.000000
   64  1    6.221424    1.000000    0.000000
