  156  192
  1
  4
  1  0  0  0  1  0  0  0  1    0.000000    0.000000    0.000000    1.000000    0.000000    0.000000    0.000000    0.000000    0.000000    1.000000    0.000000  1
 -1  0  0  0 -1  0  0  0 -1    0.000000    0.000000    0.000000    1.000000    0.000000    0.000000    0.000000    0.000000    0.000000    1.000000    0.000000  1
  1  0  0  0  1  0  0  0  1    0.000000    0.000000    0.500000    1.000000    0.000000    0.000000    0.000000    0.000000    0.000000    1.000000    0.000000 -1
 -1  0  0  0 -1  0  0  0 -1    0.000000    0.000000    0.500000    1.000000    0.000000    0.000000    0.000000    0.000000    0.000000    1.000000    0.000000 -1
  8
    0.000000    0.000000    0.000000
    0.500000    0.500000    0.500000
    0.000000    0.500000    0.500000
    0.500000    0.000000    0.500000
    0.500000    0.500000    0.000000
    0.500000    0.000000    0.000000
    0.000000    0.500000    0.000000
    0.000000    0.000000    0.500000
  2
    1    2
    1  2  -28.159481    2.000000    0.000000    1.999788    0.000000
    3  2  -28.156079    2.000000    0.000000    1.999783    0.000000
    5  2  -28.148270    2.000000    0.000000   -1.999786    0.000000
    7  2  -28.144964    2.000000    0.000000   -1.999785    0.000000
    9  4  -28.132865    4.000000    0.000000    3.983636    0.000000
   13  4  -28.131099    4.000000    0.000000   -3.983641    0.000000
   17  2  -11.914139    2.000000    0.000000    1.999682    0.000000
   19  2  -11.912932    2.000000    0.000000    1.999825    0.000000
   21  2  -11.905711    2.000000    0.000000   -1.999677    0.000000
   23  2  -11.900520    2.000000    0.000000   -1.999836    0.000000
   25  2  -11.860155    2.000000    0.000000    1.999796    0.000000
   27  2  -11.849427    2.000000    0.000000   -1.999800    0.000000
   29  2  -11.843699    2.000000    0.000000    1.999987    0.000000
   31  2  -11.791644    2.000000    0.000000   -1.999990    0.000000
   33  2  -11.673596    2.000000    0.000000    1.998624    0.000000
   35  2  -11.670011    2.000000    0.000000   -1.998621    0.000000
   37  2  -11.665158    2.000000    0.000000   -1.999121    0.000000
   39  2  -11.659878    2.000000    0.000000    1.999116    0.000000
   41  2  -11.626586    2.000000    0.000000    1.999974    0.000000
   43  2  -11.607604    2.000000    0.000000   -1.999939    0.000000
   45  2  -11.603199    2.000000    0.000000   -1.999777    0.000000
   47  2  -11.598802    2.000000    0.000000    1.999940    0.000000
   49  2  -11.596203    2.000000    0.000000    1.999787    0.000000
   51  2  -11.566502    2.000000    0.000000   -1.999231    0.000000
   53  2  -11.564791    2.000000    0.000000    1.999801    0.000000
   55  2  -11.563035    2.000000    0.000000    1.999425    0.000000
   57  2  -11.557064    2.000000    0.000000    1.999989    0.000000
   59  2  -11.519877    2.000000    0.000000   -1.999988    0.000000
   61  2  -11.513539    2.000000    0.000000   -1.999995    0.000000
   63  2  -11.502504    2.000000    0.000000   -1.999992    0.000000
   65  2  -10.158143    2.000000    0.000000    1.999998    0.000000
   67  2   -9.967560    2.000000    0.000000   -1.999998    0.000000
   69  2   -9.570528    2.000000    0.000000   -1.999987    0.000000
   71  2   -9.502519    2.000000    0.000000   -1.998060    0.000000
   73  2   -9.498050    2.000000    0.000000    1.999881    0.000000
   75  2   -9.496626    2.000000    0.000000    1.998146    0.000000
   77  2   -9.478342    2.000000    0.000000    1.999991    0.000000
   79  2   -9.390459    2.000000    0.000000   -1.999991    0.000000
   81  2   -2.392506    2.000000    0.000000    1.999990    0.000000
   83  2   -2.307781    2.000000    0.000000   -1.999990    0.000000
   85  2   -2.148779    2.000000    0.000000    1.999993    0.000000
   87  2   -2.045041    2.000000    0.000000   -1.997842    0.000000
   89  2   -2.043010    2.000000    0.000000    1.997741    0.000000
   91  2   -2.020774    2.000000    0.000000   -1.999851    0.000000
   93  2   -1.913254    2.000000    0.000000   -1.996570    0.000000
   95  2   -1.908602    2.000000    0.000000    1.996568    0.000000
   97  2   -1.860581    2.000000    0.000000   -1.995729    0.000000
   99  2   -1.856159    2.000000    0.000000    1.995747    0.000000
  101  2   -1.288894    2.000000    0.000000   -1.999990    0.000000
  103  2   -1.203203    2.000000    0.000000    1.999988    0.000000
  105  2   -0.926707    2.000000    0.000000    1.999995    0.000000
  107  2   -0.812491    2.000000    0.000000   -1.999995    0.000000
  109  2   -0.518970    2.000000    0.000000    1.999998    0.000000
  111  2   -0.353668    2.000000    0.000000    1.999794    0.000000
  113  2   -0.336638    2.000000    0.000000   -1.999902    0.000000
  115  2   -0.333589    2.000000    0.000000   -1.999891    0.000000
  117  2   -0.128103    2.000000    0.000000   -1.999999    0.000000
  119  2    0.007888    2.000000    0.000000   -1.999905    0.000000
  121  2    0.016047    2.000000    0.000000   -1.999986    0.000000
  123  2    0.024739    2.000000    0.000000    1.999702    0.000000
  125  2    0.041963    2.000000    0.000000   -1.999637    0.000000
  127  2    0.051219    2.000000    0.000000    1.999738    0.000000
  129  2    0.099501    2.000000    0.000000    1.999992    0.000000
  131  2    0.147307    2.000000    0.000000    1.999998    0.000000
  133  2    0.735038    2.000000    0.000000    1.999965    0.000000
  135  2    0.775236    2.000000    0.000000   -1.999935    0.000000
  137  2    0.801999    2.000000    0.000000    1.999985    0.000000
  139  2    0.812058    2.000000    0.000000    1.999997    0.000000
  141  2    0.999458    2.000000    0.000000   -1.999998    0.000000
  143  2    1.081472    2.000000    0.000000    1.999960    0.000000
  145  2    1.111766    2.000000    0.000000   -1.999961    0.000000
  147  2    1.163445    2.000000    0.000000   -1.999993    0.000000
  149  2    1.196163    2.000000    0.000000    1.998319    0.000000
  151  2    1.203586    2.000000    0.000000   -1.998729    0.000000
  153  2    1.462444    2.000000    0.000000   -1.999991    0.000000
  155  2    1.557614    2.000000    0.000000    1.999992    0.000000
  157  2    3.502270    2.000000    0.000000    1.999997    0.000000
  159  2    3.549148    2.000000    0.000000    1.999934    0.000000
  161  2    3.582099    2.000000    0.000000   -1.999938    0.000000
  163  2    3.649348    2.000000    0.000000    1.999975    0.000000
  165  2    3.703570    2.000000    0.000000   -1.999977    0.000000
  167  2    3.733788    2.000000    0.000000   -1.999997    0.000000
  169  2    4.128424    2.000000    0.000000    2.000000    0.000000
  171  2    5.646871    2.000000    0.000000   -1.999991    0.000000
  173  2    5.655646    2.000000    0.000000    1.999996    0.000000
  175  2    5.716915    2.000000    0.000000    1.999914    0.000000
  177  2    5.876063    2.000000    0.000000   -1.999967    0.000000
  179  2    5.994280    2.000000    0.000000   -1.999907    0.000000
  181  2    6.001352    2.000000    0.000000   -1.999686    0.000000
  183  2    6.386422    2.000000    0.000000    1.998670    0.000000
  185  1    6.668228    1.000000    0.000000   -0.978380    0.000000
  186  1    6.670574    1.000000    0.000000   -0.763369    0.000000
  187  1    6.680855    1.000000    0.000000    0.982496    0.000000
  188  1    6.698293    1.000000    0.000000    0.602618    0.000000
  189  1    6.780710    1.000000    0.000000   -0.324304    0.000000
  190  1    6.788559    1.000000    0.000000    0.730248    0.000000
  191  1    6.816533    1.000000    0.000000    0.635201    0.000000
  192  1    6.846672    1.000000    0.000000    0.750211    0.000000
  2
    1    2
    1  8  -28.142957    8.000000    0.000000   -0.000000    0.000000
    9  8  -28.141018    8.000000    0.000000   -0.000005    0.000000
   17  4  -11.941623    4.000000    0.000000   -0.000006    0.000000
   21  4  -11.939544    4.000000    0.000000    0.000006    0.000000
   25  8  -11.913230    8.000000    0.000000    0.000000    0.000000
   33  6  -11.661035    6.000000    0.000000    0.023230    0.000000
   39  2  -11.659920    2.000000    0.000000   -0.023230    0.000000
   41  8  -11.629388    8.000000    0.000000    0.000001    0.000000
   49  8  -11.541826    8.000000    0.000000   -0.000001    0.000000
   57  8  -11.521769    8.000000    0.000000    0.000000    0.000000
   65  4   -9.703836    4.000000    0.000000   -0.000005    0.000000
   69  4   -9.702422    4.000000    0.000000    0.000008    0.000000
   73  4   -9.397176    4.000000    0.000000   -0.000044    0.000000
   77  4   -9.395992    4.000000    0.000000    0.000044    0.000000
   81  4   -2.192475    4.000000    0.000000    0.000000    0.000000
   85  2   -2.039056    2.000000    0.000000   -0.000138    0.000000
   87  2   -2.037483    2.000000    0.000000    0.000162    0.000000
   89  2   -1.999770    2.000000    0.000000    0.000031    0.000000
   91  2   -1.998455    2.000000    0.000000   -0.000061    0.000000
   93  2   -1.977492    2.000000    0.000000    0.000074    0.000000
   95  2   -1.975708    2.000000    0.000000   -0.000087    0.000000
   97  4   -1.683300    4.000000    0.000000    0.000000    0.000000
  101  4   -1.312377    4.000000    0.000000   -0.000003    0.000000
  105  4   -1.021429    4.000000    0.000000    0.000002    0.000000
  109  4   -0.947128    4.000000    0.000000    0.000013    0.000000
  113  4   -0.911779    4.000000    0.000000   -0.000002    0.000000
  117  4   -0.341613    4.000000    0.000000    0.000001    0.000000
  121  2   -0.180736    2.000000    0.000000    0.000002    0.000000
  123  2   -0.175908    2.000000    0.000000    0.000028    0.000000
  125  2   -0.085329    2.000000    0.000000    0.000002    0.000000
  127  2   -0.076423    2.000000    0.000000   -0.000002    0.000000
  129  2    0.014124    2.000000    0.000000   -0.000000    0.000000
  131  2    0.018246    2.000000    0.000000    0.000001    0.000000
  133  4    0.558546    4.000000    0.000000    0.000001    0.000000
  137  4    1.079359    4.000000    0.000000   -0.000001    0.000000
  141  2    1.350918    2.000000    0.000000    0.000001    0.000000
  143  2    1.351988    2.000000    0.000000   -0.000001    0.000000
  145  4    1.417574    4.000000    0.000000    0.000001    0.000000
  149  4    1.632800    4.000000    0.000000   -0.000002    0.000000
  153  4    1.780279    4.000000    0.000000    0.000001    0.000000
  157  4    3.400509    4.000000    0.000000    0.000002    0.000000
  161  2    3.517216    2.000000    0.000000   -0.000008    0.000000
  163  2    3.518429    2.000000    0.000000    0.000007    0.000000
  165  4    3.655755    4.000000    0.000000    0.000001    0.000000
  169  4    5.965550    4.000000    0.000000    0.000002    0.000000
  173  4    6.006353    4.000000    0.000000    0.000018    0.000000
  177  4    6.072356    4.000000    0.000000   -0.000014    0.000000
  181  4    6.104975    4.000000    0.000000   -0.000143    0.000000
  185  4    6.294798    4.000000    0.000000   -0.000054    0.000000
  189  4    6.503205    4.000000    0.000000   -0.000287    0.000000
  2
    1    2
    1  4  -28.154081    4.000000    0.000000    0.000010    0.000000
    5  4  -28.150981    4.000000    0.000000   -0.000021    0.000000
    9  8  -28.131650    8.000000    0.000000   -0.000008    0.000000
   17  4  -11.918557    4.000000    0.000000   -0.000001    0.000000
   21  4  -11.901877    4.000000    0.000000   -0.000002    0.000000
   25  4  -11.879019    4.000000    0.000000    0.000001    0.000000
   29  4  -11.845366    4.000000    0.000000    0.000002    0.000000
   33  4  -11.675072    4.000000    0.000000    0.000005    0.000000
   37  4  -11.668931    4.000000    0.000000   -0.000005    0.000000
   41  4  -11.628773    4.000000    0.000000    0.000003    0.000000
   45  4  -11.609866    4.000000    0.000000   -0.000001    0.000000
   49  4  -11.586553    4.000000    0.000000   -0.000003    0.000000
   53  4  -11.560644    4.000000    0.000000    0.000003    0.000000
   57  4  -11.534061    4.000000    0.000000    0.000001    0.000000
   61  4  -11.514539    4.000000    0.000000   -0.000000    0.000000
   65  4   -9.957153    4.000000    0.000000    0.000001    0.000000
   69  4   -9.524691    4.000000    0.000000    0.000001    0.000000
   73  4   -9.450656    4.000000    0.000000    0.000001    0.000000
   77  4   -9.433438    4.000000    0.000000   -0.000002    0.000000
   81  2   -2.361628    2.000000    0.000000   -0.000007    0.000000
   83  2   -2.358445    2.000000    0.000000    0.000008    0.000000
   85  2   -2.106865    2.000000    0.000000    0.000005    0.000000
   87  2   -2.102774    2.000000    0.000000   -0.000005    0.000000
   89  2   -2.063932    2.000000    0.000000   -0.000017    0.000000
   91  2   -2.062044    2.000000    0.000000    0.000018    0.000000
   93  4   -1.911752    4.000000    0.000000    0.000002    0.000000
   97  4   -1.849272    4.000000    0.000000   -0.000000    0.000000
  101  2   -1.212845    2.000000    0.000000   -0.000009    0.000000
  103  2   -1.210388    2.000000    0.000000    0.000009    0.000000
  105  2   -1.073444    2.000000    0.000000    0.000000    0.000000
  107  2   -1.070171    2.000000    0.000000    0.000000    0.000000
  109  2   -0.477648    2.000000    0.000000   -0.000001    0.000000
  111  2   -0.463417    2.000000    0.000000    0.000001    0.000000
  113  2   -0.411558    2.000000    0.000000    0.000072    0.000000
  115  2   -0.410233    2.000000    0.000000   -0.000070    0.000000
  117  2   -0.138280    2.000000    0.000000   -0.000458    0.000000
  119  2   -0.136861    2.000000    0.000000    0.000454    0.000000
  121  2   -0.072966    2.000000    0.000000   -0.000037    0.000000
  123  2   -0.052802    2.000000    0.000000    0.000001    0.000000
  125  2    0.022491    2.000000    0.000000   -0.000012    0.000000
  127  2    0.029333    2.000000    0.000000    0.000006    0.000000
  129  4    0.075982    4.000000    0.000000    0.001003    0.000000
  133  2    0.751239    2.000000    0.000000    0.000001    0.000000
  135  2    0.767853    2.000000    0.000000   -0.000001    0.000000
  137  2    0.886143    2.000000    0.000000   -0.000371    0.000000
  139  2    0.891870    2.000000    0.000000    0.000520    0.000000
  141  2    0.915428    2.000000    0.000000   -0.000014    0.000000
  143  2    0.918731    2.000000    0.000000    0.000007    0.000000
  145  2    1.011282    2.000000    0.000000    0.000000    0.000000
  147  2    1.042480    2.000000    0.000000    0.000001    0.000000
  149  2    1.186949    2.000000    0.000000   -0.000006    0.000000
  151  2    1.188591    2.000000    0.000000    0.000006    0.000000
  153  2    1.617841    2.000000    0.000000   -0.000000    0.000000
  155  2    1.626645    2.000000    0.000000    0.000000    0.000000
  157  2    3.495133    2.000000    0.000000   -0.000006    0.000000
  159  2    3.507201    2.000000    0.000000    0.000002    0.000000
  161  2    3.530297    2.000000    0.000000   -0.000001    0.000000
  163  2    3.548529    2.000000    0.000000    0.000001    0.000000
  165  2    3.609854    2.000000    0.000000   -0.000001    0.000000
  167  2    3.619014    2.000000    0.000000    0.000001    0.000000
  169  2    5.755633    2.000000    0.000000    0.000210    0.000000
  171  2    5.756854    2.000000    0.000000   -0.000210    0.000000
  173  4    6.049914    4.000000    0.000000    0.000020    0.000000
  177  4    6.161405    4.000000    0.000000   -0.000022    0.000000
  181  2    6.426991    2.000000    0.000000    0.001731    0.000000
  183  2    6.428196    2.000000    0.000000   -0.001927    0.000000
  185  2    6.852149    2.000000    0.000000   -0.047593    0.000000
  187  1    6.855955    1.000000    0.000000   -0.882097    0.000000
  188  1    6.862438    1.000000    0.000000    0.893262    0.000000
  189  1    7.128302    1.000000    0.000000   -0.262629    0.000000
  190  1    7.132696    1.000000    0.000000    0.298320    0.000000
  191  1    7.146776    1.000000    0.000000    0.133088    0.000000
  192  1    7.201339    1.000000    0.000000    0.768049    0.000000
  2
    1    2
    1  4  -28.145282    4.000000    0.000000    0.000005    0.000000
    5  4  -28.143118    4.000000    0.000000   -0.000006    0.000000
    9  4  -28.140504    4.000000    0.000000   -0.000012    0.000000
   13  4  -28.138444    4.000000    0.000000   -0.000001    0.000000
   17  4  -11.922680    4.000000    0.000000    0.000000    0.000000
   21  4  -11.911770    4.000000    0.000000    0.000000    0.000000
   25  4  -11.894240    4.000000    0.000000   -0.000000    0.000000
   29  2  -11.868032    2.000000    0.000000   -0.000011    0.000000
   31  2  -11.867024    2.000000    0.000000    0.000011    0.000000
   33  4  -11.698334    4.000000    0.000000   -0.000000    0.000000
   37  4  -11.654896    4.000000    0.000000    0.000000    0.000000
   41  4  -11.618220    4.000000    0.000000    0.000000    0.000000
   45  4  -11.599774    4.000000    0.000000    0.000000    0.000000
   49  4  -11.587683    4.000000    0.000000   -0.000000    0.000000
   53  4  -11.555558    4.000000    0.000000    0.000000    0.000000
   57  4  -11.529929    4.000000    0.000000    0.000000    0.000000
   61  4  -11.511742    4.000000    0.000000    0.000000    0.000000
   65  2   -9.816140    2.000000    0.000000    0.000001    0.000000
   67  2   -9.815071    2.000000    0.000000    0.000000    0.000000
   69  4   -9.698733    4.000000    0.000000    0.000001    0.000000
   73  4   -9.440444    4.000000    0.000000    0.000000    0.000000
   77  2   -9.390156    2.000000    0.000000    0.000000    0.000000
   79  2   -9.387394    2.000000    0.000000    0.000000    0.000000
   81  2   -2.166726    2.000000    0.000000    0.000001    0.000000
   83  2   -2.157118    2.000000    0.000000   -0.000001    0.000000
   85  2   -2.012803    2.000000    0.000000    0.000000    0.000000
   87  2   -1.993743    2.000000    0.000000   -0.000003    0.000000
   89  2   -1.976757    2.000000    0.000000    0.000001    0.000000
   91  2   -1.964961    2.000000    0.000000    0.000005    0.000000
   93  2   -1.953555    2.000000    0.000000    0.000002    0.000000
   95  2   -1.907952    2.000000    0.000000   -0.000001    0.000000
   97  2   -1.644294    2.000000    0.000000   -0.000001    0.000000
   99  2   -1.624015    2.000000    0.000000    0.000000    0.000000
  101  2   -1.343591    2.000000    0.000000   -0.000002    0.000000
  103  2   -1.320942    2.000000    0.000000    0.000000    0.000000
  105  2   -1.062806    2.000000    0.000000    0.000000    0.000000
  107  2   -1.019661    2.000000    0.000000   -0.000000    0.000000
  109  2   -0.911219    2.000000    0.000000    0.000000    0.000000
  111  2   -0.850048    2.000000    0.000000   -0.000001    0.000000
  113  2   -0.637923    2.000000    0.000000   -0.000001    0.000000
  115  2   -0.622787    2.000000    0.000000    0.000000    0.000000
  117  2   -0.452138    2.000000    0.000000    0.000000    0.000000
  119  2   -0.338916    2.000000    0.000000    0.000001    0.000000
  121  2   -0.175014    2.000000    0.000000   -0.000002    0.000000
  123  2   -0.160949    2.000000    0.000000   -0.000002    0.000000
  125  2   -0.085490    2.000000    0.000000    0.000002    0.000000
  127  2    0.030478    2.000000    0.000000    0.000003    0.000000
  129  2    0.052113    2.000000    0.000000    0.000000    0.000000
  131  2    0.066421    2.000000    0.000000    0.000000    0.000000
  133  2    0.443031    2.000000    0.000000    0.000002    0.000000
  135  2    0.560050    2.000000    0.000000   -0.000001    0.000000
  137  2    0.918074    2.000000    0.000000   -0.000001    0.000000
  139  2    1.065518    2.000000    0.000000    0.000000    0.000000
  141  2    1.382154    2.000000    0.000000    0.000005    0.000000
  143  2    1.387472    2.000000    0.000000   -0.000001    0.000000
  145  2    1.416090    2.000000    0.000000   -0.000001    0.000000
  147  2    1.450265    2.000000    0.000000   -0.000003    0.000000
  149  2    1.526114    2.000000    0.000000   -0.000003    0.000000
  151  2    1.625367    2.000000    0.000000    0.000001    0.000000
  153  2    1.671912    2.000000    0.000000    0.000002    0.000000
  155  2    1.800831    2.000000    0.000000   -0.000000    0.000000
  157  2    3.403733    2.000000    0.000000   -0.000001    0.000000
  159  2    3.416638    2.000000    0.000000    0.000001    0.000000
  161  2    3.488298    2.000000    0.000000   -0.000004    0.000000
  163  2    3.573436    2.000000    0.000000    0.000000    0.000000
  165  2    3.592995    2.000000    0.000000    0.000000    0.000000
  167  2    3.659787    2.000000    0.000000    0.000000    0.000000
  169  2    5.450302    2.000000    0.000000    0.000040    0.000000
  171  2    5.504888    2.000000    0.000000    0.000021    0.000000
  173  2    5.820307    2.000000    0.000000    0.000028    0.000000
  175  2    5.932324    2.000000    0.000000    0.000012    0.000000
  177  2    6.241790    2.000000    0.000000   -0.000181    0.000000
  179  2    6.291317    2.000000    0.000000    0.000112    0.000000
  181  2    6.318610    2.000000    0.000000   -0.000114    0.000000
  183  2    6.322106    2.000000    0.000000   -0.000935    0.000000
  185  2    6.341332    2.000000    0.000000    0.000106    0.000000
  187  2    6.551250    2.000000    0.000000   -0.000475    0.000000
  189  1    6.843837    1.000000    0.000000    0.179347    0.000000
  190  1    6.919283    1.000000    0.000000    0.011828    0.000000
  191  1    7.025954    1.000000    0.000000   -0.139483    0.000000
  192  1    7.052885    1.000000    0.000000    0.049548    0.000000
  2
    1    2
    1  8  -28.142957    8.000000    0.000000    0.000002    0.000000
    9  8  -28.141017    8.000000    0.000000    0.000000    0.000000
   17  4  -11.951087    4.000000    0.000000   -0.000031    0.000000
   21  4  -11.949116    4.000000    0.000000    0.000043    0.000000
   25  8  -11.903312    8.000000    0.000000    0.000001    0.000000
   33  5  -11.661856    5.000000    0.000000   -0.632720    0.000000
   38  3  -11.660844    3.000000    0.000000    0.632715    0.000000
   41  8  -11.627502    8.000000    0.000000   -0.000003    0.000000
   49  8  -11.542930    8.000000    0.000000   -0.000003    0.000000
   57  8  -11.521506    8.000000    0.000000   -0.000004    0.000000
   65  4   -9.709567    4.000000    0.000000    0.000034    0.000000
   69  4   -9.708452    4.000000    0.000000   -0.000035    0.000000
   73  8   -9.391164    8.000000    0.000000    0.000000    0.000000
   81  4   -2.190706    4.000000    0.000000   -0.001343    0.000000
   85  3   -2.051546    3.000000    0.000000    0.918748    0.000000
   88  1   -2.050521    1.000000    0.000000   -0.921510    0.000000
   89  2   -1.999481    2.000000    0.000000   -1.997972    0.000000
   91  2   -1.993210    2.000000    0.000000    1.998150    0.000000
   93  2   -1.977386    2.000000    0.000000    1.997463    0.000000
   95  2   -1.971757    2.000000    0.000000   -1.997577    0.000000
   97  4   -1.693962    4.000000    0.000000   -0.000109    0.000000
  101  4   -1.318466    4.000000    0.000000   -0.000036    0.000000
  105  4   -1.050001    4.000000    0.000000    0.000772    0.000000
  109  4   -0.904229    4.000000    0.000000   -0.000787    0.000000
  113  4   -0.891403    4.000000    0.000000    0.000065    0.000000
  117  4   -0.338522    4.000000    0.000000   -0.000055    0.000000
  121  2   -0.178580    2.000000    0.000000    1.960127    0.000000
  123  2   -0.177228    2.000000    0.000000   -1.959689    0.000000
  125  2   -0.064209    2.000000    0.000000   -1.981732    0.000000
  127  2   -0.062482    2.000000    0.000000    1.981525    0.000000
  129  4   -0.013528    4.000000    0.000000    0.000376    0.000000
  133  4    0.560227    4.000000    0.000000    0.000173    0.000000
  137  4    1.079564    4.000000    0.000000   -0.000177    0.000000
  141  4    1.345864    4.000000    0.000000    0.000077    0.000000
  145  4    1.414489    4.000000    0.000000    0.000142    0.000000
  149  4    1.640068    4.000000    0.000000    0.000009    0.000000
  153  4    1.782496    4.000000    0.000000   -0.000229    0.000000
  157  4    3.392983    4.000000    0.000000    0.000471    0.000000
  161  2    3.520263    2.000000    0.000000   -1.963435    0.000000
  163  2    3.521512    2.000000    0.000000    1.963306    0.000000
  165  4    3.655873    4.000000    0.000000   -0.000016    0.000000
  169  4    5.793252    4.000000    0.000000   -0.000013    0.000000
  173  4    5.932008    4.000000    0.000000    0.000060    0.000000
  177  4    6.055502    4.000000    0.000000    0.000149    0.000000
  181  4    6.117185    4.000000    0.000000   -0.000052    0.000000
  185  2    6.574574    2.000000    0.000000    0.520399    0.000000
  187  1    6.576363    1.000000    0.000000   -0.404951    0.000000
  188  1    6.581249    1.000000    0.000000   -0.111413    0.000000
  189  1    6.737145    1.000000    0.000000    0.369865    0.000000
  190  1    6.738287    1.000000    0.000000   -0.144491    0.000000
  191  1    6.740746    1.000000    0.000000   -0.429623    0.000000
  192  1    6.743935    1.000000    0.000000    0.198494    0.000000
  2
    1    2
    1  8  -28.144491    8.000000    0.000000    0.000023    0.000000
    9  8  -28.139323    8.000000    0.000000   -0.000022    0.000000
   17  8  -11.914951    8.000000    0.000000    0.000001    0.000000
   25  8  -11.883147    8.000000    0.000000    0.000003    0.000000
   33  8  -11.680225    8.000000    0.000000   -0.000000    0.000000
   41  8  -11.606150    8.000000    0.000000   -0.000001    0.000000
   49  8  -11.574614    8.000000    0.000000    0.000001    0.000000
   57  8  -11.518509    8.000000    0.000000    0.000000    0.000000
   65  8   -9.757415    8.000000    0.000000   -0.000001    0.000000
   73  4   -9.414949    4.000000    0.000000   -0.000000    0.000000
   77  4   -9.413080    4.000000    0.000000    0.000000    0.000000
   81  4   -2.161054    4.000000    0.000000    0.000807    0.000000
   85  2   -2.000351    2.000000    0.000000    1.943710    0.000000
   87  2   -1.999129    2.000000    0.000000   -1.944329    0.000000
   89  2   -1.971093    2.000000    0.000000   -1.919496    0.000000
   91  2   -1.970091    2.000000    0.000000    1.920979    0.000000
   93  4   -1.931387    4.000000    0.000000   -0.004058    0.000000
   97  4   -1.641652    4.000000    0.000000   -0.000266    0.000000
  101  4   -1.335918    4.000000    0.000000    0.000241    0.000000
  105  4   -1.047017    4.000000    0.000000   -0.000126    0.000000
  109  4   -0.764646    4.000000    0.000000   -0.000041    0.000000
  113  4   -0.727194    4.000000    0.000000    0.000020    0.000000
  117  4   -0.389623    4.000000    0.000000   -0.000105    0.000000
  121  4   -0.182603    4.000000    0.000000    0.000280    0.000000
  125  4   -0.031535    4.000000    0.000000    0.000801    0.000000
  129  4    0.046638    4.000000    0.000000   -0.000342    0.000000
  133  4    0.509860    4.000000    0.000000   -0.000028    0.000000
  137  4    0.986966    4.000000    0.000000    0.000068    0.000000
  141  4    1.394246    4.000000    0.000000   -0.000391    0.000000
  145  4    1.406187    4.000000    0.000000    0.000274    0.000000
  149  4    1.587151    4.000000    0.000000   -0.001001    0.000000
  153  4    1.743918    4.000000    0.000000    0.000030    0.000000
  157  4    3.406998    4.000000    0.000000   -0.000980    0.000000
  161  2    3.544351    2.000000    0.000000    1.961243    0.000000
  163  2    3.545627    2.000000    0.000000   -1.961146    0.000000
  165  2    3.612453    2.000000    0.000000   -1.932726    0.000000
  167  2    3.613530    2.000000    0.000000    1.932678    0.000000
  169  4    5.689803    4.000000    0.000000   -0.000010    0.000000
  173  4    5.744778    4.000000    0.000000   -0.000276    0.000000
  177  4    6.244090    4.000000    0.000000    0.000590    0.000000
  181  3    6.313439    3.000000    0.000000   -0.299910    0.000000
  184  1    6.315177    1.000000    0.000000    0.298133    0.000000
  185  2    6.562366    2.000000    0.000000   -0.300745    0.000000
  187  1    6.565277    1.000000    0.000000    0.341489    0.000000
  188  1    6.575387    1.000000    0.000000   -0.036115    0.000000
  189  1    6.591069    1.000000    0.000000    0.527307    0.000000
  190  1    6.592653    1.000000    0.000000   -0.236550    0.000000
  191  1    6.598876    1.000000    0.000000   -0.014292    0.000000
  192  1    6.632458    1.000000    0.000000   -0.272110    0.000000
  2
    1    2
    1  4  -28.154091    4.000000    0.000000    0.000009    0.000000
    5  4  -28.150977    4.000000    0.000000    0.000000    0.000000
    9  8  -28.131726    8.000000    0.000000    0.000013    0.000000
   17  4  -11.915773    4.000000    0.000000    0.000120    0.000000
   21  4  -11.897715    4.000000    0.000000   -0.000066    0.000000
   25  4  -11.871602    4.000000    0.000000   -0.000075    0.000000
   29  4  -11.857613    4.000000    0.000000    0.000037    0.000000
   33  4  -11.680945    4.000000    0.000000   -0.000009    0.000000
   37  4  -11.664458    4.000000    0.000000   -0.000005    0.000000
   41  4  -11.626461    4.000000    0.000000    0.000022    0.000000
   45  4  -11.614495    4.000000    0.000000    0.000040    0.000000
   49  4  -11.573989    4.000000    0.000000    0.000031    0.000000
   53  4  -11.571985    4.000000    0.000000   -0.000111    0.000000
   57  4  -11.540703    4.000000    0.000000   -0.000021    0.000000
   61  4  -11.507376    4.000000    0.000000   -0.000003    0.000000
   65  4   -9.948780    4.000000    0.000000   -0.000018    0.000000
   69  4   -9.518486    4.000000    0.000000    0.000017    0.000000
   73  4   -9.473375    4.000000    0.000000    0.000004    0.000000
   77  4   -9.424284    4.000000    0.000000   -0.000004    0.000000
   81  4   -2.354887    4.000000    0.000000   -0.000877    0.000000
   85  4   -2.127273    4.000000    0.000000    0.003175    0.000000
   89  2   -2.042455    2.000000    0.000000   -1.972988    0.000000
   91  2   -2.041382    2.000000    0.000000    1.972823    0.000000
   93  4   -1.911750    4.000000    0.000000    0.002470    0.000000
   97  4   -1.849726    4.000000    0.000000   -0.000390    0.000000
  101  4   -1.230833    4.000000    0.000000   -0.000516    0.000000
  105  4   -1.028731    4.000000    0.000000    0.000434    0.000000
  109  4   -0.507470    4.000000    0.000000    0.000025    0.000000
  113  4   -0.398044    4.000000    0.000000   -0.000026    0.000000
  117  4   -0.181895    4.000000    0.000000   -0.000184    0.000000
  121  2   -0.005143    2.000000    0.000000   -1.991358    0.000000
  123  2   -0.002660    2.000000    0.000000    1.990224    0.000000
  125  2    0.014598    2.000000    0.000000    1.992331    0.000000
  127  2    0.016533    2.000000    0.000000   -1.992042    0.000000
  129  4    0.069923    4.000000    0.000000    0.000000    0.000000
  133  2    0.760458    2.000000    0.000000   -1.996142    0.000000
  135  2    0.764662    2.000000    0.000000    1.996133    0.000000
  137  2    0.835552    2.000000    0.000000    1.999102    0.000000
  139  2    0.839267    2.000000    0.000000   -1.999102    0.000000
  141  4    0.923572    4.000000    0.000000    0.001242    0.000000
  145  2    1.061352    2.000000    0.000000   -1.993859    0.000000
  147  2    1.062692    2.000000    0.000000    1.993908    0.000000
  149  2    1.188331    2.000000    0.000000    1.957950    0.000000
  151  2    1.189753    2.000000    0.000000   -1.958752    0.000000
  153  4    1.614452    4.000000    0.000000    0.000004    0.000000
  157  2    3.460512    2.000000    0.000000    1.999712    0.000000
  159  2    3.464962    2.000000    0.000000   -1.999711    0.000000
  161  2    3.555464    2.000000    0.000000   -1.999532    0.000000
  163  2    3.566326    2.000000    0.000000    1.999526    0.000000
  165  2    3.632208    2.000000    0.000000    1.999940    0.000000
  167  2    3.638633    2.000000    0.000000   -1.999936    0.000000
  169  4    5.736889    4.000000    0.000000   -0.000035    0.000000
  173  4    6.086044    4.000000    0.000000   -0.000087    0.000000
  177  3    6.445189    3.000000    0.000000    0.130561    0.000000
  180  1    6.447576    1.000000    0.000000   -0.129682    0.000000
  181  4    6.490207    4.000000    0.000000   -0.000419    0.000000
  185  3    6.621562    3.000000    0.000000   -0.274820    0.000000
  188  1    6.624639    1.000000    0.000000    0.274725    0.000000
  189  1    6.888390    1.000000    0.000000   -0.172000    0.000000
  190  1    6.889689    1.000000    0.000000    0.204446    0.000000
  191  1    6.891289    1.000000    0.000000   -0.472976    0.000000
  192  1    6.918422    1.000000    0.000000    0.402464    0.000000
  2
    1    2
    1  4  -28.158069    4.000000    0.000000   -0.000061    0.000000
    5  4  -28.146413    4.000000    0.000000    0.000065    0.000000
    9  4  -28.132601    4.000000    0.000000   -0.001825    0.000000
   13  4  -28.130596    4.000000    0.000000    0.001829    0.000000
   17  4  -11.913901    4.000000    0.000000   -0.000048    0.000000
   21  4  -11.901074    4.000000    0.000000    0.000046    0.000000
   25  4  -11.859512    4.000000    0.000000    0.000002    0.000000
   29  4  -11.814129    4.000000    0.000000   -0.000001    0.000000
   33  4  -11.669067    4.000000    0.000000    0.000218    0.000000
   37  4  -11.665387    4.000000    0.000000   -0.000223    0.000000
   41  4  -11.622014    4.000000    0.000000    0.000002    0.000000
   45  4  -11.596603    4.000000    0.000000    0.000015    0.000000
   49  4  -11.580674    4.000000    0.000000   -0.000016    0.000000
   53  4  -11.561144    4.000000    0.000000   -0.000002    0.000000
   57  4  -11.543695    4.000000    0.000000   -0.000002    0.000000
   61  4  -11.510941    4.000000    0.000000    0.000003    0.000000
   65  4  -10.063714    4.000000    0.000000    0.000000    0.000000
   69  4   -9.534227    4.000000    0.000000    0.000000    0.000000
   73  4   -9.496983    4.000000    0.000000    0.000000    0.000000
   77  4   -9.434316    4.000000    0.000000    0.000000    0.000000
   81  2   -2.361520    2.000000    0.000000   -0.000018    0.000000
   83  2   -2.358952    2.000000    0.000000    0.000018    0.000000
   85  2   -2.087653    2.000000    0.000000    0.000005    0.000000
   87  2   -2.083564    2.000000    0.000000   -0.000004    0.000000
   89  2   -2.033872    2.000000    0.000000   -0.000041    0.000000
   91  2   -2.032704    2.000000    0.000000    0.000039    0.000000
   93  4   -1.911021    4.000000    0.000000    0.000002    0.000000
   97  4   -1.858584    4.000000    0.000000    0.000002    0.000000
  101  4   -1.245962    4.000000    0.000000    0.000000    0.000000
  105  2   -0.868936    2.000000    0.000000   -0.000030    0.000000
  107  2   -0.867920    2.000000    0.000000    0.000031    0.000000
  109  2   -0.430044    2.000000    0.000000   -0.000012    0.000000
  111  2   -0.425619    2.000000    0.000000    0.000012    0.000000
  113  4   -0.341427    4.000000    0.000000    0.000001    0.000000
  117  2   -0.011418    2.000000    0.000000    0.000203    0.000000
  119  2   -0.007473    2.000000    0.000000    0.000064    0.000000
  121  2    0.011727    2.000000    0.000000    0.000003    0.000000
  123  2    0.017418    2.000000    0.000000   -0.000007    0.000000
  125  4    0.039449    4.000000    0.000000    0.000019    0.000000
  129  2    0.076884    2.000000    0.000000    0.000004    0.000000
  131  2    0.082963    2.000000    0.000000   -0.000006    0.000000
  133  2    0.761188    2.000000    0.000000    0.000060    0.000000
  135  2    0.763252    2.000000    0.000000   -0.000059    0.000000
  137  2    0.891209    2.000000    0.000000   -0.000151    0.000000
  139  2    0.892878    2.000000    0.000000    0.000150    0.000000
  141  2    0.949018    2.000000    0.000000   -0.000366    0.000000
  143  2    0.950241    2.000000    0.000000    0.000370    0.000000
  145  2    1.111363    2.000000    0.000000   -0.000512    0.000000
  147  2    1.112759    2.000000    0.000000    0.000509    0.000000
  149  2    1.197782    2.000000    0.000000    0.000026    0.000000
  151  2    1.200598    2.000000    0.000000   -0.000067    0.000000
  153  2    1.510988    2.000000    0.000000    0.000006    0.000000
  155  2    1.513829    2.000000    0.000000   -0.000006    0.000000
  157  2    3.541973    2.000000    0.000000   -0.000126    0.000000
  159  2    3.543208    2.000000    0.000000    0.000125    0.000000
  161  2    3.569798    2.000000    0.000000    0.000303    0.000000
  163  2    3.571827    2.000000    0.000000   -0.000303    0.000000
  165  4    3.678370    4.000000    0.000000    0.000001    0.000000
  169  3    4.782319    3.000000    0.000000    0.894480    0.000000
  172  1    4.783324    1.000000    0.000000   -0.894480    0.000000
  173  2    5.974767    2.000000    0.000000    0.000090    0.000000
  175  2    5.978237    2.000000    0.000000   -0.000037    0.000000
  177  2    5.985099    2.000000    0.000000    0.003059    0.000000
  179  2    5.986364    2.000000    0.000000   -0.002932    0.000000
  181  3    6.214576    3.000000    0.000000    0.733578    0.000000
  184  1    6.215592    1.000000    0.000000   -0.733616    0.000000
  185  1    6.461382    1.000000    0.000000   -0.669030    0.000000
  186  1    6.462928    1.000000    0.000000    0.829041    0.000000
  187  1    6.466450    1.000000    0.000000    0.662264    0.000000
  188  1    6.496255    1.000000    0.000000   -0.789399    0.000000
  189  1    6.720851    1.000000    0.000000    0.007773    0.000000
  190  1    6.724607    1.000000    0.000000   -0.306969    0.000000
  191  1    6.736707    1.000000    0.000000    0.652678    0.000000
  192  1    6.928397    1.000000    0.000000   -0.062835    0.000000
