  110  136
  1
  2
  1  0  0  0  1  0  0  0  1    0.000000    0.000000    0.000000    1.000000    0.000000    0.000000    0.000000    0.000000    0.000000    1.000000    0.000000  1
 -1  0  0  0  1  0  0  0 -1    0.000000    0.500000    0.000000    0.000000   -1.000000    0.000000    0.000000    0.000000    0.000000    0.000000    1.000000  1
  8
    0.000000    0.000000    0.000000
    0.500000    0.000000    0.500000
    0.000000    0.000000    0.500000
    0.500000    0.500000    0.000000
    0.000000    0.500000    0.500000
    0.500000    0.500000    0.500000
    0.500000    0.000000    0.000000
    0.000000    0.500000    0.000000
  2
    1    2
    1  2  -55.272334    2.000000    0.000000    0.000000   -0.000000
    3  2  -54.812487    2.000000    0.000000    0.000000    0.000001
    5  2  -54.420360    2.000000    0.000000    0.000000    0.000000
    7  2  -54.143392    2.000000    0.000000    0.000000    0.000000
    9  2  -53.382972    2.000000    0.000000    0.000000   -0.000000
   11  2  -52.678555    2.000000    0.000000    0.000000   -0.000000
   13  2  -50.834974    2.000000    0.000000    0.000000    0.000000
   15  2  -50.365234    2.000000    0.000000    0.000000    0.000001
   17  2  -49.958490    2.000000    0.000000    0.000000    0.000000
   19  2  -49.908955    2.000000    0.000000    0.000000    0.000000
   21  2  -49.373982    2.000000    0.000000    0.000000   -0.000001
   23  2  -48.950382    2.000000    0.000000    0.000000    0.000000
   25  2  -18.967393    2.000000    0.000000    0.000000    0.000000
   27  2  -18.960505    2.000000    0.000000    0.000000    0.000000
   29  1  -11.070399    1.000000    0.000000    0.000000   -1.000000
   30  1  -11.067889    1.000000    0.000000    0.000000    1.000000
   31  1  -10.538403    1.000000    0.000000    0.000000    1.000000
   32  1  -10.535713    1.000000    0.000000    0.000000   -1.000000
   33  2   -9.903967    2.000000    0.000000    0.000000    0.000000
   35  2   -9.743130    2.000000    0.000000    0.000000    0.000000
   37  2   -9.603132    2.000000    0.000000    0.000000    0.000000
   39  2   -9.459906    2.000000    0.000000    0.000000    0.000000
   41  2   -6.862431    2.000000    0.000000    0.000000    0.000000
   43  2   -6.824172    2.000000    0.000000    0.000000    0.000000
   45  2   -5.394099    2.000000    0.000000    0.000000    0.000000
   47  2   -5.332420    2.000000    0.000000    0.000000    0.000000
   49  2   -5.307469    2.000000    0.000000    0.000000    0.000000
   51  2   -5.278275    2.000000    0.000000    0.000000    0.000000
   53  1   -4.599567    1.000000    0.000000    0.000000    1.000000
   54  1   -4.598143    1.000000    0.000000    0.000000   -1.000000
   55  1   -4.369997    1.000000    0.000000    0.000000   -0.999989
   56  1   -4.368132    1.000000    0.000000    0.000000    0.999990
   57  1   -4.349166    1.000000    0.000000    0.000000   -0.999996
   58  1   -4.345543    1.000000    0.000000    0.000000    0.999997
   59  1   -4.260986    1.000000    0.000000    0.000000    0.999999
   60  1   -4.258735    1.000000    0.000000    0.000000   -0.999999
   61  1   -4.189466    1.000000    0.000000    0.000000    1.000000
   62  1   -4.184933    1.000000    0.000000    0.000000   -1.000000
   63  1   -3.694045    1.000000    0.000000    0.000000   -1.000000
   64  1   -3.687370    1.000000    0.000000    0.000000    1.000000
   65  1   -3.522187    1.000000    0.000000    0.000000   -1.000000
   66  1   -3.511297    1.000000    0.000000    0.000000    1.000000
   67  1   -3.458748    1.000000    0.000000    0.000000    1.000000
   68  1   -3.455519    1.000000    0.000000    0.000000   -1.000000
   69  1   -3.155828    1.000000    0.000000    0.000000   -1.000000
   70  1   -3.152731    1.000000    0.000000    0.000000    1.000000
   71  1   -2.916934    1.000000    0.000000    0.000000    1.000000
   72  1   -2.898072    1.000000    0.000000    0.000000   -1.000000
   73  2   -2.276192    2.000000    0.000000    0.000000    0.000001
   75  1   -1.657618    1.000000    0.000000    0.000000    0.999999
   76  1   -1.655137    1.000000    0.000000    0.000000   -0.999998
   77  1   -1.529227    1.000000    0.000000    0.000000   -1.000000
   78  1   -1.524305    1.000000    0.000000    0.000000    1.000000
   79  1   -1.337336    1.000000    0.000000    0.000000   -0.999999
   80  1   -1.335051    1.000000    0.000000    0.000000    0.999999
   81  1   -1.260397    1.000000    0.000000    0.000000    1.000000
   82  1   -1.249821    1.000000    0.000000    0.000000   -1.000000
   83  1   -0.676491    1.000000    0.000000    0.000000    1.000000
   84  1   -0.671657    1.000000    0.000000    0.000000   -1.000000
   85  1   -0.589296    1.000000    0.000000    0.000000   -1.000000
   86  1   -0.565271    1.000000    0.000000    0.000000    1.000000
   87  1   -0.471989    1.000000    0.000000    0.000000    1.000000
   88  1   -0.469444    1.000000    0.000000    0.000000   -1.000000
   89  1   -0.002014    1.000000    0.000000    0.000000    1.000000
   90  1    0.020960    1.000000    0.000000    0.000000   -1.000000
   91  1    0.081897    1.000000    0.000000    0.000000    1.000000
   92  1    0.088595    1.000000    0.000000    0.000000   -1.000000
   93  1    0.200181    1.000000    0.000000    0.000000    1.000000
   94  1    0.212698    1.000000    0.000000    0.000000   -1.000000
   95  1    0.346754    1.000000    0.000000    0.000000   -1.000000
   96  1    0.389202    1.000000    0.000000    0.000000    1.000000
   97  1    0.487439    1.000000    0.000000    0.000000   -1.000000
   98  1    0.491873    1.000000    0.000000    0.000000    1.000000
   99  1    0.521310    1.000000    0.000000    0.000000    0.999990
  100  1    0.523583    1.000000    0.000000    0.000000   -0.999990
  101  1    0.716621    1.000000    0.000000    0.000000    0.999999
  102  1    0.727606    1.000000    0.000000    0.000000   -0.999998
  103  1    0.784103    1.000000    0.000000    0.000000   -0.999996
  104  1    0.787849    1.000000    0.000000    0.000000    0.999996
  105  1    1.019942    1.000000    0.000000    0.000000    1.000000
  106  1    1.045009    1.000000    0.000000    0.000000   -1.000000
  107  1    1.166757    1.000000    0.000000    0.000000   -1.000000
  108  1    1.176085    1.000000    0.000000    0.000000    1.000000
  109  1    1.192547    1.000000    0.000000    0.000000   -1.000000
  110  1    1.211557    1.000000    0.000000    0.000000    1.000000
  111  1    3.153054    1.000000    0.000000    0.000000    1.000000
  112  1    3.160159    1.000000    0.000000    0.000000   -1.000000
  113  1    3.404461    1.000000    0.000000    0.000000   -1.000000
  114  1    3.407939    1.000000    0.000000    0.000000    1.000000
  115  1    3.642837    1.000000    0.000000    0.000000    0.999998
  116  1    3.644535    1.000000    0.000000    0.000000   -0.999998
  117  1    3.697098    1.000000    0.000000    0.000000    0.999990
  118  1    3.699465    1.000000    0.000000    0.000000   -0.999989
  119  2    3.721615    2.000000    0.000000    0.000000   -0.000284
  121  1    4.207347    1.000000    0.000000    0.000000    1.000000
  122  1    4.211078    1.000000    0.000000    0.000000   -1.000000
  123  1    4.286952    1.000000    0.000000    0.000000   -1.000000
  124  1    4.304990    1.000000    0.000000    0.000000    1.000000
  125  1    4.436518    1.000000    0.000000    0.000000    1.000000
  126  1    4.444635    1.000000    0.000000    0.000000   -1.000000
  127  1    4.943516    1.000000    0.000000    0.000000   -1.000000
  128  1    4.944671    1.000000    0.000000    0.000000    1.000000
  129  2    5.068779    2.000000    0.000000    0.000000    0.000000
  131  2    6.279406    2.000000    0.000000    0.000000    0.000003
  133  2    6.486214    2.000000    0.000000    0.000000    0.001260
  135  1    6.651290    1.000000    0.000000    0.000000    0.976408
  136  1    6.656562    1.000000    0.000000    0.000000   -0.969895
  2
    1    2
    1  2  -55.272335    2.000000    0.000000    0.000000   -0.000000
    3  2  -54.812487    2.000000    0.000000    0.000000    0.000001
    5  2  -54.420360    2.000000    0.000000    0.000000    0.000000
    7  2  -54.143392    2.000000    0.000000    0.000000    0.000000
    9  2  -53.382972    2.000000    0.000000    0.000000    0.000001
   11  2  -52.678555    2.000000    0.000000    0.000000   -0.000000
   13  2  -50.834975    2.000000    0.000000    0.000000    0.000000
   15  2  -50.365234    2.000000    0.000000    0.000000    0.000001
   17  2  -49.958491    2.000000    0.000000    0.000000    0.000000
   19  2  -49.908955    2.000000    0.000000    0.000000    0.000000
   21  2  -49.373980    2.000000    0.000000    0.000000   -0.000001
   23  2  -48.950382    2.000000    0.000000    0.000000    0.000000
   25  2  -18.965400    2.000000    0.000000    0.000000    0.000000
   27  2  -18.962224    2.000000    0.000000    0.000000    0.000000
   29  1  -11.056767    1.000000    0.000000    0.000000   -1.000000
   30  1  -11.054242    1.000000    0.000000    0.000000    1.000000
   31  1  -10.540680    1.000000    0.000000    0.000000    1.000000
   32  1  -10.538001    1.000000    0.000000    0.000000   -1.000000
   33  2   -9.958258    2.000000    0.000000    0.000000    0.000000
   35  2   -9.761156    2.000000    0.000000    0.000000    0.000000
   37  2   -9.594885    2.000000    0.000000    0.000000    0.000000
   39  2   -9.442837    2.000000    0.000000    0.000000    0.000000
   41  2   -6.836731    2.000000    0.000000    0.000000    0.000000
   43  2   -6.811232    2.000000    0.000000    0.000000    0.000000
   45  1   -5.312438    1.000000    0.000000    0.000000    0.999999
   46  1   -5.311248    1.000000    0.000000    0.000000   -0.999998
   47  2   -5.298313    2.000000    0.000000    0.000000   -0.000000
   49  1   -5.286804    1.000000    0.000000    0.000000    0.999996
   50  1   -5.284010    1.000000    0.000000    0.000000   -0.999996
   51  1   -5.279391    1.000000    0.000000    0.000000   -0.999979
   52  1   -5.278272    1.000000    0.000000    0.000000    0.999979
   53  1   -4.599950    1.000000    0.000000    0.000000    1.000000
   54  1   -4.598589    1.000000    0.000000    0.000000   -1.000000
   55  1   -4.390868    1.000000    0.000000    0.000000    0.999982
   56  1   -4.389484    1.000000    0.000000    0.000000   -0.999982
   57  1   -4.365796    1.000000    0.000000    0.000000   -0.999997
   58  1   -4.362309    1.000000    0.000000    0.000000    0.999997
   59  1   -4.262612    1.000000    0.000000    0.000000    1.000000
   60  1   -4.254332    1.000000    0.000000    0.000000   -1.000000
   61  1   -4.210275    1.000000    0.000000    0.000000   -1.000000
   62  1   -4.201518    1.000000    0.000000    0.000000    1.000000
   63  1   -3.681130    1.000000    0.000000    0.000000   -1.000000
   64  1   -3.675065    1.000000    0.000000    0.000000    1.000000
   65  1   -3.545580    1.000000    0.000000    0.000000   -1.000000
   66  1   -3.540911    1.000000    0.000000    0.000000    1.000000
   67  1   -3.472568    1.000000    0.000000    0.000000   -1.000000
   68  1   -3.470530    1.000000    0.000000    0.000000    1.000000
   69  1   -3.160033    1.000000    0.000000    0.000000   -1.000000
   70  1   -3.158186    1.000000    0.000000    0.000000    1.000000
   71  1   -2.858485    1.000000    0.000000    0.000000    1.000000
   72  1   -2.840713    1.000000    0.000000    0.000000   -1.000000
   73  1   -2.253196    1.000000    0.000000    0.000000   -0.999999
   74  1   -2.252182    1.000000    0.000000    0.000000    1.000000
   75  1   -1.646005    1.000000    0.000000    0.000000    1.000000
   76  1   -1.641995    1.000000    0.000000    0.000000   -1.000000
   77  1   -1.344357    1.000000    0.000000    0.000000   -1.000000
   78  1   -1.337977    1.000000    0.000000    0.000000    1.000000
   79  2   -1.227467    2.000000    0.000000    0.000000   -0.000000
   81  1   -1.043280    1.000000    0.000000    0.000000    1.000000
   82  1   -1.020768    1.000000    0.000000    0.000000   -1.000000
   83  1   -0.688886    1.000000    0.000000    0.000000   -1.000000
   84  1   -0.682599    1.000000    0.000000    0.000000    1.000000
   85  1   -0.638219    1.000000    0.000000    0.000000   -1.000000
   86  1   -0.610316    1.000000    0.000000    0.000000    1.000000
   87  1   -0.566071    1.000000    0.000000    0.000000   -0.999998
   88  1   -0.564856    1.000000    0.000000    0.000000    0.999998
   89  1   -0.168455    1.000000    0.000000    0.000000    1.000000
   90  1   -0.153928    1.000000    0.000000    0.000000   -1.000000
   91  1   -0.035380    1.000000    0.000000    0.000000    0.999996
   92  1   -0.026283    1.000000    0.000000    0.000000   -0.999996
   93  2   -0.017265    2.000000    0.000000    0.000000    0.000542
   95  1    0.230821    1.000000    0.000000    0.000000   -0.999999
   96  1    0.269655    1.000000    0.000000    0.000000    0.999999
   97  1    0.349856    1.000000    0.000000    0.000000    0.999998
   98  1    0.360355    1.000000    0.000000    0.000000   -0.999997
   99  1    0.492143    1.000000    0.000000    0.000000    0.999999
  100  1    0.504349    1.000000    0.000000    0.000000   -0.999999
  101  1    0.537956    1.000000    0.000000    0.000000    0.999986
  102  1    0.544580    1.000000    0.000000    0.000000   -0.999984
  103  1    0.578242    1.000000    0.000000    0.000000    0.999993
  104  1    0.589002    1.000000    0.000000    0.000000   -0.999994
  105  1    0.768119    1.000000    0.000000    0.000000    1.000000
  106  1    0.784755    1.000000    0.000000    0.000000   -1.000000
  107  1    1.145855    1.000000    0.000000    0.000000   -1.000000
  108  1    1.156030    1.000000    0.000000    0.000000    1.000000
  109  1    1.227192    1.000000    0.000000    0.000000   -1.000000
  110  1    1.255211    1.000000    0.000000    0.000000    1.000000
  111  1    3.082862    1.000000    0.000000    0.000000    1.000000
  112  1    3.088340    1.000000    0.000000    0.000000   -1.000000
  113  1    3.297648    1.000000    0.000000    0.000000    1.000000
  114  1    3.302021    1.000000    0.000000    0.000000   -1.000000
  115  1    3.583903    1.000000    0.000000    0.000000   -1.000000
  116  1    3.585691    1.000000    0.000000    0.000000    1.000000
  117  1    3.641842    1.000000    0.000000    0.000000    1.000000
  118  1    3.646757    1.000000    0.000000    0.000000   -1.000000
  119  2    3.753411    2.000000    0.000000    0.000000    0.000000
  121  1    4.278232    1.000000    0.000000    0.000000    0.999997
  122  1    4.279770    1.000000    0.000000    0.000000   -0.999997
  123  1    4.323376    1.000000    0.000000    0.000000   -1.000000
  124  1    4.337252    1.000000    0.000000    0.000000    1.000000
  125  1    4.488731    1.000000    0.000000    0.000000    1.000000
  126  1    4.493555    1.000000    0.000000    0.000000   -1.000000
  127  1    5.023366    1.000000    0.000000    0.000000   -1.000000
  128  1    5.025265    1.000000    0.000000    0.000000    1.000000
  129  2    6.335420    2.000000    0.000000    0.000000    0.000024
  131  1    6.686180    1.000000    0.000000    0.000000   -0.992575
  132  1    6.687676    1.000000    0.000000    0.000000    0.992476
  133  1    7.127955    1.000000    0.000000    0.000000    0.864760
  134  1    7.137748    1.000000    0.000000    0.000000   -0.844196
  135  1    7.361845    1.000000    0.000000    0.000000    0.003482
  136  1    7.401472    1.000000    0.000000    0.000000    0.393271
  2
    1    2
    1  2  -55.272335    2.000000    0.000000    0.000000    0.000000
    3  2  -54.812486    2.000000    0.000000    0.000000    0.000001
    5  2  -54.420358    2.000000    0.000000    0.000000    0.000000
    7  2  -54.143392    2.000000    0.000000    0.000000    0.000000
    9  2  -53.382972    2.000000    0.000000    0.000000    0.000000
   11  2  -52.678555    2.000000    0.000000    0.000000   -0.000000
   13  2  -50.834975    2.000000    0.000000    0.000000    0.000000
   15  2  -50.365234    2.000000    0.000000    0.000000    0.000001
   17  2  -49.958491    2.000000    0.000000    0.000000    0.000000
   19  2  -49.908955    2.000000    0.000000    0.000000    0.000000
   21  2  -49.373981    2.000000    0.000000    0.000000   -0.000000
   23  2  -48.950382    2.000000    0.000000    0.000000    0.000000
   25  2  -18.966372    2.000000    0.000000    0.000000    0.000000
   27  2  -18.961385    2.000000    0.000000    0.000000    0.000000
   29  1  -11.064142    1.000000    0.000000    0.000000   -1.000000
   30  1  -11.061617    1.000000    0.000000    0.000000    1.000000
   31  1  -10.539674    1.000000    0.000000    0.000000    1.000000
   32  1  -10.536987    1.000000    0.000000    0.000000   -1.000000
   33  2   -9.933285    2.000000    0.000000    0.000000    0.000000
   35  2   -9.750294    2.000000    0.000000    0.000000    0.000000
   37  2   -9.594534    2.000000    0.000000    0.000000    0.000000
   39  2   -9.454348    2.000000    0.000000    0.000000    0.000000
   41  2   -6.849450    2.000000    0.000000    0.000000    0.000000
   43  2   -6.817856    2.000000    0.000000    0.000000    0.000000
   45  1   -5.360927    1.000000    0.000000    0.000000    0.999996
   46  1   -5.359726    1.000000    0.000000    0.000000   -0.999995
   47  2   -5.310691    2.000000    0.000000    0.000000   -0.000000
   49  1   -5.303165    1.000000    0.000000    0.000000   -0.999995
   50  1   -5.301167    1.000000    0.000000    0.000000    0.999996
   51  1   -5.272225    1.000000    0.000000    0.000000    1.000000
   52  1   -5.270293    1.000000    0.000000    0.000000   -0.999999
   53  1   -4.597776    1.000000    0.000000    0.000000    1.000000
   54  1   -4.595832    1.000000    0.000000    0.000000   -1.000000
   55  1   -4.376401    1.000000    0.000000    0.000000   -0.999990
   56  1   -4.374056    1.000000    0.000000    0.000000    0.999990
   57  1   -4.358019    1.000000    0.000000    0.000000   -0.999998
   58  1   -4.352525    1.000000    0.000000    0.000000    0.999999
   59  1   -4.261145    1.000000    0.000000    0.000000    0.999999
   60  1   -4.251196    1.000000    0.000000    0.000000   -0.999999
   61  1   -4.197121    1.000000    0.000000    0.000000   -0.999996
   62  1   -4.194607    1.000000    0.000000    0.000000    0.999996
   63  1   -3.705232    1.000000    0.000000    0.000000   -1.000000
   64  1   -3.699197    1.000000    0.000000    0.000000    1.000000
   65  1   -3.531694    1.000000    0.000000    0.000000   -1.000000
   66  1   -3.526679    1.000000    0.000000    0.000000    1.000000
   67  1   -3.469090    1.000000    0.000000    0.000000   -1.000000
   68  1   -3.466437    1.000000    0.000000    0.000000    1.000000
   69  1   -3.156253    1.000000    0.000000    0.000000   -1.000000
   70  1   -3.153860    1.000000    0.000000    0.000000    1.000000
   71  1   -2.882941    1.000000    0.000000    0.000000    1.000000
   72  1   -2.865619    1.000000    0.000000    0.000000   -1.000000
   73  2   -2.267815    2.000000    0.000000    0.000000    0.000000
   75  1   -1.646339    1.000000    0.000000    0.000000    0.999982
   76  1   -1.642831    1.000000    0.000000    0.000000   -0.999982
   77  1   -1.471575    1.000000    0.000000    0.000000   -0.999995
   78  1   -1.466356    1.000000    0.000000    0.000000    0.999996
   79  1   -1.278538    1.000000    0.000000    0.000000    0.999831
   80  1   -1.276835    1.000000    0.000000    0.000000   -0.999831
   81  1   -1.112583    1.000000    0.000000    0.000000    0.999997
   82  1   -1.097932    1.000000    0.000000    0.000000   -0.999997
   83  1   -0.643157    1.000000    0.000000    0.000000   -1.000000
   84  1   -0.623335    1.000000    0.000000    0.000000    1.000000
   85  1   -0.600866    1.000000    0.000000    0.000000   -0.999999
   86  1   -0.591279    1.000000    0.000000    0.000000    1.000000
   87  1   -0.517509    1.000000    0.000000    0.000000   -0.999999
   88  1   -0.513435    1.000000    0.000000    0.000000    1.000000
   89  1   -0.141024    1.000000    0.000000    0.000000    0.999996
   90  1   -0.137958    1.000000    0.000000    0.000000   -0.999996
   91  1   -0.022470    1.000000    0.000000    0.000000    0.999997
   92  1   -0.005581    1.000000    0.000000    0.000000   -0.999997
   93  1    0.100317    1.000000    0.000000    0.000000    0.999987
   94  1    0.104377    1.000000    0.000000    0.000000   -0.999987
   95  1    0.257100    1.000000    0.000000    0.000000   -1.000000
   96  1    0.293489    1.000000    0.000000    0.000000    1.000000
   97  1    0.432239    1.000000    0.000000    0.000000    0.999986
   98  1    0.439590    1.000000    0.000000    0.000000   -0.999980
   99  1    0.460557    1.000000    0.000000    0.000000    0.999986
  100  1    0.471181    1.000000    0.000000    0.000000   -0.999990
  101  1    0.588938    1.000000    0.000000    0.000000    0.999998
  102  1    0.608188    1.000000    0.000000    0.000000   -0.999998
  103  1    0.739565    1.000000    0.000000    0.000000    1.000000
  104  1    0.760435    1.000000    0.000000    0.000000   -1.000000
  105  1    0.984362    1.000000    0.000000    0.000000    1.000000
  106  1    0.994571    1.000000    0.000000    0.000000   -1.000000
  107  1    1.144732    1.000000    0.000000    0.000000   -1.000000
  108  1    1.157776    1.000000    0.000000    0.000000    1.000000
  109  1    1.170442    1.000000    0.000000    0.000000   -1.000000
  110  1    1.203013    1.000000    0.000000    0.000000    1.000000
  111  1    3.079289    1.000000    0.000000    0.000000    1.000000
  112  1    3.084083    1.000000    0.000000    0.000000   -0.999999
  113  1    3.374674    1.000000    0.000000    0.000000    1.000000
  114  1    3.379582    1.000000    0.000000    0.000000   -1.000000
  115  2    3.596139    2.000000    0.000000    0.000000   -0.000000
  117  2    3.708161    2.000000    0.000000    0.000000    0.000000
  119  1    3.739515    1.000000    0.000000    0.000000   -1.000000
  120  1    3.744134    1.000000    0.000000    0.000000    1.000000
  121  1    4.183103    1.000000    0.000000    0.000000   -0.999992
  122  1    4.185606    1.000000    0.000000    0.000000    0.999993
  123  1    4.297210    1.000000    0.000000    0.000000   -0.999992
  124  1    4.300645    1.000000    0.000000    0.000000    0.999992
  125  1    4.482677    1.000000    0.000000    0.000000    0.999996
  126  1    4.483814    1.000000    0.000000    0.000000   -0.999995
  127  1    4.991753    1.000000    0.000000    0.000000   -0.999992
  128  1    4.993223    1.000000    0.000000    0.000000    0.999993
  129  1    6.125613    1.000000    0.000000    0.000000    0.999743
  130  1    6.127011    1.000000    0.000000    0.000000   -0.999748
  131  2    6.606162    2.000000    0.000000    0.000000    0.001187
  133  1    6.828384    1.000000    0.000000    0.000000   -0.738583
  134  1    6.830699    1.000000    0.000000    0.000000    0.744600
  135  1    7.073319    1.000000    0.000000    0.000000   -0.079164
  136  1    7.126992    1.000000    0.000000    0.000000    0.241818
  2
    1    2
    1  2  -55.272295    2.000000    0.000000    0.000000    0.000000
    3  2  -54.812482    2.000000    0.000000   -0.000000    0.000000
    5  2  -54.420276    2.000000    0.000000    0.000000    0.000000
    7  2  -54.143302    2.000000    0.000000    0.000000    0.000000
    9  2  -53.382972    2.000000    0.000000    0.000000    0.000000
   11  2  -52.678442    2.000000    0.000000    0.000000    0.000000
   13  2  -50.835147    2.000000    0.000000    0.000000    0.000000
   15  2  -50.365238    2.000000    0.000000    0.000000    0.000000
   17  2  -49.958401    2.000000    0.000000    0.000000    0.000000
   19  2  -49.908938    2.000000    0.000000    0.000000    0.000000
   21  2  -49.373997    2.000000    0.000000   -0.000000    0.000000
   23  2  -48.950490    2.000000    0.000000    0.000000    0.000000
   25  4  -18.962467    4.000000    0.000000    0.000000    0.000000
   29  2  -10.791251    2.000000    0.000000   -0.000001    0.000000
   31  1  -10.757815    1.000000    0.000000   -0.999688    0.000000
   32  1  -10.756784    1.000000    0.000000    0.999689    0.000000
   33  2   -9.785067    2.000000    0.000000   -0.000000    0.000000
   35  2   -9.757052    2.000000    0.000000    0.000000    0.000000
   37  2   -9.650804    2.000000    0.000000   -0.000001    0.000000
   39  1   -9.623836    1.000000    0.000000   -0.999747    0.000000
   40  1   -9.622677    1.000000    0.000000    0.999748    0.000000
   41  2   -6.844929    2.000000    0.000000    1.999773    0.000000
   43  1   -6.842608    1.000000    0.000000   -0.999864    0.000000
   44  1   -6.841292    1.000000    0.000000   -0.999909    0.000000
   45  1   -5.356661    1.000000    0.000000   -0.999996    0.000000
   46  1   -5.350392    1.000000    0.000000   -0.999964    0.000000
   47  1   -5.349110    1.000000    0.000000    0.999965    0.000000
   48  1   -5.341711    1.000000    0.000000    0.999995    0.000000
   49  1   -5.318425    1.000000    0.000000    0.999996    0.000000
   50  2   -5.312066    2.000000    0.000000    0.000007    0.000000
   52  1   -5.309265    1.000000    0.000000   -0.999996    0.000000
   53  2   -4.488158    2.000000    0.000000    0.000000    0.000000
   55  1   -4.438034    1.000000    0.000000    0.999999    0.000000
   56  1   -4.434695    1.000000    0.000000   -0.999999    0.000000
   57  1   -4.340498    1.000000    0.000000    1.000000    0.000000
   58  1   -4.336970    1.000000    0.000000   -1.000000    0.000000
   59  1   -4.234082    1.000000    0.000000   -0.999999    0.000000
   60  1   -4.232186    1.000000    0.000000    0.999999    0.000000
   61  1   -4.165012    1.000000    0.000000   -1.000000    0.000000
   62  1   -4.158930    1.000000    0.000000    1.000000    0.000000
   63  1   -3.602601    1.000000    0.000000   -0.999998    0.000000
   64  1   -3.601181    1.000000    0.000000    0.999998    0.000000
   65  1   -3.509612    1.000000    0.000000   -0.999998    0.000000
   66  1   -3.507456    1.000000    0.000000    0.999998    0.000000
   67  1   -3.444354    1.000000    0.000000    1.000000    0.000000
   68  1   -3.443211    1.000000    0.000000   -1.000000    0.000000
   69  1   -3.213113    1.000000    0.000000   -0.999999    0.000000
   70  1   -3.211747    1.000000    0.000000    0.999999    0.000000
   71  1   -2.771109    1.000000    0.000000   -1.000000    0.000000
   72  1   -2.756204    1.000000    0.000000    1.000000    0.000000
   73  1   -2.208477    1.000000    0.000000    0.999998    0.000000
   74  1   -2.197397    1.000000    0.000000   -0.999998    0.000000
   75  1   -2.122220    1.000000    0.000000   -0.999856    0.000000
   76  1   -2.120729    1.000000    0.000000    0.999858    0.000000
   77  1   -1.960161    1.000000    0.000000    0.999998    0.000000
   78  1   -1.952046    1.000000    0.000000   -0.999998    0.000000
   79  1   -1.689051    1.000000    0.000000    1.000000    0.000000
   80  1   -1.680510    1.000000    0.000000   -1.000000    0.000000
   81  2   -0.810895    2.000000    0.000000    0.000000    0.000000
   83  2   -0.644250    2.000000    0.000000   -0.000001    0.000000
   85  1   -0.476479    1.000000    0.000000    0.999995    0.000000
   86  1   -0.473239    1.000000    0.000000   -0.999994    0.000000
   87  1   -0.383628    1.000000    0.000000    1.000000    0.000000
   88  1   -0.375518    1.000000    0.000000   -1.000000    0.000000
   89  1   -0.136000    1.000000    0.000000    1.000000    0.000000
   90  1   -0.113239    1.000000    0.000000   -0.999999    0.000000
   91  1   -0.036398    1.000000    0.000000   -1.000000    0.000000
   92  1   -0.013557    1.000000    0.000000    1.000000    0.000000
   93  1   -0.002067    1.000000    0.000000    0.999998    0.000000
   94  1    0.014918    1.000000    0.000000   -0.999998    0.000000
   95  1    0.083765    1.000000    0.000000   -0.999999    0.000000
   96  1    0.088399    1.000000    0.000000    0.999999    0.000000
   97  1    0.184908    1.000000    0.000000   -0.999999    0.000000
   98  1    0.202620    1.000000    0.000000    0.999999    0.000000
   99  1    0.539696    1.000000    0.000000   -0.999999    0.000000
  100  1    0.548898    1.000000    0.000000    0.999999    0.000000
  101  1    0.871338    1.000000    0.000000   -0.999998    0.000000
  102  1    0.876755    1.000000    0.000000    0.999998    0.000000
  103  1    1.012727    1.000000    0.000000   -0.999999    0.000000
  104  1    1.022983    1.000000    0.000000    1.000000    0.000000
  105  1    1.067816    1.000000    0.000000    0.999999    0.000000
  106  1    1.081456    1.000000    0.000000   -0.999999    0.000000
  107  2    1.398118    2.000000    0.000000    0.000000    0.000000
  109  1    1.465426    1.000000    0.000000    0.999994    0.000000
  110  1    1.468619    1.000000    0.000000   -0.999994    0.000000
  111  1    3.159405    1.000000    0.000000    0.999998    0.000000
  112  1    3.161171    1.000000    0.000000   -0.999998    0.000000
  113  1    3.307562    1.000000    0.000000    1.000000    0.000000
  114  1    3.311922    1.000000    0.000000   -1.000000    0.000000
  115  1    3.688157    1.000000    0.000000   -1.000000    0.000000
  116  1    3.696215    1.000000    0.000000    1.000000    0.000000
  117  1    3.809124    1.000000    0.000000    1.000000    0.000000
  118  1    3.811755    1.000000    0.000000   -1.000000    0.000000
  119  1    3.867016    1.000000    0.000000    0.999999    0.000000
  120  1    3.868745    1.000000    0.000000   -0.999999    0.000000
  121  1    4.257541    1.000000    0.000000   -1.000000    0.000000
  122  1    4.264709    1.000000    0.000000    1.000000    0.000000
  123  1    4.342778    1.000000    0.000000   -0.999999    0.000000
  124  1    4.348113    1.000000    0.000000    0.999999    0.000000
  125  1    4.618350    1.000000    0.000000    1.000000    0.000000
  126  1    4.622240    1.000000    0.000000   -1.000000    0.000000
  127  1    5.198983    1.000000    0.000000    1.000000    0.000000
  128  1    5.204793    1.000000    0.000000   -1.000000    0.000000
  129  1    6.864937    1.000000    0.000000    0.101871    0.000000
  130  1    6.873185    1.000000    0.000000   -0.064335    0.000000
  131  1    6.930723    1.000000    0.000000   -0.647979    0.000000
  132  1    6.939652    1.000000    0.000000    0.579029    0.000000
  133  1    7.003286    1.000000    0.000000    0.920571    0.000000
  134  1    7.024182    1.000000    0.000000   -0.544747    0.000000
  135  1    7.074110    1.000000    0.000000   -0.757762    0.000000
  136  1    7.139302    1.000000    0.000000    0.305411    0.000000
  2
    1    2
    1  2  -55.272293    2.000000    0.000000    0.000000    0.000000
    3  2  -54.812485    2.000000    0.000000   -0.000000    0.000000
    5  2  -54.420275    2.000000    0.000000    0.000000    0.000000
    7  2  -54.143300    2.000000    0.000000    0.000000    0.000000
    9  2  -53.382973    2.000000    0.000000   -0.000000    0.000000
   11  2  -52.678441    2.000000    0.000000    0.000000    0.000000
   13  2  -50.835145    2.000000    0.000000    0.000000    0.000000
   15  2  -50.365241    2.000000    0.000000    0.000000    0.000000
   17  2  -49.958400    2.000000    0.000000    0.000000    0.000000
   19  2  -49.908936    2.000000    0.000000    0.000000    0.000000
   21  2  -49.374000    2.000000    0.000000   -0.000001    0.000000
   23  2  -48.950488    2.000000    0.000000    0.000000    0.000000
   25  4  -18.962467    4.000000    0.000000    0.000000    0.000000
   29  2  -10.791247    2.000000    0.000000   -0.000001    0.000000
   31  1  -10.757811    1.000000    0.000000   -0.999686    0.000000
   32  1  -10.756782    1.000000    0.000000    0.999687    0.000000
   33  2   -9.785083    2.000000    0.000000   -0.000000    0.000000
   35  2   -9.757045    2.000000    0.000000    0.000000    0.000000
   37  2   -9.650772    2.000000    0.000000   -0.000001    0.000000
   39  1   -9.623848    1.000000    0.000000   -0.999707    0.000000
   40  1   -9.622696    1.000000    0.000000    0.999709    0.000000
   41  1   -6.845528    1.000000    0.000000    0.999924    0.000000
   42  2   -6.843486    2.000000    0.000000    0.000009    0.000000
   44  1   -6.840848    1.000000    0.000000   -0.999931    0.000000
   45  1   -5.356120    1.000000    0.000000   -0.999998    0.000000
   46  1   -5.350948    1.000000    0.000000   -0.999926    0.000000
   47  1   -5.348978    1.000000    0.000000    0.999925    0.000000
   48  1   -5.341778    1.000000    0.000000    0.999998    0.000000
   49  1   -5.320688    1.000000    0.000000    0.999998    0.000000
   50  1   -5.314465    1.000000    0.000000   -0.999989    0.000000
   51  1   -5.309613    1.000000    0.000000    0.999987    0.000000
   52  1   -5.305935    1.000000    0.000000   -0.999996    0.000000
   53  1   -4.487972    1.000000    0.000000   -1.000000    0.000000
   54  1   -4.485181    1.000000    0.000000    1.000000    0.000000
   55  1   -4.441830    1.000000    0.000000    1.000000    0.000000
   56  1   -4.437018    1.000000    0.000000   -1.000000    0.000000
   57  1   -4.340753    1.000000    0.000000    1.000000    0.000000
   58  1   -4.337474    1.000000    0.000000   -1.000000    0.000000
   59  1   -4.231652    1.000000    0.000000   -0.999999    0.000000
   60  1   -4.230650    1.000000    0.000000    0.999999    0.000000
   61  1   -4.165162    1.000000    0.000000   -1.000000    0.000000
   62  1   -4.158857    1.000000    0.000000    1.000000    0.000000
   63  2   -3.603833    2.000000    0.000000    0.000000    0.000000
   65  1   -3.508508    1.000000    0.000000   -1.000000    0.000000
   66  1   -3.505871    1.000000    0.000000    1.000000    0.000000
   67  1   -3.443916    1.000000    0.000000    1.000000    0.000000
   68  1   -3.442880    1.000000    0.000000   -1.000000    0.000000
   69  1   -3.212994    1.000000    0.000000   -1.000000    0.000000
   70  1   -3.211710    1.000000    0.000000    1.000000    0.000000
   71  1   -2.771327    1.000000    0.000000   -1.000000    0.000000
   72  1   -2.756358    1.000000    0.000000    1.000000    0.000000
   73  1   -2.208400    1.000000    0.000000    0.999998    0.000000
   74  1   -2.197013    1.000000    0.000000   -0.999998    0.000000
   75  1   -2.122605    1.000000    0.000000   -0.999929    0.000000
   76  1   -2.120569    1.000000    0.000000    0.999930    0.000000
   77  1   -1.960771    1.000000    0.000000    0.999998    0.000000
   78  1   -1.952355    1.000000    0.000000   -0.999998    0.000000
   79  1   -1.688490    1.000000    0.000000    1.000000    0.000000
   80  1   -1.680160    1.000000    0.000000   -1.000000    0.000000
   81  2   -0.810763    2.000000    0.000000    0.000000    0.000000
   83  2   -0.644560    2.000000    0.000000   -0.000000    0.000000
   85  1   -0.477842    1.000000    0.000000    0.999996    0.000000
   86  1   -0.474360    1.000000    0.000000   -0.999995    0.000000
   87  1   -0.382724    1.000000    0.000000    0.999999    0.000000
   88  1   -0.373724    1.000000    0.000000   -0.999999    0.000000
   89  1   -0.135766    1.000000    0.000000    1.000000    0.000000
   90  1   -0.114928    1.000000    0.000000   -0.999999    0.000000
   91  1   -0.034422    1.000000    0.000000   -1.000000    0.000000
   92  1   -0.008581    1.000000    0.000000    1.000000    0.000000
   93  1   -0.004388    1.000000    0.000000    0.999998    0.000000
   94  1    0.013585    1.000000    0.000000   -0.999998    0.000000
   95  2    0.083222    2.000000    0.000000    0.000000    0.000000
   97  1    0.185490    1.000000    0.000000   -0.999999    0.000000
   98  1    0.204192    1.000000    0.000000    0.999999    0.000000
   99  1    0.539575    1.000000    0.000000   -0.999999    0.000000
  100  1    0.548293    1.000000    0.000000    0.999999    0.000000
  101  1    0.871072    1.000000    0.000000   -0.999998    0.000000
  102  1    0.876302    1.000000    0.000000    0.999998    0.000000
  103  1    1.012264    1.000000    0.000000   -0.999999    0.000000
  104  1    1.024140    1.000000    0.000000    1.000000    0.000000
  105  1    1.068642    1.000000    0.000000    0.999999    0.000000
  106  1    1.083143    1.000000    0.000000   -0.999999    0.000000
  107  2    1.397630    2.000000    0.000000    0.000001    0.000000
  109  1    1.465515    1.000000    0.000000    0.999994    0.000000
  110  1    1.468987    1.000000    0.000000   -0.999993    0.000000
  111  1    3.156165    1.000000    0.000000    0.999997    0.000000
  112  1    3.157710    1.000000    0.000000   -0.999997    0.000000
  113  1    3.310798    1.000000    0.000000    1.000000    0.000000
  114  1    3.314789    1.000000    0.000000   -0.999999    0.000000
  115  1    3.687869    1.000000    0.000000   -1.000000    0.000000
  116  1    3.695924    1.000000    0.000000    1.000000    0.000000
  117  1    3.808510    1.000000    0.000000    0.999999    0.000000
  118  1    3.812882    1.000000    0.000000   -0.999999    0.000000
  119  2    3.867644    2.000000    0.000000    0.000000    0.000000
  121  1    4.258913    1.000000    0.000000   -1.000000    0.000000
  122  1    4.266153    1.000000    0.000000    1.000000    0.000000
  123  1    4.340388    1.000000    0.000000   -0.999998    0.000000
  124  1    4.345760    1.000000    0.000000    0.999998    0.000000
  125  1    4.619270    1.000000    0.000000    1.000000    0.000000
  126  1    4.623084    1.000000    0.000000   -1.000000    0.000000
  127  1    5.199014    1.000000    0.000000    1.000000    0.000000
  128  1    5.204847    1.000000    0.000000   -1.000000    0.000000
  129  1    6.866132    1.000000    0.000000   -0.867087    0.000000
  130  1    6.869331    1.000000    0.000000    0.851387    0.000000
  131  1    6.928292    1.000000    0.000000    0.686621    0.000000
  132  1    6.943697    1.000000    0.000000   -0.656633    0.000000
  133  1    7.008662    1.000000    0.000000    0.653167    0.000000
  134  1    7.031892    1.000000    0.000000   -0.534407    0.000000
  135  1    7.079830    1.000000    0.000000    0.488810    0.000000
  136  1    7.107997    1.000000    0.000000   -0.598636    0.000000
  2
    1    2
    1  2  -55.272293    2.000000    0.000000    0.000000    0.000000
    3  2  -54.812481    2.000000    0.000000   -0.000000    0.000000
    5  2  -54.420274    2.000000    0.000000    0.000000    0.000000
    7  2  -54.143300    2.000000    0.000000    0.000000    0.000000
    9  2  -53.382970    2.000000    0.000000   -0.000000    0.000000
   11  2  -52.678440    2.000000    0.000000    0.000000    0.000000
   13  2  -50.835145    2.000000    0.000000    0.000000    0.000000
   15  2  -50.365237    2.000000    0.000000    0.000000    0.000000
   17  2  -49.958399    2.000000    0.000000    0.000000    0.000000
   19  2  -49.908937    2.000000    0.000000    0.000000    0.000000
   21  2  -49.373995    2.000000    0.000000   -0.000001    0.000000
   23  2  -48.950488    2.000000    0.000000    0.000000    0.000000
   25  4  -18.962404    4.000000    0.000000    0.000000    0.000000
   29  2  -10.784899    2.000000    0.000000   -0.000001    0.000000
   31  1  -10.751255    1.000000    0.000000   -0.999699    0.000000
   32  1  -10.750246    1.000000    0.000000    0.999700    0.000000
   33  1   -9.793683    1.000000    0.000000    0.999985    0.000000
   34  1   -9.791561    1.000000    0.000000   -0.999985    0.000000
   35  1   -9.758404    1.000000    0.000000   -0.999984    0.000000
   36  1   -9.756895    1.000000    0.000000    0.999984    0.000000
   37  1   -9.670669    1.000000    0.000000    0.999985    0.000000
   38  1   -9.668290    1.000000    0.000000   -0.999984    0.000000
   39  1   -9.635994    1.000000    0.000000   -0.999984    0.000000
   40  1   -9.634383    1.000000    0.000000    0.999984    0.000000
   41  1   -6.837138    1.000000    0.000000   -0.999991    0.000000
   42  1   -6.833667    1.000000    0.000000   -0.999975    0.000000
   43  2   -6.828586    2.000000    0.000000    1.999966    0.000000
   45  1   -5.335840    1.000000    0.000000    0.999999    0.000000
   46  1   -5.328475    1.000000    0.000000   -0.999992    0.000000
   47  1   -5.324349    1.000000    0.000000    0.999960    0.000000
   48  1   -5.320720    1.000000    0.000000   -0.999962    0.000000
   49  1   -5.314729    1.000000    0.000000    0.999994    0.000000
   50  2   -5.307631    2.000000    0.000000    0.000003    0.000000
   52  1   -5.303246    1.000000    0.000000   -0.999998    0.000000
   53  1   -4.485874    1.000000    0.000000    0.999999    0.000000
   54  1   -4.482820    1.000000    0.000000   -0.999999    0.000000
   55  1   -4.439485    1.000000    0.000000   -1.000000    0.000000
   56  1   -4.427558    1.000000    0.000000    1.000000    0.000000
   57  1   -4.339864    1.000000    0.000000    1.000000    0.000000
   58  1   -4.336327    1.000000    0.000000   -1.000000    0.000000
   59  1   -4.230896    1.000000    0.000000   -1.000000    0.000000
   60  1   -4.226142    1.000000    0.000000    1.000000    0.000000
   61  1   -4.162958    1.000000    0.000000   -1.000000    0.000000
   62  1   -4.159249    1.000000    0.000000    1.000000    0.000000
   63  2   -3.606131    2.000000    0.000000    0.000000    0.000000
   65  1   -3.504912    1.000000    0.000000    0.999999    0.000000
   66  1   -3.503238    1.000000    0.000000   -0.999999    0.000000
   67  1   -3.445974    1.000000    0.000000    1.000000    0.000000
   68  1   -3.444014    1.000000    0.000000   -1.000000    0.000000
   69  1   -3.214082    1.000000    0.000000    1.000000    0.000000
   70  1   -3.212828    1.000000    0.000000   -1.000000    0.000000
   71  1   -2.741373    1.000000    0.000000   -1.000000    0.000000
   72  1   -2.728642    1.000000    0.000000    1.000000    0.000000
   73  1   -2.165544    1.000000    0.000000    1.000000    0.000000
   74  1   -2.157142    1.000000    0.000000   -1.000000    0.000000
   75  1   -2.049207    1.000000    0.000000   -0.999998    0.000000
   76  1   -2.046942    1.000000    0.000000    0.999998    0.000000
   77  1   -1.883990    1.000000    0.000000    1.000000    0.000000
   78  1   -1.878365    1.000000    0.000000   -1.000000    0.000000
   79  1   -1.611922    1.000000    0.000000    1.000000    0.000000
   80  1   -1.605519    1.000000    0.000000   -1.000000    0.000000
   81  1   -0.965065    1.000000    0.000000   -0.999993    0.000000
   82  1   -0.963057    1.000000    0.000000    0.999993    0.000000
   83  1   -0.864777    1.000000    0.000000   -0.999994    0.000000
   84  1   -0.862619    1.000000    0.000000    0.999994    0.000000
   85  1   -0.503588    1.000000    0.000000    1.000000    0.000000
   86  1   -0.492391    1.000000    0.000000   -1.000000    0.000000
   87  1   -0.474318    1.000000    0.000000    0.999974    0.000000
   88  1   -0.472784    1.000000    0.000000   -0.999973    0.000000
   89  2   -0.083073    2.000000    0.000000   -0.000000    0.000000
   91  1   -0.035556    1.000000    0.000000    1.000000    0.000000
   92  1   -0.026080    1.000000    0.000000   -1.000000    0.000000
   93  1   -0.008307    1.000000    0.000000   -0.999999    0.000000
   94  1   -0.006460    1.000000    0.000000    0.999999    0.000000
   95  1    0.016524    1.000000    0.000000   -1.000000    0.000000
   96  1    0.030453    1.000000    0.000000    1.000000    0.000000
   97  1    0.224741    1.000000    0.000000    1.000000    0.000000
   98  1    0.235086    1.000000    0.000000   -1.000000    0.000000
   99  1    0.498878    1.000000    0.000000   -1.000000    0.000000
  100  1    0.517413    1.000000    0.000000    1.000000    0.000000
  101  1    0.808281    1.000000    0.000000   -0.999996    0.000000
  102  1    0.813317    1.000000    0.000000    0.999996    0.000000
  103  1    1.051529    1.000000    0.000000    0.999995    0.000000
  104  1    1.058998    1.000000    0.000000   -0.999994    0.000000
  105  1    1.088417    1.000000    0.000000   -0.999979    0.000000
  106  1    1.091094    1.000000    0.000000    0.999981    0.000000
  107  1    1.301428    1.000000    0.000000    0.999987    0.000000
  108  1    1.303905    1.000000    0.000000   -0.999985    0.000000
  109  1    1.323426    1.000000    0.000000    0.999935    0.000000
  110  1    1.324607    1.000000    0.000000   -0.999936    0.000000
  111  1    3.132146    1.000000    0.000000    1.000000    0.000000
  112  1    3.134948    1.000000    0.000000   -1.000000    0.000000
  113  1    3.269478    1.000000    0.000000    1.000000    0.000000
  114  1    3.275281    1.000000    0.000000   -1.000000    0.000000
  115  1    3.662884    1.000000    0.000000   -1.000000    0.000000
  116  1    3.671116    1.000000    0.000000    1.000000    0.000000
  117  1    3.801346    1.000000    0.000000    1.000000    0.000000
  118  1    3.807157    1.000000    0.000000   -1.000000    0.000000
  119  2    3.918748    2.000000    0.000000    0.000000    0.000000
  121  1    4.259608    1.000000    0.000000   -1.000000    0.000000
  122  1    4.276147    1.000000    0.000000    1.000000    0.000000
  123  1    4.325680    1.000000    0.000000   -1.000000    0.000000
  124  1    4.331962    1.000000    0.000000    1.000000    0.000000
  125  1    4.686980    1.000000    0.000000    1.000000    0.000000
  126  1    4.691487    1.000000    0.000000   -1.000000    0.000000
  127  1    5.181329    1.000000    0.000000    1.000000    0.000000
  128  1    5.185092    1.000000    0.000000   -1.000000    0.000000
  129  1    7.039551    1.000000    0.000000    0.990915    0.000000
  130  1    7.048032    1.000000    0.000000   -0.989095    0.000000
  131  1    7.314743    1.000000    0.000000    0.302644    0.000000
  132  1    7.338926    1.000000    0.000000   -0.255409    0.000000
  133  1    7.448332    1.000000    0.000000   -0.470628    0.000000
  134  1    7.496988    1.000000    0.000000   -0.137731    0.000000
  135  1    7.512643    1.000000    0.000000    0.177023    0.000000
  136  1    7.557568    1.000000    0.000000    0.510653    0.000000
  2
    1    2
    1  2  -55.272334    2.000000    0.000000    0.000000   -0.000000
    3  2  -54.812487    2.000000    0.000000    0.000000    0.000001
    5  2  -54.420358    2.000000    0.000000    0.000000    0.000000
    7  2  -54.143392    2.000000    0.000000    0.000000    0.000000
    9  2  -53.382972    2.000000    0.000000    0.000000    0.000000
   11  2  -52.678555    2.000000    0.000000    0.000000   -0.000000
   13  2  -50.834974    2.000000    0.000000    0.000000    0.000000
   15  2  -50.365235    2.000000    0.000000    0.000000    0.000001
   17  2  -49.958491    2.000000    0.000000    0.000000    0.000000
   19  2  -49.908955    2.000000    0.000000    0.000000    0.000000
   21  2  -49.373981    2.000000    0.000000    0.000000   -0.000001
   23  2  -48.950382    2.000000    0.000000    0.000000    0.000000
   25  2  -18.966372    2.000000    0.000000    0.000000    0.000000
   27  2  -18.961385    2.000000    0.000000    0.000000    0.000000
   29  1  -11.064138    1.000000    0.000000    0.000000   -1.000000
   30  1  -11.061627    1.000000    0.000000    0.000000    1.000000
   31  1  -10.539671    1.000000    0.000000    0.000000    1.000000
   32  1  -10.536991    1.000000    0.000000    0.000000   -1.000000
   33  2   -9.933219    2.000000    0.000000    0.000000    0.000000
   35  2   -9.750184    2.000000    0.000000    0.000000   -0.000000
   37  2   -9.594477    2.000000    0.000000    0.000000    0.000000
   39  2   -9.454308    2.000000    0.000000    0.000000    0.000000
   41  2   -6.849532    2.000000    0.000000    0.000000    0.000000
   43  2   -6.817899    2.000000    0.000000    0.000000    0.000000
   45  1   -5.361072    1.000000    0.000000    0.000000    0.999994
   46  1   -5.359947    1.000000    0.000000    0.000000   -0.999994
   47  1   -5.311133    1.000000    0.000000    0.000000   -0.999998
   48  1   -5.309246    1.000000    0.000000    0.000000    0.999998
   49  2   -5.302798    2.000000    0.000000    0.000000    0.000000
   51  1   -5.273074    1.000000    0.000000    0.000000    1.000000
   52  1   -5.269302    1.000000    0.000000    0.000000   -0.999999
   53  1   -4.597293    1.000000    0.000000    0.000000   -1.000000
   54  1   -4.594083    1.000000    0.000000    0.000000    1.000000
   55  1   -4.380894    1.000000    0.000000    0.000000    0.999987
   56  1   -4.377562    1.000000    0.000000    0.000000   -0.999987
   57  1   -4.352516    1.000000    0.000000    0.000000   -0.999994
   58  1   -4.348364    1.000000    0.000000    0.000000    0.999994
   59  1   -4.262014    1.000000    0.000000    0.000000    0.999998
   60  1   -4.258795    1.000000    0.000000    0.000000   -0.999998
   61  1   -4.194880    1.000000    0.000000    0.000000   -0.999999
   62  1   -4.192137    1.000000    0.000000    0.000000    0.999999
   63  1   -3.703628    1.000000    0.000000    0.000000   -1.000000
   64  1   -3.698683    1.000000    0.000000    0.000000    1.000000
   65  1   -3.534347    1.000000    0.000000    0.000000   -1.000000
   66  1   -3.529123    1.000000    0.000000    0.000000    1.000000
   67  2   -3.466669    2.000000    0.000000    0.000000    0.000000
   69  1   -3.155343    1.000000    0.000000    0.000000   -0.999998
   70  1   -3.154274    1.000000    0.000000    0.000000    0.999998
   71  1   -2.885262    1.000000    0.000000    0.000000    1.000000
   72  1   -2.863638    1.000000    0.000000    0.000000   -1.000000
   73  1   -2.268414    1.000000    0.000000    0.000000    0.999999
   74  1   -2.266621    1.000000    0.000000    0.000000   -0.999999
   75  2   -1.644729    2.000000    0.000000    0.000000   -0.000328
   77  1   -1.473319    1.000000    0.000000    0.000000   -0.999998
   78  1   -1.465154    1.000000    0.000000    0.000000    0.999998
   79  1   -1.279013    1.000000    0.000000    0.000000   -0.999963
   80  1   -1.275386    1.000000    0.000000    0.000000    0.999963
   81  1   -1.116022    1.000000    0.000000    0.000000    0.999999
   82  1   -1.093776    1.000000    0.000000    0.000000   -0.999998
   83  1   -0.633882    1.000000    0.000000    0.000000    0.999989
   84  1   -0.631069    1.000000    0.000000    0.000000   -0.999989
   85  1   -0.617565    1.000000    0.000000    0.000000   -0.999999
   86  1   -0.577037    1.000000    0.000000    0.000000    1.000000
   87  1   -0.517196    1.000000    0.000000    0.000000   -0.999999
   88  1   -0.514094    1.000000    0.000000    0.000000    0.999999
   89  1   -0.146562    1.000000    0.000000    0.000000    1.000000
   90  1   -0.130978    1.000000    0.000000    0.000000   -1.000000
   91  1   -0.020125    1.000000    0.000000    0.000000    0.999992
   92  1   -0.009524    1.000000    0.000000    0.000000   -0.999992
   93  1    0.100981    1.000000    0.000000    0.000000    0.999980
   94  1    0.104294    1.000000    0.000000    0.000000   -0.999980
   95  1    0.256022    1.000000    0.000000    0.000000   -1.000000
   96  1    0.295249    1.000000    0.000000    0.000000    1.000000
   97  1    0.427623    1.000000    0.000000    0.000000    0.999996
   98  1    0.445349    1.000000    0.000000    0.000000   -0.999974
   99  1    0.457907    1.000000    0.000000    0.000000    0.999976
  100  1    0.474504    1.000000    0.000000    0.000000   -0.999995
  101  1    0.592023    1.000000    0.000000    0.000000    0.999993
  102  1    0.603103    1.000000    0.000000    0.000000   -0.999993
  103  1    0.748360    1.000000    0.000000    0.000000    0.999978
  104  1    0.750715    1.000000    0.000000    0.000000   -0.999978
  105  1    0.983941    1.000000    0.000000    0.000000    1.000000
  106  1    0.995109    1.000000    0.000000    0.000000   -1.000000
  107  1    1.150581    1.000000    0.000000    0.000000   -0.999999
  108  1    1.159518    1.000000    0.000000    0.000000    0.999999
  109  1    1.170889    1.000000    0.000000    0.000000   -1.000000
  110  1    1.193964    1.000000    0.000000    0.000000    1.000000
  111  1    3.082178    1.000000    0.000000    0.000000    1.000000
  112  1    3.088481    1.000000    0.000000    0.000000   -1.000000
  113  1    3.373058    1.000000    0.000000    0.000000   -0.999996
  114  1    3.374820    1.000000    0.000000    0.000000    0.999997
  115  1    3.597741    1.000000    0.000000    0.000000    0.999996
  116  1    3.598771    1.000000    0.000000    0.000000   -0.999996
  117  1    3.700351    1.000000    0.000000    0.000000    0.999995
  118  1    3.701377    1.000000    0.000000    0.000000   -0.999995
  119  1    3.745797    1.000000    0.000000    0.000000   -0.999999
  120  1    3.750100    1.000000    0.000000    0.000000    0.999999
  121  2    4.184707    2.000000    0.000000    0.000000    0.000000
  123  1    4.296520    1.000000    0.000000    0.000000   -0.999998
  124  1    4.301165    1.000000    0.000000    0.000000    0.999998
  125  2    4.482517    2.000000    0.000000    0.000000    0.000000
  127  1    4.991619    1.000000    0.000000    0.000000   -0.999988
  128  1    4.992815    1.000000    0.000000    0.000000    0.999988
  129  1    6.124046    1.000000    0.000000    0.000000    0.999986
  130  1    6.128505    1.000000    0.000000    0.000000   -0.999983
  131  1    6.603339    1.000000    0.000000    0.000000    0.997704
  132  1    6.609209    1.000000    0.000000    0.000000   -0.997358
  133  2    6.828691    2.000000    0.000000    0.000000    0.000099
  135  1    7.072479    1.000000    0.000000    0.000000    0.507826
  136  1    7.100546    1.000000    0.000000    0.000000   -0.536404
  2
    1    2
    1  2  -55.272294    2.000000    0.000000    0.000000    0.000000
    3  2  -54.812483    2.000000    0.000000   -0.000000    0.000000
    5  2  -54.420274    2.000000    0.000000    0.000000    0.000000
    7  2  -54.143301    2.000000    0.000000    0.000000    0.000000
    9  2  -53.382972    2.000000    0.000000    0.000000    0.000000
   11  2  -52.678441    2.000000    0.000000    0.000000    0.000000
   13  2  -50.835144    2.000000    0.000000    0.000000    0.000000
   15  2  -50.365238    2.000000    0.000000    0.000000    0.000000
   17  2  -49.958399    2.000000    0.000000    0.000000    0.000000
   19  2  -49.908937    2.000000    0.000000    0.000000    0.000000
   21  2  -49.373998    2.000000    0.000000   -0.000001    0.000000
   23  2  -48.950489    2.000000    0.000000    0.000000    0.000000
   25  4  -18.962528    4.000000    0.000000   -0.000000    0.000000
   29  2  -10.798121    2.000000    0.000000   -0.000001    0.000000
   31  1  -10.764807    1.000000    0.000000   -0.999718    0.000000
   32  1  -10.763787    1.000000    0.000000    0.999719    0.000000
   33  2   -9.768544    2.000000    0.000000    0.000001    0.000000
   35  2   -9.740552    2.000000    0.000000    0.000001    0.000000
   37  2   -9.646347    2.000000    0.000000   -0.000001    0.000000
   39  2   -9.618553    2.000000    0.000000    0.000001    0.000000
   41  1   -6.857566    1.000000    0.000000    0.999871    0.000000
   42  2   -6.856374    2.000000    0.000000    0.000024    0.000000
   44  1   -6.854164    1.000000    0.000000   -0.999894    0.000000
   45  1   -5.382161    1.000000    0.000000    0.999989    0.000000
   46  2   -5.380433    2.000000    0.000000    0.000095    0.000000
   48  1   -5.374355    1.000000    0.000000   -0.999997    0.000000
   49  1   -5.319929    1.000000    0.000000   -0.999999    0.000000
   50  1   -5.314955    1.000000    0.000000   -0.999988    0.000000
   51  1   -5.312409    1.000000    0.000000    0.999988    0.000000
   52  1   -5.307969    1.000000    0.000000    0.999999    0.000000
   53  1   -4.491502    1.000000    0.000000   -0.999998    0.000000
   54  1   -4.489390    1.000000    0.000000    0.999998    0.000000
   55  1   -4.455455    1.000000    0.000000    1.000000    0.000000
   56  1   -4.449985    1.000000    0.000000   -0.999999    0.000000
   57  1   -4.339868    1.000000    0.000000    1.000000    0.000000
   58  1   -4.336358    1.000000    0.000000   -1.000000    0.000000
   59  2   -4.232786    2.000000    0.000000    0.000000    0.000000
   61  1   -4.160589    1.000000    0.000000   -1.000000    0.000000
   62  1   -4.154206    1.000000    0.000000    1.000000    0.000000
   63  1   -3.608633    1.000000    0.000000   -0.999999    0.000000
   64  1   -3.607537    1.000000    0.000000    1.000000    0.000000
   65  1   -3.507515    1.000000    0.000000   -1.000000    0.000000
   66  1   -3.502625    1.000000    0.000000    1.000000    0.000000
   67  1   -3.444376    1.000000    0.000000    1.000000    0.000000
   68  1   -3.443357    1.000000    0.000000   -1.000000    0.000000
   69  2   -3.211844    2.000000    0.000000    0.000000    0.000000
   71  1   -2.793552    1.000000    0.000000   -1.000000    0.000000
   72  1   -2.776189    1.000000    0.000000    1.000000    0.000000
   73  1   -2.216136    1.000000    0.000000    0.999999    0.000000
   74  1   -2.194570    1.000000    0.000000   -0.999997    0.000000
   75  1   -2.180143    1.000000    0.000000   -0.999996    0.000000
   76  1   -2.171345    1.000000    0.000000    0.999995    0.000000
   77  1   -2.020780    1.000000    0.000000    1.000000    0.000000
   78  1   -2.005827    1.000000    0.000000   -1.000000    0.000000
   79  2   -1.683122    2.000000    0.000000    0.000000    0.000000
   81  2   -0.739476    2.000000    0.000000    0.000000    0.000000
   83  1   -0.544504    1.000000    0.000000    0.999991    0.000000
   84  1   -0.542740    1.000000    0.000000   -0.999990    0.000000
   85  1   -0.440662    1.000000    0.000000    1.000000    0.000000
   86  1   -0.426617    1.000000    0.000000   -0.999999    0.000000
   87  1   -0.409149    1.000000    0.000000   -0.999997    0.000000
   88  1   -0.402769    1.000000    0.000000    0.999997    0.000000
   89  1   -0.086641    1.000000    0.000000    1.000000    0.000000
   90  1   -0.082570    1.000000    0.000000   -0.999999    0.000000
   91  1   -0.023607    1.000000    0.000000    1.000000    0.000000
   92  1   -0.012341    1.000000    0.000000   -1.000000    0.000000
   93  1    0.060320    1.000000    0.000000    1.000000    0.000000
   94  1    0.082966    1.000000    0.000000   -1.000000    0.000000
   95  1    0.115144    1.000000    0.000000   -1.000000    0.000000
   96  1    0.136726    1.000000    0.000000    1.000000    0.000000
   97  1    0.197972    1.000000    0.000000   -1.000000    0.000000
   98  1    0.213365    1.000000    0.000000    1.000000    0.000000
   99  1    0.634398    1.000000    0.000000   -1.000000    0.000000
  100  1    0.646397    1.000000    0.000000    1.000000    0.000000
  101  1    0.997872    1.000000    0.000000   -0.999998    0.000000
  102  1    1.000247    1.000000    0.000000    0.999998    0.000000
  103  2    1.104115    2.000000    0.000000   -0.000032    0.000000
  105  1    1.147470    1.000000    0.000000   -0.999983    0.000000
  106  1    1.152339    1.000000    0.000000    0.999984    0.000000
  107  1    1.321934    1.000000    0.000000    1.000000    0.000000
  108  1    1.332395    1.000000    0.000000   -0.999999    0.000000
  109  2    1.409932    2.000000    0.000000   -0.000001    0.000000
  111  1    3.199096    1.000000    0.000000    1.000000    0.000000
  112  1    3.200850    1.000000    0.000000   -1.000000    0.000000
  113  1    3.324980    1.000000    0.000000    1.000000    0.000000
  114  1    3.329223    1.000000    0.000000   -1.000000    0.000000
  115  1    3.733021    1.000000    0.000000   -1.000000    0.000000
  116  1    3.739805    1.000000    0.000000    1.000000    0.000000
  117  1    3.805683    1.000000    0.000000    0.999999    0.000000
  118  1    3.810474    1.000000    0.000000   -0.999999    0.000000
  119  1    3.844449    1.000000    0.000000    0.999999    0.000000
  120  1    3.847612    1.000000    0.000000   -0.999999    0.000000
  121  1    4.274849    1.000000    0.000000   -1.000000    0.000000
  122  1    4.291389    1.000000    0.000000    1.000000    0.000000
  123  1    4.362746    1.000000    0.000000   -1.000000    0.000000
  124  1    4.367301    1.000000    0.000000    1.000000    0.000000
  125  1    4.537617    1.000000    0.000000    1.000000    0.000000
  126  1    4.541826    1.000000    0.000000   -1.000000    0.000000
  127  1    5.199136    1.000000    0.000000    1.000000    0.000000
  128  1    5.204446    1.000000    0.000000   -1.000000    0.000000
  129  2    6.372757    2.000000    0.000000    0.000531    0.000000
  131  1    6.391721    1.000000    0.000000    0.469337    0.000000
  132  1    6.392790    1.000000    0.000000   -0.470920    0.000000
  133  1    6.633103    1.000000    0.000000    0.152170    0.000000
  134  1    6.643910    1.000000    0.000000   -0.193531    0.000000
  135  1    6.745100    1.000000    0.000000    0.140595    0.000000
  136  1    6.783566    1.000000    0.000000   -0.286824    0.000000
