   46   56
  1
 12
  1  0  0  0  1  0  0  0  1    0.000000    0.000000    0.000000    1.000000    0.000000    0.000000    0.000000    0.000000    0.000000    1.000000    0.000000  1
  0 -1  0  1 -1  0  0  0  1    0.000000    0.000000    0.000000    0.500000   -0.866025    0.000000    0.000000    0.000000    0.000000    0.500000    0.866025  1
 -1  1  0 -1  0  0  0  0  1    0.000000    0.000000    0.000000    0.500000    0.866025    0.000000    0.000000    0.000000    0.000000    0.500000   -0.866025  1
  0  1  0  1  0  0  0  0 -1    0.000000    0.000000    0.000000    0.000000    0.000000   -0.866025   -0.500000    0.866025   -0.500000    0.000000    0.000000  1
  1 -1  0  0 -1  0  0  0 -1    0.000000    0.000000    0.000000    0.000000    0.000000    0.000000   -1.000000    0.000000   -1.000000    0.000000    0.000000  1
 -1  0  0 -1  1  0  0  0 -1    0.000000    0.000000    0.000000    0.000000    0.000000   -0.866025    0.500000    0.866025    0.500000    0.000000    0.000000  1
 -1  0  0  0 -1  0  0  0 -1    0.000000    0.000000    0.000000    1.000000    0.000000    0.000000    0.000000    0.000000    0.000000    1.000000    0.000000 -1
  0  1  0 -1  1  0  0  0 -1    0.000000    0.000000    0.000000    0.500000   -0.866025    0.000000    0.000000    0.000000    0.000000    0.500000    0.866025 -1
  1 -1  0  1  0  0  0  0 -1    0.000000    0.000000    0.000000    0.500000    0.866025    0.000000    0.000000    0.000000    0.000000    0.500000   -0.866025 -1
  0 -1  0 -1  0  0  0  0  1    0.000000    0.000000    0.000000    0.000000    0.000000   -0.866025   -0.500000    0.866025   -0.500000    0.000000    0.000000 -1
 -1  1  0  0  1  0  0  0  1    0.000000    0.000000    0.000000    0.000000    0.000000    0.000000   -1.000000    0.000000   -1.000000    0.000000    0.000000 -1
  1  0  0  1 -1  0  0  0  1    0.000000    0.000000    0.000000    0.000000    0.000000   -0.866025    0.500000    0.866025    0.500000    0.000000    0.000000 -1
  8
    0.000000    0.000000    0.000000
    0.000000    0.000000    0.500000
    0.333333    0.333333    0.500000
    0.666667    0.666667    0.500000
    0.333333    0.333333    0.000000
    0.666667    0.666667    0.000000
    0.500000    0.000000    0.500000
    0.500000    0.000000    0.000000
  6
    1    2    3    4    5    6
    1  2  -46.336676    2.000000    0.000000    1.000000    0.000001    1.000000   -0.000001    0.000000    0.000000    0.000000   -0.000001    0.000000    0.000001
    3  2  -45.906586    2.000000    0.000000    1.000000    0.000000    1.000000   -0.000000    0.000000    0.000000    0.000000   -0.000000    0.000000    0.000000
    5  2  -45.435732    2.000000    0.000000   -2.000000    0.000000   -2.000000    0.000000    0.000000    0.000000    0.000000    0.000000    0.000000    0.000000
    7  2  -41.434528    2.000000    0.000000    1.000000   -0.000000    1.000000    0.000000    0.000000    0.000000    0.000000    0.000001    0.000000   -0.000000
    9  2  -41.051770    2.000000    0.000000    1.000000    0.000000    1.000000    0.000000    0.000000    0.000000    0.000000    0.000000    0.000000    0.000000
   11  2  -40.685356    2.000000    0.000000   -2.000000    0.000000   -2.000000    0.000000    0.000000    0.000000    0.000000    0.000000    0.000000    0.000000
   13  2  -35.740304    2.000000    0.000000    1.000000    0.000003    1.000000   -0.000002    0.000000    0.000000    0.000000   -0.000019    0.000000    0.000020
   15  2  -17.012096    2.000000    0.000000    1.000000    0.000000    1.000000    0.000000    0.000000    0.000000    0.000000    0.000000    0.000000    0.000000
   17  2  -16.652814    2.000000    0.000000    1.000000    0.000000    1.000000    0.000000    0.000000    0.000000    0.000000    0.000000    0.000000    0.000000
   19  2  -16.614416    2.000000    0.000000   -2.000000    0.000000   -2.000000    0.000000    0.000000    0.000000    0.000000    0.000000    0.000000    0.000000
   21  2   -5.860323    2.000000    0.000000    1.000000   -0.000004    1.000000    0.000004    0.000000    0.000000    0.000000   -0.000006    0.000000    0.000006
   23  2   -4.827715    2.000000    0.000000    1.000000    0.000000    1.000000    0.000000    0.000000    0.000000    0.000000    0.000000    0.000000    0.000000
   25  2   -0.654098    2.000000    0.000000   -1.999999    0.000000   -1.999999    0.000000    0.000000    0.000000    0.000000    0.000000    0.000000    0.000000
   27  2   -0.586294    2.000000    0.000000    1.000000    0.000000    1.000000    0.000000    0.000000    0.000000    0.000000    0.000000    0.000000   -0.000000
   29  2   -0.234195    2.000000    0.000000    1.000000   -0.000001    1.000000    0.000001    0.000000    0.000000    0.000000   -0.000002    0.000000    0.000003
   31  2   -0.162976    2.000000    0.000000    0.999996    0.000000    0.999996    0.000000    0.000000    0.000000    0.000000   -0.000000    0.000000   -0.000001
   33  2   -0.126861    2.000000    0.000000   -1.999996    0.000000   -1.999996    0.000000    0.000000    0.000000    0.000000    0.000001    0.000000    0.000001
   35  2    0.497665    2.000000    0.000000    1.000000    0.000002    1.000000   -0.000001    0.000000    0.000000    0.000000   -0.000006    0.000000    0.000006
   37  2    3.241116    2.000000    0.000000    0.999995   -0.000000    0.999995    0.000001    0.000000    0.000000    0.000000   -0.000002    0.000000   -0.000003
   39  2    3.267608    2.000000    0.000000   -1.999994    0.000000   -1.999994    0.000000    0.000000    0.000000    0.000000    0.000002    0.000000    0.000002
   41  2    4.509158    2.000000    0.000000    1.000000    0.000000    1.000000    0.000000    0.000000    0.000000    0.000000    0.000000    0.000000   -0.000000
   43  2    4.929550    2.000000    0.000000    0.999998    0.000000    0.999998    0.000000    0.000000    0.000000    0.000000   -0.000002    0.000000   -0.000002
   45  2    4.948195    2.000000    0.000000   -1.999998    0.000000   -1.999998    0.000000    0.000000    0.000000    0.000000    0.000002    0.000000    0.000002
   47  2    6.760730    2.000000    0.000000    0.999998   -0.000091    0.999998    0.000091    0.000000    0.000009    0.000000   -0.000029    0.000000    0.000036
   49  2    7.111733    2.000000    0.000000    0.999790    0.000092    0.999790   -0.000092    0.000000    0.000051    0.000000    0.000277    0.000000    0.000028
   51  2    7.118844    2.000000    0.000000   -1.999779    0.000003   -1.999779   -0.000003    0.000000    0.000003    0.000000   -0.000117    0.000000   -0.000148
   53  2    7.275685    2.000000    0.000000    0.999583   -0.000392    0.999583    0.000392    0.000000    0.000602    0.000000    0.000521    0.000000   -0.000483
   55  1    7.783070    1.000000    0.000000    0.492332   -0.287764    0.492332    0.287764    0.000000    0.698895    0.000000   -0.190590    0.000000    0.889384
   56  1    7.794785    1.000000    0.000000    0.479212    0.276532    0.479212   -0.276532    0.000000   -0.656513    0.000000    0.173160    0.000000   -0.847523
  6
    1    2    3    4    5    6
    1  2  -46.336677    2.000000    0.000000    1.000000    0.000001    1.000000   -0.000001    0.000000    0.000000    0.000000   -0.000002    0.000000    0.000003
    3  2  -45.906580    2.000000    0.000000    1.000000   -0.000001    1.000000    0.000001    0.000000    0.000000    0.000000   -0.000001    0.000000    0.000001
    5  2  -45.435733    2.000000    0.000000   -2.000000    0.000000   -2.000000    0.000000    0.000000    0.000000    0.000000    0.000000    0.000000    0.000000
    7  2  -41.434529    2.000000    0.000000    1.000000    0.000003    1.000000   -0.000002    0.000000   -0.000000    0.000000   -0.000001    0.000000    0.000001
    9  2  -41.051764    2.000000    0.000000    1.000000    0.000000    1.000000   -0.000000    0.000000    0.000000    0.000000   -0.000000    0.000000    0.000000
   11  2  -40.685357    2.000000    0.000000   -2.000000    0.000000   -2.000000    0.000000    0.000000    0.000000    0.000000    0.000000    0.000000    0.000000
   13  2  -35.740302    2.000000    0.000000    1.000000    0.000007    1.000000   -0.000006    0.000000    0.000000    0.000000   -0.000004    0.000000    0.000004
   15  2  -17.012224    2.000000    0.000000    1.000000    0.000000    1.000000    0.000000    0.000000    0.000000    0.000000    0.000000    0.000000    0.000000
   17  2  -16.653032    2.000000    0.000000    1.000000    0.000000    1.000000    0.000000    0.000000    0.000000    0.000000    0.000000    0.000000   -0.000000
   19  2  -16.614416    2.000000    0.000000   -2.000000    0.000000   -2.000000    0.000000    0.000000    0.000000    0.000000    0.000000    0.000000    0.000000
   21  2   -5.535501    2.000000    0.000000    1.000000   -0.000000    1.000000    0.000000    0.000000    0.000000    0.000000    0.000000    0.000000    0.000000
   23  2   -5.247633    2.000000    0.000000    1.000000   -0.000001    1.000000    0.000001    0.000000    0.000000    0.000000    0.000004    0.000000   -0.000004
   25  2   -0.656861    2.000000    0.000000   -1.999999    0.000000   -1.999999    0.000000    0.000000    0.000000    0.000000    0.000000    0.000000    0.000000
   27  2   -0.590150    2.000000    0.000000    1.000000    0.000000    1.000000   -0.000000    0.000000    0.000000    0.000000    0.000000    0.000000   -0.000000
   29  2   -0.542788    2.000000    0.000000    1.000000    0.000022    1.000000   -0.000022    0.000000    0.000008    0.000000   -0.000022    0.000000    0.000030
   31  2   -0.165393    2.000000    0.000000    0.999995   -0.000000    0.999995    0.000000    0.000000    0.000000    0.000000    0.000001    0.000000    0.000001
   33  2   -0.130395    2.000000    0.000000   -1.999995    0.000000   -1.999995    0.000000    0.000000    0.000000    0.000000   -0.000001    0.000000   -0.000001
   35  2    1.772291    2.000000    0.000000    1.000000    0.000000    1.000000   -0.000000    0.000000    0.000000    0.000000    0.000000    0.000000    0.000000
   37  2    2.914765    2.000000    0.000000    1.000000   -0.000002    1.000000    0.000002    0.000000    0.000000    0.000000   -0.000001    0.000000    0.000002
   39  2    3.374023    2.000000    0.000000    0.999998   -0.000001    0.999998    0.000001    0.000000    0.000000    0.000000   -0.000001    0.000000    0.000003
   41  2    3.400260    2.000000    0.000000   -1.999997    0.000000   -1.999997    0.000000    0.000000    0.000000    0.000000   -0.000001    0.000000   -0.000001
   43  2    4.663197    2.000000    0.000000    0.999987    0.000001    0.999987   -0.000000    0.000000    0.000000    0.000000    0.000005    0.000000    0.000005
   45  2    4.684117    2.000000    0.000000   -1.999987    0.000000   -1.999987    0.000000    0.000000    0.000000    0.000000   -0.000005    0.000000   -0.000005
   47  2    6.990297    2.000000    0.000000    0.999998   -0.000115    0.999998    0.000115    0.000000    0.000008    0.000000    0.000053    0.000000   -0.000045
   49  2    7.132376    2.000000    0.000000    0.999991    0.000066    0.999991   -0.000065    0.000000   -0.000015    0.000000   -0.000071    0.000000    0.000046
   51  2    7.149181    2.000000    0.000000   -1.999992    0.000001   -1.999992   -0.000001    0.000000   -0.000004    0.000000    0.000010    0.000000    0.000010
   53  1    7.846239    1.000000    0.000000    0.497887    0.510926    0.497887   -0.510926    0.000000   -0.367825    0.000000    0.437574    0.000000   -0.803940
   54  1    7.853479    1.000000    0.000000    0.489219   -0.502859    0.489219    0.502859    0.000000    0.366931    0.000000   -0.425311    0.000000    0.789128
   55  1    8.164794    1.000000    0.000000   -0.901653    0.022186   -0.901653   -0.022186    0.000000    0.115963    0.000000   -0.057787    0.000000   -0.161905
   56  1    8.169747    1.000000    0.000000    0.480587   -0.392789    0.480587    0.392789    0.000000   -0.058680    0.000000   -0.783176    0.000000    0.731874
  6
    1    2    3    4    5    6
    1  2  -46.337340    2.000000    0.000000   -2.000000    0.000000   -2.000000    0.000000    0.000000    0.000000    0.000000    0.000000    0.000000    0.000000
    3  2  -45.906520    2.000000    0.000000    1.000000    0.000001    1.000000   -0.000001    0.000000    0.000000    0.000000   -0.000001    0.000000    0.000001
    5  2  -45.436364    2.000000    0.000000    1.000000    0.000001    1.000000   -0.000001    0.000000    0.000000    0.000000    0.000001    0.000000   -0.000001
    7  2  -41.435295    2.000000    0.000000    1.000000   -0.000000    1.000000    0.000001    0.000000    0.000000    0.000000    0.000001    0.000000   -0.000001
    9  2  -41.051629    2.000000    0.000000   -2.000000    0.000000   -2.000000    0.000000    0.000000    0.000000    0.000000    0.000000    0.000000    0.000000
   11  2  -40.686520    2.000000    0.000000    1.000000    0.000000    1.000000    0.000000    0.000000    0.000000    0.000000    0.000000    0.000000    0.000000
   13  2  -35.735925    2.000000    0.000000    1.000000   -0.000001    1.000000    0.000002    0.000000    0.000000    0.000000   -0.000011    0.000000    0.000011
   15  2  -17.034044    2.000000    0.000000    1.000000    0.000000    1.000000    0.000000    0.000000    0.000000    0.000000    0.000000    0.000000    0.000000
   17  2  -16.662428    2.000000    0.000000   -1.999996    0.000000   -1.999996    0.000000    0.000000    0.000000    0.000000    0.000003    0.000000    0.000004
   19  2  -16.658843    2.000000    0.000000    0.999996    0.000000    0.999996   -0.000000    0.000000    0.000000    0.000000   -0.000003    0.000000   -0.000003
   21  2   -4.753002    2.000000    0.000000   -2.000000    0.000000   -2.000000    0.000000    0.000000    0.000000    0.000000    0.000000    0.000000    0.000000
   23  2   -4.616164    2.000000    0.000000    1.000000   -0.000000    1.000000    0.000000    0.000000    0.000000    0.000000    0.000001    0.000000   -0.000000
   25  2   -0.478621    2.000000    0.000000   -2.000000    0.000000   -2.000000    0.000000    0.000000    0.000000    0.000000    0.000000    0.000000    0.000000
   27  2   -0.431930    2.000000    0.000000    1.000000    0.000001    1.000000   -0.000001    0.000000    0.000000    0.000000   -0.000002    0.000000    0.000002
   29  2   -0.230023    2.000000    0.000000    1.000000    0.000001    1.000000   -0.000000    0.000000    0.000000    0.000000   -0.000003    0.000000    0.000003
   31  2   -0.201694    2.000000    0.000000    1.000000   -0.000000    1.000000    0.000000    0.000000    0.000000    0.000000    0.000000    0.000000   -0.000000
   33  2    0.348743    2.000000    0.000000   -2.000000    0.000000   -2.000000    0.000000    0.000000    0.000000    0.000000    0.000000    0.000000    0.000000
   35  2    0.634920    2.000000    0.000000    1.000000   -0.000000    1.000000    0.000001    0.000000    0.000000    0.000000    0.000001    0.000000   -0.000000
   37  2    1.574576    2.000000    0.000000   -2.000000    0.000000   -2.000000    0.000000    0.000000    0.000000    0.000000    0.000000    0.000000    0.000000
   39  2    1.733090    2.000000    0.000000    1.000000   -0.000000    1.000000    0.000000    0.000000    0.000000    0.000000    0.000000    0.000000   -0.000000
   41  2    2.323237    2.000000    0.000000    1.000000    0.000072    1.000000   -0.000072    0.000000    0.000006    0.000000   -0.000014    0.000000    0.000020
   43  2    3.377874    2.000000    0.000000   -2.000000    0.000000   -2.000000    0.000000    0.000000    0.000000    0.000000    0.000000    0.000000    0.000000
   45  2    3.537749    2.000000    0.000000    1.000000    0.000000    1.000000   -0.000000    0.000000    0.000000    0.000000    0.000000    0.000000    0.000000
   47  2    6.710425    2.000000    0.000000    1.000000    0.000005    1.000000   -0.000005    0.000000    0.000000    0.000000    0.000018    0.000000   -0.000018
   49  2    6.861112    2.000000    0.000000    1.000000    0.000014    1.000000   -0.000014    0.000000    0.000000    0.000000    0.000005    0.000000   -0.000005
   51  2    7.144931    2.000000    0.000000   -2.000000    0.000000   -2.000000    0.000000    0.000000    0.000000    0.000000    0.000000    0.000000    0.000000
   53  2    7.802238    2.000000    0.000000    0.999999    0.000041    0.999999   -0.000040    0.000000   -0.000006    0.000000    0.000300    0.000000   -0.000306
   55  2    8.373026    2.000000    0.000000    0.999867   -0.000044    0.999867    0.000044    0.000000   -0.000078    0.000000    0.000172    0.000000   -0.000286
  6
    1    2    3    4    5    6
    1  2  -46.337210    2.000000    0.000000    1.000000   -0.000001    1.000000    0.000001    0.000000    0.000000    0.000000    0.000001    0.000000   -0.000000
    3  2  -45.906525    2.000000    0.000000   -2.000000    0.000000   -2.000000    0.000000    0.000000    0.000000    0.000000    0.000000    0.000000    0.000000
    5  2  -45.436512    2.000000    0.000000    1.000000   -0.000000    1.000000    0.000000    0.000000    0.000000    0.000000   -0.000000    0.000000    0.000000
    7  2  -41.435516    2.000000    0.000000   -2.000000    0.000000   -2.000000    0.000000    0.000000    0.000000    0.000000    0.000000    0.000000    0.000000
    9  2  -41.051619    2.000000    0.000000    1.000000    0.000000    1.000000    0.000000    0.000000    0.000000    0.000000    0.000000    0.000000    0.000000
   11  2  -40.686270    2.000000    0.000000    1.000000   -0.000000    1.000000    0.000000    0.000000    0.000000    0.000000    0.000000    0.000000    0.000000
   13  2  -35.735925    2.000000    0.000000    1.000000   -0.000000    1.000000    0.000001    0.000000    0.000000    0.000000   -0.000001    0.000000    0.000001
   15  2  -17.034186    2.000000    0.000000    1.000000    0.000000    1.000000    0.000000    0.000000    0.000000    0.000000    0.000000    0.000000    0.000000
   17  2  -16.662196    2.000000    0.000000   -1.999995    0.000000   -1.999995    0.000000    0.000000    0.000000    0.000000    0.000004    0.000000    0.000005
   19  2  -16.658920    2.000000    0.000000    0.999995   -0.000000    0.999995    0.000000    0.000000    0.000000    0.000000   -0.000004    0.000000   -0.000004
   21  2   -4.751772    2.000000    0.000000    1.000000    0.000000    1.000000    0.000000    0.000000    0.000000    0.000000    0.000000    0.000000    0.000000
   23  2   -4.619837    2.000000    0.000000   -2.000000    0.000000   -2.000000    0.000000    0.000000    0.000000    0.000000    0.000000    0.000000    0.000000
   25  2   -0.463457    2.000000    0.000000    1.000000    0.000000    1.000000   -0.000000    0.000000    0.000000    0.000000   -0.000001    0.000000    0.000001
   27  2   -0.462425    2.000000    0.000000    1.000000   -0.000003    1.000000    0.000003    0.000000    0.000000    0.000000    0.000001    0.000000   -0.000001
   29  2   -0.201610    2.000000    0.000000   -2.000000    0.000000   -2.000000    0.000000    0.000000    0.000000    0.000000    0.000000    0.000000    0.000000
   31  2   -0.142159    2.000000    0.000000    1.000000   -0.000001    1.000000    0.000001    0.000000    0.000000    0.000000    0.000000    0.000000   -0.000000
   33  2    0.281703    2.000000    0.000000    1.000000    0.000000    1.000000   -0.000000    0.000000    0.000000    0.000000   -0.000000    0.000000    0.000000
   35  2    0.626374    2.000000    0.000000   -2.000000    0.000000   -2.000000    0.000000    0.000000    0.000000    0.000000    0.000000    0.000000    0.000000
   37  2    1.591455    2.000000    0.000000    1.000000    0.000000    1.000000    0.000000    0.000000    0.000000    0.000000   -0.000000    0.000000    0.000000
   39  2    1.731160    2.000000    0.000000    1.000000   -0.000000    1.000000    0.000000    0.000000    0.000000    0.000000    0.000000    0.000000   -0.000000
   41  2    2.310531    2.000000    0.000000    1.000000   -0.000047    1.000000    0.000047    0.000000    0.000003    0.000000   -0.000029    0.000000    0.000032
   43  2    3.381664    2.000000    0.000000    1.000000    0.000000    1.000000   -0.000000    0.000000    0.000000    0.000000    0.000000    0.000000    0.000000
   45  2    3.530542    2.000000    0.000000   -2.000000    0.000000   -2.000000    0.000000    0.000000    0.000000    0.000000    0.000000    0.000000    0.000000
   47  2    6.699707    2.000000    0.000000   -1.999999    0.000000   -1.999999    0.000000    0.000000    0.000000    0.000000    0.000000    0.000000    0.000000
   49  2    6.821400    2.000000    0.000000    1.000000   -0.000001    1.000000    0.000001    0.000000    0.000000    0.000000    0.000001    0.000000   -0.000001
   51  2    7.148308    2.000000    0.000000    1.000000    0.000015    1.000000   -0.000015    0.000000    0.000000    0.000000   -0.000006    0.000000    0.000006
   53  2    7.803622    2.000000    0.000000    1.000000    0.000045    1.000000   -0.000044    0.000000    0.000000    0.000000    0.000075    0.000000   -0.000075
   55  2    8.451191    2.000000    0.000000   -1.998204    0.000269   -1.998204   -0.000268    0.000000   -0.000560    0.000000    0.000669    0.000000    0.000978
  6
    1    2    3    4    5    6
    1  2  -46.337350    2.000000    0.000000   -2.000000    0.000000   -2.000000    0.000000    0.000000    0.000000    0.000000    0.000000    0.000000    0.000000
    3  2  -45.906532    2.000000    0.000000    1.000000    0.000001    1.000000   -0.000000    0.000000    0.000000    0.000000   -0.000001    0.000000    0.000001
    5  2  -45.436370    2.000000    0.000000    1.000000   -0.000000    1.000000    0.000000    0.000000    0.000000    0.000000   -0.000000    0.000000    0.000000
    7  2  -41.435307    2.000000    0.000000    1.000000    0.000000    1.000000    0.000000    0.000000    0.000000    0.000000    0.000001    0.000000   -0.000001
    9  2  -41.051646    2.000000    0.000000   -2.000000    0.000000   -2.000000    0.000000    0.000000    0.000000    0.000000    0.000000    0.000000    0.000000
   11  2  -40.686530    2.000000    0.000000    1.000000    0.000000    1.000000    0.000000    0.000000    0.000000    0.000000    0.000000    0.000000    0.000000
   13  2  -35.735927    2.000000    0.000000    1.000000    0.000003    1.000000   -0.000003    0.000000    0.000000    0.000000   -0.000016    0.000000    0.000017
   15  2  -17.034076    2.000000    0.000000    1.000000    0.000000    1.000000    0.000000    0.000000    0.000000    0.000000    0.000000    0.000000    0.000000
   17  2  -16.662479    2.000000    0.000000   -1.999996    0.000000   -1.999996    0.000000    0.000000    0.000000    0.000000    0.000003    0.000000    0.000004
   19  2  -16.658842    2.000000    0.000000    0.999996    0.000000    0.999996    0.000000    0.000000    0.000000    0.000000   -0.000003    0.000000   -0.000004
   21  2   -4.759301    2.000000    0.000000   -2.000000    0.000000   -2.000000    0.000000    0.000000    0.000000    0.000000    0.000000    0.000000    0.000000
   23  2   -4.632048    2.000000    0.000000    1.000000    0.000000    1.000000    0.000000    0.000000    0.000000    0.000000    0.000000    0.000000    0.000000
   25  2   -0.455053    2.000000    0.000000   -2.000000    0.000000   -2.000000    0.000000    0.000000    0.000000    0.000000    0.000000    0.000000    0.000000
   27  2   -0.393765    2.000000    0.000000    1.000000    0.000003    1.000000   -0.000002    0.000000    0.000000    0.000000    0.000003    0.000000   -0.000003
   29  2   -0.228394    2.000000    0.000000    1.000000    0.000008    1.000000   -0.000008    0.000000    0.000000    0.000000    0.000007    0.000000   -0.000007
   31  2   -0.137567    2.000000    0.000000    1.000000    0.000000    1.000000    0.000000    0.000000    0.000000    0.000000    0.000000    0.000000    0.000000
   33  2    0.323994    2.000000    0.000000   -2.000000    0.000000   -2.000000    0.000000    0.000000    0.000000    0.000000    0.000000    0.000000    0.000000
   35  2    0.916546    2.000000    0.000000    1.000000    0.000000    1.000000    0.000000    0.000000    0.000000    0.000000    0.000000    0.000000    0.000000
   37  2    1.298012    2.000000    0.000000    1.000000   -0.000004    1.000000    0.000004    0.000000    0.000000    0.000000   -0.000000    0.000000    0.000001
   39  2    1.853491    2.000000    0.000000   -2.000000    0.000000   -2.000000    0.000000    0.000000    0.000000    0.000000    0.000000    0.000000    0.000000
   41  2    2.749138    2.000000    0.000000    1.000000    0.000000    1.000000    0.000000    0.000000    0.000000    0.000000    0.000000    0.000000   -0.000000
   43  2    2.901318    2.000000    0.000000    1.000000   -0.000000    1.000000    0.000000    0.000000    0.000000    0.000000    0.000000    0.000000   -0.000000
   45  2    2.988438    2.000000    0.000000   -2.000000    0.000000   -2.000000    0.000000    0.000000    0.000000    0.000000    0.000000    0.000000    0.000000
   47  2    6.745226    2.000000    0.000000    1.000000    0.000027    1.000000   -0.000027    0.000000    0.000000    0.000000    0.000019    0.000000   -0.000019
   49  2    6.929869    2.000000    0.000000   -2.000000    0.000000   -2.000000    0.000000    0.000000    0.000000    0.000000    0.000000    0.000000    0.000000
   51  2    7.506635    2.000000    0.000000    1.000000   -0.000007    1.000000    0.000007    0.000000    0.000000    0.000000    0.000075    0.000000   -0.000075
   53  2    7.550390    2.000000    0.000000    1.000000   -0.000028    1.000000    0.000028    0.000000    0.000001    0.000000    0.000046    0.000000   -0.000044
   55  2    8.143402    2.000000    0.000000    0.999986   -0.000452    0.999986    0.000453    0.000000    0.000036    0.000000   -0.000047    0.000000    0.000105
  6
    1    2    3    4    5    6
    1  2  -46.337220    2.000000    0.000000    1.000000   -0.000001    1.000000    0.000001    0.000000    0.000000    0.000000   -0.000001    0.000000    0.000001
    3  2  -45.906537    2.000000    0.000000   -2.000000    0.000000   -2.000000    0.000000    0.000000    0.000000    0.000000    0.000000    0.000000    0.000000
    5  2  -45.436519    2.000000    0.000000    1.000000    0.000000    1.000000    0.000000    0.000000    0.000000    0.000000   -0.000000    0.000000    0.000000
    7  2  -41.435527    2.000000    0.000000   -2.000000    0.000000   -2.000000    0.000000    0.000000    0.000000    0.000000    0.000000    0.000000    0.000000
    9  2  -41.051636    2.000000    0.000000    1.000000    0.000000    1.000000    0.000000    0.000000    0.000000    0.000000    0.000000    0.000000    0.000000
   11  2  -40.686280    2.000000    0.000000    1.000000    0.000000    1.000000    0.000000    0.000000    0.000000    0.000000    0.000000    0.000000    0.000000
   13  2  -35.735926    2.000000    0.000000    1.000000    0.000001    1.000000   -0.000001    0.000000    0.000000    0.000000   -0.000012    0.000000    0.000012
   15  2  -17.034208    2.000000    0.000000    1.000000    0.000000    1.000000    0.000000    0.000000    0.000000    0.000000    0.000000    0.000000    0.000000
   17  2  -16.662266    2.000000    0.000000   -1.999995    0.000000   -1.999995    0.000000    0.000000    0.000000    0.000000    0.000004    0.000000    0.000004
   19  2  -16.658913    2.000000    0.000000    0.999996    0.000000    0.999996    0.000000    0.000000    0.000000    0.000000   -0.000004    0.000000   -0.000004
   21  2   -4.758261    2.000000    0.000000    1.000000    0.000000    1.000000    0.000000    0.000000    0.000000    0.000000    0.000000    0.000000   -0.000000
   23  2   -4.635361    2.000000    0.000000   -2.000000    0.000000   -2.000000    0.000000    0.000000    0.000000    0.000000    0.000000    0.000000    0.000000
   25  2   -0.436420    2.000000    0.000000    1.000000   -0.000000    1.000000    0.000000    0.000000    0.000000    0.000000    0.000000    0.000000    0.000000
   27  2   -0.422230    2.000000    0.000000    1.000000   -0.000000    1.000000    0.000001    0.000000    0.000000    0.000000   -0.000000    0.000000    0.000000
   29  2   -0.144920    2.000000    0.000000    1.000000    0.000002    1.000000   -0.000002    0.000000    0.000000    0.000000    0.000002    0.000000   -0.000001
   31  2   -0.138468    2.000000    0.000000   -2.000000    0.000000   -2.000000    0.000000    0.000000    0.000000    0.000000    0.000000    0.000000    0.000000
   33  2    0.254762    2.000000    0.000000    1.000000   -0.000000    1.000000    0.000000    0.000000    0.000000    0.000000    0.000000    0.000000   -0.000000
   35  2    0.903225    2.000000    0.000000   -2.000000    0.000000   -2.000000    0.000000    0.000000    0.000000    0.000000    0.000000    0.000000    0.000000
   37  2    1.296172    2.000000    0.000000    1.000000    0.000012    1.000000   -0.000011    0.000000    0.000000    0.000000   -0.000009    0.000000    0.000009
   39  2    1.876098    2.000000    0.000000    1.000000    0.000000    1.000000    0.000000    0.000000    0.000000    0.000000    0.000000    0.000000   -0.000000
   41  2    2.753983    2.000000    0.000000   -2.000000    0.000000   -2.000000    0.000000    0.000000    0.000000    0.000000    0.000000    0.000000    0.000000
   43  2    2.884271    2.000000    0.000000    1.000000   -0.000000    1.000000    0.000000    0.000000    0.000000    0.000000   -0.000000    0.000000    0.000000
   45  2    2.988402    2.000000    0.000000    1.000000    0.000000    1.000000    0.000000    0.000000    0.000000    0.000000    0.000000    0.000000    0.000000
   47  2    6.724220    2.000000    0.000000    1.000000    0.000001    1.000000   -0.000001    0.000000    0.000000    0.000000   -0.000017    0.000000    0.000017
   49  2    6.932511    2.000000    0.000000    1.000000   -0.000001    1.000000    0.000001    0.000000    0.000000    0.000000   -0.000007    0.000000    0.000007
   51  2    7.480156    2.000000    0.000000    0.999999    0.000111    0.999999   -0.000111    0.000000    0.000000    0.000000   -0.000011    0.000000    0.000010
   53  2    7.524419    2.000000    0.000000   -1.999998    0.000000   -1.999998    0.000000    0.000000    0.000000    0.000000    0.000001    0.000000    0.000001
   55  2    8.197233    2.000000    0.000000   -1.999994   -0.000001   -1.999994    0.000001    0.000000    0.000005    0.000000   -0.000000    0.000000   -0.000002
  2
    1    6
    1  2  -46.337217    2.000000    0.000000    0.000000   -0.000000
    3  2  -45.906534    2.000000    0.000000    0.000000   -0.000000
    5  2  -45.436366    2.000000    0.000000    0.000000    0.000000
    7  2  -41.435319    2.000000    0.000000    0.000000   -0.000000
    9  2  -41.051646    2.000000    0.000000    0.000000    0.000000
   11  2  -40.686288    2.000000    0.000000    0.000000    0.000000
   13  2  -35.736412    2.000000    0.000000    0.000000    0.000006
   15  2  -17.032611    2.000000    0.000000    0.000000    0.000000
   17  2  -16.672828    2.000000    0.000000    0.000000   -0.000000
   19  2  -16.641400    2.000000    0.000000    0.000000    0.000000
   21  2   -4.903334    2.000000    0.000000    0.000000    0.000001
   23  2   -4.618031    2.000000    0.000000    0.000000    0.000003
   25  2   -0.682332    2.000000    0.000000    0.000000    0.000012
   27  2   -0.351739    2.000000    0.000000    0.000000   -0.000002
   29  2   -0.207975    2.000000    0.000000    0.000000   -0.000000
   31  2   -0.103825    2.000000    0.000000    0.000000   -0.000005
   33  2    0.026530    2.000000    0.000000    0.000000   -0.000193
   35  2    0.470069    2.000000    0.000000    0.000000   -0.000003
   37  2    1.250786    2.000000    0.000000    0.000000    0.000016
   39  2    2.882121    2.000000    0.000000    0.000000   -0.000002
   41  2    2.905449    2.000000    0.000000    0.000000    0.000002
   43  2    3.713049    2.000000    0.000000    0.000000    0.000000
   45  2    3.776077    2.000000    0.000000    0.000000   -0.000000
   47  2    6.253318    2.000000    0.000000    0.000000    0.000001
   49  2    6.443581    2.000000    0.000000    0.000000   -0.000020
   51  2    7.368050    2.000000    0.000000    0.000000    0.000044
   53  2    7.664693    2.000000    0.000000    0.000000    0.000138
   55  2    7.911267    2.000000    0.000000    0.000000    0.000204
  2
    1    6
    1  2  -46.337213    2.000000    0.000000    0.000000   -0.000000
    3  2  -45.906538    2.000000    0.000000    0.000000    0.000000
    5  2  -45.436363    2.000000    0.000000    0.000000    0.000000
    7  2  -41.435313    2.000000    0.000000    0.000000    0.000000
    9  2  -41.051653    2.000000    0.000000    0.000000    0.000000
   11  2  -40.686284    2.000000    0.000000    0.000000    0.000000
   13  2  -35.736412    2.000000    0.000000    0.000000   -0.000002
   15  2  -17.032621    2.000000    0.000000    0.000000    0.000000
   17  2  -16.672857    2.000000    0.000000    0.000000   -0.000000
   19  2  -16.641379    2.000000    0.000000    0.000000    0.000000
   21  2   -4.883664    2.000000    0.000000    0.000000   -0.000001
   23  2   -4.669432    2.000000    0.000000    0.000000   -0.000003
   25  2   -0.584432    2.000000    0.000000    0.000000   -0.000007
   27  2   -0.352601    2.000000    0.000000    0.000000   -0.000000
   29  2   -0.175845    2.000000    0.000000    0.000000   -0.000018
   31  2   -0.102742    2.000000    0.000000    0.000000    0.000001
   33  2   -0.010661    2.000000    0.000000    0.000000    0.000116
   35  2    0.636360    2.000000    0.000000    0.000000    0.000005
   37  2    1.652063    2.000000    0.000000    0.000000    0.000008
   39  2    2.322895    2.000000    0.000000    0.000000    0.000001
   41  2    3.005019    2.000000    0.000000    0.000000    0.000001
   43  2    3.118845    2.000000    0.000000    0.000000   -0.000005
   45  2    3.607339    2.000000    0.000000    0.000000    0.000001
   47  2    5.759673    2.000000    0.000000    0.000000   -0.000009
   49  2    7.164372    2.000000    0.000000    0.000000    0.000166
   51  2    7.542927    2.000000    0.000000    0.000000    0.005716
   53  1    7.798127    1.000000    0.000000    0.000000    0.645710
   54  1    7.799792    1.000000    0.000000    0.000000   -0.633729
   55  1    7.929496    1.000000    0.000000    0.000000   -0.256221
   56  1    7.932804    1.000000    0.000000    0.000000    0.243450
