   31   40
  1
 12
  1  0  0  0  1  0  0  0  1    0.000000    0.000000    0.000000    1.000000    0.000000    0.000000    0.000000    0.000000    0.000000    1.000000    0.000000  1
  0 -1  0  1 -1  0  0  0  1    0.000000    0.000000    0.000000    0.500000   -0.866025    0.000000    0.000000    0.000000    0.000000    0.500000    0.866025  1
 -1  1  0 -1  0  0  0  0  1    0.000000    0.000000    0.000000    0.500000    0.866025    0.000000    0.000000    0.000000    0.000000    0.500000   -0.866025  1
 -1  0  0  0 -1  0  0  0 -1    0.000000    0.000000    0.000000    1.000000    0.000000    0.000000    0.000000    0.000000    0.000000    1.000000    0.000000  1
  0  1  0 -1  1  0  0  0 -1    0.000000    0.000000    0.000000    0.500000   -0.866025    0.000000    0.000000    0.000000    0.000000    0.500000    0.866025  1
  1 -1  0  1  0  0  0  0 -1    0.000000    0.000000    0.000000    0.500000    0.866025    0.000000    0.000000    0.000000    0.000000    0.500000   -0.866025  1
  0  1  0  1  0  0  0  0 -1    0.000000    0.000000    0.000000    0.000000    0.000000   -0.866025   -0.500000    0.866025   -0.500000    0.000000    0.000000 -1
  1 -1  0  0 -1  0  0  0 -1    0.000000    0.000000    0.000000    0.000000    0.000000    0.000000   -1.000000    0.000000   -1.000000    0.000000    0.000000 -1
 -1  0  0 -1  1  0  0  0 -1    0.000000    0.000000    0.000000    0.000000    0.000000   -0.866025    0.500000    0.866025    0.500000    0.000000    0.000000 -1
  0 -1  0 -1  0  0  0  0  1    0.000000    0.000000    0.000000    0.000000    0.000000   -0.866025   -0.500000    0.866025   -0.500000    0.000000    0.000000 -1
 -1  1  0  0  1  0  0  0  1    0.000000    0.000000    0.000000    0.000000    0.000000    0.000000   -1.000000    0.000000   -1.000000    0.000000    0.000000 -1
  1  0  0  1 -1  0  0  0  1    0.000000    0.000000    0.000000    0.000000    0.000000   -0.866025    0.500000    0.866025    0.500000    0.000000    0.000000 -1
  6
    0.000000    0.000000    0.000000
    0.000000    0.000000    0.500000
    0.333333    0.333333    0.500000
    0.333333    0.333333    0.000000
    0.500000    0.000000    0.500000
    0.500000    0.000000    0.000000
  6
    1    2    3    4    5    6
    1  1  -40.404271    1.000000    0.000000    0.500000    0.866025    0.500000   -0.866025   -1.000000    0.000000   -0.500000   -0.866025   -0.500000    0.866025
    2  1  -40.103854    1.000000    0.000000    0.500000   -0.866025    0.500000    0.866025   -1.000000    0.000000   -0.500000    0.866025   -0.500000   -0.866025
    3  1  -39.657177    1.000000    0.000000   -1.000000    0.000000   -1.000000    0.000000   -1.000000    0.000000    1.000000    0.000000    1.000000    0.000000
    4  1  -37.097945    1.000000    0.000000    0.500000   -0.866025    0.500000    0.866025   -1.000000    0.000000   -0.500000    0.866025   -0.500000   -0.866025
    5  1  -36.797902    1.000000    0.000000    0.500000    0.866025    0.500000   -0.866025   -1.000000    0.000000   -0.500000   -0.866025   -0.500000    0.866025
    6  1  -36.498107    1.000000    0.000000   -1.000000    0.000000   -1.000000    0.000000   -1.000000    0.000000    1.000000    0.000000    1.000000    0.000000
    7  2  -19.182203    2.000000    0.000000    1.000000    0.000002    1.000000   -0.000002   -2.000000    0.000000   -1.000000   -0.000002   -1.000000    0.000002
    9  2  -19.005297    2.000000    0.000000   -1.998962    0.000544   -1.998962   -0.000543   -2.000000    0.000000    1.998962   -0.000543    1.998962    0.000544
   11  1  -19.003690    1.000000    0.000000    0.499031    0.865462    0.499031   -0.865462   -1.000000    0.000000   -0.499031   -0.865462   -0.499031    0.865462
   12  1  -19.002403    1.000000    0.000000    0.499953   -0.865994    0.499953    0.865994   -1.000000    0.000000   -0.499953    0.865994   -0.499953   -0.865994
   13  1   -8.988925    1.000000    0.000000    0.500000    0.866017    0.500000   -0.866016    1.000000    0.000000    0.500000    0.866017    0.500000   -0.866016
   14  1   -8.964149    1.000000    0.000000    0.500000   -0.866016    0.500000    0.866017    1.000000    0.000000    0.500000   -0.866016    0.500000    0.866017
   15  1   -7.690252    1.000000    0.000000    0.500000    0.866025    0.500000   -0.866025   -1.000000    0.000000   -0.500000   -0.866025   -0.500000    0.866025
   16  1   -7.570990    1.000000    0.000000    0.500000   -0.866025    0.500000    0.866025   -1.000000    0.000000   -0.500000    0.866025   -0.500000   -0.866025
   17  1   -0.935297    1.000000    0.000000    0.500000   -0.866025    0.500000    0.866025    1.000000    0.000000    0.500000   -0.866025    0.500000    0.866025
   18  1   -0.382095    1.000000    0.000000    0.500000    0.866025    0.500000   -0.866025    1.000000    0.000000    0.500000    0.866025    0.500000   -0.866025
   19  1    0.846881    1.000000    0.000000   -0.999997    0.000002   -0.999997   -0.000001    1.000000    0.000000   -0.999997    0.000002   -0.999997   -0.000001
   20  1    0.889844    1.000000    0.000000    0.499998    0.866024    0.499998   -0.866024    1.000000    0.000000    0.499998    0.866024    0.499998   -0.866024
   21  1    2.077754    1.000000    0.000000    0.499999    0.866019    0.499999   -0.866019    1.000000    0.000000    0.499999    0.866019    0.499999   -0.866019
   22  1    2.097152    1.000000    0.000000    0.499994   -0.866020    0.499994    0.866020    1.000000    0.000000    0.499994   -0.866020    0.499994    0.866020
   23  1    2.113345    1.000000    0.000000   -0.999993   -0.000003   -0.999993    0.000003    1.000000    0.000000   -0.999993   -0.000003   -0.999993    0.000003
   24  1    2.155451    1.000000    0.000000   -0.999997   -0.000001   -0.999997    0.000002    1.000000    0.000000   -0.999997   -0.000001   -0.999997    0.000002
   25  1    2.358521    1.000000    0.000000    0.500000   -0.866025    0.500000    0.866025    1.000000    0.000000    0.500000   -0.866025    0.500000    0.866025
   26  1    3.339140    1.000000    0.000000    0.500000    0.866025    0.500000   -0.866025   -1.000000    0.000000   -0.500000   -0.866025   -0.500000    0.866025
   27  1    3.463749    1.000000    0.000000    0.500000   -0.866025    0.500000    0.866025   -1.000000    0.000000   -0.500000    0.866025   -0.500000   -0.866025
   28  1    3.860906    1.000000    0.000000    0.500000   -0.866025    0.500000    0.866025   -1.000000    0.000000   -0.499999    0.866025   -0.499999   -0.866025
   29  1    3.927349    1.000000    0.000000   -0.999997    0.000001   -0.999997   -0.000001   -1.000000    0.000000    0.999998   -0.000001    0.999998    0.000001
   30  1    3.978042    1.000000    0.000000    0.499998    0.866024    0.499998   -0.866024   -1.000000    0.000000   -0.499998   -0.866024   -0.499998    0.866024
   31  1    4.046787    1.000000    0.000000   -1.000000    0.000000   -1.000000    0.000000   -1.000000    0.000000    1.000000    0.000000    1.000000    0.000000
   32  1    6.476697    1.000000    0.000000    0.499999    0.866025    0.499999   -0.866025    1.000000    0.000000    0.499999    0.866025    0.499999   -0.866025
   33  1    6.489483    1.000000    0.000000   -0.999999    0.000000   -0.999999   -0.000000    1.000000    0.000000   -0.999999    0.000000   -0.999999   -0.000000
   34  1    6.880285    1.000000    0.000000    0.499996   -0.866023    0.499996    0.866023    1.000000    0.000000    0.499996   -0.866023    0.499996    0.866023
   35  1    6.904090    1.000000    0.000000   -0.999996   -0.000002   -0.999996    0.000002    1.000000    0.000000   -0.999996   -0.000002   -0.999996    0.000002
   36  1    7.008474    1.000000    0.000000    0.500000    0.866025    0.500000   -0.866024    1.000000    0.000000    0.500000    0.866025    0.500000   -0.866024
   37  1    7.945399    1.000000    0.000000    0.500000   -0.866025    0.500000    0.866025    1.000000    0.000000    0.500000   -0.866025    0.500000    0.866025
   38  1    8.204030    1.000000    0.000000   -0.999996   -0.000002   -0.999996    0.000002    1.000000    0.000000   -0.999996   -0.000002   -0.999996    0.000002
   39  1    8.226666    1.000000    0.000000    0.499998   -0.866021    0.499998    0.866021    0.999996    0.000000    0.499996   -0.866023    0.499996    0.866023
   40  1    8.270777    1.000000    0.000000    0.500000    0.866009    0.500000   -0.866009    0.999999    0.000000    0.500000    0.866009    0.500000   -0.866009
  6
    1    2    3    4    5    6
    1  1  -40.404259    1.000000    0.000000    0.500000    0.866025    0.500000   -0.866025   -1.000000    0.000000   -0.500000   -0.866025   -0.500000    0.866025
    2  1  -40.103880    1.000000    0.000000    0.500000   -0.866025    0.500000    0.866025   -1.000000    0.000000   -0.500000    0.866025   -0.500000   -0.866025
    3  1  -39.657166    1.000000    0.000000   -1.000000    0.000000   -1.000000    0.000000   -1.000000    0.000000    1.000000    0.000000    1.000000    0.000000
    4  1  -37.097936    1.000000    0.000000    0.500000   -0.866025    0.500000    0.866025   -1.000000    0.000000   -0.500000    0.866025   -0.500000   -0.866025
    5  1  -36.797925    1.000000    0.000000    0.500000    0.866025    0.500000   -0.866025   -1.000000    0.000000   -0.500000   -0.866025   -0.500000    0.866025
    6  1  -36.498101    1.000000    0.000000   -1.000000    0.000000   -1.000000    0.000000   -1.000000    0.000000    1.000000    0.000000    1.000000    0.000000
    7  2  -19.182327    2.000000    0.000000    1.000000    0.000003    1.000000   -0.000002    2.000000    0.000000    1.000000    0.000003    1.000000   -0.000002
    9  2  -19.005294    2.000000    0.000000   -1.996822    0.001761   -1.996822   -0.001760    2.000000    0.000000   -1.996822    0.001761   -1.996822   -0.001760
   11  1  -19.003954    1.000000    0.000000    0.496954    0.864263    0.496954   -0.864263    1.000000    0.000000    0.496954    0.864263    0.496954   -0.864263
   12  1  -19.002705    1.000000    0.000000    0.499938   -0.865985    0.499938    0.865985    1.000000    0.000000    0.499938   -0.865985    0.499938    0.865985
   13  1   -8.892961    1.000000    0.000000    0.500000    0.866014    0.500000   -0.866014    1.000000    0.000000    0.500000    0.866014    0.500000   -0.866014
   14  1   -8.870717    1.000000    0.000000    0.500000   -0.866014    0.500000    0.866014    1.000000    0.000000    0.500000   -0.866014    0.500000    0.866014
   15  1   -7.846727    1.000000    0.000000    0.500000    0.866025    0.500000   -0.866025   -1.000000    0.000000   -0.500000   -0.866025   -0.500000    0.866025
   16  1   -7.730954    1.000000    0.000000    0.500000   -0.866025    0.500000    0.866025   -1.000000    0.000000   -0.500000    0.866025   -0.500000   -0.866025
   17  1   -0.404184    1.000000    0.000000    0.500000   -0.866025    0.500000    0.866025    1.000000    0.000000    0.500000   -0.866025    0.500000    0.866025
   18  1    0.415462    1.000000    0.000000    0.500000    0.866025    0.500000   -0.866025    1.000000    0.000000    0.500000    0.866025    0.500000   -0.866025
   19  1    0.853517    1.000000    0.000000   -0.999997    0.000001   -0.999997   -0.000001    1.000000    0.000000   -0.999997    0.000001   -0.999997   -0.000001
   20  1    0.897664    1.000000    0.000000    0.499998    0.866024    0.499998   -0.866024    1.000000    0.000000    0.499998    0.866024    0.499998   -0.866024
   21  1    1.950260    1.000000    0.000000    0.500000    0.866025    0.500000   -0.866025   -1.000000    0.000000   -0.500000   -0.866025   -0.500000    0.866025
   22  1    2.038629    1.000000    0.000000    0.500000   -0.866025    0.500000    0.866025   -1.000000    0.000000   -0.500000    0.866025   -0.500000   -0.866025
   23  1    2.081857    1.000000    0.000000    0.499999    0.866024    0.499999   -0.866023    1.000000    0.000000    0.499999    0.866024    0.499999   -0.866023
   24  1    2.121154    1.000000    0.000000    0.499943   -0.865992    0.499943    0.865992    1.000000    0.000000    0.499943   -0.865992    0.499943    0.865992
   25  1    2.123993    1.000000    0.000000   -0.999893   -0.000061   -0.999893    0.000062    1.000000    0.000000   -0.999893   -0.000061   -0.999893    0.000062
   26  1    2.171558    1.000000    0.000000   -0.999996   -0.000002   -0.999996    0.000002    1.000000    0.000000   -0.999996   -0.000002   -0.999996    0.000002
   27  1    2.781008    1.000000    0.000000    0.500000   -0.866025    0.500000    0.866025    1.000000    0.000000    0.500000   -0.866025    0.500000    0.866025
   28  1    3.802497    1.000000    0.000000    0.500000   -0.866025    0.500000    0.866025   -1.000000    0.000000   -0.499999    0.866025   -0.499999   -0.866025
   29  1    3.872652    1.000000    0.000000   -0.999997    0.000001   -0.999997   -0.000001   -1.000000    0.000000    0.999997   -0.000001    0.999997    0.000001
   30  1    3.922264    1.000000    0.000000    0.499998    0.866024    0.499998   -0.866024   -1.000000    0.000000   -0.499997   -0.866024   -0.499997    0.866024
   31  1    3.992801    1.000000    0.000000   -1.000000    0.000000   -1.000000    0.000000   -1.000000    0.000000    1.000000    0.000000    1.000000    0.000000
   32  1    6.554068    1.000000    0.000000    0.499999    0.866025    0.499999   -0.866025    1.000000    0.000000    0.499999    0.866025    0.499999   -0.866025
   33  1    6.566892    1.000000    0.000000   -0.999999    0.000000   -0.999999   -0.000000    1.000000    0.000000   -0.999999    0.000000   -0.999999   -0.000000
   34  1    6.885328    1.000000    0.000000    0.499996   -0.866023    0.499996    0.866023    1.000000    0.000000    0.499996   -0.866023    0.499996    0.866023
   35  1    6.908646    1.000000    0.000000   -0.999996   -0.000002   -0.999996    0.000003    1.000000    0.000000   -0.999996   -0.000002   -0.999996    0.000003
   36  1    7.424242    1.000000    0.000000    0.500000    0.866025    0.500000   -0.866025    1.000000    0.000000    0.500000    0.866025    0.500000   -0.866025
   37  1    8.291467    1.000000    0.000000   -0.999988   -0.000006   -0.999988    0.000006    0.999999    0.000000   -0.999989   -0.000006   -0.999989    0.000006
   38  1    8.311875    1.000000    0.000000    0.499997   -0.866023    0.499997    0.866023    0.999997    0.000000    0.499995   -0.866021    0.499995    0.866021
   39  1    9.544477    1.000000    0.000000    0.499962   -0.846707    0.499962    0.846707   -0.951857    0.000000   -0.475934    0.805089   -0.475934   -0.805089
   40  1    9.661427    1.000000    0.000000    0.499955    0.785801    0.499955   -0.785801   -0.931492    0.000000   -0.465748   -0.844954   -0.465748    0.844955
  3
    1    2    3
    1  1  -40.415701    1.000000    0.000000    0.500000    0.866025    0.500000   -0.866025
    2  1  -40.101389    1.000000    0.000000    0.500000   -0.866025    0.500000    0.866025
    3  1  -39.669965    1.000000    0.000000   -1.000000    0.000000   -1.000000    0.000000
    4  1  -37.112174    1.000000    0.000000    0.500000   -0.866025    0.500000    0.866025
    5  1  -36.794367    1.000000    0.000000    0.500000    0.866025    0.500000   -0.866025
    6  1  -36.513986    1.000000    0.000000   -1.000000    0.000000   -1.000000    0.000000
    7  2  -19.200537    2.000000    0.000000    1.000000    0.000000    1.000000   -0.000000
    9  2  -19.035779    2.000000    0.000000   -1.999999    0.000000   -1.999999    0.000000
   11  1  -19.004070    1.000000    0.000000    0.500000    0.866021    0.500000   -0.866021
   12  1  -19.002622    1.000000    0.000000    0.500000   -0.866021    0.500000    0.866021
   13  1   -7.472677    1.000000    0.000000    0.499992   -0.866021    0.499992    0.866021
   14  1   -7.468185    1.000000    0.000000   -0.999992   -0.000004   -0.999992    0.000004
   15  1   -7.377043    1.000000    0.000000    0.499981    0.866014    0.499981   -0.866014
   16  1   -7.372703    1.000000    0.000000   -0.999981    0.000011   -0.999981   -0.000011
   17  1   -0.126774    1.000000    0.000000   -0.999992    0.000004   -0.999992   -0.000004
   18  1   -0.120225    1.000000    0.000000    0.499993    0.866020    0.499993   -0.866020
   19  1   -0.067621    1.000000    0.000000    0.499999   -0.866024    0.499999    0.866024
   20  1    0.291047    1.000000    0.000000    0.500000    0.866025    0.500000   -0.866025
   21  1    0.417011    1.000000    0.000000   -0.999997   -0.000001   -0.999997    0.000001
   22  1    0.432250    1.000000    0.000000    0.499998   -0.866024    0.499998    0.866024
   23  1    1.438466    1.000000    0.000000    0.500000   -0.866013    0.500000    0.866014
   24  1    1.468401    1.000000    0.000000    0.500000    0.866014    0.500000   -0.866013
   25  1    1.793257    1.000000    0.000000   -0.999998    0.000001   -0.999998   -0.000001
   26  1    1.823101    1.000000    0.000000    0.499998    0.866024    0.499998   -0.866024
   27  1    1.922152    1.000000    0.000000    0.500000   -0.866025    0.500000    0.866025
   28  1    2.323663    1.000000    0.000000   -0.999988   -0.000007   -0.999988    0.000007
   29  1    2.338634    1.000000    0.000000    0.499988   -0.866019    0.499988    0.866019
   30  1    2.671088    1.000000    0.000000   -1.000000    0.000000   -1.000000    0.000000
   31  1    2.692926    1.000000    0.000000    0.500000    0.866025    0.500000   -0.866025
   32  1    5.975664    1.000000    0.000000   -0.999992    0.000005   -0.999992   -0.000004
   33  1    5.977113    1.000000    0.000000    0.499992    0.866021    0.499992   -0.866021
   34  1    7.320920    1.000000    0.000000    0.500000    0.866025    0.500000   -0.866025
   35  1    7.706208    1.000000    0.000000   -0.999998   -0.000001   -0.999998    0.000001
   36  1    7.770018    1.000000    0.000000    0.500000   -0.866025    0.500000    0.866025
   37  1    7.791019    1.000000    0.000000    0.500000   -0.866025    0.500000    0.866025
   38  1    7.817932    1.000000    0.000000   -0.999998   -0.000001   -0.999998    0.000001
   39  1    9.893604    1.000000    0.000000    0.499002    0.864862    0.499002   -0.864862
   40  1    9.910574    1.000000    0.000000   -0.995802   -0.002204   -0.995802    0.002204
  3
    1    2    3
    1  1  -40.415704    1.000000    0.000000    0.500000    0.866025    0.500000   -0.866025
    2  1  -40.101407    1.000000    0.000000    0.500000   -0.866025    0.500000    0.866025
    3  1  -39.669966    1.000000    0.000000   -1.000000    0.000000   -1.000000    0.000000
    4  1  -37.112183    1.000000    0.000000    0.500000   -0.866025    0.500000    0.866025
    5  1  -36.794401    1.000000    0.000000    0.500000    0.866025    0.500000   -0.866025
    6  1  -36.513994    1.000000    0.000000   -1.000000    0.000000   -1.000000    0.000000
    7  2  -19.200484    2.000000    0.000000    1.000000    0.000000    1.000000    0.000000
    9  2  -19.035780    2.000000    0.000000   -1.999999    0.000000   -1.999999    0.000000
   11  1  -19.003928    1.000000    0.000000    0.500000    0.866022    0.500000   -0.866021
   12  1  -19.002439    1.000000    0.000000    0.500000   -0.866021    0.500000    0.866022
   13  1   -7.474019    1.000000    0.000000    0.499992   -0.866021    0.499992    0.866021
   14  1   -7.469507    1.000000    0.000000   -0.999992   -0.000004   -0.999992    0.000004
   15  1   -7.378419    1.000000    0.000000    0.499981    0.866014    0.499981   -0.866014
   16  1   -7.374062    1.000000    0.000000   -0.999981    0.000011   -0.999981   -0.000011
   17  1   -0.196697    1.000000    0.000000    0.500000   -0.866025    0.500000    0.866025
   18  1   -0.035300    1.000000    0.000000   -0.999994    0.000004   -0.999994   -0.000003
   19  1   -0.029036    1.000000    0.000000    0.499994    0.866022    0.499994   -0.866022
   20  1    0.149528    1.000000    0.000000    0.500000    0.866025    0.500000   -0.866025
   21  1    0.569297    1.000000    0.000000   -0.999998   -0.000001   -0.999998    0.000001
   22  1    0.588105    1.000000    0.000000    0.499998   -0.866024    0.499998    0.866025
   23  1    1.609824    1.000000    0.000000   -0.999997    0.000002   -0.999997   -0.000002
   24  1    1.636186    1.000000    0.000000    0.499997    0.866022    0.499997   -0.866022
   25  1    1.669115    1.000000    0.000000    0.500000   -0.866017    0.500000    0.866017
   26  1    1.706799    1.000000    0.000000    0.500000    0.866018    0.500000   -0.866018
   27  1    1.919843    1.000000    0.000000    0.500000   -0.866025    0.500000    0.866025
   28  1    2.069954    1.000000    0.000000   -0.999978   -0.000013   -0.999978    0.000013
   29  1    2.079164    1.000000    0.000000    0.499978   -0.866012    0.499978    0.866013
   30  1    2.789322    1.000000    0.000000   -1.000000    0.000000   -1.000000    0.000000
   31  1    2.814330    1.000000    0.000000    0.500000    0.866025    0.500000   -0.866025
   32  1    5.620886    1.000000    0.000000    0.499994    0.866022    0.499994   -0.866022
   33  1    5.626021    1.000000    0.000000   -0.999994    0.000004   -0.999994   -0.000004
   34  1    7.200055    1.000000    0.000000    0.500000    0.866025    0.500000   -0.866025
   35  1    7.418480    1.000000    0.000000   -1.000000    0.000000   -1.000000    0.000000
   36  1    7.446485    1.000000    0.000000    0.500000   -0.866025    0.500000    0.866025
   37  1    7.984922    1.000000    0.000000   -0.999995   -0.000003   -0.999995    0.000003
   38  1    7.987801    1.000000    0.000000    0.499995   -0.866022    0.499995    0.866022
   39  1    9.626185    1.000000    0.000000    0.499949   -0.865859    0.499949    0.865859
   40  1    9.852630    1.000000    0.000000    0.498892   -0.860613    0.498892    0.860614
  2
    1    4
    1  1  -40.414485    1.000000    0.000000   -1.000000    0.000000
    2  1  -40.101668    1.000000    0.000000   -1.000000    0.000000
    3  1  -39.668486    1.000000    0.000000   -1.000000    0.000000
    4  1  -37.110702    1.000000    0.000000   -1.000000    0.000000
    5  1  -36.794769    1.000000    0.000000   -1.000000    0.000000
    6  1  -36.512106    1.000000    0.000000   -1.000000    0.000000
    7  2  -19.199628    2.000000    0.000000    2.000000    0.000000
    9  2  -19.033444    2.000000    0.000000    2.000000    0.000000
   11  1  -19.001670    1.000000    0.000000    1.000000    0.000000
   12  1  -19.000474    1.000000    0.000000    1.000000    0.000000
   13  1   -7.646577    1.000000    0.000000   -1.000000    0.000000
   14  1   -7.534357    1.000000    0.000000   -1.000000    0.000000
   15  1   -7.519880    1.000000    0.000000    1.000000    0.000000
   16  1   -7.450765    1.000000    0.000000    1.000000    0.000000
   17  1   -1.074514    1.000000    0.000000    1.000000    0.000000
   18  1   -0.530129    1.000000    0.000000    1.000000    0.000000
   19  1    0.091430    1.000000    0.000000   -1.000000    0.000000
   20  1    0.127241    1.000000    0.000000   -1.000000    0.000000
   21  1    0.895171    1.000000    0.000000    1.000000    0.000000
   22  1    1.271270    1.000000    0.000000    1.000000    0.000000
   23  1    2.066728    1.000000    0.000000    1.000000    0.000000
   24  1    2.230198    1.000000    0.000000    1.000000    0.000000
   25  1    2.277430    1.000000    0.000000    1.000000    0.000000
   26  1    2.359399    1.000000    0.000000   -1.000000    0.000000
   27  1    2.375641    1.000000    0.000000    1.000000    0.000000
   28  1    2.382046    1.000000    0.000000   -1.000000    0.000000
   29  1    2.412621    1.000000    0.000000    1.000000    0.000000
   30  1    2.459443    1.000000    0.000000   -1.000000    0.000000
   31  1    2.476379    1.000000    0.000000   -1.000000    0.000000
   32  1    6.279079    1.000000    0.000000    1.000000    0.000000
   33  1    6.288310    1.000000    0.000000    1.000000    0.000000
   34  1    6.326714    1.000000    0.000000    1.000000    0.000000
   35  1    7.575799    1.000000    0.000000    1.000000    0.000000
   36  1    7.871322    1.000000    0.000000    1.000000    0.000000
   37  1    8.401792    1.000000    0.000000    0.999998    0.000000
   38  1    8.436027    1.000000    0.000000    0.999996    0.000000
   39  1    8.694994    1.000000    0.000000    0.999998    0.000000
   40  1    9.153655    1.000000    0.000000    0.994328    0.000000
  2
    1    4
    1  1  -40.414483    1.000000    0.000000   -1.000000    0.000000
    2  1  -40.101672    1.000000    0.000000   -1.000000    0.000000
    3  1  -39.668484    1.000000    0.000000   -1.000000    0.000000
    4  1  -37.110707    1.000000    0.000000   -1.000000    0.000000
    5  1  -36.794773    1.000000    0.000000   -1.000000    0.000000
    6  1  -36.512111    1.000000    0.000000   -1.000000    0.000000
    7  2  -19.199567    2.000000    0.000000   -2.000000    0.000000
    9  2  -19.033425    2.000000    0.000000   -2.000000    0.000000
   11  1  -19.001530    1.000000    0.000000   -1.000000    0.000000
   12  1  -19.000293    1.000000    0.000000   -1.000000    0.000000
   13  1   -7.655578    1.000000    0.000000   -1.000000    0.000000
   14  1   -7.543866    1.000000    0.000000   -1.000000    0.000000
   15  1   -7.515266    1.000000    0.000000    1.000000    0.000000
   16  1   -7.446337    1.000000    0.000000    1.000000    0.000000
   17  1   -1.043731    1.000000    0.000000    1.000000    0.000000
   18  1   -0.502268    1.000000    0.000000    1.000000    0.000000
   19  1    0.358531    1.000000    0.000000   -1.000000    0.000000
   20  1    0.402020    1.000000    0.000000   -1.000000    0.000000
   21  1    0.782528    1.000000    0.000000    1.000000    0.000000
   22  1    1.282990    1.000000    0.000000    1.000000    0.000000
   23  1    1.882016    1.000000    0.000000   -1.000000    0.000000
   24  1    1.910048    1.000000    0.000000   -1.000000    0.000000
   25  1    1.992077    1.000000    0.000000    1.000000    0.000000
   26  1    2.259352    1.000000    0.000000    1.000000    0.000000
   27  1    2.277715    1.000000    0.000000    1.000000    0.000000
   28  1    2.362935    1.000000    0.000000    1.000000    0.000000
   29  1    2.409803    1.000000    0.000000   -1.000000    0.000000
   30  1    2.432144    1.000000    0.000000   -1.000000    0.000000
   31  1    2.559342    1.000000    0.000000    1.000000    0.000000
   32  1    6.048264    1.000000    0.000000    1.000000    0.000000
   33  1    6.360455    1.000000    0.000000    1.000000    0.000000
   34  1    6.399024    1.000000    0.000000    1.000000    0.000000
   35  1    7.612216    1.000000    0.000000    1.000000    0.000000
   36  1    7.690748    1.000000    0.000000    1.000000    0.000000
   37  1    8.305295    1.000000    0.000000    1.000000    0.000000
   38  1    8.478249    1.000000    0.000000    1.000000    0.000000
   39  1    9.034981    1.000000    0.000000    0.999912    0.000000
   40  1    9.623706    1.000000    0.000000   -0.887820    0.000000
