   30   40
  1
 12
  1  0  0  0  1  0  0  0  1    0.000000    0.000000    0.000000    1.000000    0.000000    0.000000    0.000000    0.000000    0.000000    1.000000    0.000000  1
  0 -1  0  1 -1  0  0  0  1    0.000000    0.000000    0.000000    0.500000   -0.866025    0.000000    0.000000    0.000000    0.000000    0.500000    0.866025  1
 -1  1  0 -1  0  0  0  0  1    0.000000    0.000000    0.000000    0.500000    0.866025    0.000000    0.000000    0.000000    0.000000    0.500000   -0.866025  1
 -1  0  0  0 -1  0  0  0 -1    0.000000    0.000000    0.000000    1.000000    0.000000    0.000000    0.000000    0.000000    0.000000    1.000000    0.000000  1
  0  1  0 -1  1  0  0  0 -1    0.000000    0.000000    0.000000    0.500000   -0.866025    0.000000    0.000000    0.000000    0.000000    0.500000    0.866025  1
  1 -1  0  1  0  0  0  0 -1    0.000000    0.000000    0.000000    0.500000    0.866025    0.000000    0.000000    0.000000    0.000000    0.500000   -0.866025  1
  0  1  0  1  0  0  0  0 -1    0.000000    0.000000    0.000000    0.000000    0.000000   -0.866025   -0.500000    0.866025   -0.500000    0.000000    0.000000 -1
  1 -1  0  0 -1  0  0  0 -1    0.000000    0.000000    0.000000    0.000000    0.000000    0.000000   -1.000000    0.000000   -1.000000    0.000000    0.000000 -1
 -1  0  0 -1  1  0  0  0 -1    0.000000    0.000000    0.000000    0.000000    0.000000   -0.866025    0.500000    0.866025    0.500000    0.000000    0.000000 -1
  0 -1  0 -1  0  0  0  0  1    0.000000    0.000000    0.000000    0.000000    0.000000   -0.866025   -0.500000    0.866025   -0.500000    0.000000    0.000000 -1
 -1  1  0  0  1  0  0  0  1    0.000000    0.000000    0.000000    0.000000    0.000000    0.000000   -1.000000    0.000000   -1.000000    0.000000    0.000000 -1
  1  0  0  1 -1  0  0  0  1    0.000000    0.000000    0.000000    0.000000    0.000000   -0.866025    0.500000    0.866025    0.500000    0.000000    0.000000 -1
  6
    0.000000    0.000000    0.000000
    0.000000    0.000000    0.500000
    0.333333    0.333333    0.500000
    0.333333    0.333333    0.000000
    0.500000    0.000000    0.500000
    0.500000    0.000000    0.000000
  6
    1    2    3    4    5    6
    1  1   -4.641860    1.000000    0.000000    0.500000    0.866025    0.500000   -0.866025    1.000000    0.000000    0.500000    0.866025    0.500000   -0.866025
    2  1   -4.588024    1.000000    0.000000    0.500000   -0.866025    0.500000    0.866025    1.000000    0.000000    0.500000   -0.866025    0.500000    0.866025
    3  1   -1.454008    1.000000    0.000000    0.500000    0.866025    0.500000   -0.866025   -1.000000    0.000000   -0.500000   -0.866025   -0.500000    0.866025
    4  1   -1.366607    1.000000    0.000000    0.500000   -0.866025    0.500000    0.866025   -1.000000    0.000000   -0.500000    0.866025   -0.500000   -0.866025
    5  1    2.791595    1.000000    0.000000    0.500000   -0.866025    0.500000    0.866025    1.000000    0.000000    0.500000   -0.866025    0.500000    0.866025
    6  1    2.840279    1.000000    0.000000    0.500000    0.866025    0.500000   -0.866025    1.000000    0.000000    0.500000    0.866025    0.500000   -0.866025
    7  1    4.158142    1.000000    0.000000    0.499999    0.866025    0.499999   -0.866025    1.000000    0.000000    0.499999    0.866025    0.499999   -0.866025
    8  1    4.318037    1.000000    0.000000   -0.999999    0.000001   -0.999999   -0.000001    1.000000    0.000000   -0.999999    0.000001   -0.999999   -0.000001
    9  1    5.319997    1.000000    0.000000    0.499999   -0.866025    0.499999    0.866025    1.000000    0.000000    0.499999   -0.866025    0.499999    0.866025
   10  1    5.539944    1.000000    0.000000    0.500000   -0.866025    0.500000    0.866025    1.000000    0.000000    0.500000   -0.866025    0.500000    0.866025
   11  1    5.600909    1.000000    0.000000   -0.999999   -0.000001   -0.999999    0.000001    1.000000    0.000000   -0.999999   -0.000001   -0.999999    0.000001
   12  1    6.098995    1.000000    0.000000    0.499983    0.866016    0.499983   -0.866015    1.000000    0.000000    0.499983    0.866016    0.499983   -0.866015
   13  1    6.112236    1.000000    0.000000   -0.999982    0.000011   -0.999982   -0.000010    1.000000    0.000000   -0.999982    0.000011   -0.999982   -0.000010
   14  1    6.237250    1.000000    0.000000   -0.999998    0.000001   -0.999998   -0.000001    1.000000    0.000000   -0.999998    0.000001   -0.999998   -0.000001
   15  1    6.306741    1.000000    0.000000    0.499999    0.866025    0.499999   -0.866025    1.000000    0.000000    0.499999    0.866025    0.499999   -0.866025
   16  1    6.526139    1.000000    0.000000    0.500000    0.866025    0.500000   -0.866025    1.000000    0.000000    0.500000    0.866025    0.500000   -0.866025
   17  1    7.205556    1.000000    0.000000    0.499815    0.865918    0.499815   -0.865918    1.000000    0.000000    0.499815    0.865918    0.499815   -0.865918
   18  1    7.206969    1.000000    0.000000   -0.999801    0.000115   -0.999801   -0.000114    1.000000    0.000000   -0.999801    0.000115   -0.999801   -0.000114
   19  1    7.298789    1.000000    0.000000    0.500000   -0.866025    0.500000    0.866025    1.000000    0.000000    0.500000   -0.866025    0.500000    0.866025
   20  1    7.409074    1.000000    0.000000   -1.000000    0.000000   -1.000000    0.000000    1.000000    0.000000   -1.000000    0.000000   -1.000000    0.000000
   21  1    7.755584    1.000000    0.000000    0.500000   -0.866025    0.500000    0.866025   -1.000000    0.000000   -0.500000    0.866025   -0.500000   -0.866025
   22  1    7.785813    1.000000    0.000000    0.500000    0.866025    0.500000   -0.866025   -1.000000    0.000000   -0.500000   -0.866025   -0.500000    0.866025
   23  1    7.814410    1.000000    0.000000   -0.999999   -0.000000   -0.999999    0.000001    1.000000    0.000000   -0.999999   -0.000000   -0.999999    0.000001
   24  1    7.943496    1.000000    0.000000    0.499999   -0.866025    0.499999    0.866025    1.000000    0.000000    0.499999   -0.866025    0.499999    0.866025
   25  1    8.410077    1.000000    0.000000   -1.000000    0.000000   -1.000000    0.000000   -1.000000    0.000000    1.000000    0.000000    1.000000    0.000000
   26  1    8.434779    1.000000    0.000000   -1.000000    0.000000   -1.000000    0.000000   -1.000000    0.000000    1.000000    0.000000    1.000000    0.000000
   27  1    8.594290    1.000000    0.000000    0.500000   -0.866025    0.500000    0.866025    1.000000    0.000000    0.500000   -0.866025    0.500000    0.866025
   28  1    9.723602    1.000000    0.000000    0.500000    0.866025    0.500000   -0.866025    1.000000    0.000000    0.500000    0.866025    0.500000   -0.866025
   29  1    9.873067    1.000000    0.000000    0.500000    0.866025    0.500000   -0.866025    1.000000    0.000000    0.500000    0.866025    0.500000   -0.866025
   30  1    9.970118    1.000000    0.000000    0.500000   -0.866025    0.500000    0.866025    1.000000    0.000000    0.500000   -0.866025    0.500000    0.866025
   31  1   10.016946    1.000000    0.000000   -1.000000    0.000000   -1.000000    0.000000    1.000000    0.000000   -1.000000    0.000000   -1.000000    0.000000
   32  1   10.139790    1.000000    0.000000   -1.000000    0.000000   -1.000000    0.000000    1.000000    0.000000   -1.000000    0.000000   -1.000000    0.000000
   33  1   10.622968    1.000000    0.000000    0.500000    0.866025    0.500000   -0.866025   -1.000000    0.000000   -0.500000   -0.866025   -0.500000    0.866025
   34  1   10.760210    1.000000    0.000000    0.500000   -0.866025    0.500000    0.866025   -1.000000    0.000000   -0.500000    0.866025   -0.500000   -0.866025
   35  1   11.208782    1.000000    0.000000    0.500000   -0.866025    0.500000    0.866025   -1.000000    0.000000   -0.500000    0.866025   -0.500000   -0.866025
   36  1   11.218260    1.000000    0.000000    0.500000    0.866025    0.500000   -0.866025   -1.000000    0.000000   -0.500000   -0.866025   -0.500000    0.866025
   37  1   11.653549    1.000000    0.000000    0.500000   -0.866025    0.500000    0.866025    1.000000    0.000000    0.500000   -0.866025    0.500000    0.866025
   38  1   11.740410    1.000000    0.000000   -1.000000    0.000000   -1.000000    0.000000    1.000000    0.000000   -1.000000    0.000000   -1.000000    0.000000
   39  1   12.347309    1.000000    0.000000    0.500000   -0.866025    0.500000    0.866025    0.999999    0.000000    0.500000   -0.866025    0.500000    0.866025
   40  1   12.747934    1.000000    0.000000    0.499999    0.866025    0.499999   -0.866024    0.999998    0.000000    0.500000    0.866024    0.500000   -0.866024
  6
    1    2    3    4    5    6
    1  2   -3.487735    2.000000    0.000000    1.000000    1.732051    1.000000   -1.732050    0.000000    0.000000    0.000000    0.000000    0.000000    0.000000
    3  2   -3.427391    2.000000    0.000000    1.000000   -1.732050    1.000000    1.732051    0.000000    0.000000    0.000000    0.000000    0.000000    0.000000
    5  2    4.893955    2.000000    0.000000    0.999999    1.732050    0.999999   -1.732050    0.000000    0.000000    0.000000    0.000000    0.000000    0.000000
    7  2    5.060450    2.000000    0.000000   -1.999999    0.000001   -1.999999   -0.000001    0.000000    0.000000    0.000000    0.000000    0.000000    0.000000
    9  2    5.665766    2.000000    0.000000    1.000000   -1.732051    1.000000    1.732051    0.000000    0.000000    0.000000    0.000000    0.000000    0.000000
   11  2    6.125483    2.000000    0.000000    1.000000    1.732049    1.000000   -1.732049    0.000000    0.000000    0.000000    0.000000    0.000000   -0.000000
   13  2    6.219172    2.000000    0.000000    0.999999   -1.732047    0.999999    1.732048   -0.000001    0.000000   -0.000000    0.000001   -0.000000   -0.000001
   15  2    6.462812    2.000000    0.000000   -1.999998   -0.000001   -1.999998    0.000001    0.000000    0.000000   -0.000000    0.000000   -0.000000    0.000000
   17  4    6.625818    4.000000    0.000000   -1.000534    1.731743   -1.000534   -1.731742    0.000000    0.000000    0.000000    0.000000    0.000000    0.000000
   21  2    7.593484    2.000000    0.000000    1.000000   -1.732051    1.000000    1.732051   -0.000001    0.000000   -0.000001    0.000001   -0.000001   -0.000001
   23  2    7.814453    2.000000    0.000000    0.999997   -1.732049    0.999997    1.732049    0.000000    0.000000    0.000000    0.000000    0.000000    0.000000
   25  2    7.828448    2.000000    0.000000   -1.999994   -0.000003   -1.999994    0.000003    0.000000    0.000000    0.000000    0.000000    0.000000    0.000000
   27  2    8.207218    2.000000    0.000000    1.000000    1.732051    1.000000   -1.732051    0.000000    0.000000    0.000000    0.000000    0.000000    0.000000
   29  2    9.312164    2.000000    0.000000    1.000000    1.732051    1.000000   -1.732051    0.000000    0.000000    0.000000    0.000000    0.000000   -0.000000
   31  2    9.686089    2.000000    0.000000   -2.000000    0.000000   -2.000000    0.000000    0.000000    0.000000    0.000000    0.000000    0.000000    0.000000
   33  2   11.253539    2.000000    0.000000    1.000000   -1.732051    1.000000    1.732051    0.000000    0.000000    0.000000    0.000000    0.000000    0.000000
   35  2   11.438227    2.000000    0.000000   -2.000000    0.000000   -2.000000    0.000000    0.000000    0.000000    0.000000    0.000000    0.000000    0.000000
   37  2   13.159026    2.000000    0.000000    0.999999   -1.732048    0.999999    1.732049   -0.000021    0.000000   -0.000010    0.000018   -0.000010   -0.000018
   39  2   13.469007    2.000000    0.000000    0.999942    1.732012    0.999942   -1.732012   -0.000016    0.000000    0.000027    0.000008    0.000027   -0.000008
  3
    1    2    3
    1  1   -2.357109    1.000000    0.000000    0.500000   -0.866025    0.500000    0.866025
    2  1   -2.352644    1.000000    0.000000   -1.000000    0.000000   -1.000000    0.000000
    3  1   -2.328137    1.000000    0.000000    0.500000    0.866025    0.500000   -0.866025
    4  1   -2.323619    1.000000    0.000000   -1.000000    0.000000   -1.000000    0.000000
    5  1    3.183511    1.000000    0.000000   -1.000000    0.000000   -1.000000    0.000000
    6  1    3.225492    1.000000    0.000000   -1.000000    0.000000   -1.000000    0.000000
    7  1    3.339016    1.000000    0.000000    0.500000    0.865989    0.500000   -0.865989
    8  1    3.358325    1.000000    0.000000    0.500000   -0.865991    0.500000    0.865991
    9  1    3.716610    1.000000    0.000000    0.500000   -0.866019    0.500000    0.866020
   10  1    3.755698    1.000000    0.000000    0.500000    0.866020    0.500000   -0.866020
   11  1    3.940450    1.000000    0.000000    0.500000   -0.866025    0.500000    0.866025
   12  1    4.013145    1.000000    0.000000    0.500000    0.866025    0.500000   -0.866025
   13  1    5.365916    1.000000    0.000000   -1.000000    0.000000   -1.000000    0.000000
   14  1    5.413603    1.000000    0.000000    0.500000    0.866025    0.500000   -0.866025
   15  1    6.471218    1.000000    0.000000    0.500000    0.866025    0.500000   -0.866025
   16  1    6.520308    1.000000    0.000000   -1.000000    0.000000   -1.000000    0.000000
   17  1    6.624765    1.000000    0.000000    0.500000   -0.866025    0.500000    0.866025
   18  1    6.632199    1.000000    0.000000    0.500000   -0.866025    0.500000    0.866025
   19  1    6.810507    1.000000    0.000000   -1.000000    0.000000   -1.000000    0.000000
   20  1    6.938505    1.000000    0.000000    0.500000    0.866025    0.500000   -0.866025
   21  1    7.239070    1.000000    0.000000   -1.000000    0.000000   -1.000000    0.000000
   22  1    7.424015    1.000000    0.000000    0.500000    0.866025    0.500000   -0.866025
   23  1    7.558051    1.000000    0.000000   -1.000000   -0.000000   -1.000000    0.000000
   24  1    7.618733    1.000000    0.000000    0.499999   -0.866024    0.499999    0.866025
   25  1    7.681237    1.000000    0.000000   -0.999993   -0.000004   -0.999993    0.000004
   26  1    7.736147    1.000000    0.000000    0.499999   -0.866019    0.499999    0.866020
   27  1    7.750024    1.000000    0.000000    0.500000    0.866021    0.500000   -0.866020
   28  1    7.758081    1.000000    0.000000    0.500000    0.866025    0.500000   -0.866025
   29  1    8.280557    1.000000    0.000000   -1.000000    0.000000   -1.000000    0.000000
   30  1    8.306029    1.000000    0.000000    0.500000   -0.866025    0.500000    0.866025
   31  1   10.009255    1.000000    0.000000   -1.000000    0.000000   -1.000000    0.000000
   32  1   10.013247    1.000000    0.000000    0.500000   -0.866025    0.500000    0.866025
   33  1   11.014165    1.000000    0.000000   -1.000000    0.000000   -1.000000    0.000000
   34  1   11.271126    1.000000    0.000000    0.500000    0.866025    0.500000   -0.866025
   35  1   12.432949    1.000000    0.000000   -1.000000    0.000000   -1.000000    0.000000
   36  1   12.576724    1.000000    0.000000    0.500000   -0.866025    0.500000    0.866025
   37  1   14.956217    1.000000    0.000000    0.446946   -0.705899    0.446946    0.705900
   38  1   15.077044    1.000000    0.000000   -0.094767    0.496940   -0.094767   -0.496939
   39  1   15.086221    1.000000    0.000000   -0.303868    0.356564   -0.303868   -0.356564
   40  1   15.119948    1.000000    0.000000    0.228291    0.085045    0.228291   -0.085045
  3
    1    2    3
    1  1   -2.473186    1.000000    0.000000   -0.993878   -0.003535   -0.993878    0.003535
    2  1   -2.472169    1.000000    0.000000    0.493882   -0.862493    0.493882    0.862493
    3  2   -2.432664    2.000000    0.000000   -0.499836    0.866120   -0.499836   -0.866120
    5  1    2.353309    1.000000    0.000000    0.500000   -0.866025    0.500000    0.866025
    6  1    2.444053    1.000000    0.000000    0.500000    0.866025    0.500000   -0.866025
    7  1    3.937602    1.000000    0.000000   -1.000000    0.000000   -1.000000    0.000000
    8  1    4.143996    1.000000    0.000000    0.500000    0.866025    0.500000   -0.866025
    9  1    4.618046    1.000000    0.000000   -1.000000    0.000000   -1.000000    0.000000
   10  1    4.940830    1.000000    0.000000    0.500000   -0.866025    0.500000    0.866025
   11  1    5.294706    1.000000    0.000000    0.499938    0.865990    0.499938   -0.865989
   12  1    5.315310    1.000000    0.000000   -0.999932    0.000039   -0.999932   -0.000039
   13  1    5.718873    1.000000    0.000000    0.499982   -0.866015    0.499982    0.866015
   14  1    5.762770    1.000000    0.000000   -0.999983   -0.000010   -0.999983    0.000010
   15  1    5.960730    1.000000    0.000000    0.500000   -0.866025    0.500000    0.866025
   16  1    6.469937    1.000000    0.000000    0.500000    0.866025    0.500000   -0.866025
   17  1    6.518029    1.000000    0.000000    0.500000   -0.866025    0.500000    0.866025
   18  1    6.617977    1.000000    0.000000   -0.999999    0.000000   -0.999999   -0.000000
   19  1    6.754769    1.000000    0.000000    0.500000    0.866025    0.500000   -0.866025
   20  1    6.923923    1.000000    0.000000    0.500000    0.866025    0.500000   -0.866025
   21  1    7.053607    1.000000    0.000000   -1.000000    0.000000   -1.000000    0.000000
   22  1    7.062459    1.000000    0.000000    0.500000    0.866025    0.500000   -0.866025
   23  1    7.159949    1.000000    0.000000    0.500000   -0.866025    0.500000    0.866025
   24  1    7.651746    1.000000    0.000000   -1.000000    0.000000   -1.000000    0.000000
   25  1    7.787143    1.000000    0.000000   -0.999997    0.000000   -0.999997   -0.000000
   26  1    7.848895    1.000000    0.000000    0.499998    0.866010    0.499998   -0.866010
   27  1    7.854058    1.000000    0.000000    0.499999   -0.866003    0.499999    0.866003
   28  1    8.128351    1.000000    0.000000    0.499985    0.866017    0.499985   -0.866017
   29  1    8.132144    1.000000    0.000000   -0.999990    0.000006   -0.999990   -0.000006
   30  1    8.281220    1.000000    0.000000    0.500000    0.866025    0.500000   -0.866025
   31  1    8.454135    1.000000    0.000000   -0.999999   -0.000000   -0.999999    0.000000
   32  1    8.500687    1.000000    0.000000    0.499999   -0.866025    0.499999    0.866025
   33  1   10.305537    1.000000    0.000000    0.499997   -0.866024    0.499997    0.866024
   34  1   10.331738    1.000000    0.000000   -0.999997   -0.000002   -0.999997    0.000002
   35  1   10.593912    1.000000    0.000000    0.499989   -0.866019    0.499989    0.866019
   36  1   10.607817    1.000000    0.000000   -0.999988   -0.000007   -0.999988    0.000007
   37  1   11.793687    1.000000    0.000000    0.500000   -0.866025    0.500000    0.866025
   38  1   12.356218    1.000000    0.000000    0.500000    0.866025    0.500000   -0.866025
   39  1   14.564839    1.000000    0.000000    0.500000   -0.866025    0.500000    0.866025
   40  1   14.762377    1.000000    0.000000    0.500000    0.866025    0.500000   -0.866025
  2
    1    4
    1  2   -2.494201    2.000000    0.000000   -0.000000    0.000000
    3  2   -2.457408    2.000000    0.000000    0.000001    0.000000
    5  2    2.646622    2.000000    0.000000    0.000000    0.000000
    7  2    2.671933    2.000000    0.000000    0.000000    0.000000
    9  2    4.883323    2.000000    0.000000    0.000000    0.000000
   11  2    5.600936    2.000000    0.000000    0.000000    0.000000
   13  2    5.917011    2.000000    0.000000    0.000000    0.000000
   15  2    6.501781    2.000000    0.000000    0.000000    0.000000
   17  2    6.641186    2.000000    0.000000    0.000000    0.000000
   19  2    6.851793    2.000000    0.000000    0.000000    0.000000
   21  2    6.938134    2.000000    0.000000    0.000000    0.000000
   23  2    7.869902    2.000000    0.000000    0.000000    0.000000
   25  2    7.943575    2.000000    0.000000    0.000000    0.000000
   27  2    8.112104    2.000000    0.000000    0.000000    0.000000
   29  2    8.251399    2.000000    0.000000    0.000000    0.000000
   31  2    9.214022    2.000000    0.000000    0.000001    0.000000
   33  2   10.410242    2.000000    0.000000    0.000000    0.000000
   35  2   10.966229    2.000000    0.000000    0.000000    0.000000
   37  2   13.059235    2.000000    0.000000    0.000003    0.000000
   39  2   13.282681    2.000000    0.000000   -0.000004    0.000000
  2
    1    4
    1  1   -2.971507    1.000000    0.000000   -1.000000    0.000000
    2  1   -2.886055    1.000000    0.000000   -1.000000    0.000000
    3  1   -2.255593    1.000000    0.000000    1.000000    0.000000
    4  1   -2.236380    1.000000    0.000000    1.000000    0.000000
    5  1    2.653604    1.000000    0.000000    1.000000    0.000000
    6  1    2.905452    1.000000    0.000000    1.000000    0.000000
    7  1    4.560584    1.000000    0.000000    1.000000    0.000000
    8  1    4.921690    1.000000    0.000000   -1.000000    0.000000
    9  1    4.930488    1.000000    0.000000   -1.000000    0.000000
   10  1    5.059144    1.000000    0.000000    1.000000    0.000000
   11  1    5.498679    1.000000    0.000000   -1.000000    0.000000
   12  1    5.527702    1.000000    0.000000   -1.000000    0.000000
   13  1    5.536650    1.000000    0.000000   -1.000000    0.000000
   14  1    5.555285    1.000000    0.000000   -1.000000    0.000000
   15  1    5.573401    1.000000    0.000000    1.000000    0.000000
   16  1    5.768446    1.000000    0.000000    1.000000    0.000000
   17  1    6.342971    1.000000    0.000000    1.000000    0.000000
   18  1    6.398629    1.000000    0.000000    1.000000    0.000000
   19  1    6.488102    1.000000    0.000000    1.000000    0.000000
   20  1    6.563841    1.000000    0.000000    1.000000    0.000000
   21  1    6.707016    1.000000    0.000000    1.000000    0.000000
   22  1    6.863370    1.000000    0.000000    1.000000    0.000000
   23  1    7.094945    1.000000    0.000000    1.000000    0.000000
   24  1    7.279583    1.000000    0.000000    1.000000    0.000000
   25  1    7.308416    1.000000    0.000000    1.000000    0.000000
   26  1    7.490117    1.000000    0.000000    1.000000    0.000000
   27  1    7.769720    1.000000    0.000000    1.000000    0.000000
   28  1    8.140871    1.000000    0.000000    1.000000    0.000000
   29  1    8.275110    1.000000    0.000000    1.000000    0.000000
   30  1    9.247037    1.000000    0.000000    1.000000    0.000000
   31  1    9.420194    1.000000    0.000000    1.000000    0.000000
   32  1   10.116396    1.000000    0.000000    1.000000    0.000000
   33  1   10.335385    1.000000    0.000000    1.000000    0.000000
   34  1   10.875667    1.000000    0.000000    1.000000    0.000000
   35  1   11.058339    1.000000    0.000000    1.000000    0.000000
   36  1   12.081258    1.000000    0.000000    1.000000    0.000000
   37  1   12.433863    1.000000    0.000000    1.000000    0.000000
   38  1   12.492472    1.000000    0.000000    1.000000    0.000000
   39  1   13.366669    1.000000    0.000000   -0.999995    0.000000
   40  1   13.438646    1.000000    0.000000   -0.999988    0.000000
