  104  128
  1
  4
  1  0  0  0  1  0  0  0  1    0.000000    0.000000    0.000000    1.000000    0.000000    0.000000    0.000000    0.000000    0.000000    1.000000    0.000000  1
 -1  0  0  0  1  0  0  0 -1    0.000000    0.500000    0.500000    0.000000    0.000000   -1.000000    0.000000    1.000000    0.000000    0.000000    0.000000  1
 -1  0  0  0 -1  0  0  0 -1    0.000000    0.000000    0.000000    1.000000    0.000000    0.000000    0.000000    0.000000    0.000000    1.000000    0.000000 -1
  1  0  0  0 -1  0  0  0  1    0.000000    0.500000    0.500000    0.000000    0.000000   -1.000000    0.000000    1.000000    0.000000    0.000000    0.000000 -1
  8
    0.000000    0.000000    0.000000
    0.500000    0.000000    0.500000
    0.000000    0.000000    0.500000
    0.500000    0.500000    0.000000
    0.000000    0.500000    0.500000
    0.500000    0.500000    0.500000
    0.500000    0.000000    0.000000
    0.000000    0.500000    0.000000
  2
    1    2
    1  4  -53.340710    4.000000    0.000000    0.000000    0.000000
    5  4  -52.480473    4.000000    0.000000    0.000000    0.000000
    9  2  -51.307549    2.000000    0.000000    0.000000    0.000000
   11  2  -51.304706    2.000000    0.000000    0.000000    0.000000
   13  2  -48.768094    2.000000    0.000000    0.000000    0.000000
   15  2  -48.766005    2.000000    0.000000    0.000000    0.000000
   17  4  -48.266878    4.000000    0.000000    0.000000    0.000000
   21  2  -47.708080    2.000000    0.000000    0.000000    0.000000
   23  2  -47.704521    2.000000    0.000000    0.000000    0.000000
   25  2  -42.071149    2.000000    0.000000    0.000000    0.000000
   27  2  -42.070116    2.000000    0.000000    0.000000    0.000000
   29  4  -42.064752    4.000000    0.000000    0.000000   -0.000000
   33  2   -9.859155    2.000000    0.000000    0.000000    0.000000
   35  2   -9.326282    2.000000    0.000000    0.000000    0.000000
   37  2   -8.557562    2.000000    0.000000    0.000000    0.000000
   39  2   -8.528180    2.000000    0.000000    0.000000    0.000000
   41  2   -8.376288    2.000000    0.000000    0.000000    0.000000
   43  2   -8.346968    2.000000    0.000000    0.000000    0.000000
   45  2   -2.897669    2.000000    0.000000    0.000000    0.000000
   47  2   -2.779264    2.000000    0.000000    0.000000    0.000000
   49  2   -2.651612    2.000000    0.000000    0.000000    0.000000
   51  2   -2.526651    2.000000    0.000000    0.000000    0.000000
   53  2   -2.337336    2.000000    0.000000    0.000000    0.000000
   55  2   -2.294596    2.000000    0.000000    0.000000    0.000000
   57  2   -2.085896    2.000000    0.000000    0.000000    0.000000
   59  2   -1.967862    2.000000    0.000000    0.000000    0.000000
   61  2   -1.554657    2.000000    0.000000    0.000000    0.000000
   63  2   -1.509501    2.000000    0.000000    0.000000    0.000000
   65  2   -1.388782    2.000000    0.000000    0.000000    0.000000
   67  2   -1.117217    2.000000    0.000000    0.000000    0.000000
   69  2   -0.778949    2.000000    0.000000    0.000000    0.000000
   71  2   -0.506852    2.000000    0.000000    0.000000    0.000000
   73  2    0.070863    2.000000    0.000000    0.000000    0.000000
   75  2    0.171392    2.000000    0.000000    0.000000    0.000000
   77  2    0.373365    2.000000    0.000000    0.000000    0.000000
   79  2    0.499369    2.000000    0.000000    0.000000    0.000000
   81  2    0.691743    2.000000    0.000000    0.000000    0.000000
   83  2    0.973260    2.000000    0.000000    0.000000    0.000000
   85  2    1.256057    2.000000    0.000000    0.000000    0.000000
   87  2    1.338489    2.000000    0.000000    0.000000    0.000000
   89  2    1.396267    2.000000    0.000000    0.000000    0.000000
   91  2    1.734435    2.000000    0.000000    0.000000    0.000000
   93  2    1.782587    2.000000    0.000000    0.000000    0.000000
   95  2    1.810591    2.000000    0.000000    0.000000    0.000000
   97  2    2.114085    2.000000    0.000000    0.000000    0.000000
   99  2    2.173027    2.000000    0.000000    0.000000    0.000000
  101  2    2.382760    2.000000    0.000000    0.000000    0.000000
  103  2    2.530665    2.000000    0.000000    0.000000    0.000000
  105  2    4.987603    2.000000    0.000000    0.000000    0.000000
  107  2    5.135731    2.000000    0.000000    0.000000    0.000000
  109  2    5.287664    2.000000    0.000000    0.000000    0.000000
  111  2    5.550107    2.000000    0.000000    0.000000    0.000000
  113  2    5.668910    2.000000    0.000000    0.000000    0.000000
  115  2    5.780271    2.000000    0.000000    0.000000    0.000000
  117  2    5.986672    2.000000    0.000000    0.000000    0.000000
  119  2    6.144059    2.000000    0.000000    0.000000    0.000000
  121  2    6.254451    2.000000    0.000000    0.000000    0.000000
  123  2    6.346799    2.000000    0.000000    0.000000    0.000000
  125  2    7.673810    2.000000    0.000000    0.000000    0.000001
  127  2    7.948304    2.000000    0.000000    0.000000   -0.000021
  2
    1    2
    1  4  -53.340327    4.000000    0.000000    0.000000    0.000000
    5  4  -52.480139    4.000000    0.000000    0.000000    0.000000
    9  4  -51.306193    4.000000    0.000000    0.000000    0.000000
   13  4  -48.767100    4.000000    0.000000    0.000000    0.000000
   17  4  -48.266634    4.000000    0.000000    0.000000    0.000000
   21  4  -47.706324    4.000000    0.000000    0.000000    0.000000
   25  4  -42.070657    4.000000    0.000000    0.000000    0.000000
   29  4  -42.064463    4.000000    0.000000    0.000000    0.000000
   33  4   -9.560348    4.000000    0.000000    0.000000    0.000000
   37  4   -8.539104    4.000000    0.000000    0.000000    0.000000
   41  4   -8.437540    4.000000    0.000000    0.000000    0.000000
   45  2   -2.737785    2.000000    0.000000    0.000000   -2.000000
   47  2   -2.735660    2.000000    0.000000    0.000000    2.000000
   49  4   -2.673711    4.000000    0.000000    0.000000    0.000000
   53  2   -2.387188    2.000000    0.000000    0.000000    2.000000
   55  2   -2.382534    2.000000    0.000000    0.000000   -2.000000
   57  2   -2.049468    2.000000    0.000000    0.000000    2.000000
   59  2   -2.047227    2.000000    0.000000    0.000000   -2.000000
   61  2   -1.448811    2.000000    0.000000    0.000000   -2.000000
   63  2   -1.443714    2.000000    0.000000    0.000000    2.000000
   65  2   -1.115958    2.000000    0.000000    0.000000    2.000000
   67  2   -1.111705    2.000000    0.000000    0.000000   -2.000000
   69  2   -0.654233    2.000000    0.000000    0.000000   -2.000000
   71  2   -0.644865    2.000000    0.000000    0.000000    2.000000
   73  2    0.065946    2.000000    0.000000    0.000000   -2.000000
   75  2    0.067828    2.000000    0.000000    0.000000    2.000000
   77  2    0.533128    2.000000    0.000000    0.000000   -2.000000
   79  2    0.541969    2.000000    0.000000    0.000000    2.000000
   81  2    0.869752    2.000000    0.000000    0.000000    2.000000
   83  2    0.873470    2.000000    0.000000    0.000000   -2.000000
   85  2    1.139847    2.000000    0.000000    0.000000    2.000000
   87  2    1.157345    2.000000    0.000000    0.000000   -2.000000
   89  2    1.414110    2.000000    0.000000    0.000000    2.000000
   91  2    1.417542    2.000000    0.000000    0.000000   -2.000000
   93  2    1.966200    2.000000    0.000000    0.000000   -2.000000
   95  2    1.973157    2.000000    0.000000    0.000000    2.000000
   97  2    2.179320    2.000000    0.000000    0.000000    2.000000
   99  2    2.190086    2.000000    0.000000    0.000000   -2.000000
  101  2    2.309267    2.000000    0.000000    0.000000   -2.000000
  103  2    2.316318    2.000000    0.000000    0.000000    2.000000
  105  2    5.197117    2.000000    0.000000    0.000000   -2.000000
  107  2    5.207391    2.000000    0.000000    0.000000    2.000000
  109  2    5.429763    2.000000    0.000000    0.000000    2.000000
  111  2    5.435770    2.000000    0.000000    0.000000   -2.000000
  113  2    5.736129    2.000000    0.000000    0.000000    2.000000
  115  2    5.742875    2.000000    0.000000    0.000000   -2.000000
  117  2    6.090854    2.000000    0.000000    0.000000   -2.000000
  119  2    6.100042    2.000000    0.000000    0.000000    2.000000
  121  4    7.190811    4.000000    0.000000    0.000000    0.000002
  125  3    7.804765    3.000000    0.000000    0.000000   -0.992438
  128  1    7.806015    1.000000    0.000000    0.000000    0.992354
  2
    1    2
    1  4  -53.340331    4.000000    0.000000    0.000000    0.000000
    5  4  -52.480136    4.000000    0.000000    0.000000    0.000000
    9  4  -51.306193    4.000000    0.000000    0.000000    0.000000
   13  4  -48.767101    4.000000    0.000000    0.000000    0.000000
   17  4  -48.266629    4.000000    0.000000    0.000000    0.000000
   21  4  -47.706326    4.000000    0.000000    0.000000    0.000000
   25  4  -42.070644    4.000000    0.000000    0.000000   -0.000000
   29  4  -42.064467    4.000000    0.000000    0.000000    0.000000
   33  4   -9.561428    4.000000    0.000000    0.000000    0.000000
   37  4   -8.587386    4.000000    0.000000    0.000000    0.000000
   41  4   -8.381490    4.000000    0.000000    0.000000    0.000000
   45  2   -2.736430    2.000000    0.000000    0.000000   -2.000000
   47  2   -2.734577    2.000000    0.000000    0.000000    2.000000
   49  4   -2.667936    4.000000    0.000000    0.000000    0.000000
   53  2   -2.399688    2.000000    0.000000    0.000000    2.000000
   55  2   -2.395628    2.000000    0.000000    0.000000   -2.000000
   57  2   -2.038877    2.000000    0.000000    0.000000    2.000000
   59  2   -2.036090    2.000000    0.000000    0.000000   -2.000000
   61  2   -1.517082    2.000000    0.000000    0.000000   -2.000000
   63  2   -1.512663    2.000000    0.000000    0.000000    2.000000
   65  3   -1.166040    3.000000    0.000000    0.000000   -1.000000
   68  1   -1.164867    1.000000    0.000000    0.000000    1.000000
   69  2   -0.651385    2.000000    0.000000    0.000000   -2.000000
   71  2   -0.645462    2.000000    0.000000    0.000000    2.000000
   73  2    0.102838    2.000000    0.000000    0.000000   -2.000000
   75  2    0.104959    2.000000    0.000000    0.000000    2.000000
   77  2    0.641890    2.000000    0.000000    0.000000    2.000000
   79  2    0.653026    2.000000    0.000000    0.000000   -2.000000
   81  2    0.876394    2.000000    0.000000    0.000000    2.000000
   83  2    0.890430    2.000000    0.000000    0.000000   -2.000000
   85  2    1.184642    2.000000    0.000000    0.000000   -2.000000
   87  2    1.212274    2.000000    0.000000    0.000000    2.000000
   89  2    1.515613    2.000000    0.000000    0.000000   -2.000000
   91  2    1.527252    2.000000    0.000000    0.000000    2.000000
   93  2    1.860796    2.000000    0.000000    0.000000    2.000000
   95  2    1.908129    2.000000    0.000000    0.000000   -2.000000
   97  2    2.074098    2.000000    0.000000    0.000000   -2.000000
   99  2    2.087653    2.000000    0.000000    0.000000    2.000000
  101  2    2.263797    2.000000    0.000000    0.000000   -2.000000
  103  2    2.269482    2.000000    0.000000    0.000000    2.000000
  105  2    5.199873    2.000000    0.000000    0.000000   -2.000000
  107  2    5.212045    2.000000    0.000000    0.000000    2.000000
  109  2    5.374687    2.000000    0.000000    0.000000    2.000000
  111  2    5.380099    2.000000    0.000000    0.000000   -2.000000
  113  2    5.845113    2.000000    0.000000    0.000000    2.000000
  115  2    5.849943    2.000000    0.000000    0.000000   -2.000000
  117  2    6.169169    2.000000    0.000000    0.000000   -1.999999
  119  2    6.172504    2.000000    0.000000    0.000000    2.000000
  121  2    7.363390    2.000000    0.000000    0.000000   -1.999747
  123  2    7.364538    2.000000    0.000000    0.000000    1.999754
  125  1    7.694375    1.000000    0.000000    0.000000   -0.999321
  126  2    7.695579    2.000000    0.000000    0.000000    0.008942
  128  1    7.697266    1.000000    0.000000    0.000000    0.990387
  2
    1    2
    1  4  -53.340705    4.000000    0.000000    0.000000    0.000000
    5  4  -52.480453    4.000000    0.000000    0.000000    0.000000
    9  2  -51.307546    2.000000    0.000000    0.000000    0.000000
   11  2  -51.304707    2.000000    0.000000    0.000000    0.000000
   13  2  -48.768083    2.000000    0.000000    0.000000    0.000000
   15  2  -48.766017    2.000000    0.000000    0.000000    0.000000
   17  4  -48.266869    4.000000    0.000000    0.000000    0.000000
   21  2  -47.708071    2.000000    0.000000    0.000000    0.000000
   23  2  -47.704534    2.000000    0.000000    0.000000    0.000000
   25  4  -42.070972    4.000000    0.000000    0.000000    0.000000
   29  4  -42.064794    4.000000    0.000000    0.000000    0.000000
   33  2   -9.574615    2.000000    0.000000    0.000000    0.000000
   35  2   -9.545655    2.000000    0.000000    0.000000    0.000000
   37  2   -8.513740    2.000000    0.000000    0.000000    0.000000
   39  2   -8.495032    2.000000    0.000000    0.000000    0.000000
   41  2   -8.478467    2.000000    0.000000    0.000000    0.000000
   43  2   -8.468819    2.000000    0.000000    0.000000    0.000000
   45  2   -2.978755    2.000000    0.000000    0.000000    0.000000
   47  2   -2.702075    2.000000    0.000000    0.000000    0.000000
   49  2   -2.658213    2.000000    0.000000    0.000000    0.000000
   51  2   -2.533151    2.000000    0.000000    0.000000    0.000000
   53  2   -2.363408    2.000000    0.000000    0.000000    0.000000
   55  2   -2.310348    2.000000    0.000000    0.000000    0.000000
   57  2   -2.061789    2.000000    0.000000    0.000000    0.000000
   59  2   -2.039675    2.000000    0.000000    0.000000    0.000000
   61  2   -1.547573    2.000000    0.000000    0.000000    0.000000
   63  2   -1.422574    2.000000    0.000000    0.000000    0.000000
   65  2   -1.193104    2.000000    0.000000    0.000000    0.000000
   67  2   -1.043279    2.000000    0.000000    0.000000    0.000000
   69  2   -0.700816    2.000000    0.000000    0.000000    0.000000
   71  2   -0.652478    2.000000    0.000000    0.000000    0.000000
   73  2   -0.088155    2.000000    0.000000    0.000000    0.000000
   75  2    0.301950    2.000000    0.000000    0.000000    0.000000
   77  2    0.749530    2.000000    0.000000    0.000000    0.000000
   79  2    0.888366    2.000000    0.000000    0.000000    0.000000
   81  2    0.920107    2.000000    0.000000    0.000000    0.000000
   83  2    0.948777    2.000000    0.000000    0.000000    0.000000
   85  2    1.074707    2.000000    0.000000    0.000000    0.000000
   87  2    1.152770    2.000000    0.000000    0.000000    0.000000
   89  2    1.472416    2.000000    0.000000    0.000000    0.000000
   91  2    1.537432    2.000000    0.000000    0.000000    0.000000
   93  2    1.568557    2.000000    0.000000    0.000000    0.000000
   95  2    1.824945    2.000000    0.000000    0.000000    0.000000
   97  2    1.893646    2.000000    0.000000    0.000000    0.000000
   99  2    2.175419    2.000000    0.000000    0.000000    0.000000
  101  2    2.270228    2.000000    0.000000    0.000000    0.000000
  103  2    2.376631    2.000000    0.000000    0.000000    0.000000
  105  2    4.965679    2.000000    0.000000    0.000000    0.000000
  107  2    5.023539    2.000000    0.000000    0.000000    0.000000
  109  2    5.336637    2.000000    0.000000    0.000000    0.000000
  111  2    5.368470    2.000000    0.000000    0.000000    0.000000
  113  2    5.757950    2.000000    0.000000    0.000000    0.000000
  115  2    5.900425    2.000000    0.000000   -0.000000    0.000000
  117  2    6.117078    2.000000    0.000000    0.000000    0.000000
  119  2    6.383632    2.000000    0.000000    0.000000    0.000000
  121  2    7.228504    2.000000    0.000000    0.000005    0.000000
  123  2    7.614975    2.000000    0.000000    0.000500    0.000000
  125  1    7.822423    1.000000    0.000000    0.480786    0.000000
  126  1    7.825965    1.000000    0.000000   -0.457748    0.000000
  127  1    7.863806    1.000000    0.000000   -0.789855    0.000000
  128  1    7.871714    1.000000    0.000000    0.758363    0.000000
  2
    1    2
    1  4  -53.340306    4.000000    0.000000    0.000000    0.000000
    5  4  -52.480020    4.000000    0.000000    0.000000    0.000000
    9  4  -51.306176    4.000000    0.000000    0.000000    0.000000
   13  4  -48.767127    4.000000    0.000000    0.000000    0.000000
   17  4  -48.266607    4.000000    0.000000    0.000000    0.000000
   21  4  -47.706351    4.000000    0.000000    0.000000    0.000000
   25  4  -42.070642    4.000000    0.000000   -0.000001    0.000000
   29  4  -42.064484    4.000000    0.000000    0.000010    0.000000
   33  4   -9.492985    4.000000    0.000000    0.000000    0.000000
   37  4   -8.670969    4.000000    0.000000    0.000000    0.000000
   41  4   -8.387356    4.000000    0.000000    0.000000    0.000000
   45  3   -2.930334    3.000000    0.000000   -1.000000    0.000000
   48  1   -2.929305    1.000000    0.000000    1.000000    0.000000
   49  2   -2.633553    2.000000    0.000000   -2.000000    0.000000
   51  2   -2.631249    2.000000    0.000000    2.000000    0.000000
   53  2   -2.358911    2.000000    0.000000    2.000000    0.000000
   55  2   -2.357102    2.000000    0.000000   -2.000000    0.000000
   57  3   -2.029103    3.000000    0.000000   -1.000000    0.000000
   60  1   -2.028088    1.000000    0.000000    1.000000    0.000000
   61  2   -1.633198    2.000000    0.000000    2.000000    0.000000
   63  2   -1.631426    2.000000    0.000000   -2.000000    0.000000
   65  2   -1.094196    2.000000    0.000000    2.000000    0.000000
   67  2   -1.091550    2.000000    0.000000   -2.000000    0.000000
   69  2   -0.115322    2.000000    0.000000   -2.000000    0.000000
   71  2   -0.112629    2.000000    0.000000    2.000000    0.000000
   73  2    0.078383    2.000000    0.000000    2.000000    0.000000
   75  2    0.082357    2.000000    0.000000   -2.000000    0.000000
   77  2    0.534552    2.000000    0.000000   -2.000000    0.000000
   79  2    0.553596    2.000000    0.000000    2.000000    0.000000
   81  2    0.787056    2.000000    0.000000   -2.000000    0.000000
   83  2    0.790919    2.000000    0.000000    2.000000    0.000000
   85  2    1.197126    2.000000    0.000000    2.000000    0.000000
   87  2    1.230838    2.000000    0.000000   -2.000000    0.000000
   89  2    1.544117    2.000000    0.000000   -2.000000    0.000000
   91  2    1.554782    2.000000    0.000000    2.000000    0.000000
   93  4    1.822506    4.000000    0.000000    0.000000    0.000000
   97  3    2.081851    3.000000    0.000000    1.000000    0.000000
  100  1    2.082915    1.000000    0.000000   -1.000000    0.000000
  101  2    2.412934    2.000000    0.000000   -2.000000    0.000000
  103  2    2.418322    2.000000    0.000000    2.000000    0.000000
  105  2    5.206629    2.000000    0.000000   -2.000000    0.000000
  107  2    5.213896    2.000000    0.000000    2.000000    0.000000
  109  2    5.266728    2.000000    0.000000    2.000000    0.000000
  111  2    5.273604    2.000000    0.000000   -2.000000    0.000000
  113  2    5.572816    2.000000    0.000000    2.000000    0.000000
  115  2    5.574699    2.000000    0.000000   -2.000000    0.000000
  117  2    5.969347    2.000000    0.000000    2.000000    0.000000
  119  2    5.974779    2.000000    0.000000   -2.000000    0.000000
  121  2    6.923165    2.000000    0.000000    2.000000    0.000000
  123  2    6.926815    2.000000    0.000000   -2.000000    0.000000
  125  1    7.824693    1.000000    0.000000   -0.999658    0.000000
  126  1    7.828924    1.000000    0.000000   -0.835575    0.000000
  127  1    7.839582    1.000000    0.000000    0.998630    0.000000
  128  1    7.844540    1.000000    0.000000    0.843481    0.000000
  2
    1    2
    1  4  -53.340305    4.000000    0.000000    0.000000    0.000000
    5  4  -52.480016    4.000000    0.000000    0.000000    0.000000
    9  4  -51.306174    4.000000    0.000000    0.000000    0.000000
   13  4  -48.767124    4.000000    0.000000    0.000000    0.000000
   17  4  -48.266607    4.000000    0.000000    0.000000    0.000000
   21  4  -47.706347    4.000000    0.000000    0.000000    0.000000
   25  4  -42.070627    4.000000    0.000000    0.000003    0.000000
   29  4  -42.064452    4.000000    0.000000   -0.000010    0.000000
   33  4   -9.493540    4.000000    0.000000    0.000000    0.000000
   37  4   -8.628407    4.000000    0.000000    0.000000    0.000000
   41  4   -8.436319    4.000000    0.000000    0.000000    0.000000
   45  2   -2.925068    2.000000    0.000000   -2.000000    0.000000
   47  2   -2.923940    2.000000    0.000000    2.000000    0.000000
   49  2   -2.641150    2.000000    0.000000   -2.000000    0.000000
   51  2   -2.639101    2.000000    0.000000    2.000000    0.000000
   53  2   -2.382283    2.000000    0.000000    2.000000    0.000000
   55  2   -2.380383    2.000000    0.000000   -2.000000    0.000000
   57  2   -2.035403    2.000000    0.000000   -2.000000    0.000000
   59  2   -2.033862    2.000000    0.000000    2.000000    0.000000
   61  2   -1.494283    2.000000    0.000000    2.000000    0.000000
   63  2   -1.487873    2.000000    0.000000   -2.000000    0.000000
   65  2   -1.056356    2.000000    0.000000   -2.000000    0.000000
   67  2   -1.054005    2.000000    0.000000    2.000000    0.000000
   69  2   -0.242604    2.000000    0.000000   -2.000000    0.000000
   71  2   -0.239145    2.000000    0.000000    2.000000    0.000000
   73  2    0.070408    2.000000    0.000000   -2.000000    0.000000
   75  2    0.072516    2.000000    0.000000    2.000000    0.000000
   77  2    0.544302    2.000000    0.000000    2.000000    0.000000
   79  2    0.561637    2.000000    0.000000   -2.000000    0.000000
   81  2    0.749580    2.000000    0.000000   -2.000000    0.000000
   83  2    0.751847    2.000000    0.000000    2.000000    0.000000
   85  2    1.120165    2.000000    0.000000   -2.000000    0.000000
   87  2    1.147935    2.000000    0.000000    2.000000    0.000000
   89  2    1.511299    2.000000    0.000000    2.000000    0.000000
   91  2    1.524957    2.000000    0.000000   -2.000000    0.000000
   93  2    1.854016    2.000000    0.000000    2.000000    0.000000
   95  2    1.858939    2.000000    0.000000   -2.000000    0.000000
   97  2    2.156967    2.000000    0.000000   -2.000000    0.000000
   99  2    2.162040    2.000000    0.000000    2.000000    0.000000
  101  2    2.450247    2.000000    0.000000    2.000000    0.000000
  103  2    2.454667    2.000000    0.000000   -2.000000    0.000000
  105  3    5.193462    3.000000    0.000000   -1.000000    0.000000
  108  1    5.194496    1.000000    0.000000    1.000000    0.000000
  109  2    5.257786    2.000000    0.000000   -2.000000    0.000000
  111  2    5.258886    2.000000    0.000000    2.000000    0.000000
  113  2    5.575961    2.000000    0.000000   -2.000000    0.000000
  115  2    5.586574    2.000000    0.000000    2.000000    0.000000
  117  2    5.808586    2.000000    0.000000    2.000000    0.000000
  119  2    5.820490    2.000000    0.000000   -2.000000    0.000000
  121  2    7.092984    2.000000    0.000000   -1.999999    0.000000
  123  2    7.095891    2.000000    0.000000    1.999998    0.000000
  125  1    8.159451    1.000000    0.000000   -0.294856    0.000000
  126  1    8.164293    1.000000    0.000000   -0.329160    0.000000
  127  1    8.207465    1.000000    0.000000    0.137551    0.000000
  128  1    8.249907    1.000000    0.000000    0.104475    0.000000
  2
    1    2
    1  4  -53.340710    4.000000    0.000000    0.000000    0.000000
    5  4  -52.480474    4.000000    0.000000    0.000000    0.000000
    9  2  -51.307548    2.000000    0.000000    0.000000    0.000000
   11  2  -51.304706    2.000000    0.000000    0.000000    0.000000
   13  2  -48.768090    2.000000    0.000000    0.000000    0.000000
   15  2  -48.766004    2.000000    0.000000    0.000000    0.000000
   17  4  -48.266879    4.000000    0.000000    0.000000    0.000000
   21  2  -47.708077    2.000000    0.000000    0.000000    0.000000
   23  2  -47.704521    2.000000    0.000000    0.000000    0.000000
   25  2  -42.071142    2.000000    0.000000    0.000000    0.000000
   27  2  -42.070096    2.000000    0.000000    0.000000    0.000000
   29  4  -42.064762    4.000000    0.000000    0.000000    0.000000
   33  2   -9.832956    2.000000    0.000000    0.000000    0.000000
   35  2   -9.326086    2.000000    0.000000    0.000000    0.000000
   37  2   -8.574948    2.000000    0.000000    0.000000    0.000000
   39  2   -8.524079    2.000000    0.000000    0.000000    0.000000
   41  2   -8.385435    2.000000    0.000000    0.000000    0.000000
   43  2   -8.376418    2.000000    0.000000    0.000000    0.000000
   45  2   -2.895645    2.000000    0.000000    0.000000    0.000000
   47  2   -2.773825    2.000000    0.000000    0.000000    0.000000
   49  2   -2.650408    2.000000    0.000000    0.000000    0.000000
   51  2   -2.531525    2.000000    0.000000    0.000000    0.000000
   53  2   -2.336965    2.000000    0.000000    0.000000    0.000000
   55  2   -2.329539    2.000000    0.000000    0.000000    0.000000
   57  2   -2.123284    2.000000    0.000000    0.000000    0.000000
   59  2   -1.961810    2.000000    0.000000    0.000000    0.000000
   61  2   -1.582121    2.000000    0.000000    0.000000    0.000000
   63  2   -1.523501    2.000000    0.000000    0.000000    0.000000
   65  2   -1.271807    2.000000    0.000000    0.000000    0.000000
   67  2   -1.125270    2.000000    0.000000    0.000000    0.000000
   69  2   -0.678131    2.000000    0.000000    0.000000    0.000000
   71  2   -0.441422    2.000000    0.000000    0.000000    0.000000
   73  2    0.157146    2.000000    0.000000    0.000000    0.000000
   75  2    0.247510    2.000000    0.000000    0.000000    0.000000
   77  2    0.386395    2.000000    0.000000    0.000000    0.000000
   79  2    0.549618    2.000000    0.000000    0.000000    0.000000
   81  2    0.829949    2.000000    0.000000    0.000000    0.000000
   83  2    0.971647    2.000000    0.000000    0.000000    0.000000
   85  2    1.119672    2.000000    0.000000    0.000000    0.000000
   87  2    1.179690    2.000000    0.000000    0.000000    0.000000
   89  2    1.563245    2.000000    0.000000    0.000000    0.000000
   91  2    1.686500    2.000000    0.000000    0.000000    0.000000
   93  2    1.809644    2.000000    0.000000    0.000000    0.000000
   95  2    1.935750    2.000000    0.000000    0.000000    0.000000
   97  2    2.006925    2.000000    0.000000    0.000000    0.000000
   99  2    2.030169    2.000000    0.000000    0.000000    0.000000
  101  2    2.203550    2.000000    0.000000    0.000000    0.000000
  103  2    2.306447    2.000000    0.000000    0.000000    0.000000
  105  2    4.845212    2.000000    0.000000    0.000000    0.000000
  107  2    5.264634    2.000000    0.000000    0.000000    0.000000
  109  2    5.355471    2.000000    0.000000    0.000000    0.000000
  111  2    5.560030    2.000000    0.000000    0.000000    0.000000
  113  2    5.622774    2.000000    0.000000    0.000000    0.000000
  115  2    5.881547    2.000000    0.000000    0.000000    0.000000
  117  2    5.953015    2.000000    0.000000    0.000000    0.000000
  119  2    6.277550    2.000000    0.000000    0.000000    0.000000
  121  2    6.325565    2.000000    0.000000    0.000000    0.000000
  123  2    6.831158    2.000000    0.000000    0.000000   -0.000000
  125  2    7.529165    2.000000    0.000000    0.000000    0.000778
  127  1    7.842344    1.000000    0.000000    0.000000   -0.285405
  128  1    7.848858    1.000000    0.000000    0.000000    0.266702
  2
    1    2
    1  4  -53.340712    4.000000    0.000000    0.000000    0.000000
    5  4  -52.480458    4.000000    0.000000    0.000000    0.000000
    9  2  -51.307549    2.000000    0.000000    0.000000    0.000000
   11  2  -51.304710    2.000000    0.000000    0.000000    0.000000
   13  2  -48.768088    2.000000    0.000000    0.000000    0.000000
   15  2  -48.766020    2.000000    0.000000    0.000000    0.000000
   17  4  -48.266880    4.000000    0.000000    0.000000    0.000000
   21  2  -47.708073    2.000000    0.000000    0.000000    0.000000
   23  2  -47.704536    2.000000    0.000000    0.000000    0.000000
   25  4  -42.071002    4.000000    0.000000    0.000000    0.000000
   29  4  -42.064814    4.000000    0.000000    0.000000    0.000000
   33  2   -9.586261    2.000000    0.000000    0.000000    0.000000
   35  2   -9.558760    2.000000    0.000000    0.000000    0.000000
   37  2   -8.607611    2.000000    0.000000    0.000000    0.000000
   39  2   -8.585172    2.000000    0.000000    0.000000    0.000000
   41  2   -8.359690    2.000000    0.000000    0.000000    0.000000
   43  2   -8.348176    2.000000    0.000000    0.000000    0.000000
   45  2   -2.978509    2.000000    0.000000    0.000000    0.000000
   47  2   -2.698200    2.000000    0.000000    0.000000    0.000000
   49  2   -2.659169    2.000000    0.000000    0.000000    0.000000
   51  2   -2.523476    2.000000    0.000000    0.000000    0.000000
   53  2   -2.358750    2.000000    0.000000    0.000000    0.000000
   55  2   -2.272848    2.000000    0.000000    0.000000    0.000000
   57  2   -2.039228    2.000000    0.000000    0.000000    0.000000
   59  2   -2.026955    2.000000    0.000000    0.000000    0.000000
   61  2   -1.606002    2.000000    0.000000    0.000000    0.000000
   63  2   -1.339621    2.000000    0.000000    0.000000    0.000000
   65  2   -1.135537    2.000000    0.000000    0.000000    0.000000
   67  2   -1.036276    2.000000    0.000000    0.000000    0.000000
   69  2   -0.918744    2.000000    0.000000    0.000000    0.000000
   71  2   -0.718515    2.000000    0.000000    0.000000    0.000000
   73  2   -0.196492    2.000000    0.000000    0.000000    0.000000
   75  2    0.133879    2.000000    0.000000    0.000000    0.000000
   77  2    0.421358    2.000000    0.000000    0.000000    0.000000
   79  2    0.757321    2.000000    0.000000    0.000000    0.000000
   81  2    0.846391    2.000000    0.000000    0.000000    0.000000
   83  2    0.877835    2.000000    0.000000    0.000000    0.000000
   85  2    1.167797    2.000000    0.000000    0.000000    0.000000
   87  2    1.218988    2.000000    0.000000    0.000000    0.000000
   89  2    1.526865    2.000000    0.000000    0.000000    0.000000
   91  2    1.581131    2.000000    0.000000    0.000000    0.000000
   93  2    1.715816    2.000000    0.000000    0.000000    0.000000
   95  2    1.989990    2.000000    0.000000    0.000000    0.000000
   97  2    2.071754    2.000000    0.000000    0.000000    0.000000
   99  2    2.184444    2.000000    0.000000    0.000000    0.000000
  101  2    2.506562    2.000000    0.000000    0.000000    0.000000
  103  2    2.531101    2.000000    0.000000    0.000000    0.000000
  105  2    5.044900    2.000000    0.000000    0.000000    0.000000
  107  2    5.082176    2.000000    0.000000    0.000000    0.000000
  109  2    5.230050    2.000000    0.000000    0.000000    0.000000
  111  2    5.409613    2.000000    0.000000    0.000000    0.000000
  113  2    5.911375    2.000000    0.000000    0.000001    0.000000
  115  2    6.038245    2.000000    0.000000    0.000000    0.000000
  117  2    6.051223    2.000000    0.000000    0.000000    0.000000
  119  2    6.339615    2.000000    0.000000   -0.000001    0.000000
  121  2    7.152162    2.000000    0.000000   -0.000006    0.000000
  123  2    7.286928    2.000000    0.000000   -0.000117    0.000000
  125  2    7.562640    2.000000    0.000000    0.000247    0.000000
  127  1    7.813574    1.000000    0.000000    0.764047    0.000000
  128  1    7.841323    1.000000    0.000000   -0.716582    0.000000
