  122  152
  1
  2
  1  0  0  0  1  0  0  0  1    0.000000    0.000000    0.000000    1.000000    0.000000    0.000000    0.000000    0.000000    0.000000    1.000000    0.000000  1
 -1  0  0  0 -1  0  0  0 -1    0.000000    0.000000    0.000000    1.000000    0.000000    0.000000    0.000000    0.000000    0.000000    1.000000    0.000000  1
  8
    0.000000    0.000000    0.000000
    0.500000    0.500000    0.500000
    0.000000    0.500000    0.500000
    0.500000    0.000000    0.500000
    0.500000    0.500000    0.000000
    0.500000    0.000000    0.000000
    0.000000    0.500000    0.000000
    0.000000    0.000000    0.500000
  2
    1    2
    1  1  -53.998497    1.000000    0.000000    0.999967    0.000000
    2  1  -53.990898    1.000000    0.000000   -0.999967    0.000000
    3  2  -53.934210    2.000000    0.000000   -0.000002    0.000000
    5  1  -53.194438    1.000000    0.000000    0.999998    0.000000
    6  1  -53.162995    1.000000    0.000000   -0.999998    0.000000
    7  1  -52.968936    1.000000    0.000000    0.999981    0.000000
    8  1  -52.958388    1.000000    0.000000   -0.999981    0.000000
    9  1  -52.650500    1.000000    0.000000    0.999991    0.000000
   10  1  -52.635534    1.000000    0.000000   -0.999991    0.000000
   11  2  -52.479573    2.000000    0.000000   -0.000009    0.000000
   13  1  -49.388005    1.000000    0.000000    0.999993    0.000000
   14  1  -49.372169    1.000000    0.000000   -0.999992    0.000000
   15  1  -49.345693    1.000000    0.000000    0.999844    0.000000
   16  1  -49.342143    1.000000    0.000000   -0.999844    0.000000
   17  1  -48.845996    1.000000    0.000000    0.999999    0.000000
   18  1  -48.810021    1.000000    0.000000   -0.999998    0.000000
   19  2  -48.707846    2.000000    0.000000    0.000001    0.000000
   21  1  -48.495296    1.000000    0.000000    0.999996    0.000000
   22  1  -48.472525    1.000000    0.000000   -0.999996    0.000000
   23  1  -48.406427    1.000000    0.000000    0.998170    0.000000
   24  1  -48.405349    1.000000    0.000000   -0.998170    0.000000
   25  3  -42.371184    3.000000    0.000000    0.990561    0.000000
   28  1  -42.369704    1.000000    0.000000   -0.990560    0.000000
   29  4  -42.247011    4.000000    0.000000    0.000001    0.000000
   33  4  -42.242723    4.000000    0.000000   -0.000003    0.000000
   37  2   -9.579116    2.000000    0.000000    2.000000    0.000000
   39  2   -8.926047    2.000000    0.000000    2.000000    0.000000
   41  1   -8.895123    1.000000    0.000000   -1.000000    0.000000
   42  1   -8.893445    1.000000    0.000000   -1.000000    0.000000
   43  1   -8.854575    1.000000    0.000000   -1.000000    0.000000
   44  1   -8.852631    1.000000    0.000000   -1.000000    0.000000
   45  2   -8.740971    2.000000    0.000000    2.000000    0.000000
   47  2   -8.639285    2.000000    0.000000    2.000000    0.000000
   49  1   -8.569595    1.000000    0.000000   -1.000000    0.000000
   50  1   -8.568141    1.000000    0.000000   -1.000000    0.000000
   51  2   -8.424095    2.000000    0.000000   -2.000000    0.000000
   53  1   -3.340786    1.000000    0.000000    1.000000    0.000000
   54  1   -3.337965    1.000000    0.000000    1.000000    0.000000
   55  1   -3.207717    1.000000    0.000000   -1.000000    0.000000
   56  1   -3.203619    1.000000    0.000000   -1.000000    0.000000
   57  1   -2.992286    1.000000    0.000000    1.000000    0.000000
   58  1   -2.990277    1.000000    0.000000    1.000000    0.000000
   59  1   -2.961501    1.000000    0.000000   -1.000000    0.000000
   60  1   -2.950051    1.000000    0.000000   -1.000000    0.000000
   61  1   -2.864218    1.000000    0.000000   -0.999999    0.000000
   62  1   -2.861298    1.000000    0.000000    0.999999    0.000000
   63  1   -2.859193    1.000000    0.000000   -0.999999    0.000000
   64  1   -2.854995    1.000000    0.000000    0.999999    0.000000
   65  1   -2.757589    1.000000    0.000000   -1.000000    0.000000
   66  1   -2.753058    1.000000    0.000000   -1.000000    0.000000
   67  1   -2.578264    1.000000    0.000000    1.000000    0.000000
   68  1   -2.577062    1.000000    0.000000    1.000000    0.000000
   69  1   -2.376241    1.000000    0.000000    1.000000    0.000000
   70  1   -2.371836    1.000000    0.000000    1.000000    0.000000
   71  1   -2.303479    1.000000    0.000000   -1.000000    0.000000
   72  1   -2.299898    1.000000    0.000000   -1.000000    0.000000
   73  1   -1.387803    1.000000    0.000000   -1.000000    0.000000
   74  1   -1.384830    1.000000    0.000000   -1.000000    0.000000
   75  1   -1.310736    1.000000    0.000000    1.000000    0.000000
   76  1   -1.307930    1.000000    0.000000    1.000000    0.000000
   77  1   -1.011719    1.000000    0.000000    1.000000    0.000000
   78  1   -1.008959    1.000000    0.000000    1.000000    0.000000
   79  1   -0.638307    1.000000    0.000000   -1.000000    0.000000
   80  1   -0.634013    1.000000    0.000000   -1.000000    0.000000
   81  1   -0.471616    1.000000    0.000000    1.000000    0.000000
   82  1   -0.460639    1.000000    0.000000    1.000000    0.000000
   83  1   -0.314139    1.000000    0.000000   -1.000000    0.000000
   84  1   -0.297649    1.000000    0.000000   -0.999999    0.000000
   85  1   -0.292782    1.000000    0.000000    1.000000    0.000000
   86  1   -0.287880    1.000000    0.000000    1.000000    0.000000
   87  1    0.288375    1.000000    0.000000    1.000000    0.000000
   88  1    0.306271    1.000000    0.000000    1.000000    0.000000
   89  1    0.378776    1.000000    0.000000    1.000000    0.000000
   90  1    0.380486    1.000000    0.000000   -1.000000    0.000000
   91  1    0.388091    1.000000    0.000000   -1.000000    0.000000
   92  1    0.396116    1.000000    0.000000    1.000000    0.000000
   93  1    0.525545    1.000000    0.000000   -1.000000    0.000000
   94  1    0.541544    1.000000    0.000000   -1.000000    0.000000
   95  1    0.778741    1.000000    0.000000    1.000000    0.000000
   96  1    0.794572    1.000000    0.000000    1.000000    0.000000
   97  1    0.993508    1.000000    0.000000   -1.000000    0.000000
   98  1    1.005427    1.000000    0.000000    1.000000    0.000000
   99  1    1.009546    1.000000    0.000000   -1.000000    0.000000
  100  1    1.025830    1.000000    0.000000    1.000000    0.000000
  101  1    1.171528    1.000000    0.000000   -1.000000    0.000000
  102  1    1.185309    1.000000    0.000000   -1.000000    0.000000
  103  1    1.282276    1.000000    0.000000    1.000000    0.000000
  104  1    1.289317    1.000000    0.000000    1.000000    0.000000
  105  1    1.664016    1.000000    0.000000    1.000000    0.000000
  106  1    1.669865    1.000000    0.000000    1.000000    0.000000
  107  1    1.797587    1.000000    0.000000   -1.000000    0.000000
  108  1    1.800246    1.000000    0.000000   -1.000000    0.000000
  109  1    1.836422    1.000000    0.000000    0.999972    0.000000
  110  1    1.837584    1.000000    0.000000   -0.999974    0.000000
  111  1    1.845741    1.000000    0.000000   -0.999998    0.000000
  112  1    1.854154    1.000000    0.000000    0.999999    0.000000
  113  1    2.144283    1.000000    0.000000    1.000000    0.000000
  114  1    2.148035    1.000000    0.000000    1.000000    0.000000
  115  1    2.222224    1.000000    0.000000   -1.000000    0.000000
  116  1    2.235640    1.000000    0.000000   -1.000000    0.000000
  117  1    2.254512    1.000000    0.000000    1.000000    0.000000
  118  1    2.266551    1.000000    0.000000    1.000000    0.000000
  119  1    2.413145    1.000000    0.000000   -1.000000    0.000000
  120  1    2.433438    1.000000    0.000000   -1.000000    0.000000
  121  1    2.620356    1.000000    0.000000   -1.000000    0.000000
  122  1    2.642226    1.000000    0.000000   -1.000000    0.000000
  123  1    4.129511    1.000000    0.000000   -1.000000    0.000000
  124  1    4.132786    1.000000    0.000000   -1.000000    0.000000
  125  1    4.804620    1.000000    0.000000   -1.000000    0.000000
  126  1    4.811895    1.000000    0.000000   -1.000000    0.000000
  127  1    4.995170    1.000000    0.000000    1.000000    0.000000
  128  1    5.009565    1.000000    0.000000    1.000000    0.000000
  129  1    5.075595    1.000000    0.000000   -1.000000    0.000000
  130  1    5.084216    1.000000    0.000000   -1.000000    0.000000
  131  1    5.156719    1.000000    0.000000    1.000000    0.000000
  132  1    5.175077    1.000000    0.000000    1.000000    0.000000
  133  1    5.238444    1.000000    0.000000   -1.000000    0.000000
  134  1    5.249098    1.000000    0.000000   -1.000000    0.000000
  135  1    5.367251    1.000000    0.000000    1.000000    0.000000
  136  1    5.378943    1.000000    0.000000    1.000000    0.000000
  137  1    5.466950    1.000000    0.000000    1.000000    0.000000
  138  1    5.472019    1.000000    0.000000    1.000000    0.000000
  139  1    5.787870    1.000000    0.000000   -1.000000    0.000000
  140  1    5.796893    1.000000    0.000000   -1.000000    0.000000
  141  1    6.527388    1.000000    0.000000    1.000000    0.000000
  142  1    6.529571    1.000000    0.000000    1.000000    0.000000
  143  1    7.607926    1.000000    0.000000   -0.999992    0.000000
  144  1    7.612258    1.000000    0.000000   -0.999987    0.000000
  145  1    8.044941    1.000000    0.000000   -0.997283    0.000000
  146  1    8.048935    1.000000    0.000000   -0.995851    0.000000
  147  1    8.196665    1.000000    0.000000    0.998582    0.000000
  148  1    8.211703    1.000000    0.000000    0.966936    0.000000
  149  1    8.310767    1.000000    0.000000   -0.987532    0.000000
  150  1    8.324363    1.000000    0.000000   -0.664552    0.000000
  151  1    8.357741    1.000000    0.000000    0.965446    0.000000
  152  1    8.398867    1.000000    0.000000    0.803724    0.000000
  2
    1    2
    1  1  -53.998501    1.000000    0.000000   -0.999967    0.000000
    2  1  -53.990907    1.000000    0.000000    0.999967    0.000000
    3  2  -53.934215    2.000000    0.000000   -0.000003    0.000000
    5  1  -53.194437    1.000000    0.000000    0.999998    0.000000
    6  1  -53.162999    1.000000    0.000000   -0.999998    0.000000
    7  1  -52.968938    1.000000    0.000000   -0.999981    0.000000
    8  1  -52.958390    1.000000    0.000000    0.999981    0.000000
    9  1  -52.650501    1.000000    0.000000   -0.999991    0.000000
   10  1  -52.635537    1.000000    0.000000    0.999991    0.000000
   11  2  -52.479575    2.000000    0.000000   -0.000009    0.000000
   13  1  -49.388010    1.000000    0.000000   -0.999992    0.000000
   14  1  -49.372176    1.000000    0.000000    0.999992    0.000000
   15  1  -49.345700    1.000000    0.000000    0.999844    0.000000
   16  1  -49.342150    1.000000    0.000000   -0.999844    0.000000
   17  1  -48.845993    1.000000    0.000000    0.999999    0.000000
   18  1  -48.810024    1.000000    0.000000   -0.999998    0.000000
   19  2  -48.707848    2.000000    0.000000   -0.000000    0.000000
   21  1  -48.495297    1.000000    0.000000   -0.999996    0.000000
   22  1  -48.472530    1.000000    0.000000    0.999996    0.000000
   23  1  -48.406431    1.000000    0.000000    0.998172    0.000000
   24  1  -48.405352    1.000000    0.000000   -0.998172    0.000000
   25  4  -42.370942    4.000000    0.000000   -0.000016    0.000000
   29  4  -42.246824    4.000000    0.000000    0.000006    0.000000
   33  4  -42.242569    4.000000    0.000000   -0.000000    0.000000
   37  2   -9.134775    2.000000    0.000000    0.000000    0.000000
   39  2   -8.993069    2.000000    0.000000    0.000000    0.000000
   41  2   -8.960288    2.000000    0.000000    0.000000    0.000000
   43  2   -8.904484    2.000000    0.000000    0.000000    0.000000
   45  2   -8.871275    2.000000    0.000000    0.000000    0.000000
   47  2   -8.793636    2.000000    0.000000    0.000000    0.000000
   49  2   -8.586056    2.000000    0.000000    0.000000    0.000000
   51  2   -8.506682    2.000000    0.000000    0.000000    0.000000
   53  1   -3.335973    1.000000    0.000000    0.999998    0.000000
   54  1   -3.333141    1.000000    0.000000   -0.999999    0.000000
   55  1   -3.329517    1.000000    0.000000   -0.999997    0.000000
   56  1   -3.327262    1.000000    0.000000    0.999999    0.000000
   57  1   -3.012638    1.000000    0.000000   -1.000000    0.000000
   58  1   -3.008869    1.000000    0.000000    1.000000    0.000000
   59  2   -2.981104    2.000000    0.000000    0.000000    0.000000
   61  1   -2.964176    1.000000    0.000000   -0.999999    0.000000
   62  1   -2.959941    1.000000    0.000000    1.000000    0.000000
   63  1   -2.947345    1.000000    0.000000    1.000000    0.000000
   64  1   -2.942446    1.000000    0.000000   -1.000000    0.000000
   65  1   -2.766167    1.000000    0.000000    1.000000    0.000000
   66  1   -2.758879    1.000000    0.000000   -1.000000    0.000000
   67  2   -2.560464    2.000000    0.000000    0.000000    0.000000
   69  1   -2.361567    1.000000    0.000000   -0.999999    0.000000
   70  1   -2.359037    1.000000    0.000000    1.000000    0.000000
   71  2   -2.264180    2.000000    0.000000    0.000000    0.000000
   73  2   -1.049223    2.000000    0.000000    0.000000    0.000000
   75  2   -0.844642    2.000000    0.000000    0.000000    0.000000
   77  2   -0.559164    2.000000    0.000000    0.000000    0.000000
   79  2   -0.469908    2.000000    0.000000    0.000000    0.000000
   81  1   -0.215083    1.000000    0.000000   -0.999999    0.000000
   82  1   -0.214002    1.000000    0.000000    0.999999    0.000000
   83  2   -0.195192    2.000000    0.000000    0.000000    0.000000
   85  2    0.076142    2.000000    0.000000    0.000000    0.000000
   87  1    0.208919    1.000000    0.000000   -0.999999    0.000000
   88  1    0.209989    1.000000    0.000000    1.000000    0.000000
   89  2    0.421708    2.000000    0.000000    0.000000    0.000000
   91  2    0.542695    2.000000    0.000000    0.000000    0.000000
   93  2    0.607828    2.000000    0.000000   -0.000000    0.000000
   95  1    0.796355    1.000000    0.000000   -1.000000    0.000000
   96  1    0.799144    1.000000    0.000000    1.000000    0.000000
   97  1    0.830238    1.000000    0.000000    1.000000    0.000000
   98  1    0.835073    1.000000    0.000000   -1.000000    0.000000
   99  1    1.043865    1.000000    0.000000    1.000000    0.000000
  100  1    1.046170    1.000000    0.000000   -1.000000    0.000000
  101  1    1.093280    1.000000    0.000000   -1.000000    0.000000
  102  1    1.096528    1.000000    0.000000    1.000000    0.000000
  103  1    1.202635    1.000000    0.000000    1.000000    0.000000
  104  1    1.203859    1.000000    0.000000   -0.999999    0.000000
  105  1    1.274443    1.000000    0.000000   -1.000000    0.000000
  106  1    1.275900    1.000000    0.000000    1.000000    0.000000
  107  2    1.498554    2.000000    0.000000    0.000000    0.000000
  109  1    1.559574    1.000000    0.000000    0.999999    0.000000
  110  1    1.561848    1.000000    0.000000   -0.999999    0.000000
  111  1    1.612423    1.000000    0.000000   -0.999992    0.000000
  112  1    1.613560    1.000000    0.000000    0.999992    0.000000
  113  2    1.937762    2.000000    0.000000    0.000000    0.000000
  115  1    2.085574    1.000000    0.000000    0.999999    0.000000
  116  1    2.090034    1.000000    0.000000   -0.999999    0.000000
  117  1    2.101320    1.000000    0.000000   -0.999999    0.000000
  118  1    2.106890    1.000000    0.000000    1.000000    0.000000
  119  1    2.204106    1.000000    0.000000   -1.000000    0.000000
  120  1    2.205308    1.000000    0.000000    1.000000    0.000000
  121  1    2.376002    1.000000    0.000000    1.000000    0.000000
  122  1    2.377906    1.000000    0.000000   -1.000000    0.000000
  123  2    4.174004    2.000000    0.000000    0.000000    0.000000
  125  1    4.585948    1.000000    0.000000    0.999999    0.000000
  126  1    4.587221    1.000000    0.000000   -0.999999    0.000000
  127  1    4.608736    1.000000    0.000000   -1.000000    0.000000
  128  1    4.611802    1.000000    0.000000    1.000000    0.000000
  129  1    4.926825    1.000000    0.000000   -1.000000    0.000000
  130  1    4.932539    1.000000    0.000000    1.000000    0.000000
  131  1    5.110908    1.000000    0.000000    1.000000    0.000000
  132  1    5.121065    1.000000    0.000000   -1.000000    0.000000
  133  1    5.156174    1.000000    0.000000    1.000000    0.000000
  134  1    5.163881    1.000000    0.000000   -1.000000    0.000000
  135  1    5.246868    1.000000    0.000000   -1.000000    0.000000
  136  1    5.255207    1.000000    0.000000    1.000000    0.000000
  137  2    5.450039    2.000000    0.000000    0.000000    0.000000
  139  2    5.743848    2.000000    0.000000    0.000000    0.000000
  141  2    7.693278    2.000000    0.000000   -0.000001    0.000000
  143  2    7.790410    2.000000    0.000000    0.000000    0.000000
  145  2    8.001817    2.000000    0.000000   -0.000088    0.000000
  147  2    8.054846    2.000000    0.000000   -0.000181    0.000000
  149  1    8.507518    1.000000    0.000000    0.363868    0.000000
  150  1    8.533290    1.000000    0.000000   -0.360192    0.000000
  151  1    8.642626    1.000000    0.000000    0.618416    0.000000
  152  1    8.759855    1.000000    0.000000    0.019068    0.000000
  2
    1    2
    1  1  -53.998503    1.000000    0.000000   -0.999967    0.000000
    2  1  -53.990904    1.000000    0.000000    0.999967    0.000000
    3  2  -53.934216    2.000000    0.000000    0.000003    0.000000
    5  1  -53.194440    1.000000    0.000000   -0.999998    0.000000
    6  1  -53.163001    1.000000    0.000000    0.999998    0.000000
    7  1  -52.968939    1.000000    0.000000   -0.999981    0.000000
    8  1  -52.958392    1.000000    0.000000    0.999981    0.000000
    9  1  -52.650502    1.000000    0.000000   -0.999991    0.000000
   10  1  -52.635538    1.000000    0.000000    0.999991    0.000000
   11  2  -52.479575    2.000000    0.000000    0.000009    0.000000
   13  1  -49.388011    1.000000    0.000000   -0.999992    0.000000
   14  1  -49.372174    1.000000    0.000000    0.999992    0.000000
   15  1  -49.345701    1.000000    0.000000   -0.999844    0.000000
   16  1  -49.342148    1.000000    0.000000    0.999844    0.000000
   17  1  -48.845996    1.000000    0.000000   -0.999998    0.000000
   18  1  -48.810026    1.000000    0.000000    0.999999    0.000000
   19  2  -48.707852    2.000000    0.000000   -0.000000    0.000000
   21  1  -48.495298    1.000000    0.000000   -0.999996    0.000000
   22  1  -48.472530    1.000000    0.000000    0.999996    0.000000
   23  1  -48.406433    1.000000    0.000000   -0.998173    0.000000
   24  1  -48.405354    1.000000    0.000000    0.998174    0.000000
   25  3  -42.371184    3.000000    0.000000    0.989624    0.000000
   28  1  -42.369731    1.000000    0.000000   -0.989625    0.000000
   29  4  -42.246846    4.000000    0.000000   -0.000005    0.000000
   33  4  -42.242562    4.000000    0.000000   -0.000012    0.000000
   37  2   -9.304570    2.000000    0.000000   -2.000000    0.000000
   39  2   -9.120248    2.000000    0.000000    2.000000    0.000000
   41  2   -9.004977    2.000000    0.000000   -2.000000    0.000000
   43  1   -8.922486    1.000000    0.000000    1.000000    0.000000
   44  1   -8.921178    1.000000    0.000000    1.000000    0.000000
   45  1   -8.664563    1.000000    0.000000   -1.000000    0.000000
   46  1   -8.663216    1.000000    0.000000   -1.000000    0.000000
   47  2   -8.625331    2.000000    0.000000    2.000000    0.000000
   49  2   -8.552717    2.000000    0.000000   -2.000000    0.000000
   51  2   -8.508857    2.000000    0.000000    2.000000    0.000000
   53  1   -3.323067    1.000000    0.000000   -1.000000    0.000000
   54  1   -3.320018    1.000000    0.000000   -1.000000    0.000000
   55  1   -3.213294    1.000000    0.000000    1.000000    0.000000
   56  1   -3.207984    1.000000    0.000000    1.000000    0.000000
   57  1   -3.016231    1.000000    0.000000    1.000000    0.000000
   58  1   -3.008414    1.000000    0.000000    1.000000    0.000000
   59  1   -2.981343    1.000000    0.000000   -1.000000    0.000000
   60  1   -2.979142    1.000000    0.000000   -1.000000    0.000000
   61  1   -2.960466    1.000000    0.000000    1.000000    0.000000
   62  1   -2.957817    1.000000    0.000000    1.000000    0.000000
   63  1   -2.849890    1.000000    0.000000   -1.000000    0.000000
   64  1   -2.843916    1.000000    0.000000   -1.000000    0.000000
   65  1   -2.765502    1.000000    0.000000    1.000000    0.000000
   66  1   -2.757894    1.000000    0.000000    1.000000    0.000000
   67  1   -2.560623    1.000000    0.000000   -1.000000    0.000000
   68  1   -2.558944    1.000000    0.000000   -1.000000    0.000000
   69  1   -2.348809    1.000000    0.000000   -1.000000    0.000000
   70  1   -2.344434    1.000000    0.000000   -1.000000    0.000000
   71  1   -2.256112    1.000000    0.000000    1.000000    0.000000
   72  1   -2.254235    1.000000    0.000000    1.000000    0.000000
   73  1   -1.417724    1.000000    0.000000    1.000000    0.000000
   74  1   -1.416214    1.000000    0.000000    1.000000    0.000000
   75  1   -1.109577    1.000000    0.000000   -1.000000    0.000000
   76  1   -1.107616    1.000000    0.000000   -1.000000    0.000000
   77  1   -0.366322    1.000000    0.000000    1.000000    0.000000
   78  1   -0.360671    1.000000    0.000000    1.000000    0.000000
   79  1   -0.332527    1.000000    0.000000   -1.000000    0.000000
   80  1   -0.325633    1.000000    0.000000   -1.000000    0.000000
   81  1   -0.087985    1.000000    0.000000    1.000000    0.000000
   82  1   -0.063366    1.000000    0.000000    1.000000    0.000000
   83  1   -0.049551    1.000000    0.000000   -1.000000    0.000000
   84  1   -0.042457    1.000000    0.000000   -1.000000    0.000000
   85  1    0.092276    1.000000    0.000000   -1.000000    0.000000
   86  1    0.109603    1.000000    0.000000   -1.000000    0.000000
   87  1    0.153061    1.000000    0.000000   -1.000000    0.000000
   88  1    0.163756    1.000000    0.000000    0.999999    0.000000
   89  1    0.170080    1.000000    0.000000   -0.999999    0.000000
   90  1    0.179421    1.000000    0.000000    1.000000    0.000000
   91  1    0.227074    1.000000    0.000000    1.000000    0.000000
   92  1    0.228361    1.000000    0.000000    1.000000    0.000000
   93  1    0.440321    1.000000    0.000000    1.000000    0.000000
   94  1    0.449468    1.000000    0.000000    1.000000    0.000000
   95  1    0.585980    1.000000    0.000000   -1.000000    0.000000
   96  1    0.601341    1.000000    0.000000   -1.000000    0.000000
   97  1    0.838213    1.000000    0.000000   -1.000000    0.000000
   98  1    0.855714    1.000000    0.000000   -1.000000    0.000000
   99  1    0.978822    1.000000    0.000000    1.000000    0.000000
  100  1    0.989140    1.000000    0.000000    1.000000    0.000000
  101  1    1.094253    1.000000    0.000000    1.000000    0.000000
  102  1    1.100746    1.000000    0.000000    1.000000    0.000000
  103  1    1.200389    1.000000    0.000000   -1.000000    0.000000
  104  1    1.205563    1.000000    0.000000   -1.000000    0.000000
  105  1    1.476219    1.000000    0.000000    1.000000    0.000000
  106  1    1.483261    1.000000    0.000000    1.000000    0.000000
  107  1    1.515679    1.000000    0.000000   -1.000000    0.000000
  108  1    1.529111    1.000000    0.000000   -1.000000    0.000000
  109  1    1.572434    1.000000    0.000000   -1.000000    0.000000
  110  1    1.592394    1.000000    0.000000   -1.000000    0.000000
  111  1    1.785172    1.000000    0.000000   -1.000000    0.000000
  112  1    1.795862    1.000000    0.000000   -1.000000    0.000000
  113  1    1.859408    1.000000    0.000000    1.000000    0.000000
  114  1    1.877959    1.000000    0.000000    1.000000    0.000000
  115  1    1.961799    1.000000    0.000000    1.000000    0.000000
  116  1    1.968170    1.000000    0.000000    1.000000    0.000000
  117  1    2.009556    1.000000    0.000000   -1.000000    0.000000
  118  1    2.020001    1.000000    0.000000   -1.000000    0.000000
  119  1    2.249658    1.000000    0.000000   -1.000000    0.000000
  120  1    2.256316    1.000000    0.000000   -1.000000    0.000000
  121  2    2.369410    2.000000    0.000000    2.000000    0.000000
  123  1    4.135010    1.000000    0.000000    1.000000    0.000000
  124  1    4.138368    1.000000    0.000000    1.000000    0.000000
  125  1    4.703066    1.000000    0.000000    1.000000    0.000000
  126  1    4.711800    1.000000    0.000000    1.000000    0.000000
  127  1    4.910500    1.000000    0.000000   -1.000000    0.000000
  128  1    4.921436    1.000000    0.000000   -1.000000    0.000000
  129  1    5.000548    1.000000    0.000000    1.000000    0.000000
  130  1    5.014586    1.000000    0.000000    1.000000    0.000000
  131  1    5.129360    1.000000    0.000000    1.000000    0.000000
  132  1    5.141496    1.000000    0.000000    1.000000    0.000000
  133  1    5.181935    1.000000    0.000000   -1.000000    0.000000
  134  1    5.198524    1.000000    0.000000   -1.000000    0.000000
  135  1    5.259745    1.000000    0.000000   -1.000000    0.000000
  136  1    5.263813    1.000000    0.000000   -1.000000    0.000000
  137  1    5.522810    1.000000    0.000000   -1.000000    0.000000
  138  1    5.527666    1.000000    0.000000   -1.000000    0.000000
  139  1    5.801306    1.000000    0.000000    1.000000    0.000000
  140  1    5.802356    1.000000    0.000000    1.000000    0.000000
  141  1    7.670286    1.000000    0.000000   -0.999999    0.000000
  142  1    7.671655    1.000000    0.000000   -0.999999    0.000000
  143  1    7.725636    1.000000    0.000000    1.000000    0.000000
  144  1    7.727879    1.000000    0.000000    1.000000    0.000000
  145  1    8.213435    1.000000    0.000000    0.998816    0.000000
  146  1    8.215030    1.000000    0.000000    0.997071    0.000000
  147  1    8.254613    1.000000    0.000000   -0.999174    0.000000
  148  1    8.260945    1.000000    0.000000   -0.995471    0.000000
  149  1    8.762975    1.000000    0.000000   -0.990362    0.000000
  150  1    8.791672    1.000000    0.000000   -0.690328    0.000000
  151  1    8.883100    1.000000    0.000000    0.931877    0.000000
  152  1    8.903841    1.000000    0.000000   -0.228347    0.000000
  2
    1    2
    1  1  -53.998501    1.000000    0.000000   -0.999967    0.000000
    2  1  -53.990905    1.000000    0.000000    0.999967    0.000000
    3  2  -53.934213    2.000000    0.000000    0.000003    0.000000
    5  1  -53.194437    1.000000    0.000000   -0.999998    0.000000
    6  1  -53.162999    1.000000    0.000000    0.999998    0.000000
    7  1  -52.968937    1.000000    0.000000   -0.999981    0.000000
    8  1  -52.958391    1.000000    0.000000    0.999981    0.000000
    9  1  -52.650502    1.000000    0.000000   -0.999991    0.000000
   10  1  -52.635538    1.000000    0.000000    0.999991    0.000000
   11  2  -52.479575    2.000000    0.000000    0.000009    0.000000
   13  1  -49.388012    1.000000    0.000000   -0.999992    0.000000
   14  1  -49.372175    1.000000    0.000000    0.999992    0.000000
   15  1  -49.345698    1.000000    0.000000   -0.999844    0.000000
   16  1  -49.342149    1.000000    0.000000    0.999844    0.000000
   17  1  -48.845992    1.000000    0.000000   -0.999998    0.000000
   18  1  -48.810024    1.000000    0.000000    0.999999    0.000000
   19  2  -48.707848    2.000000    0.000000   -0.000000    0.000000
   21  1  -48.495301    1.000000    0.000000   -0.999996    0.000000
   22  1  -48.472530    1.000000    0.000000    0.999996    0.000000
   23  1  -48.406431    1.000000    0.000000   -0.998167    0.000000
   24  1  -48.405354    1.000000    0.000000    0.998168    0.000000
   25  4  -42.370944    4.000000    0.000000    0.000003    0.000000
   29  4  -42.247009    4.000000    0.000000    0.000002    0.000000
   33  4  -42.242754    4.000000    0.000000    0.000002    0.000000
   37  1   -9.233579    1.000000    0.000000   -1.000000    0.000000
   38  1   -9.197691    1.000000    0.000000   -1.000000    0.000000
   39  1   -9.099240    1.000000    0.000000   -1.000000    0.000000
   40  1   -9.018080    1.000000    0.000000    1.000000    0.000000
   41  1   -9.016857    1.000000    0.000000    1.000000    0.000000
   42  1   -8.994837    1.000000    0.000000   -0.999999    0.000000
   43  1   -8.971797    1.000000    0.000000    1.000000    0.000000
   44  1   -8.912452    1.000000    0.000000    1.000000    0.000000
   45  1   -8.799458    1.000000    0.000000    1.000000    0.000000
   46  1   -8.772065    1.000000    0.000000    1.000000    0.000000
   47  1   -8.676840    1.000000    0.000000   -1.000000    0.000000
   48  1   -8.653968    1.000000    0.000000   -1.000000    0.000000
   49  1   -8.593616    1.000000    0.000000   -1.000000    0.000000
   50  1   -8.534208    1.000000    0.000000    1.000000    0.000000
   51  1   -8.498338    1.000000    0.000000   -1.000000    0.000000
   52  1   -8.440436    1.000000    0.000000    1.000000    0.000000
   53  2   -3.350288    2.000000    0.000000    0.000000    0.000000
   55  1   -3.329338    1.000000    0.000000    1.000000    0.000000
   56  1   -3.303720    1.000000    0.000000   -1.000000    0.000000
   57  1   -3.013161    1.000000    0.000000    1.000000    0.000000
   58  1   -3.010447    1.000000    0.000000    1.000000    0.000000
   59  1   -2.991506    1.000000    0.000000   -1.000000    0.000000
   60  1   -2.979145    1.000000    0.000000   -1.000000    0.000000
   61  1   -2.933285    1.000000    0.000000   -1.000000    0.000000
   62  2   -2.918920    2.000000    0.000000   -0.000002    0.000000
   64  1   -2.892428    1.000000    0.000000    1.000000    0.000000
   65  1   -2.766511    1.000000    0.000000    1.000000    0.000000
   66  1   -2.764233    1.000000    0.000000    1.000000    0.000000
   67  1   -2.570703    1.000000    0.000000   -1.000000    0.000000
   68  1   -2.557971    1.000000    0.000000   -1.000000    0.000000
   69  1   -2.348787    1.000000    0.000000   -0.999999    0.000000
   70  1   -2.335511    1.000000    0.000000   -1.000000    0.000000
   71  1   -2.300902    1.000000    0.000000    1.000000    0.000000
   72  1   -2.268288    1.000000    0.000000    1.000000    0.000000
   73  1   -1.160329    1.000000    0.000000   -1.000000    0.000000
   74  1   -1.054213    1.000000    0.000000   -0.999999    0.000000
   75  1   -1.052443    1.000000    0.000000    0.999999    0.000000
   76  1   -1.045091    1.000000    0.000000    1.000000    0.000000
   77  1   -0.819743    1.000000    0.000000   -1.000000    0.000000
   78  1   -0.760250    1.000000    0.000000   -1.000000    0.000000
   79  1   -0.649048    1.000000    0.000000    1.000000    0.000000
   80  1   -0.487183    1.000000    0.000000    1.000000    0.000000
   81  1   -0.353400    1.000000    0.000000   -1.000000    0.000000
   82  1   -0.234500    1.000000    0.000000    1.000000    0.000000
   83  1   -0.149913    1.000000    0.000000   -1.000000    0.000000
   84  1   -0.120982    1.000000    0.000000    1.000000    0.000000
   85  1   -0.049564    1.000000    0.000000   -1.000000    0.000000
   86  1    0.008129    1.000000    0.000000    1.000000    0.000000
   87  1    0.093598    1.000000    0.000000    1.000000    0.000000
   88  1    0.181434    1.000000    0.000000   -1.000000    0.000000
   89  1    0.311509    1.000000    0.000000    1.000000    0.000000
   90  1    0.358329    1.000000    0.000000    1.000000    0.000000
   91  1    0.450054    1.000000    0.000000   -1.000000    0.000000
   92  1    0.557830    1.000000    0.000000    1.000000    0.000000
   93  1    0.574113    1.000000    0.000000   -1.000000    0.000000
   94  1    0.582586    1.000000    0.000000   -1.000000    0.000000
   95  1    0.770405    1.000000    0.000000    1.000000    0.000000
   96  1    0.777331    1.000000    0.000000   -1.000000    0.000000
   97  1    0.844120    1.000000    0.000000    1.000000    0.000000
   98  1    0.926579    1.000000    0.000000   -1.000000    0.000000
   99  1    0.965172    1.000000    0.000000    1.000000    0.000000
  100  1    1.044190    1.000000    0.000000   -1.000000    0.000000
  101  1    1.110430    1.000000    0.000000   -1.000000    0.000000
  102  1    1.141169    1.000000    0.000000    1.000000    0.000000
  103  1    1.205611    1.000000    0.000000   -1.000000    0.000000
  104  1    1.257213    1.000000    0.000000    1.000000    0.000000
  105  1    1.289441    1.000000    0.000000    1.000000    0.000000
  106  1    1.378642    1.000000    0.000000    1.000000    0.000000
  107  1    1.487529    1.000000    0.000000   -1.000000    0.000000
  108  1    1.592079    1.000000    0.000000   -1.000000    0.000000
  109  1    1.679184    1.000000    0.000000   -1.000000    0.000000
  110  1    1.769565    1.000000    0.000000   -1.000000    0.000000
  111  1    1.906605    1.000000    0.000000    1.000000    0.000000
  112  1    1.964226    1.000000    0.000000    1.000000    0.000000
  113  1    2.013466    1.000000    0.000000    1.000000    0.000000
  114  1    2.060097    1.000000    0.000000   -1.000000    0.000000
  115  1    2.094812    1.000000    0.000000   -1.000000    0.000000
  116  1    2.143328    1.000000    0.000000    1.000000    0.000000
  117  1    2.172860    1.000000    0.000000   -1.000000    0.000000
  118  1    2.250458    1.000000    0.000000   -1.000000    0.000000
  119  1    2.461955    1.000000    0.000000   -1.000000    0.000000
  120  1    2.480325    1.000000    0.000000    1.000000    0.000000
  121  1    2.490648    1.000000    0.000000   -1.000000    0.000000
  122  1    2.566233    1.000000    0.000000    1.000000    0.000000
  123  1    4.098259    1.000000    0.000000    1.000000    0.000000
  124  1    4.181909    1.000000    0.000000    1.000000    0.000000
  125  1    4.603683    1.000000    0.000000    1.000000    0.000000
  126  1    4.607200    1.000000    0.000000   -1.000000    0.000000
  127  1    4.722747    1.000000    0.000000    1.000000    0.000000
  128  1    4.770137    1.000000    0.000000   -1.000000    0.000000
  129  1    4.977996    1.000000    0.000000    1.000000    0.000000
  130  1    4.984952    1.000000    0.000000    1.000000    0.000000
  131  1    5.044313    1.000000    0.000000    1.000000    0.000000
  132  1    5.068447    1.000000    0.000000   -1.000000    0.000000
  133  1    5.123303    1.000000    0.000000   -1.000000    0.000000
  134  1    5.149134    1.000000    0.000000    1.000000    0.000000
  135  1    5.191769    1.000000    0.000000   -1.000000    0.000000
  136  1    5.377561    1.000000    0.000000   -1.000000    0.000000
  137  1    5.453180    1.000000    0.000000   -1.000000    0.000000
  138  1    5.495962    1.000000    0.000000   -1.000000    0.000000
  139  1    5.620316    1.000000    0.000000    1.000000    0.000000
  140  1    5.911599    1.000000    0.000000    1.000000    0.000000
  141  1    7.790561    1.000000    0.000000   -0.999998    0.000000
  142  1    7.886606    1.000000    0.000000    1.000000    0.000000
  143  1    7.914570    1.000000    0.000000   -0.999999    0.000000
  144  1    7.926847    1.000000    0.000000   -0.999997    0.000000
  145  1    8.055872    1.000000    0.000000   -0.999987    0.000000
  146  1    8.199361    1.000000    0.000000    0.999945    0.000000
  147  1    8.227832    1.000000    0.000000    0.999973    0.000000
  148  1    8.275057    1.000000    0.000000    0.999684    0.000000
  149  1    8.431948    1.000000    0.000000   -0.996239    0.000000
  150  1    8.531296    1.000000    0.000000    0.990370    0.000000
  151  1    8.557982    1.000000    0.000000    0.988680    0.000000
  152  1    8.765465    1.000000    0.000000   -0.977753    0.000000
  2
    1    2
    1  1  -53.998500    1.000000    0.000000    0.999967    0.000000
    2  1  -53.990905    1.000000    0.000000   -0.999967    0.000000
    3  2  -53.934213    2.000000    0.000000   -0.000002    0.000000
    5  1  -53.194440    1.000000    0.000000    0.999998    0.000000
    6  1  -53.163000    1.000000    0.000000   -0.999998    0.000000
    7  1  -52.968938    1.000000    0.000000    0.999981    0.000000
    8  1  -52.958392    1.000000    0.000000   -0.999981    0.000000
    9  1  -52.650501    1.000000    0.000000    0.999991    0.000000
   10  1  -52.635538    1.000000    0.000000   -0.999991    0.000000
   11  2  -52.479573    2.000000    0.000000   -0.000009    0.000000
   13  1  -49.388007    1.000000    0.000000    0.999993    0.000000
   14  1  -49.372174    1.000000    0.000000   -0.999992    0.000000
   15  1  -49.345698    1.000000    0.000000    0.999844    0.000000
   16  1  -49.342149    1.000000    0.000000   -0.999844    0.000000
   17  1  -48.846001    1.000000    0.000000    0.999999    0.000000
   18  1  -48.810026    1.000000    0.000000   -0.999998    0.000000
   19  2  -48.707849    2.000000    0.000000    0.000001    0.000000
   21  1  -48.495296    1.000000    0.000000    0.999996    0.000000
   22  1  -48.472530    1.000000    0.000000   -0.999996    0.000000
   23  1  -48.406430    1.000000    0.000000    0.998165    0.000000
   24  1  -48.405354    1.000000    0.000000   -0.998165    0.000000
   25  4  -42.370944    4.000000    0.000000   -0.000013    0.000000
   29  4  -42.246941    4.000000    0.000000   -0.000006    0.000000
   33  4  -42.242724    4.000000    0.000000   -0.000002    0.000000
   37  1   -9.233734    1.000000    0.000000    1.000000    0.000000
   38  1   -9.197455    1.000000    0.000000    1.000000    0.000000
   39  1   -9.099317    1.000000    0.000000    1.000000    0.000000
   40  2   -9.018016    2.000000    0.000000   -2.000000    0.000000
   42  1   -8.994693    1.000000    0.000000    1.000000    0.000000
   43  1   -8.971834    1.000000    0.000000   -1.000000    0.000000
   44  1   -8.912386    1.000000    0.000000   -1.000000    0.000000
   45  1   -8.799473    1.000000    0.000000   -1.000000    0.000000
   46  1   -8.771908    1.000000    0.000000   -1.000000    0.000000
   47  1   -8.676924    1.000000    0.000000    1.000000    0.000000
   48  1   -8.654015    1.000000    0.000000    1.000000    0.000000
   49  1   -8.593506    1.000000    0.000000    1.000000    0.000000
   50  1   -8.534373    1.000000    0.000000   -1.000000    0.000000
   51  1   -8.498481    1.000000    0.000000    1.000000    0.000000
   52  1   -8.440260    1.000000    0.000000   -1.000000    0.000000
   53  1   -3.352143    1.000000    0.000000    1.000000    0.000000
   54  1   -3.347566    1.000000    0.000000   -1.000000    0.000000
   55  1   -3.332609    1.000000    0.000000   -1.000000    0.000000
   56  1   -3.301678    1.000000    0.000000    1.000000    0.000000
   57  1   -3.016831    1.000000    0.000000   -1.000000    0.000000
   58  1   -3.000590    1.000000    0.000000   -0.999999    0.000000
   59  1   -2.992662    1.000000    0.000000    1.000000    0.000000
   60  1   -2.975806    1.000000    0.000000    1.000000    0.000000
   61  1   -2.929843    1.000000    0.000000    1.000000    0.000000
   62  1   -2.924939    1.000000    0.000000    0.999998    0.000000
   63  1   -2.920190    1.000000    0.000000   -0.999997    0.000000
   64  1   -2.896693    1.000000    0.000000   -1.000000    0.000000
   65  1   -2.770319    1.000000    0.000000   -1.000000    0.000000
   66  1   -2.759931    1.000000    0.000000   -1.000000    0.000000
   67  1   -2.570555    1.000000    0.000000    1.000000    0.000000
   68  1   -2.558418    1.000000    0.000000    1.000000    0.000000
   69  1   -2.345539    1.000000    0.000000    1.000000    0.000000
   70  1   -2.338220    1.000000    0.000000    1.000000    0.000000
   71  1   -2.300517    1.000000    0.000000   -0.999999    0.000000
   72  1   -2.267906    1.000000    0.000000   -1.000000    0.000000
   73  1   -1.160218    1.000000    0.000000    1.000000    0.000000
   74  2   -1.054441    2.000000    0.000000   -0.000002    0.000000
   76  1   -1.043411    1.000000    0.000000   -1.000000    0.000000
   77  1   -0.819466    1.000000    0.000000    1.000000    0.000000
   78  1   -0.760448    1.000000    0.000000    1.000000    0.000000
   79  1   -0.649085    1.000000    0.000000   -1.000000    0.000000
   80  1   -0.487577    1.000000    0.000000   -1.000000    0.000000
   81  1   -0.353484    1.000000    0.000000    1.000000    0.000000
   82  1   -0.234885    1.000000    0.000000   -1.000000    0.000000
   83  1   -0.149884    1.000000    0.000000    1.000000    0.000000
   84  1   -0.120818    1.000000    0.000000   -1.000000    0.000000
   85  1   -0.049052    1.000000    0.000000    1.000000    0.000000
   86  1    0.008252    1.000000    0.000000   -1.000000    0.000000
   87  1    0.094029    1.000000    0.000000   -1.000000    0.000000
   88  1    0.181643    1.000000    0.000000    1.000000    0.000000
   89  1    0.311578    1.000000    0.000000   -1.000000    0.000000
   90  1    0.358715    1.000000    0.000000   -1.000000    0.000000
   91  1    0.449341    1.000000    0.000000    1.000000    0.000000
   92  1    0.558168    1.000000    0.000000   -1.000000    0.000000
   93  1    0.571373    1.000000    0.000000    1.000000    0.000000
   94  1    0.586070    1.000000    0.000000    1.000000    0.000000
   95  1    0.770175    1.000000    0.000000   -1.000000    0.000000
   96  1    0.777325    1.000000    0.000000    1.000000    0.000000
   97  1    0.844097    1.000000    0.000000   -1.000000    0.000000
   98  1    0.925613    1.000000    0.000000    1.000000    0.000000
   99  1    0.964205    1.000000    0.000000   -1.000000    0.000000
  100  1    1.045456    1.000000    0.000000    1.000000    0.000000
  101  1    1.110903    1.000000    0.000000    1.000000    0.000000
  102  1    1.141027    1.000000    0.000000   -1.000000    0.000000
  103  1    1.203870    1.000000    0.000000    1.000000    0.000000
  104  1    1.257416    1.000000    0.000000   -1.000000    0.000000
  105  1    1.289127    1.000000    0.000000   -1.000000    0.000000
  106  1    1.378645    1.000000    0.000000   -1.000000    0.000000
  107  1    1.487205    1.000000    0.000000    1.000000    0.000000
  108  1    1.592401    1.000000    0.000000    1.000000    0.000000
  109  1    1.676666    1.000000    0.000000    1.000000    0.000000
  110  1    1.772345    1.000000    0.000000    1.000000    0.000000
  111  1    1.906839    1.000000    0.000000   -1.000000    0.000000
  112  1    1.963017    1.000000    0.000000   -1.000000    0.000000
  113  1    2.013055    1.000000    0.000000   -1.000000    0.000000
  114  1    2.061209    1.000000    0.000000    1.000000    0.000000
  115  1    2.095904    1.000000    0.000000    1.000000    0.000000
  116  1    2.144720    1.000000    0.000000   -1.000000    0.000000
  117  1    2.171141    1.000000    0.000000    1.000000    0.000000
  118  1    2.250764    1.000000    0.000000    1.000000    0.000000
  119  1    2.460985    1.000000    0.000000    1.000000    0.000000
  120  1    2.480584    1.000000    0.000000   -1.000000    0.000000
  121  1    2.490675    1.000000    0.000000    1.000000    0.000000
  122  1    2.566779    1.000000    0.000000   -1.000000    0.000000
  123  1    4.100788    1.000000    0.000000   -1.000000    0.000000
  124  1    4.184665    1.000000    0.000000   -1.000000    0.000000
  125  1    4.600762    1.000000    0.000000   -1.000000    0.000000
  126  1    4.603879    1.000000    0.000000    1.000000    0.000000
  127  1    4.715530    1.000000    0.000000   -1.000000    0.000000
  128  1    4.773422    1.000000    0.000000    1.000000    0.000000
  129  1    4.961766    1.000000    0.000000   -1.000000    0.000000
  130  1    4.991501    1.000000    0.000000   -1.000000    0.000000
  131  1    5.063225    1.000000    0.000000    0.999998    0.000000
  132  1    5.065896    1.000000    0.000000   -0.999998    0.000000
  133  1    5.141329    1.000000    0.000000   -1.000000    0.000000
  134  1    5.147859    1.000000    0.000000    1.000000    0.000000
  135  1    5.169493    1.000000    0.000000    1.000000    0.000000
  136  1    5.385068    1.000000    0.000000    1.000000    0.000000
  137  1    5.452586    1.000000    0.000000    1.000000    0.000000
  138  1    5.492208    1.000000    0.000000    1.000000    0.000000
  139  1    5.620413    1.000000    0.000000   -1.000000    0.000000
  140  1    5.912109    1.000000    0.000000   -1.000000    0.000000
  141  1    7.790671    1.000000    0.000000    1.000000    0.000000
  142  1    7.886626    1.000000    0.000000   -0.999998    0.000000
  143  1    7.914566    1.000000    0.000000    0.999999    0.000000
  144  1    7.926953    1.000000    0.000000    0.999996    0.000000
  145  1    8.055886    1.000000    0.000000    0.999968    0.000000
  146  1    8.199481    1.000000    0.000000   -0.999760    0.000000
  147  1    8.227999    1.000000    0.000000   -0.999967    0.000000
  148  1    8.274601    1.000000    0.000000   -0.999464    0.000000
  149  1    8.431063    1.000000    0.000000    0.998937    0.000000
  150  1    8.536806    1.000000    0.000000   -0.975237    0.000000
  151  1    8.562483    1.000000    0.000000   -0.968318    0.000000
  152  1    8.771280    1.000000    0.000000    0.837758    0.000000
  2
    1    2
    1  1  -53.998501    1.000000    0.000000    0.999967    0.000000
    2  1  -53.990907    1.000000    0.000000   -0.999967    0.000000
    3  2  -53.934215    2.000000    0.000000    0.000003    0.000000
    5  1  -53.194439    1.000000    0.000000   -0.999998    0.000000
    6  1  -53.162997    1.000000    0.000000    0.999998    0.000000
    7  1  -52.968939    1.000000    0.000000    0.999981    0.000000
    8  1  -52.958391    1.000000    0.000000   -0.999981    0.000000
    9  1  -52.650502    1.000000    0.000000    0.999991    0.000000
   10  1  -52.635537    1.000000    0.000000   -0.999991    0.000000
   11  2  -52.479576    2.000000    0.000000    0.000009    0.000000
   13  1  -49.388011    1.000000    0.000000    0.999993    0.000000
   14  1  -49.372176    1.000000    0.000000   -0.999992    0.000000
   15  1  -49.345699    1.000000    0.000000   -0.999844    0.000000
   16  1  -49.342150    1.000000    0.000000    0.999844    0.000000
   17  1  -48.845999    1.000000    0.000000   -0.999998    0.000000
   18  1  -48.810023    1.000000    0.000000    0.999999    0.000000
   19  2  -48.707848    2.000000    0.000000    0.000001    0.000000
   21  1  -48.495300    1.000000    0.000000    0.999996    0.000000
   22  1  -48.472529    1.000000    0.000000   -0.999996    0.000000
   23  1  -48.406431    1.000000    0.000000   -0.998173    0.000000
   24  1  -48.405352    1.000000    0.000000    0.998173    0.000000
   25  4  -42.370935    4.000000    0.000000    0.000007    0.000000
   29  4  -42.247003    4.000000    0.000000   -0.000001    0.000000
   33  4  -42.242749    4.000000    0.000000   -0.000001    0.000000
   37  2   -9.331778    2.000000    0.000000    0.000000    0.000000
   39  2   -9.207957    2.000000    0.000000    0.000000    0.000000
   41  2   -8.860235    2.000000    0.000000    0.000000    0.000000
   43  2   -8.817773    2.000000    0.000000    0.000000    0.000000
   45  2   -8.713299    2.000000    0.000000   -0.000000    0.000000
   47  2   -8.708969    2.000000    0.000000    0.000000    0.000000
   49  2   -8.589346    2.000000    0.000000    0.000000    0.000000
   51  2   -8.431462    2.000000    0.000000    0.000000    0.000000
   53  1   -3.335306    1.000000    0.000000   -0.999989    0.000000
   54  1   -3.332970    1.000000    0.000000    0.999990    0.000000
   55  1   -3.331501    1.000000    0.000000    0.999987    0.000000
   56  1   -3.329917    1.000000    0.000000   -0.999987    0.000000
   57  1   -2.995974    1.000000    0.000000    1.000000    0.000000
   58  1   -2.992779    1.000000    0.000000   -1.000000    0.000000
   59  1   -2.962279    1.000000    0.000000    1.000000    0.000000
   60  1   -2.951321    1.000000    0.000000   -1.000000    0.000000
   61  1   -2.924999    1.000000    0.000000   -1.000000    0.000000
   62  1   -2.917779    1.000000    0.000000    1.000000    0.000000
   63  1   -2.857528    1.000000    0.000000   -1.000000    0.000000
   64  1   -2.850312    1.000000    0.000000    1.000000    0.000000
   65  1   -2.760080    1.000000    0.000000   -1.000000    0.000000
   66  1   -2.757496    1.000000    0.000000    1.000000    0.000000
   67  2   -2.577667    2.000000    0.000000    0.000000    0.000000
   69  1   -2.368730    1.000000    0.000000    0.999999    0.000000
   70  1   -2.365746    1.000000    0.000000   -0.999999    0.000000
   71  2   -2.319226    2.000000    0.000000    0.000000    0.000000
   73  2   -1.337883    2.000000    0.000000    0.000000    0.000000
   75  2   -1.241075    2.000000    0.000000    0.000000    0.000000
   77  2   -0.986402    2.000000    0.000000    0.000000    0.000000
   79  2   -0.859061    2.000000    0.000000    0.000000    0.000000
   81  2   -0.465458    2.000000    0.000000    0.000000    0.000000
   83  2   -0.379042    2.000000    0.000000    0.000000    0.000000
   85  2    0.109467    2.000000    0.000000    0.000000    0.000000
   87  2    0.160208    2.000000    0.000000    0.000000    0.000000
   89  1    0.458175    1.000000    0.000000   -0.999999    0.000000
   90  1    0.459240    1.000000    0.000000    0.999999    0.000000
   91  2    0.549156    2.000000    0.000000    0.000000    0.000000
   93  2    0.716584    2.000000    0.000000    0.000000    0.000000
   95  2    0.903509    2.000000    0.000000    0.000000    0.000000
   97  2    1.048119    2.000000    0.000000    0.000000    0.000000
   99  2    1.229222    2.000000    0.000000    0.000000    0.000000
  101  2    1.351752    2.000000    0.000000    0.000000    0.000000
  103  1    1.501691    1.000000    0.000000   -0.999999    0.000000
  104  1    1.504583    1.000000    0.000000    1.000000    0.000000
  105  1    1.556023    1.000000    0.000000    1.000000    0.000000
  106  1    1.559116    1.000000    0.000000   -1.000000    0.000000
  107  1    1.710841    1.000000    0.000000   -1.000000    0.000000
  108  1    1.712315    1.000000    0.000000    1.000000    0.000000
  109  2    1.790799    2.000000    0.000000    0.000000    0.000000
  111  1    1.850477    1.000000    0.000000   -1.000000    0.000000
  112  1    1.852615    1.000000    0.000000    1.000000    0.000000
  113  1    1.881432    1.000000    0.000000    1.000000    0.000000
  114  1    1.884986    1.000000    0.000000   -1.000000    0.000000
  115  2    2.204766    2.000000    0.000000    0.000010    0.000000
  117  1    2.212095    1.000000    0.000000   -1.000000    0.000000
  118  1    2.213161    1.000000    0.000000    1.000000    0.000000
  119  2    2.458980    2.000000    0.000000    0.000000    0.000000
  121  2    2.619575    2.000000    0.000000    0.000000    0.000000
  123  2    4.183828    2.000000    0.000000    0.000000    0.000000
  125  1    4.635494    1.000000    0.000000   -1.000000    0.000000
  126  1    4.638151    1.000000    0.000000    1.000000    0.000000
  127  1    4.824371    1.000000    0.000000    1.000000    0.000000
  128  1    4.827583    1.000000    0.000000   -1.000000    0.000000
  129  1    4.955367    1.000000    0.000000    1.000000    0.000000
  130  1    4.969502    1.000000    0.000000   -1.000000    0.000000
  131  1    5.084857    1.000000    0.000000   -1.000000    0.000000
  132  1    5.090497    1.000000    0.000000    1.000000    0.000000
  133  1    5.123996    1.000000    0.000000   -1.000000    0.000000
  134  1    5.137280    1.000000    0.000000    1.000000    0.000000
  135  1    5.405440    1.000000    0.000000    1.000000    0.000000
  136  1    5.417893    1.000000    0.000000   -1.000000    0.000000
  137  1    5.491360    1.000000    0.000000   -1.000000    0.000000
  138  1    5.500094    1.000000    0.000000    1.000000    0.000000
  139  2    5.717261    2.000000    0.000000    0.000000    0.000000
  141  2    7.323959    2.000000    0.000000   -0.000000    0.000000
  143  2    7.351197    2.000000    0.000000   -0.000000    0.000000
  145  2    7.635405    2.000000    0.000000   -0.000010    0.000000
  147  2    7.730660    2.000000    0.000000    0.000037    0.000000
  149  2    8.198417    2.000000    0.000000    0.002426    0.000000
  151  1    8.412526    1.000000    0.000000    0.090332    0.000000
  152  1    8.573659    1.000000    0.000000   -0.140469    0.000000
  2
    1    2
    1  1  -53.998501    1.000000    0.000000    0.999967    0.000000
    2  1  -53.990903    1.000000    0.000000   -0.999967    0.000000
    3  2  -53.934214    2.000000    0.000000    0.000003    0.000000
    5  1  -53.194439    1.000000    0.000000   -0.999998    0.000000
    6  1  -53.162998    1.000000    0.000000    0.999998    0.000000
    7  1  -52.968938    1.000000    0.000000    0.999981    0.000000
    8  1  -52.958392    1.000000    0.000000   -0.999981    0.000000
    9  1  -52.650502    1.000000    0.000000    0.999991    0.000000
   10  1  -52.635536    1.000000    0.000000   -0.999991    0.000000
   11  2  -52.479575    2.000000    0.000000    0.000009    0.000000
   13  1  -49.388010    1.000000    0.000000    0.999993    0.000000
   14  1  -49.372172    1.000000    0.000000   -0.999992    0.000000
   15  1  -49.345700    1.000000    0.000000   -0.999844    0.000000
   16  1  -49.342147    1.000000    0.000000    0.999844    0.000000
   17  1  -48.846000    1.000000    0.000000   -0.999998    0.000000
   18  1  -48.810025    1.000000    0.000000    0.999999    0.000000
   19  2  -48.707848    2.000000    0.000000    0.000001    0.000000
   21  1  -48.495298    1.000000    0.000000    0.999996    0.000000
   22  1  -48.472528    1.000000    0.000000   -0.999996    0.000000
   23  1  -48.406431    1.000000    0.000000   -0.998178    0.000000
   24  1  -48.405351    1.000000    0.000000    0.998179    0.000000
   25  3  -42.371193    3.000000    0.000000   -0.990328    0.000000
   28  1  -42.369720    1.000000    0.000000    0.990331    0.000000
   29  4  -42.246967    4.000000    0.000000   -0.000003    0.000000
   33  4  -42.242719    4.000000    0.000000   -0.000010    0.000000
   37  1   -9.399493    1.000000    0.000000   -1.000000    0.000000
   38  1   -9.327472    1.000000    0.000000   -1.000000    0.000000
   39  1   -9.314530    1.000000    0.000000    1.000000    0.000000
   40  1   -9.205265    1.000000    0.000000    1.000000    0.000000
   41  1   -8.922598    1.000000    0.000000    1.000000    0.000000
   42  1   -8.823903    1.000000    0.000000    0.999994    0.000000
   43  1   -8.821114    1.000000    0.000000   -0.999994    0.000000
   44  1   -8.801450    1.000000    0.000000   -1.000000    0.000000
   45  1   -8.702836    1.000000    0.000000   -1.000000    0.000000
   46  1   -8.647613    1.000000    0.000000   -1.000000    0.000000
   47  1   -8.638818    1.000000    0.000000    1.000000    0.000000
   48  1   -8.630609    1.000000    0.000000    1.000000    0.000000
   49  1   -8.595635    1.000000    0.000000    1.000000    0.000000
   50  1   -8.532476    1.000000    0.000000   -1.000000    0.000000
   51  1   -8.503163    1.000000    0.000000    1.000000    0.000000
   52  1   -8.459789    1.000000    0.000000   -1.000000    0.000000
   53  1   -3.346783    1.000000    0.000000    1.000000    0.000000
   54  1   -3.302287    1.000000    0.000000   -1.000000    0.000000
   55  1   -3.218669    1.000000    0.000000   -1.000000    0.000000
   56  1   -3.207753    1.000000    0.000000    1.000000    0.000000
   57  1   -2.996731    1.000000    0.000000   -1.000000    0.000000
   58  1   -2.985948    1.000000    0.000000    0.999999    0.000000
   59  1   -2.977418    1.000000    0.000000   -0.999998    0.000000
   60  1   -2.973317    1.000000    0.000000    1.000000    0.000000
   61  1   -2.920861    1.000000    0.000000    1.000000    0.000000
   62  1   -2.916439    1.000000    0.000000   -1.000000    0.000000
   63  1   -2.857255    1.000000    0.000000   -1.000000    0.000000
   64  1   -2.841286    1.000000    0.000000    1.000000    0.000000
   65  1   -2.771470    1.000000    0.000000   -1.000000    0.000000
   66  1   -2.758944    1.000000    0.000000    1.000000    0.000000
   67  1   -2.572335    1.000000    0.000000   -1.000000    0.000000
   68  1   -2.557368    1.000000    0.000000    1.000000    0.000000
   69  1   -2.369566    1.000000    0.000000   -1.000000    0.000000
   70  1   -2.327619    1.000000    0.000000    1.000000    0.000000
   71  1   -2.304854    1.000000    0.000000    1.000000    0.000000
   72  1   -2.260563    1.000000    0.000000   -1.000000    0.000000
   73  1   -1.356647    1.000000    0.000000    1.000000    0.000000
   74  1   -1.301084    1.000000    0.000000   -1.000000    0.000000
   75  1   -1.085187    1.000000    0.000000    1.000000    0.000000
   76  1   -0.945362    1.000000    0.000000   -1.000000    0.000000
   77  1   -0.797758    1.000000    0.000000   -1.000000    0.000000
   78  1   -0.698222    1.000000    0.000000    1.000000    0.000000
   79  1   -0.678419    1.000000    0.000000    1.000000    0.000000
   80  1   -0.652698    1.000000    0.000000   -1.000000    0.000000
   81  1   -0.577047    1.000000    0.000000    1.000000    0.000000
   82  1   -0.395692    1.000000    0.000000    1.000000    0.000000
   83  1   -0.248987    1.000000    0.000000   -1.000000    0.000000
   84  1   -0.232782    1.000000    0.000000   -1.000000    0.000000
   85  1   -0.103857    1.000000    0.000000   -1.000000    0.000000
   86  1   -0.083461    1.000000    0.000000   -1.000000    0.000000
   87  1    0.192148    1.000000    0.000000   -1.000000    0.000000
   88  1    0.260952    1.000000    0.000000    1.000000    0.000000
   89  1    0.300516    1.000000    0.000000    1.000000    0.000000
   90  1    0.303771    1.000000    0.000000    1.000000    0.000000
   91  1    0.398225    1.000000    0.000000   -1.000000    0.000000
   92  1    0.449381    1.000000    0.000000    1.000000    0.000000
   93  1    0.542386    1.000000    0.000000    1.000000    0.000000
   94  1    0.550248    1.000000    0.000000   -1.000000    0.000000
   95  1    0.593409    1.000000    0.000000    1.000000    0.000000
   96  1    0.796571    1.000000    0.000000   -1.000000    0.000000
   97  1    0.915941    1.000000    0.000000   -1.000000    0.000000
   98  1    0.975180    1.000000    0.000000    1.000000    0.000000
   99  1    1.021362    1.000000    0.000000    1.000000    0.000000
  100  1    1.114884    1.000000    0.000000    1.000000    0.000000
  101  1    1.183685    1.000000    0.000000   -1.000000    0.000000
  102  1    1.275628    1.000000    0.000000   -1.000000    0.000000
  103  1    1.286081    1.000000    0.000000   -1.000000    0.000000
  104  1    1.298403    1.000000    0.000000    1.000000    0.000000
  105  1    1.338461    1.000000    0.000000    1.000000    0.000000
  106  1    1.358125    1.000000    0.000000   -1.000000    0.000000
  107  1    1.456677    1.000000    0.000000    1.000000    0.000000
  108  1    1.556785    1.000000    0.000000    1.000000    0.000000
  109  1    1.646390    1.000000    0.000000   -1.000000    0.000000
  110  1    1.700207    1.000000    0.000000   -1.000000    0.000000
  111  1    1.775952    1.000000    0.000000    1.000000    0.000000
  112  1    1.852154    1.000000    0.000000   -1.000000    0.000000
  113  1    1.898816    1.000000    0.000000   -1.000000    0.000000
  114  1    1.945398    1.000000    0.000000   -1.000000    0.000000
  115  1    2.037260    1.000000    0.000000    1.000000    0.000000
  116  1    2.200729    1.000000    0.000000    1.000000    0.000000
  117  1    2.225531    1.000000    0.000000    1.000000    0.000000
  118  1    2.240527    1.000000    0.000000   -1.000000    0.000000
  119  1    2.323516    1.000000    0.000000   -1.000000    0.000000
  120  1    2.464472    1.000000    0.000000    1.000000    0.000000
  121  1    2.508622    1.000000    0.000000   -1.000000    0.000000
  122  1    2.700572    1.000000    0.000000    1.000000    0.000000
  123  1    4.009327    1.000000    0.000000   -1.000000    0.000000
  124  1    4.200339    1.000000    0.000000    1.000000    0.000000
  125  1    4.653822    1.000000    0.000000    1.000000    0.000000
  126  1    4.745147    1.000000    0.000000   -1.000000    0.000000
  127  1    4.839111    1.000000    0.000000    1.000000    0.000000
  128  1    4.980319    1.000000    0.000000   -1.000000    0.000000
  129  1    5.008467    1.000000    0.000000   -1.000000    0.000000
  130  1    5.036595    1.000000    0.000000    1.000000    0.000000
  131  1    5.099546    1.000000    0.000000   -1.000000    0.000000
  132  1    5.121297    1.000000    0.000000   -0.999999    0.000000
  133  1    5.131866    1.000000    0.000000    1.000000    0.000000
  134  1    5.243878    1.000000    0.000000    1.000000    0.000000
  135  1    5.278724    1.000000    0.000000    1.000000    0.000000
  136  1    5.317416    1.000000    0.000000   -1.000000    0.000000
  137  1    5.475822    1.000000    0.000000    1.000000    0.000000
  138  1    5.559941    1.000000    0.000000   -1.000000    0.000000
  139  1    5.632076    1.000000    0.000000    1.000000    0.000000
  140  1    5.961930    1.000000    0.000000   -1.000000    0.000000
  141  1    7.695800    1.000000    0.000000    1.000000    0.000000
  142  1    7.749947    1.000000    0.000000    0.999999    0.000000
  143  1    7.768914    1.000000    0.000000   -0.999997    0.000000
  144  1    7.902854    1.000000    0.000000   -0.999992    0.000000
  145  1    8.316767    1.000000    0.000000   -0.774155    0.000000
  146  1    8.318214    1.000000    0.000000    0.803178    0.000000
  147  1    8.447849    1.000000    0.000000    0.988416    0.000000
  148  1    8.551363    1.000000    0.000000    0.981092    0.000000
  149  1    8.679509    1.000000    0.000000   -0.993422    0.000000
  150  1    8.699700    1.000000    0.000000   -0.886451    0.000000
  151  1    8.747840    1.000000    0.000000   -0.427586    0.000000
  152  1    8.808214    1.000000    0.000000    0.861992    0.000000
  2
    1    2
    1  1  -53.998501    1.000000    0.000000   -0.999967    0.000000
    2  1  -53.990904    1.000000    0.000000    0.999967    0.000000
    3  2  -53.934214    2.000000    0.000000   -0.000003    0.000000
    5  1  -53.194439    1.000000    0.000000    0.999998    0.000000
    6  1  -53.162997    1.000000    0.000000   -0.999998    0.000000
    7  1  -52.968938    1.000000    0.000000   -0.999981    0.000000
    8  1  -52.958390    1.000000    0.000000    0.999981    0.000000
    9  1  -52.650502    1.000000    0.000000   -0.999991    0.000000
   10  1  -52.635536    1.000000    0.000000    0.999991    0.000000
   11  2  -52.479575    2.000000    0.000000   -0.000009    0.000000
   13  1  -49.388012    1.000000    0.000000   -0.999992    0.000000
   14  1  -49.372175    1.000000    0.000000    0.999992    0.000000
   15  1  -49.345699    1.000000    0.000000    0.999844    0.000000
   16  1  -49.342148    1.000000    0.000000   -0.999844    0.000000
   17  1  -48.845995    1.000000    0.000000    0.999999    0.000000
   18  1  -48.810022    1.000000    0.000000   -0.999998    0.000000
   19  2  -48.707849    2.000000    0.000000   -0.000000    0.000000
   21  1  -48.495301    1.000000    0.000000   -0.999996    0.000000
   22  1  -48.472529    1.000000    0.000000    0.999996    0.000000
   23  1  -48.406431    1.000000    0.000000    0.998169    0.000000
   24  1  -48.405353    1.000000    0.000000   -0.998169    0.000000
   25  3  -42.371193    3.000000    0.000000   -0.990337    0.000000
   28  1  -42.369720    1.000000    0.000000    0.990339    0.000000
   29  4  -42.247035    4.000000    0.000000   -0.000004    0.000000
   33  4  -42.242749    4.000000    0.000000   -0.000008    0.000000
   37  1   -9.399401    1.000000    0.000000   -1.000000    0.000000
   38  1   -9.327390    1.000000    0.000000   -1.000000    0.000000
   39  1   -9.314706    1.000000    0.000000    1.000000    0.000000
   40  1   -9.205343    1.000000    0.000000    1.000000    0.000000
   41  1   -8.922401    1.000000    0.000000    1.000000    0.000000
   42  1   -8.823917    1.000000    0.000000    0.999993    0.000000
   43  1   -8.821375    1.000000    0.000000   -0.999993    0.000000
   44  1   -8.801325    1.000000    0.000000   -1.000000    0.000000
   45  1   -8.702744    1.000000    0.000000   -1.000000    0.000000
   46  1   -8.647678    1.000000    0.000000   -1.000000    0.000000
   47  1   -8.638872    1.000000    0.000000    1.000000    0.000000
   48  1   -8.630616    1.000000    0.000000    1.000000    0.000000
   49  1   -8.595686    1.000000    0.000000    1.000000    0.000000
   50  1   -8.532320    1.000000    0.000000   -1.000000    0.000000
   51  1   -8.503012    1.000000    0.000000    1.000000    0.000000
   52  1   -8.459973    1.000000    0.000000   -1.000000    0.000000
   53  1   -3.345263    1.000000    0.000000    1.000000    0.000000
   54  1   -3.304150    1.000000    0.000000   -1.000000    0.000000
   55  1   -3.213226    1.000000    0.000000   -1.000000    0.000000
   56  1   -3.211848    1.000000    0.000000    1.000000    0.000000
   57  1   -3.009778    1.000000    0.000000   -1.000000    0.000000
   58  1   -2.980384    1.000000    0.000000    0.999985    0.000000
   59  1   -2.978595    1.000000    0.000000   -0.999981    0.000000
   60  1   -2.971671    1.000000    0.000000    1.000000    0.000000
   61  1   -2.916703    1.000000    0.000000    1.000000    0.000000
   62  1   -2.913531    1.000000    0.000000   -1.000000    0.000000
   63  1   -2.851094    1.000000    0.000000   -1.000000    0.000000
   64  1   -2.847255    1.000000    0.000000    1.000000    0.000000
   65  1   -2.766435    1.000000    0.000000    1.000000    0.000000
   66  1   -2.764740    1.000000    0.000000   -1.000000    0.000000
   67  1   -2.572670    1.000000    0.000000   -1.000000    0.000000
   68  1   -2.557124    1.000000    0.000000    1.000000    0.000000
   69  1   -2.373652    1.000000    0.000000   -1.000000    0.000000
   70  1   -2.323392    1.000000    0.000000    1.000000    0.000000
   71  1   -2.304627    1.000000    0.000000    1.000000    0.000000
   72  1   -2.261146    1.000000    0.000000   -1.000000    0.000000
   73  1   -1.356646    1.000000    0.000000    1.000000    0.000000
   74  1   -1.301058    1.000000    0.000000   -1.000000    0.000000
   75  1   -1.085401    1.000000    0.000000    1.000000    0.000000
   76  1   -0.945527    1.000000    0.000000   -1.000000    0.000000
   77  1   -0.797827    1.000000    0.000000   -1.000000    0.000000
   78  1   -0.698031    1.000000    0.000000    1.000000    0.000000
   79  1   -0.678581    1.000000    0.000000    1.000000    0.000000
   80  1   -0.652767    1.000000    0.000000   -1.000000    0.000000
   81  1   -0.576912    1.000000    0.000000    1.000000    0.000000
   82  1   -0.395626    1.000000    0.000000    1.000000    0.000000
   83  1   -0.248939    1.000000    0.000000   -1.000000    0.000000
   84  1   -0.232326    1.000000    0.000000   -1.000000    0.000000
   85  1   -0.103483    1.000000    0.000000   -1.000000    0.000000
   86  1   -0.084406    1.000000    0.000000   -1.000000    0.000000
   87  1    0.192209    1.000000    0.000000   -1.000000    0.000000
   88  1    0.261314    1.000000    0.000000    1.000000    0.000000
   89  1    0.299904    1.000000    0.000000    1.000000    0.000000
   90  1    0.304023    1.000000    0.000000    1.000000    0.000000
   91  1    0.397898    1.000000    0.000000   -1.000000    0.000000
   92  1    0.448126    1.000000    0.000000    1.000000    0.000000
   93  1    0.541379    1.000000    0.000000    1.000000    0.000000
   94  1    0.550295    1.000000    0.000000   -1.000000    0.000000
   95  1    0.595663    1.000000    0.000000    1.000000    0.000000
   96  1    0.795088    1.000000    0.000000   -1.000000    0.000000
   97  1    0.916341    1.000000    0.000000   -1.000000    0.000000
   98  1    0.976580    1.000000    0.000000    1.000000    0.000000
   99  1    1.019523    1.000000    0.000000    1.000000    0.000000
  100  1    1.114309    1.000000    0.000000    1.000000    0.000000
  101  1    1.186321    1.000000    0.000000   -1.000000    0.000000
  102  1    1.270007    1.000000    0.000000   -1.000000    0.000000
  103  1    1.289039    1.000000    0.000000   -1.000000    0.000000
  104  1    1.296166    1.000000    0.000000    1.000000    0.000000
  105  1    1.341810    1.000000    0.000000    1.000000    0.000000
  106  1    1.359433    1.000000    0.000000   -1.000000    0.000000
  107  1    1.456808    1.000000    0.000000    1.000000    0.000000
  108  1    1.557343    1.000000    0.000000    1.000000    0.000000
  109  1    1.646330    1.000000    0.000000   -1.000000    0.000000
  110  1    1.700548    1.000000    0.000000   -1.000000    0.000000
  111  1    1.776139    1.000000    0.000000    1.000000    0.000000
  112  1    1.854120    1.000000    0.000000   -1.000000    0.000000
  113  1    1.898180    1.000000    0.000000   -1.000000    0.000000
  114  1    1.946410    1.000000    0.000000   -1.000000    0.000000
  115  1    2.037848    1.000000    0.000000    1.000000    0.000000
  116  1    2.201638    1.000000    0.000000    1.000000    0.000000
  117  1    2.224588    1.000000    0.000000    1.000000    0.000000
  118  1    2.238769    1.000000    0.000000   -1.000000    0.000000
  119  1    2.323539    1.000000    0.000000   -1.000000    0.000000
  120  1    2.463293    1.000000    0.000000    1.000000    0.000000
  121  1    2.507898    1.000000    0.000000   -1.000000    0.000000
  122  1    2.700120    1.000000    0.000000    1.000000    0.000000
  123  1    4.006300    1.000000    0.000000   -1.000000    0.000000
  124  1    4.198856    1.000000    0.000000    1.000000    0.000000
  125  1    4.655393    1.000000    0.000000    1.000000    0.000000
  126  1    4.751756    1.000000    0.000000   -1.000000    0.000000
  127  1    4.846416    1.000000    0.000000    1.000000    0.000000
  128  1    4.965327    1.000000    0.000000   -1.000000    0.000000
  129  1    4.999528    1.000000    0.000000   -1.000000    0.000000
  130  1    5.040666    1.000000    0.000000    1.000000    0.000000
  131  1    5.120025    1.000000    0.000000   -1.000000    0.000000
  132  1    5.121338    1.000000    0.000000    1.000000    0.000000
  133  1    5.128948    1.000000    0.000000   -1.000000    0.000000
  134  1    5.237756    1.000000    0.000000    1.000000    0.000000
  135  1    5.281632    1.000000    0.000000    1.000000    0.000000
  136  1    5.311832    1.000000    0.000000   -1.000000    0.000000
  137  1    5.478256    1.000000    0.000000    1.000000    0.000000
  138  1    5.558781    1.000000    0.000000   -1.000000    0.000000
  139  1    5.631799    1.000000    0.000000    1.000000    0.000000
  140  1    5.961176    1.000000    0.000000   -1.000000    0.000000
  141  1    7.695636    1.000000    0.000000    0.999999    0.000000
  142  1    7.749945    1.000000    0.000000    1.000000    0.000000
  143  1    7.768862    1.000000    0.000000   -0.999995    0.000000
  144  1    7.902928    1.000000    0.000000   -0.999988    0.000000
  145  2    8.316605    2.000000    0.000000    0.003445    0.000000
  147  1    8.443585    1.000000    0.000000    0.998860    0.000000
  148  1    8.549692    1.000000    0.000000    0.991023    0.000000
  149  1    8.677305    1.000000    0.000000   -0.970217    0.000000
  150  1    8.682481    1.000000    0.000000   -0.991462    0.000000
  151  1    8.730293    1.000000    0.000000   -0.741137    0.000000
  152  1    8.815382    1.000000    0.000000    0.940280    0.000000
