   41   56
  1
  4
  1  0  0  0  1  0  0  0  1    0.000000    0.000000    0.000000    1.000000    0.000000    0.000000    0.000000    0.000000    0.000000    1.000000    0.000000  1
 -1  0  0  0 -1  0  0  0 -1    0.000000    0.000000    0.000000    1.000000    0.000000    0.000000    0.000000    0.000000    0.000000    1.000000    0.000000  1
  0 -1  0 -1  0  0  0  0 -1    0.000000    0.000000    0.000000    0.000000    0.000000   -0.707107    0.707107    0.707107    0.707107    0.000000    0.000000 -1
  0  1  0  1  0  0  0  0  1    0.000000    0.000000    0.000000    0.000000    0.000000   -0.707107    0.707107    0.707107    0.707107    0.000000    0.000000 -1
  8
    0.000000    0.000000    0.000000
    0.000000    0.000000    0.500000
    0.000000    0.500000    0.500000
    0.500000    0.000000    0.500000
    0.500000    0.500000    0.500000
    0.000000    0.500000    0.000000
    0.500000    0.000000    0.000000
    0.500000    0.500000    0.000000
  2
    1    2
    1  1  -48.729482    1.000000    0.000000    1.000000    0.000000
    2  1  -48.649714    1.000000    0.000000   -1.000000    0.000000
    3  1  -47.903677    1.000000    0.000000    1.000000    0.000000
    4  1  -47.850430    1.000000    0.000000   -1.000000    0.000000
    5  1  -47.393138    1.000000    0.000000    1.000000    0.000000
    6  1  -47.366458    1.000000    0.000000   -1.000000    0.000000
    7  1  -44.948873    1.000000    0.000000    1.000000    0.000000
    8  1  -44.861310    1.000000    0.000000   -1.000000    0.000000
    9  1  -44.340832    1.000000    0.000000    1.000000    0.000000
   10  1  -44.296103    1.000000    0.000000   -1.000000    0.000000
   11  1  -44.066358    1.000000    0.000000    1.000000    0.000000
   12  1  -44.016743    1.000000    0.000000   -1.000000    0.000000
   13  1  -39.688533    1.000000    0.000000    1.000000    0.000000
   14  1  -39.678410    1.000000    0.000000    1.000000    0.000000
   15  1   -6.343657    1.000000    0.000000    1.000000    0.000000
   16  1   -6.332695    1.000000    0.000000    1.000000    0.000000
   17  1   -2.823715    1.000000    0.000000   -1.000000    0.000000
   18  1   -2.446713    1.000000    0.000000   -1.000000    0.000000
   19  1   -0.311799    1.000000    0.000000    1.000000    0.000000
   20  1    0.000856    1.000000    0.000000    1.000000    0.000000
   21  1    1.018461    1.000000    0.000000   -1.000000    0.000000
   22  1    1.048107    1.000000    0.000000   -1.000000    0.000000
   23  1    1.259093    1.000000    0.000000    1.000000    0.000000
   24  1    1.547861    1.000000    0.000000   -1.000000    0.000000
   25  1    2.480307    1.000000    0.000000    1.000000    0.000000
   26  1    2.532859    1.000000    0.000000    1.000000    0.000000
   27  1    2.842642    1.000000    0.000000    1.000000    0.000000
   28  1    3.330310    1.000000    0.000000    1.000000    0.000000
   29  1    3.555739    1.000000    0.000000   -1.000000    0.000000
   30  1    3.684555    1.000000    0.000000   -1.000000    0.000000
   31  1    3.727802    1.000000    0.000000   -1.000000    0.000000
   32  1    3.761446    1.000000    0.000000   -1.000000    0.000000
   33  1    4.925045    1.000000    0.000000   -1.000000    0.000000
   34  1    5.293322    1.000000    0.000000    1.000000    0.000000
   35  1    5.306474    1.000000    0.000000    1.000000    0.000000
   36  1    5.350680    1.000000    0.000000    1.000000    0.000000
   37  1    5.426730    1.000000    0.000000    1.000000    0.000000
   38  1    5.900834    1.000000    0.000000    1.000000    0.000000
   39  1    5.913192    1.000000    0.000000    1.000000    0.000000
   40  1    5.979793    1.000000    0.000000   -1.000000    0.000000
   41  1    6.135874    1.000000    0.000000   -1.000000    0.000000
   42  1    6.151320    1.000000    0.000000   -1.000000    0.000000
   43  1    8.886737    1.000000    0.000000   -1.000000    0.000000
   44  1    9.557015    1.000000    0.000000    1.000000    0.000000
   45  1    9.579598    1.000000    0.000000    1.000000    0.000000
   46  1    9.699180    1.000000    0.000000    1.000000    0.000000
   47  1    9.721337    1.000000    0.000000   -1.000000    0.000000
   48  1    9.764525    1.000000    0.000000   -1.000000    0.000000
   49  1    9.818885    1.000000    0.000000    1.000000    0.000000
   50  1    9.876880    1.000000    0.000000    1.000000    0.000000
   51  1    9.981392    1.000000    0.000000   -1.000000    0.000000
   52  1   10.462049    1.000000    0.000000    1.000000    0.000000
   53  1   10.752621    1.000000    0.000000    1.000000    0.000000
   54  1   12.142400    1.000000    0.000000   -1.000000    0.000000
   55  1   12.552835    1.000000    0.000000   -0.999999    0.000000
   56  1   13.058920    1.000000    0.000000   -0.999934    0.000000
  2
    1    2
    1  1  -48.729479    1.000000    0.000000   -1.000000    0.000000
    2  1  -48.649681    1.000000    0.000000    1.000000    0.000000
    3  1  -47.903674    1.000000    0.000000   -1.000000    0.000000
    4  1  -47.850415    1.000000    0.000000    1.000000    0.000000
    5  1  -47.393132    1.000000    0.000000   -1.000000    0.000000
    6  1  -47.366457    1.000000    0.000000    1.000000    0.000000
    7  1  -44.948866    1.000000    0.000000   -1.000000    0.000000
    8  1  -44.861283    1.000000    0.000000    1.000000    0.000000
    9  1  -44.340820    1.000000    0.000000   -1.000000    0.000000
   10  1  -44.296108    1.000000    0.000000    1.000000    0.000000
   11  1  -44.066343    1.000000    0.000000   -1.000000    0.000000
   12  1  -44.016739    1.000000    0.000000    1.000000    0.000000
   13  1  -39.688474    1.000000    0.000000    1.000000    0.000000
   14  1  -39.678363    1.000000    0.000000    1.000000    0.000000
   15  1   -5.770162    1.000000    0.000000    1.000000    0.000000
   16  1   -5.715597    1.000000    0.000000    1.000000    0.000000
   17  1   -4.240996    1.000000    0.000000   -1.000000    0.000000
   18  1   -4.213425    1.000000    0.000000   -1.000000    0.000000
   19  1   -0.130015    1.000000    0.000000    1.000000    0.000000
   20  1    1.262932    1.000000    0.000000   -0.999997    0.000000
   21  1    1.268481    1.000000    0.000000    0.999998    0.000000
   22  1    1.306042    1.000000    0.000000    1.000000    0.000000
   23  1    2.199106    1.000000    0.000000    1.000000    0.000000
   24  1    2.209685    1.000000    0.000000   -1.000000    0.000000
   25  1    2.311845    1.000000    0.000000   -1.000000    0.000000
   26  1    2.358347    1.000000    0.000000   -1.000000    0.000000
   27  1    2.843332    1.000000    0.000000   -1.000000    0.000000
   28  1    3.464629    1.000000    0.000000    1.000000    0.000000
   29  1    3.719823    1.000000    0.000000   -1.000000    0.000000
   30  1    3.728003    1.000000    0.000000   -1.000000    0.000000
   31  1    3.749802    1.000000    0.000000    1.000000    0.000000
   32  1    3.991939    1.000000    0.000000   -1.000000    0.000000
   33  1    4.333891    1.000000    0.000000   -1.000000    0.000000
   34  1    4.345175    1.000000    0.000000   -1.000000    0.000000
   35  1    4.987818    1.000000    0.000000    1.000000    0.000000
   36  1    5.177981    1.000000    0.000000    1.000000    0.000000
   37  1    5.184091    1.000000    0.000000    1.000000    0.000000
   38  1    5.442344    1.000000    0.000000   -1.000000    0.000000
   39  1    5.737354    1.000000    0.000000    1.000000    0.000000
   40  1    6.391208    1.000000    0.000000    1.000000    0.000000
   41  1    8.333657    1.000000    0.000000   -1.000000    0.000000
   42  1    8.876162    1.000000    0.000000    1.000000    0.000000
   43  1    8.954246    1.000000    0.000000   -1.000000    0.000000
   44  1    9.007592    1.000000    0.000000    1.000000    0.000000
   45  1    9.090502    1.000000    0.000000    1.000000    0.000000
   46  1    9.107389    1.000000    0.000000    1.000000    0.000000
   47  1    9.554423    1.000000    0.000000   -1.000000    0.000000
   48  1    9.619848    1.000000    0.000000   -1.000000    0.000000
   49  1    9.807188    1.000000    0.000000   -1.000000    0.000000
   50  1   10.330911    1.000000    0.000000    1.000000    0.000000
   51  1   11.141158    1.000000    0.000000    0.999942    0.000000
   52  1   11.406169    1.000000    0.000000    0.985255    0.000000
   53  1   11.543539    1.000000    0.000000   -0.996730    0.000000
   54  1   11.566882    1.000000    0.000000   -0.997598    0.000000
   55  1   11.581624    1.000000    0.000000   -0.987466    0.000000
   56  1   11.637598    1.000000    0.000000   -0.993823    0.000000
  2
    1    2
    1  2  -48.690320    2.000000    0.000000    0.000000    0.000000
    3  2  -47.876672    2.000000    0.000000    0.000000    0.000000
    5  2  -47.381553    2.000000    0.000000    0.000000    0.000000
    7  2  -44.905948    2.000000    0.000000    0.000000    0.000000
    9  1  -44.316324    1.000000    0.000000   -0.999983    0.000000
   10  1  -44.315246    1.000000    0.000000    0.999983    0.000000
   11  2  -44.045970    2.000000    0.000000    0.000000    0.000000
   13  1  -39.688111    1.000000    0.000000    1.000000    0.000000
   14  1  -39.677986    1.000000    0.000000    1.000000    0.000000
   15  1   -5.650847    1.000000    0.000000   -1.000000    0.000000
   16  1   -5.600241    1.000000    0.000000   -1.000000    0.000000
   17  1   -3.029641    1.000000    0.000000    1.000000    0.000000
   18  1   -2.868106    1.000000    0.000000    1.000000    0.000000
   19  1    0.566643    1.000000    0.000000   -1.000000    0.000000
   20  1    0.847330    1.000000    0.000000    1.000000    0.000000
   21  1    1.091679    1.000000    0.000000   -1.000000    0.000000
   22  1    1.322644    1.000000    0.000000    1.000000    0.000000
   23  1    1.542120    1.000000    0.000000    1.000000    0.000000
   24  1    1.718073    1.000000    0.000000   -1.000000    0.000000
   25  1    1.778058    1.000000    0.000000   -1.000000    0.000000
   26  1    1.990138    1.000000    0.000000    1.000000    0.000000
   27  1    2.242261    1.000000    0.000000   -1.000000    0.000000
   28  1    2.293468    1.000000    0.000000    1.000000    0.000000
   29  1    2.350901    1.000000    0.000000   -1.000000    0.000000
   30  1    3.018794    1.000000    0.000000    1.000000    0.000000
   31  1    3.186552    1.000000    0.000000   -1.000000    0.000000
   32  1    3.536299    1.000000    0.000000   -1.000000    0.000000
   33  1    3.698078    1.000000    0.000000    1.000000    0.000000
   34  1    3.973476    1.000000    0.000000    1.000000    0.000000
   35  1    5.009965    1.000000    0.000000   -1.000000    0.000000
   36  1    5.026772    1.000000    0.000000    1.000000    0.000000
   37  1    5.749854    1.000000    0.000000   -1.000000    0.000000
   38  1    5.967442    1.000000    0.000000    1.000000    0.000000
   39  1    6.020957    1.000000    0.000000   -1.000000    0.000000
   40  1    6.879180    1.000000    0.000000    1.000000    0.000000
   41  1    7.187414    1.000000    0.000000   -1.000000    0.000000
   42  1    7.716462    1.000000    0.000000    1.000000    0.000000
   43  1    8.073564    1.000000    0.000000   -1.000000    0.000000
   44  1    8.118571    1.000000    0.000000   -1.000000    0.000000
   45  1    8.628051    1.000000    0.000000    1.000000    0.000000
   46  1    8.903925    1.000000    0.000000    1.000000    0.000000
   47  1    9.472049    1.000000    0.000000   -1.000000    0.000000
   48  1    9.599995    1.000000    0.000000    1.000000    0.000000
   49  1    9.833362    1.000000    0.000000    1.000000    0.000000
   50  1    9.952138    1.000000    0.000000   -1.000000    0.000000
   51  1   10.453698    1.000000    0.000000   -1.000000    0.000000
   52  1   11.323234    1.000000    0.000000   -1.000000    0.000000
   53  1   11.973832    1.000000    0.000000   -1.000000    0.000000
   54  1   12.015195    1.000000    0.000000    1.000000    0.000000
   55  1   12.935945    1.000000    0.000000   -0.999920    0.000000
   56  1   13.202610    1.000000    0.000000    0.999959    0.000000
  2
    1    2
    1  2  -48.690320    2.000000    0.000000    0.000000    0.000000
    3  2  -47.876673    2.000000    0.000000    0.000000    0.000000
    5  2  -47.381553    2.000000    0.000000    0.000000    0.000000
    7  2  -44.905948    2.000000    0.000000    0.000000    0.000000
    9  1  -44.316327    1.000000    0.000000   -0.999983    0.000000
   10  1  -44.315246    1.000000    0.000000    0.999983    0.000000
   11  2  -44.045970    2.000000    0.000000    0.000000    0.000000
   13  1  -39.688111    1.000000    0.000000    1.000000    0.000000
   14  1  -39.677986    1.000000    0.000000    1.000000    0.000000
   15  1   -5.650847    1.000000    0.000000   -1.000000    0.000000
   16  1   -5.600241    1.000000    0.000000   -1.000000    0.000000
   17  1   -3.029639    1.000000    0.000000    1.000000    0.000000
   18  1   -2.868107    1.000000    0.000000    1.000000    0.000000
   19  1    0.566641    1.000000    0.000000   -1.000000    0.000000
   20  1    0.847333    1.000000    0.000000    1.000000    0.000000
   21  1    1.091681    1.000000    0.000000   -1.000000    0.000000
   22  1    1.322643    1.000000    0.000000    1.000000    0.000000
   23  1    1.542103    1.000000    0.000000    1.000000    0.000000
   24  1    1.718086    1.000000    0.000000   -1.000000    0.000000
   25  1    1.778053    1.000000    0.000000   -1.000000    0.000000
   26  1    1.990140    1.000000    0.000000    1.000000    0.000000
   27  1    2.242228    1.000000    0.000000   -1.000000    0.000000
   28  1    2.293473    1.000000    0.000000    1.000000    0.000000
   29  1    2.350914    1.000000    0.000000   -1.000000    0.000000
   30  1    3.018783    1.000000    0.000000    1.000000    0.000000
   31  1    3.186579    1.000000    0.000000   -1.000000    0.000000
   32  1    3.536309    1.000000    0.000000   -1.000000    0.000000
   33  1    3.698113    1.000000    0.000000    1.000000    0.000000
   34  1    3.973476    1.000000    0.000000    1.000000    0.000000
   35  1    5.009924    1.000000    0.000000   -1.000000    0.000000
   36  1    5.026797    1.000000    0.000000    1.000000    0.000000
   37  1    5.749812    1.000000    0.000000   -1.000000    0.000000
   38  1    5.967431    1.000000    0.000000    1.000000    0.000000
   39  1    6.020964    1.000000    0.000000   -1.000000    0.000000
   40  1    6.879134    1.000000    0.000000    1.000000    0.000000
   41  1    7.187474    1.000000    0.000000   -1.000000    0.000000
   42  1    7.716440    1.000000    0.000000    1.000000    0.000000
   43  1    8.073588    1.000000    0.000000   -1.000000    0.000000
   44  1    8.118562    1.000000    0.000000   -1.000000    0.000000
   45  1    8.628025    1.000000    0.000000    1.000000    0.000000
   46  1    8.903912    1.000000    0.000000    1.000000    0.000000
   47  1    9.471966    1.000000    0.000000   -1.000000    0.000000
   48  1    9.600028    1.000000    0.000000    1.000000    0.000000
   49  1    9.833428    1.000000    0.000000    1.000000    0.000000
   50  1    9.952283    1.000000    0.000000   -1.000000    0.000000
   51  1   10.453558    1.000000    0.000000   -1.000000    0.000000
   52  1   11.323305    1.000000    0.000000   -1.000000    0.000000
   53  1   11.973814    1.000000    0.000000   -1.000000    0.000000
   54  1   12.015187    1.000000    0.000000    1.000000    0.000000
   55  1   12.935947    1.000000    0.000000   -0.999982    0.000000
   56  1   13.206029    1.000000    0.000000    0.999550    0.000000
  2
    1    2
    1  1  -48.695826    1.000000    0.000000   -1.000000    0.000000
    2  1  -48.691139    1.000000    0.000000    1.000000    0.000000
    3  1  -47.884222    1.000000    0.000000    1.000000    0.000000
    4  1  -47.865397    1.000000    0.000000   -1.000000    0.000000
    5  1  -47.388114    1.000000    0.000000   -1.000000    0.000000
    6  1  -47.373140    1.000000    0.000000    1.000000    0.000000
    7  1  -44.916864    1.000000    0.000000   -1.000000    0.000000
    8  1  -44.905691    1.000000    0.000000    1.000000    0.000000
    9  1  -44.331787    1.000000    0.000000    1.000000    0.000000
   10  1  -44.295347    1.000000    0.000000   -1.000000    0.000000
   11  1  -44.055746    1.000000    0.000000   -1.000000    0.000000
   12  1  -44.031239    1.000000    0.000000    1.000000    0.000000
   13  1  -39.687761    1.000000    0.000000    1.000000    0.000000
   14  1  -39.677633    1.000000    0.000000    1.000000    0.000000
   15  1   -5.235402    1.000000    0.000000    1.000000    0.000000
   16  1   -5.149357    1.000000    0.000000    1.000000    0.000000
   17  1   -2.567708    1.000000    0.000000   -1.000000    0.000000
   18  1   -2.273979    1.000000    0.000000   -1.000000    0.000000
   19  1    0.364905    1.000000    0.000000   -1.000000    0.000000
   20  1    0.950665    1.000000    0.000000    1.000000    0.000000
   21  1    1.024391    1.000000    0.000000   -1.000000    0.000000
   22  1    1.133064    1.000000    0.000000    1.000000    0.000000
   23  1    1.647917    1.000000    0.000000   -1.000000    0.000000
   24  1    1.953555    1.000000    0.000000    1.000000    0.000000
   25  1    2.093550    1.000000    0.000000    1.000000    0.000000
   26  1    2.267073    1.000000    0.000000   -1.000000    0.000000
   27  1    2.334670    1.000000    0.000000   -1.000000    0.000000
   28  1    2.391910    1.000000    0.000000    1.000000    0.000000
   29  1    2.509237    1.000000    0.000000   -1.000000    0.000000
   30  1    2.851639    1.000000    0.000000    1.000000    0.000000
   31  1    2.863061    1.000000    0.000000   -1.000000    0.000000
   32  1    2.890565    1.000000    0.000000   -1.000000    0.000000
   33  1    2.928229    1.000000    0.000000    1.000000    0.000000
   34  1    2.997008    1.000000    0.000000    1.000000    0.000000
   35  1    4.565195    1.000000    0.000000   -1.000000    0.000000
   36  1    5.027465    1.000000    0.000000   -1.000000    0.000000
   37  1    5.053704    1.000000    0.000000    1.000000    0.000000
   38  1    5.283984    1.000000    0.000000    1.000000    0.000000
   39  1    5.388295    1.000000    0.000000    1.000000    0.000000
   40  1    5.646128    1.000000    0.000000    1.000000    0.000000
   41  1    5.970782    1.000000    0.000000   -1.000000    0.000000
   42  1    6.056431    1.000000    0.000000    1.000000    0.000000
   43  1    7.858527    1.000000    0.000000   -1.000000    0.000000
   44  1    7.922375    1.000000    0.000000   -1.000000    0.000000
   45  1    8.563000    1.000000    0.000000   -1.000000    0.000000
   46  1    8.776992    1.000000    0.000000    1.000000    0.000000
   47  1    9.087145    1.000000    0.000000    1.000000    0.000000
   48  1    9.570037    1.000000    0.000000    1.000000    0.000000
   49  1    9.606493    1.000000    0.000000   -1.000000    0.000000
   50  1    9.631433    1.000000    0.000000    1.000000    0.000000
   51  1    9.657024    1.000000    0.000000   -1.000000    0.000000
   52  1   10.042179    1.000000    0.000000   -1.000000    0.000000
   53  1   11.359233    1.000000    0.000000   -1.000000    0.000000
   54  1   11.799641    1.000000    0.000000    1.000000    0.000000
   55  1   12.400988    1.000000    0.000000   -1.000000    0.000000
   56  1   13.367663    1.000000    0.000000   -0.999998    0.000000
  2
    1    2
    1  2  -48.690320    2.000000    0.000000    0.000000    0.000000
    3  2  -47.876672    2.000000    0.000000    0.000000    0.000000
    5  2  -47.381553    2.000000    0.000000    0.000000    0.000000
    7  2  -44.905947    2.000000    0.000000    0.000000    0.000000
    9  1  -44.316326    1.000000    0.000000    0.999983    0.000000
   10  1  -44.315240    1.000000    0.000000   -0.999983    0.000000
   11  2  -44.045969    2.000000    0.000000    0.000000    0.000000
   13  1  -39.688111    1.000000    0.000000    1.000000    0.000000
   14  1  -39.677986    1.000000    0.000000    1.000000    0.000000
   15  1   -5.650833    1.000000    0.000000   -1.000000    0.000000
   16  1   -5.600252    1.000000    0.000000   -1.000000    0.000000
   17  1   -3.029732    1.000000    0.000000    1.000000    0.000000
   18  1   -2.868064    1.000000    0.000000    1.000000    0.000000
   19  1    0.566771    1.000000    0.000000   -1.000000    0.000000
   20  1    0.846910    1.000000    0.000000    1.000000    0.000000
   21  1    1.091573    1.000000    0.000000   -1.000000    0.000000
   22  1    1.322728    1.000000    0.000000    1.000000    0.000000
   23  1    1.543453    1.000000    0.000000    1.000000    0.000000
   24  1    1.711642    1.000000    0.000000   -1.000000    0.000000
   25  1    1.785131    1.000000    0.000000   -1.000000    0.000000
   26  1    1.985221    1.000000    0.000000    1.000000    0.000000
   27  1    2.258393    1.000000    0.000000   -1.000000    0.000000
   28  1    2.300030    1.000000    0.000000    1.000000    0.000000
   29  1    2.333025    1.000000    0.000000   -1.000000    0.000000
   30  1    3.018186    1.000000    0.000000    1.000000    0.000000
   31  1    3.186260    1.000000    0.000000   -1.000000    0.000000
   32  1    3.536041    1.000000    0.000000   -1.000000    0.000000
   33  1    3.694275    1.000000    0.000000    1.000000    0.000000
   34  1    3.976018    1.000000    0.000000    1.000000    0.000000
   35  1    5.011420    1.000000    0.000000   -1.000000    0.000000
   36  1    5.026499    1.000000    0.000000    0.999999    0.000000
   37  1    5.748409    1.000000    0.000000   -1.000000    0.000000
   38  1    5.967445    1.000000    0.000000    1.000000    0.000000
   39  1    6.020780    1.000000    0.000000   -1.000000    0.000000
   40  1    6.878573    1.000000    0.000000    1.000000    0.000000
   41  1    7.191661    1.000000    0.000000   -1.000000    0.000000
   42  1    7.714908    1.000000    0.000000    1.000000    0.000000
   43  1    8.072677    1.000000    0.000000   -1.000000    0.000000
   44  1    8.119073    1.000000    0.000000   -1.000000    0.000000
   45  1    8.627500    1.000000    0.000000    1.000000    0.000000
   46  1    8.906530    1.000000    0.000000    1.000000    0.000000
   47  1    9.471253    1.000000    0.000000   -1.000000    0.000000
   48  1    9.595632    1.000000    0.000000    1.000000    0.000000
   49  1    9.837375    1.000000    0.000000    1.000000    0.000000
   50  1    9.952604    1.000000    0.000000   -1.000000    0.000000
   51  1   10.448774    1.000000    0.000000   -1.000000    0.000000
   52  1   11.326512    1.000000    0.000000   -1.000000    0.000000
   53  1   11.973928    1.000000    0.000000   -1.000000    0.000000
   54  1   12.015579    1.000000    0.000000    1.000000    0.000000
   55  1   12.936251    1.000000    0.000000   -0.999583    0.000000
   56  1   13.209269    1.000000    0.000000    0.998775    0.000000
  2
    1    2
    1  2  -48.690320    2.000000    0.000000    0.000000    0.000000
    3  2  -47.876673    2.000000    0.000000    0.000000    0.000000
    5  2  -47.381553    2.000000    0.000000    0.000000    0.000000
    7  2  -44.905946    2.000000    0.000000    0.000000    0.000000
    9  1  -44.316328    1.000000    0.000000    0.999983    0.000000
   10  1  -44.315241    1.000000    0.000000   -0.999983    0.000000
   11  2  -44.045969    2.000000    0.000000    0.000000    0.000000
   13  1  -39.688111    1.000000    0.000000    1.000000    0.000000
   14  1  -39.677986    1.000000    0.000000    1.000000    0.000000
   15  1   -5.650833    1.000000    0.000000   -1.000000    0.000000
   16  1   -5.600251    1.000000    0.000000   -1.000000    0.000000
   17  1   -3.029733    1.000000    0.000000    1.000000    0.000000
   18  1   -2.868064    1.000000    0.000000    1.000000    0.000000
   19  1    0.566776    1.000000    0.000000   -1.000000    0.000000
   20  1    0.846910    1.000000    0.000000    1.000000    0.000000
   21  1    1.091571    1.000000    0.000000   -1.000000    0.000000
   22  1    1.322727    1.000000    0.000000    1.000000    0.000000
   23  1    1.543467    1.000000    0.000000    1.000000    0.000000
   24  1    1.711621    1.000000    0.000000   -1.000000    0.000000
   25  1    1.785145    1.000000    0.000000   -1.000000    0.000000
   26  1    1.985222    1.000000    0.000000    1.000000    0.000000
   27  1    2.258423    1.000000    0.000000   -1.000000    0.000000
   28  1    2.300023    1.000000    0.000000    1.000000    0.000000
   29  1    2.333012    1.000000    0.000000   -1.000000    0.000000
   30  1    3.018192    1.000000    0.000000    1.000000    0.000000
   31  1    3.186233    1.000000    0.000000   -1.000000    0.000000
   32  1    3.536031    1.000000    0.000000   -1.000000    0.000000
   33  1    3.694236    1.000000    0.000000    1.000000    0.000000
   34  1    3.976026    1.000000    0.000000    1.000000    0.000000
   35  1    5.011460    1.000000    0.000000   -0.999999    0.000000
   36  1    5.026490    1.000000    0.000000    0.999999    0.000000
   37  1    5.748476    1.000000    0.000000   -1.000000    0.000000
   38  1    5.967423    1.000000    0.000000    1.000000    0.000000
   39  1    6.020753    1.000000    0.000000   -1.000000    0.000000
   40  1    6.878621    1.000000    0.000000    1.000000    0.000000
   41  1    7.191582    1.000000    0.000000   -1.000000    0.000000
   42  1    7.714938    1.000000    0.000000    1.000000    0.000000
   43  1    8.072669    1.000000    0.000000   -1.000000    0.000000
   44  1    8.119069    1.000000    0.000000   -1.000000    0.000000
   45  1    8.627540    1.000000    0.000000    1.000000    0.000000
   46  1    8.906561    1.000000    0.000000    1.000000    0.000000
   47  1    9.471348    1.000000    0.000000   -1.000000    0.000000
   48  1    9.595552    1.000000    0.000000    1.000000    0.000000
   49  1    9.837332    1.000000    0.000000    1.000000    0.000000
   50  1    9.952504    1.000000    0.000000   -1.000000    0.000000
   51  1   10.448859    1.000000    0.000000   -1.000000    0.000000
   52  1   11.326469    1.000000    0.000000   -1.000000    0.000000
   53  1   11.973941    1.000000    0.000000   -1.000000    0.000000
   54  1   12.015589    1.000000    0.000000    1.000000    0.000000
   55  1   12.936567    1.000000    0.000000   -0.997894    0.000000
   56  1   13.213255    1.000000    0.000000    0.999500    0.000000
  2
    1    2
    1  1  -48.695825    1.000000    0.000000    1.000000    0.000000
    2  1  -48.691140    1.000000    0.000000   -1.000000    0.000000
    3  1  -47.884231    1.000000    0.000000   -1.000000    0.000000
    4  1  -47.865389    1.000000    0.000000    1.000000    0.000000
    5  1  -47.388099    1.000000    0.000000    1.000000    0.000000
    6  1  -47.373155    1.000000    0.000000   -1.000000    0.000000
    7  1  -44.916856    1.000000    0.000000    1.000000    0.000000
    8  1  -44.905700    1.000000    0.000000   -1.000000    0.000000
    9  1  -44.331806    1.000000    0.000000   -1.000000    0.000000
   10  1  -44.295322    1.000000    0.000000    1.000000    0.000000
   11  1  -44.055728    1.000000    0.000000    1.000000    0.000000
   12  1  -44.031260    1.000000    0.000000   -1.000000    0.000000
   13  1  -39.687761    1.000000    0.000000    1.000000    0.000000
   14  1  -39.677633    1.000000    0.000000    1.000000    0.000000
   15  1   -5.235428    1.000000    0.000000    1.000000    0.000000
   16  1   -5.149190    1.000000    0.000000    1.000000    0.000000
   17  1   -2.567521    1.000000    0.000000   -1.000000    0.000000
   18  1   -2.274492    1.000000    0.000000   -1.000000    0.000000
   19  1    0.363750    1.000000    0.000000   -1.000000    0.000000
   20  1    0.952562    1.000000    0.000000    1.000000    0.000000
   21  1    1.022405    1.000000    0.000000   -1.000000    0.000000
   22  1    1.131572    1.000000    0.000000    1.000000    0.000000
   23  1    1.648046    1.000000    0.000000   -1.000000    0.000000
   24  1    1.953974    1.000000    0.000000    1.000000    0.000000
   25  1    2.093983    1.000000    0.000000    1.000000    0.000000
   26  1    2.266394    1.000000    0.000000   -1.000000    0.000000
   27  1    2.336810    1.000000    0.000000   -1.000000    0.000000
   28  1    2.393665    1.000000    0.000000    1.000000    0.000000
   29  1    2.511109    1.000000    0.000000   -1.000000    0.000000
   30  1    2.844523    1.000000    0.000000    1.000000    0.000000
   31  1    2.855544    1.000000    0.000000   -1.000000    0.000000
   32  1    2.893911    1.000000    0.000000   -1.000000    0.000000
   33  1    2.941398    1.000000    0.000000    1.000000    0.000000
   34  1    2.994533    1.000000    0.000000    1.000000    0.000000
   35  1    4.568012    1.000000    0.000000   -1.000000    0.000000
   36  1    5.026253    1.000000    0.000000   -1.000000    0.000000
   37  1    5.050923    1.000000    0.000000    1.000000    0.000000
   38  1    5.281560    1.000000    0.000000    1.000000    0.000000
   39  1    5.389835    1.000000    0.000000    1.000000    0.000000
   40  1    5.645681    1.000000    0.000000    1.000000    0.000000
   41  1    5.968701    1.000000    0.000000   -1.000000    0.000000
   42  1    6.058556    1.000000    0.000000    1.000000    0.000000
   43  1    7.862768    1.000000    0.000000   -1.000000    0.000000
   44  1    7.918962    1.000000    0.000000   -1.000000    0.000000
   45  1    8.562988    1.000000    0.000000   -1.000000    0.000000
   46  1    8.775261    1.000000    0.000000    1.000000    0.000000
   47  1    9.088246    1.000000    0.000000    1.000000    0.000000
   48  1    9.569751    1.000000    0.000000    1.000000    0.000000
   49  1    9.606212    1.000000    0.000000   -1.000000    0.000000
   50  1    9.625552    1.000000    0.000000    1.000000    0.000000
   51  1    9.660808    1.000000    0.000000   -1.000000    0.000000
   52  1   10.042244    1.000000    0.000000   -1.000000    0.000000
   53  1   11.357268    1.000000    0.000000   -1.000000    0.000000
   54  1   11.801971    1.000000    0.000000    1.000000    0.000000
   55  1   12.401203    1.000000    0.000000   -1.000000    0.000000
   56  1   13.365388    1.000000    0.000000   -0.999992    0.000000
