   38   48
  1
  8
  1  0  0  0  1  0  0  0  1    0.000000    0.000000    0.000000    1.000000    0.000000    0.000000    0.000000    0.000000    0.000000    1.000000    0.000000  1
  0 -1  0 -1  0  0  0  0 -1    0.000000    0.000000    0.500000    0.000000   -0.707107    0.707107    0.000000   -0.707107    0.000000    0.000000    0.707107  1
 -1  0  0  0 -1  0  0  0 -1    0.000000    0.000000    0.000000    1.000000    0.000000    0.000000    0.000000    0.000000    0.000000    1.000000    0.000000  1
  0  1  0  1  0  0  0  0  1    0.000000    0.000000    0.500000    0.000000   -0.707107    0.707107    0.000000   -0.707107    0.000000    0.000000    0.707107  1
  1  0  0  0  1  0  0  0  1    0.000000    0.000000    0.500000    1.000000    0.000000    0.000000    0.000000    0.000000    0.000000    1.000000    0.000000 -1
  0 -1  0 -1  0  0  0  0 -1    0.000000    0.000000    0.000000    0.000000   -0.707107    0.707107    0.000000   -0.707107    0.000000    0.000000    0.707107 -1
 -1  0  0  0 -1  0  0  0 -1    0.000000    0.000000    0.500000    1.000000    0.000000    0.000000    0.000000    0.000000    0.000000    1.000000    0.000000 -1
  0  1  0  1  0  0  0  0  1    0.000000    0.000000    0.000000    0.000000   -0.707107    0.707107    0.000000   -0.707107    0.000000    0.000000    0.707107 -1
  6
    0.000000    0.000000    0.000000
    0.000000    0.000000    0.500000
    0.000000    0.500000    0.500000
    0.500000    0.500000    0.500000
    0.000000    0.500000    0.000000
    0.500000    0.500000    0.000000
  4
    1    2    3    4
    1  2  -46.478454    2.000000    0.000000    0.000000    0.000000   -2.000000    0.000000    0.000000    0.000000
    3  2  -46.074064    2.000000    0.000000    0.000000    0.000000   -2.000000    0.000000    0.000000    0.000000
    5  2  -45.580144    2.000000    0.000000    0.000000    0.000000   -2.000000    0.000000    0.000000    0.000000
    7  2  -41.444056    2.000000    0.000000    0.000000    0.000000   -2.000000    0.000000    0.000000    0.000000
    9  2  -41.041773    2.000000    0.000000    0.000000    0.000000   -2.000000    0.000000    0.000000    0.000000
   11  2  -40.692988    2.000000    0.000000    0.000000    0.000000   -2.000000    0.000000    0.000000    0.000000
   13  2   -8.742172    2.000000    0.000000    0.000000    0.000000    2.000000    0.000000    0.000000    0.000000
   15  2   -7.699073    2.000000    0.000000    0.000000    0.000000   -2.000000    0.000000    0.000000    0.000000
   17  2   -1.260944    2.000000    0.000000    0.000000    0.000000    2.000000    0.000000    0.000000    0.000000
   19  2   -0.714367    2.000000    0.000000    0.000000    0.000000    2.000000    0.000000    0.000000    0.000000
   21  2   -0.695868    2.000000    0.000000    0.000000    0.000000    2.000000    0.000000    0.000000    0.000000
   23  2   -0.252181    2.000000    0.000000    0.000000    0.000000    2.000000    0.000000    0.000000    0.000000
   25  2   -0.248896    2.000000    0.000000    0.000000    0.000000    2.000000    0.000000    0.000000    0.000000
   27  2    0.292990    2.000000    0.000000    0.000000    0.000000    2.000000    0.000000    0.000000    0.000000
   29  2    3.561844    2.000000    0.000000    0.000000    0.000000    2.000000    0.000000    0.000000    0.000000
   31  2    3.698732    2.000000    0.000000    0.000000    0.000000   -2.000000    0.000000    0.000000    0.000000
   33  2    3.756730    2.000000    0.000000    0.000000    0.000000    2.000000    0.000000    0.000000    0.000000
   35  2    4.123317    2.000000    0.000000    0.000000    0.000000   -2.000000    0.000000    0.000000    0.000000
   37  2    4.124443    2.000000    0.000000    0.000000    0.000000   -2.000000    0.000000    0.000000    0.000000
   39  2    6.415348    2.000000    0.000000    0.000000    0.000000    2.000000    0.000000    0.000000    0.000000
   41  2    7.691622    2.000000    0.000000    0.000000    0.000078    1.999997    0.000000    0.000000    0.000077
   43  2    7.703954    2.000000    0.000000    0.000000   -0.000066    1.999996    0.000000    0.000000   -0.000068
   45  2    7.734411    2.000000    0.000000    0.000000   -0.000012    1.999994    0.000000    0.000000   -0.000014
   47  1    7.922066    1.000000    0.000000    0.000000    0.951792   -0.999672    0.000000    0.000000   -0.951747
   48  1    7.923158    1.000000    0.000000    0.000000   -0.951990   -0.999805    0.000000    0.000000    0.951999
  4
    1    2    3    4
    1  2  -46.478458    2.000000    0.000000    0.000000    0.000000    0.000000    0.000000    0.000000    0.000000
    3  2  -46.074059    2.000000    0.000000    0.000000   -0.000000    0.000001    0.000000   -0.000000    0.000000
    5  2  -45.580148    2.000000    0.000000    0.000000    0.000000   -0.000000    0.000000   -0.000000    0.000000
    7  2  -41.444064    2.000000    0.000000    0.000000    0.000000    0.000000    0.000000    0.000000    0.000000
    9  2  -41.041761    2.000000    0.000000    0.000000    0.000000   -0.000001    0.000000    0.000000    0.000000
   11  2  -40.692995    2.000000    0.000000    0.000000   -0.000000    0.000000    0.000000    0.000000    0.000000
   13  2   -8.305150    2.000000    0.000000    0.000000   -0.000000    0.000000    0.000000    0.000000    0.000000
   15  2   -8.258713    2.000000    0.000000    0.000000   -0.000000    0.000000    0.000000    0.000000    0.000000
   17  2   -0.697985    2.000000    0.000000    0.000000   -0.000000    0.000000    0.000000    0.000000    0.000000
   19  2   -0.681372    2.000000    0.000000    0.000000   -0.000000    0.000000    0.000000    0.000000    0.000000
   21  2   -0.662148    2.000000    0.000000    0.000000    0.000002    0.000000    0.000000   -0.000000    0.000000
   23  2   -0.250608    2.000000    0.000000    0.000000    0.000000    0.000000    0.000000   -0.000000    0.000000
   25  2   -0.246330    2.000000    0.000000    0.000000    0.000000    0.000000    0.000000    0.000000    0.000000
   27  2    1.185054    2.000000    0.000000    0.000000    0.000000    0.000000    0.000000    0.000000    0.000000
   29  2    1.396568    2.000000    0.000000    0.000000    0.000000    0.000000    0.000000    0.000000    0.000000
   31  2    3.170542    2.000000    0.000000    0.000000    0.000001    0.000000    0.000000   -0.000000    0.000000
   33  2    3.346118    2.000000    0.000000    0.000000    0.000000    0.000000    0.000000    0.000000    0.000000
   35  2    4.328964    2.000000    0.000000    0.000000    0.000000    0.000000    0.000000    0.000000    0.000000
   37  2    4.528997    2.000000    0.000000    0.000000    0.000000    0.000000    0.000000   -0.000000    0.000000
   39  2    7.190890    2.000000    0.000000    0.000000    0.000043    0.000006    0.000000   -0.000035    0.000000
   41  2    7.609044    2.000000    0.000000    0.000000    0.000028   -0.000022    0.000000   -0.000002    0.000000
   43  2    7.630582    2.000000    0.000000    0.000000   -0.000040    0.000012    0.000000    0.000029    0.000000
   45  1    8.288234    1.000000    0.000000    0.000000   -0.081843   -0.832253    0.000000    0.547722    0.000000
   46  1    8.292917    1.000000    0.000000    0.000000    0.050256    0.825582    0.000000   -0.535772    0.000000
   47  1    8.312966    1.000000    0.000000    0.000000    0.068968    0.926550    0.000000    0.316838    0.000000
   48  1    8.315601    1.000000    0.000000    0.000000   -0.063330   -0.887592    0.000000   -0.239432    0.000000
  2
    1    3
    1  2  -46.479653    2.000000    0.000000    0.000000    0.000000
    3  2  -46.074202    2.000000    0.000000    0.000000    0.000000
    5  2  -45.581495    2.000000    0.000000    0.000000    0.000000
    7  2  -41.445850    2.000000    0.000000    0.000000    0.000000
    9  2  -41.041943    2.000000    0.000000    0.000000    0.000000
   11  2  -40.694976    2.000000    0.000000    0.000000    0.000000
   13  2   -7.684234    2.000000    0.000000    0.000000    0.000000
   15  2   -7.609411    2.000000    0.000000    0.000000    0.000000
   17  2   -0.953604    2.000000    0.000000    0.000000    0.000000
   19  2   -0.703961    2.000000    0.000000    0.000000    0.000000
   21  2   -0.665814    2.000000    0.000000    0.000000    0.000000
   23  2   -0.152029    2.000000    0.000000    0.000000    0.000000
   25  2   -0.088920    2.000000    0.000000    0.000000    0.000000
   27  2    0.098428    2.000000    0.000000    0.000000    0.000000
   29  2    0.794602    2.000000    0.000000    0.000000    0.000000
   31  2    1.645047    2.000000    0.000000    0.000000    0.000000
   33  2    2.509480    2.000000    0.000000    0.000000    0.000000
   35  2    2.816069    2.000000    0.000000    0.000000    0.000000
   37  2    3.559958    2.000000    0.000000    0.000000    0.000000
   39  2    6.938468    2.000000    0.000000    0.000000    0.000000
   41  2    7.674987    2.000000    0.000000   -0.000001    0.000000
   43  2    8.059534    2.000000    0.000000    0.000136    0.000000
   45  2    8.136901    2.000000    0.000000    0.000276    0.000000
   47  1    8.481872    1.000000    0.000000   -0.674147    0.000000
   48  1    8.486948    1.000000    0.000000    0.685374    0.000000
  4
    1    2    3    4
    1  2  -46.479422    2.000000    0.000000    0.000000    0.000001   -0.000000    0.000000    0.000000    0.000000
    3  2  -46.074691    2.000000    0.000000    0.000000   -0.000000    0.000000    0.000000   -0.000000    0.000000
    5  2  -45.581231    2.000000    0.000000    0.000000   -0.000000   -0.000000    0.000000    0.000000    0.000000
    7  2  -41.445501    2.000000    0.000000    0.000000    0.000000    0.000000    0.000000    0.000000    0.000000
    9  2  -41.042709    2.000000    0.000000    0.000000    0.000000    0.000001    0.000000   -0.000000    0.000000
   11  2  -40.694566    2.000000    0.000000    0.000000    0.000000   -0.000000    0.000000    0.000000    0.000000
   13  2   -7.684110    2.000000    0.000000    0.000000    0.000000    0.000000    0.000000    0.000000    0.000000
   15  2   -7.609536    2.000000    0.000000    0.000000    0.000000    0.000000    0.000000    0.000000    0.000000
   17  2   -0.952984    2.000000    0.000000    0.000000    0.000000    0.000000    0.000000    0.000001    0.000000
   19  2   -0.702994    2.000000    0.000000    0.000000    0.000000    0.000000    0.000000    0.000000    0.000000
   21  2   -0.667628    2.000000    0.000000    0.000000    0.000000    0.000000    0.000000    0.000000    0.000000
   23  2   -0.152920    2.000000    0.000000    0.000000    0.000001    0.000000    0.000000   -0.000000    0.000000
   25  2   -0.086876    2.000000    0.000000    0.000000    0.000000    0.000000    0.000000   -0.000000    0.000000
   27  2    0.099097    2.000000    0.000000    0.000000   -0.000001   -0.000001    0.000000   -0.000000    0.000000
   29  2    0.792023    2.000000    0.000000    0.000000    0.000000    0.000000    0.000000    0.000001    0.000000
   31  2    1.643635    2.000000    0.000000    0.000000    0.000001    0.000000    0.000000    0.000000    0.000000
   33  2    2.523173    2.000000    0.000000    0.000000    0.000000    0.000000    0.000000    0.000000    0.000000
   35  2    2.802357    2.000000    0.000000    0.000000    0.000000    0.000000    0.000000    0.000000    0.000000
   37  2    3.562538    2.000000    0.000000    0.000000    0.000000    0.000000    0.000000    0.000000    0.000000
   39  2    6.939112    2.000000    0.000000    0.000000    0.000011    0.000000    0.000000    0.000001    0.000000
   41  2    7.674863    2.000000    0.000000    0.000000    0.000042   -0.000015    0.000000   -0.000021    0.000000
   43  2    8.057041    2.000000    0.000000    0.000000   -0.000040    0.000204    0.000000   -0.000192    0.000000
   45  2    8.139625    2.000000    0.000000    0.000000    0.000544    0.001115    0.000000    0.000699    0.000000
   47  1    8.468661    1.000000    0.000000    0.000000   -0.678975    0.682967    0.000000   -0.235931    0.000000
   48  1    8.475682    1.000000    0.000000    0.000000    0.672128   -0.601191    0.000000    0.228386    0.000000
  2
    1    3
    1  2  -46.479665    2.000000    0.000000   -2.000000    0.000000
    3  2  -46.074215    2.000000    0.000000   -2.000000    0.000000
    5  2  -45.581502    2.000000    0.000000   -2.000000    0.000000
    7  2  -41.445865    2.000000    0.000000   -2.000000    0.000000
    9  2  -41.041960    2.000000    0.000000   -2.000000    0.000000
   11  2  -40.694987    2.000000    0.000000   -2.000000    0.000000
   13  2   -7.698755    2.000000    0.000000   -2.000000    0.000000
   15  2   -7.582472    2.000000    0.000000    2.000000    0.000000
   17  2   -1.254875    2.000000    0.000000    2.000000    0.000000
   19  2   -0.655635    2.000000    0.000000    2.000000    0.000000
   21  2   -0.509940    2.000000    0.000000    2.000000    0.000000
   23  2   -0.212685    2.000000    0.000000    2.000000    0.000000
   25  2   -0.091729    2.000000    0.000000    2.000000    0.000000
   27  2    0.058022    2.000000    0.000000   -2.000000    0.000000
   29  2    0.371995    2.000000    0.000000    2.000000    0.000000
   31  2    2.261924    2.000000    0.000000   -2.000000    0.000000
   33  2    2.481676    2.000000    0.000000   -2.000000    0.000000
   35  2    3.655977    2.000000    0.000000    2.000000    0.000000
   37  2    3.898650    2.000000    0.000000    2.000000    0.000000
   39  2    5.960440    2.000000    0.000000    2.000000    0.000000
   41  2    6.831137    2.000000    0.000000    2.000000    0.000000
   43  2    7.928658    2.000000    0.000000   -1.999999    0.000000
   45  2    8.319058    2.000000    0.000000    1.999998    0.000000
   47  2    8.404113    2.000000    0.000000    1.999997    0.000000
  4
    1    2    3    4
    1  2  -46.479437    2.000000    0.000000    0.000000    0.000000   -2.000000    0.000000    0.000000    0.000000
    3  2  -46.074698    2.000000    0.000000    0.000000    0.000000   -2.000000    0.000000    0.000000    0.000000
    5  2  -45.581240    2.000000    0.000000    0.000000    0.000000   -2.000000    0.000000    0.000000    0.000000
    7  2  -41.445520    2.000000    0.000000    0.000000    0.000000   -2.000000    0.000000    0.000000    0.000000
    9  2  -41.042717    2.000000    0.000000    0.000000    0.000000   -2.000000    0.000000    0.000000    0.000000
   11  2  -40.694581    2.000000    0.000000    0.000000    0.000000   -2.000000    0.000000    0.000000    0.000000
   13  2   -7.698767    2.000000    0.000000    0.000000    0.000000   -2.000000    0.000000    0.000000    0.000000
   15  2   -7.582522    2.000000    0.000000    0.000000    0.000000    2.000000    0.000000    0.000000    0.000000
   17  2   -1.254694    2.000000    0.000000    0.000000    0.000000    2.000000    0.000000    0.000000    0.000000
   19  2   -0.653665    2.000000    0.000000    0.000000    0.000000    2.000000    0.000000    0.000000    0.000000
   21  2   -0.512562    2.000000    0.000000    0.000000    0.000000    2.000000    0.000000    0.000000    0.000000
   23  2   -0.214442    2.000000    0.000000    0.000000    0.000000    2.000000    0.000000    0.000000    0.000000
   25  2   -0.087595    2.000000    0.000000    0.000000    0.000000    2.000000    0.000000    0.000000    0.000000
   27  2    0.058266    2.000000    0.000000    0.000000    0.000000   -2.000000    0.000000    0.000000    0.000000
   29  2    0.369759    2.000000    0.000000    0.000000    0.000000    2.000000    0.000000    0.000000    0.000000
   31  2    2.262092    2.000000    0.000000    0.000000    0.000000   -2.000000    0.000000    0.000000    0.000000
   33  2    2.481857    2.000000    0.000000    0.000000    0.000000   -2.000000    0.000000    0.000000    0.000000
   35  2    3.665162    2.000000    0.000000    0.000000    0.000000    2.000000    0.000000    0.000000    0.000000
   37  2    3.889701    2.000000    0.000000    0.000000    0.000000    2.000000    0.000000    0.000000    0.000000
   39  2    5.960120    2.000000    0.000000    0.000000    0.000000    2.000000    0.000000    0.000000    0.000000
   41  2    6.831232    2.000000    0.000000    0.000000    0.000000    2.000000    0.000000    0.000000    0.000000
   43  2    7.928797    2.000000    0.000000    0.000000   -0.000000   -1.999999    0.000000    0.000000    0.000000
   45  2    8.318207    2.000000    0.000000    0.000000   -0.000012    1.999988    0.000000    0.000000   -0.000011
   47  2    8.403861    2.000000    0.000000    0.000000    0.000051    1.999989    0.000000    0.000000    0.000050
