  116  152
  1
  2
  1  0  0  0  1  0  0  0  1    0.000000    0.000000    0.000000    1.000000    0.000000    0.000000    0.000000    0.000000    0.000000    1.000000    0.000000  1
 -1  0  0  0 -1  0  0  0 -1    0.000000    0.000000    0.000000    1.000000    0.000000    0.000000    0.000000    0.000000    0.000000    1.000000    0.000000  1
  8
    0.000000    0.000000    0.000000
    0.500000    0.500000    0.500000
    0.000000    0.500000    0.500000
    0.500000    0.000000    0.500000
    0.500000    0.500000    0.000000
    0.500000    0.000000    0.000000
    0.000000    0.500000    0.000000
    0.000000    0.000000    0.500000
  2
    1    2
    1  1  -47.292260    1.000000    0.000000   -1.000000    0.000000
    2  1  -47.290498    1.000000    0.000000   -1.000000    0.000000
    3  1  -46.888252    1.000000    0.000000   -1.000000    0.000000
    4  1  -46.886479    1.000000    0.000000   -1.000000    0.000000
    5  1  -46.731567    1.000000    0.000000   -1.000000    0.000000
    6  1  -46.726266    1.000000    0.000000   -1.000000    0.000000
    7  1  -46.382589    1.000000    0.000000   -1.000000    0.000000
    8  1  -46.380551    1.000000    0.000000   -1.000000    0.000000
    9  1  -46.322033    1.000000    0.000000   -1.000000    0.000000
   10  1  -46.320838    1.000000    0.000000   -1.000000    0.000000
   11  1  -45.832931    1.000000    0.000000   -1.000000    0.000000
   12  1  -45.827641    1.000000    0.000000   -1.000000    0.000000
   13  1  -42.796997    1.000000    0.000000   -1.000000    0.000000
   14  1  -42.794636    1.000000    0.000000   -1.000000    0.000000
   15  1  -42.394277    1.000000    0.000000   -1.000000    0.000000
   16  1  -42.392571    1.000000    0.000000   -1.000000    0.000000
   17  1  -42.052975    1.000000    0.000000   -1.000000    0.000000
   18  1  -42.050420    1.000000    0.000000   -1.000000    0.000000
   19  1  -41.709355    1.000000    0.000000   -1.000000    0.000000
   20  1  -41.706695    1.000000    0.000000   -1.000000    0.000000
   21  1  -41.307582    1.000000    0.000000   -1.000000    0.000000
   22  1  -41.302159    1.000000    0.000000   -1.000000    0.000000
   23  1  -40.958563    1.000000    0.000000   -1.000000    0.000000
   24  1  -40.955690    1.000000    0.000000   -1.000000    0.000000
   25  1  -38.245461    1.000000    0.000000   -1.000000    0.000000
   26  1  -38.242199    1.000000    0.000000   -1.000000    0.000000
   27  1  -38.230071    1.000000    0.000000   -1.000000    0.000000
   28  1  -38.226084    1.000000    0.000000   -1.000000    0.000000
   29  1  -37.962337    1.000000    0.000000   -1.000000    0.000000
   30  1  -37.957877    1.000000    0.000000   -1.000000    0.000000
   31  1  -37.953817    1.000000    0.000000   -1.000000    0.000000
   32  1  -37.949751    1.000000    0.000000   -1.000000    0.000000
   33  1  -37.947049    1.000000    0.000000   -1.000000    0.000000
   34  1  -37.941406    1.000000    0.000000   -1.000000    0.000000
   35  1  -37.938326    1.000000    0.000000   -1.000000    0.000000
   36  1  -37.933813    1.000000    0.000000   -1.000000    0.000000
   37  1   -9.462947    1.000000    0.000000    1.000000    0.000000
   38  1   -9.351464    1.000000    0.000000    1.000000    0.000000
   39  1   -8.238996    1.000000    0.000000   -1.000000    0.000000
   40  1   -8.151189    1.000000    0.000000   -1.000000    0.000000
   41  1   -8.136525    1.000000    0.000000   -1.000000    0.000000
   42  1   -8.053803    1.000000    0.000000   -1.000000    0.000000
   43  1   -8.031799    1.000000    0.000000   -1.000000    0.000000
   44  1   -7.941178    1.000000    0.000000   -1.000000    0.000000
   45  1   -7.932662    1.000000    0.000000   -1.000000    0.000000
   46  1   -7.926090    1.000000    0.000000    1.000000    0.000000
   47  1   -7.886950    1.000000    0.000000    1.000000    0.000000
   48  1   -7.867045    1.000000    0.000000    1.000000    0.000000
   49  1   -7.852241    1.000000    0.000000    1.000000    0.000000
   50  1   -7.837428    1.000000    0.000000   -1.000000    0.000000
   51  1   -7.832073    1.000000    0.000000    1.000000    0.000000
   52  1   -7.797525    1.000000    0.000000    1.000000    0.000000
   53  1   -2.395415    1.000000    0.000000    1.000000    0.000000
   54  1   -2.280824    1.000000    0.000000    1.000000    0.000000
   55  1   -1.850389    1.000000    0.000000    1.000000    0.000000
   56  1   -1.696518    1.000000    0.000000    1.000000    0.000000
   57  1   -1.449911    1.000000    0.000000    1.000000    0.000000
   58  1   -1.440226    1.000000    0.000000    1.000000    0.000000
   59  1   -1.432680    1.000000    0.000000    1.000000    0.000000
   60  1   -1.237976    1.000000    0.000000    1.000000    0.000000
   61  1   -1.204640    1.000000    0.000000    1.000000    0.000000
   62  1   -1.095842    1.000000    0.000000    1.000000    0.000000
   63  1   -1.085516    1.000000    0.000000    1.000000    0.000000
   64  1   -0.983303    1.000000    0.000000    1.000000    0.000000
   65  1   -0.927613    1.000000    0.000000    1.000000    0.000000
   66  1   -0.874459    1.000000    0.000000    1.000000    0.000000
   67  1   -0.856704    1.000000    0.000000    1.000000    0.000000
   68  1   -0.747319    1.000000    0.000000    1.000000    0.000000
   69  1   -0.727948    1.000000    0.000000    1.000000    0.000000
   70  1   -0.636929    1.000000    0.000000    1.000000    0.000000
   71  1   -0.601350    1.000000    0.000000    1.000000    0.000000
   72  1   -0.531163    1.000000    0.000000   -1.000000    0.000000
   73  1   -0.509912    1.000000    0.000000   -1.000000    0.000000
   74  1   -0.438240    1.000000    0.000000   -1.000000    0.000000
   75  2   -0.424986    2.000000    0.000000    0.000000    0.000000
   77  1   -0.411730    1.000000    0.000000   -1.000000    0.000000
   78  1   -0.395498    1.000000    0.000000    1.000000    0.000000
   79  1   -0.392571    1.000000    0.000000   -1.000000    0.000000
   80  1   -0.378177    1.000000    0.000000    1.000000    0.000000
   81  1   -0.232831    1.000000    0.000000    1.000000    0.000000
   82  1   -0.093728    1.000000    0.000000    1.000000    0.000000
   83  1   -0.002590    1.000000    0.000000    1.000000    0.000000
   84  1    0.065199    1.000000    0.000000    1.000000    0.000000
   85  1    0.273598    1.000000    0.000000    1.000000    0.000000
   86  1    0.503298    1.000000    0.000000    1.000000    0.000000
   87  1    1.670908    1.000000    0.000000   -1.000000    0.000000
   88  1    1.698940    1.000000    0.000000   -1.000000    0.000000
   89  1    1.791531    1.000000    0.000000   -1.000000    0.000000
   90  1    1.817901    1.000000    0.000000   -1.000000    0.000000
   91  1    1.831833    1.000000    0.000000   -1.000000    0.000000
   92  1    1.849647    1.000000    0.000000    1.000000    0.000000
   93  1    1.874167    1.000000    0.000000   -1.000000    0.000000
   94  1    1.886717    1.000000    0.000000   -1.000000    0.000000
   95  1    1.935117    1.000000    0.000000   -1.000000    0.000000
   96  1    1.939905    1.000000    0.000000    1.000000    0.000000
   97  1    1.982755    1.000000    0.000000   -1.000000    0.000000
   98  1    1.994668    1.000000    0.000000   -1.000000    0.000000
   99  1    2.040887    1.000000    0.000000   -1.000000    0.000000
  100  1    2.064135    1.000000    0.000000    1.000000    0.000000
  101  1    2.090865    1.000000    0.000000    1.000000    0.000000
  102  1    2.199703    1.000000    0.000000   -1.000000    0.000000
  103  1    2.233292    1.000000    0.000000    1.000000    0.000000
  104  1    2.279136    1.000000    0.000000    1.000000    0.000000
  105  1    2.345277    1.000000    0.000000    1.000000    0.000000
  106  1    2.375149    1.000000    0.000000    1.000000    0.000000
  107  1    3.297716    1.000000    0.000000   -1.000000    0.000000
  108  1    3.345709    1.000000    0.000000   -1.000000    0.000000
  109  1    3.410041    1.000000    0.000000   -1.000000    0.000000
  110  1    3.564581    1.000000    0.000000   -1.000000    0.000000
  111  1    3.605066    1.000000    0.000000   -1.000000    0.000000
  112  1    3.650357    1.000000    0.000000    1.000000    0.000000
  113  1    3.658108    1.000000    0.000000   -1.000000    0.000000
  114  1    3.805878    1.000000    0.000000    1.000000    0.000000
  115  1    3.838447    1.000000    0.000000    1.000000    0.000000
  116  1    3.911439    1.000000    0.000000    1.000000    0.000000
  117  1    4.672594    1.000000    0.000000    1.000000    0.000000
  118  1    4.675433    1.000000    0.000000    1.000000    0.000000
  119  1    4.692823    1.000000    0.000000    1.000000    0.000000
  120  1    4.757530    1.000000    0.000000    1.000000    0.000000
  121  1    5.943543    1.000000    0.000000    1.000000    0.000000
  122  1    6.004878    1.000000    0.000000    1.000000    0.000000
  123  1    6.048326    1.000000    0.000000    1.000000    0.000000
  124  1    6.070588    1.000000    0.000000    1.000000    0.000000
  125  1    6.544374    1.000000    0.000000    1.000000    0.000000
  126  1    6.618745    1.000000    0.000000    1.000000    0.000000
  127  1    6.928221    1.000000    0.000000    1.000000    0.000000
  128  1    7.012431    1.000000    0.000000    1.000000    0.000000
  129  1    7.058822    1.000000    0.000000    1.000000    0.000000
  130  1    7.103984    1.000000    0.000000    1.000000    0.000000
  131  1    7.152175    1.000000    0.000000    1.000000    0.000000
  132  1    7.427020    1.000000    0.000000    1.000000    0.000000
  133  1    7.594042    1.000000    0.000000    1.000000    0.000000
  134  1    7.692992    1.000000    0.000000    1.000000    0.000000
  135  1    7.711453    1.000000    0.000000    1.000000    0.000000
  136  1    7.972728    1.000000    0.000000    0.999999    0.000000
  137  1    8.026234    1.000000    0.000000    1.000000    0.000000
  138  1    8.113718    1.000000    0.000000    0.999992    0.000000
  139  1    8.172038    1.000000    0.000000   -1.000000    0.000000
  140  1    8.186040    1.000000    0.000000    0.999988    0.000000
  141  1    8.265875    1.000000    0.000000    0.999997    0.000000
  142  1    8.294850    1.000000    0.000000    0.999994    0.000000
  143  1    8.415076    1.000000    0.000000   -0.999967    0.000000
  144  1    8.496121    1.000000    0.000000    0.999924    0.000000
  145  1    8.526325    1.000000    0.000000   -0.998103    0.000000
  146  1    8.616847    1.000000    0.000000    0.986251    0.000000
  147  1    8.628187    1.000000    0.000000    0.986630    0.000000
  148  1    8.664738    1.000000    0.000000    0.991600    0.000000
  149  1    8.738984    1.000000    0.000000   -0.997407    0.000000
  150  1    8.781603    1.000000    0.000000   -0.996416    0.000000
  151  1    8.823842    1.000000    0.000000    0.935891    0.000000
  152  1    8.959419    1.000000    0.000000   -0.998086    0.000000
  2
    1    2
    1  2  -47.291773    2.000000    0.000000    0.000000    0.000000
    3  1  -46.888114    1.000000    0.000000    1.000000    0.000000
    4  1  -46.886606    1.000000    0.000000   -1.000000    0.000000
    5  1  -46.731566    1.000000    0.000000    1.000000    0.000000
    6  1  -46.726267    1.000000    0.000000    1.000000    0.000000
    7  2  -46.381978    2.000000    0.000000    0.000000    0.000000
    9  1  -46.322040    1.000000    0.000000    1.000000    0.000000
   10  1  -46.320846    1.000000    0.000000    1.000000    0.000000
   11  1  -45.832930    1.000000    0.000000    1.000000    0.000000
   12  1  -45.827643    1.000000    0.000000    1.000000    0.000000
   13  2  -42.796105    2.000000    0.000000    0.000000    0.000000
   15  1  -42.393954    1.000000    0.000000    1.000000    0.000000
   16  1  -42.392876    1.000000    0.000000   -1.000000    0.000000
   17  2  -42.052019    2.000000    0.000000    0.000000    0.000000
   19  1  -41.709359    1.000000    0.000000    1.000000    0.000000
   20  1  -41.706692    1.000000    0.000000    1.000000    0.000000
   21  1  -41.307588    1.000000    0.000000    1.000000    0.000000
   22  1  -41.302158    1.000000    0.000000    1.000000    0.000000
   23  1  -40.958564    1.000000    0.000000    1.000000    0.000000
   24  1  -40.955687    1.000000    0.000000    1.000000    0.000000
   25  1  -38.245462    1.000000    0.000000   -1.000000    0.000000
   26  1  -38.242201    1.000000    0.000000   -1.000000    0.000000
   27  1  -38.230072    1.000000    0.000000   -1.000000    0.000000
   28  1  -38.226086    1.000000    0.000000   -1.000000    0.000000
   29  1  -37.962329    1.000000    0.000000   -1.000000    0.000000
   30  1  -37.957879    1.000000    0.000000   -1.000000    0.000000
   31  1  -37.953825    1.000000    0.000000   -1.000000    0.000000
   32  1  -37.949754    1.000000    0.000000   -1.000000    0.000000
   33  1  -37.947043    1.000000    0.000000   -1.000000    0.000000
   34  1  -37.941405    1.000000    0.000000   -1.000000    0.000000
   35  1  -37.938335    1.000000    0.000000   -1.000000    0.000000
   36  1  -37.933817    1.000000    0.000000   -1.000000    0.000000
   37  2   -8.925143    2.000000    0.000000    0.000000    0.000000
   39  1   -8.795007    1.000000    0.000000   -1.000000    0.000000
   40  1   -8.761769    1.000000    0.000000    1.000000    0.000000
   41  1   -8.135360    1.000000    0.000000   -1.000000    0.000000
   42  1   -8.098623    1.000000    0.000000    1.000000    0.000000
   43  1   -8.069370    1.000000    0.000000   -1.000000    0.000000
   44  1   -8.051125    1.000000    0.000000   -1.000000    0.000000
   45  1   -8.036135    1.000000    0.000000    1.000000    0.000000
   46  1   -7.959416    1.000000    0.000000    1.000000    0.000000
   47  1   -7.897786    1.000000    0.000000   -1.000000    0.000000
   48  1   -7.857489    1.000000    0.000000    1.000000    0.000000
   49  1   -7.854099    1.000000    0.000000   -1.000000    0.000000
   50  1   -7.843881    1.000000    0.000000   -1.000000    0.000000
   51  1   -7.799258    1.000000    0.000000    1.000000    0.000000
   52  1   -7.732542    1.000000    0.000000    1.000000    0.000000
   53  1   -1.778697    1.000000    0.000000   -1.000000    0.000000
   54  1   -1.748629    1.000000    0.000000   -1.000000    0.000000
   55  1   -1.588263    1.000000    0.000000    1.000000    0.000000
   56  1   -1.536064    1.000000    0.000000    1.000000    0.000000
   57  1   -1.534150    1.000000    0.000000   -1.000000    0.000000
   58  1   -1.380927    1.000000    0.000000    1.000000    0.000000
   59  1   -1.301724    1.000000    0.000000   -1.000000    0.000000
   60  1   -1.156319    1.000000    0.000000   -1.000000    0.000000
   61  1   -1.119591    1.000000    0.000000   -1.000000    0.000000
   62  1   -1.090856    1.000000    0.000000   -1.000000    0.000000
   63  1   -0.951247    1.000000    0.000000   -1.000000    0.000000
   64  1   -0.937634    1.000000    0.000000    1.000000    0.000000
   65  1   -0.933496    1.000000    0.000000   -1.000000    0.000000
   66  1   -0.788182    1.000000    0.000000    1.000000    0.000000
   67  1   -0.762636    1.000000    0.000000   -1.000000    0.000000
   68  1   -0.678755    1.000000    0.000000   -1.000000    0.000000
   69  1   -0.631621    1.000000    0.000000    1.000000    0.000000
   70  1   -0.606167    1.000000    0.000000   -1.000000    0.000000
   71  1   -0.517925    1.000000    0.000000   -1.000000    0.000000
   72  1   -0.489254    1.000000    0.000000   -1.000000    0.000000
   73  1   -0.454302    1.000000    0.000000   -1.000000    0.000000
   74  1   -0.445517    1.000000    0.000000   -1.000000    0.000000
   75  1   -0.435499    1.000000    0.000000    1.000000    0.000000
   76  1   -0.305393    1.000000    0.000000   -1.000000    0.000000
   77  1   -0.173841    1.000000    0.000000    1.000000    0.000000
   78  1   -0.098173    1.000000    0.000000   -1.000000    0.000000
   79  1   -0.036819    1.000000    0.000000    1.000000    0.000000
   80  1   -0.019285    1.000000    0.000000    1.000000    0.000000
   81  1    0.307202    1.000000    0.000000   -1.000000    0.000000
   82  1    0.357860    1.000000    0.000000   -1.000000    0.000000
   83  1    0.400714    1.000000    0.000000    1.000000    0.000000
   84  1    0.459333    1.000000    0.000000   -1.000000    0.000000
   85  1    0.561755    1.000000    0.000000    1.000000    0.000000
   86  1    0.902840    1.000000    0.000000   -1.000000    0.000000
   87  1    0.954180    1.000000    0.000000   -1.000000    0.000000
   88  1    0.991561    1.000000    0.000000   -1.000000    0.000000
   89  1    1.056349    1.000000    0.000000    1.000000    0.000000
   90  1    1.073623    1.000000    0.000000    1.000000    0.000000
   91  1    1.145259    1.000000    0.000000    1.000000    0.000000
   92  1    1.216532    1.000000    0.000000    1.000000    0.000000
   93  1    1.488049    1.000000    0.000000   -1.000000    0.000000
   94  1    1.538716    1.000000    0.000000   -1.000000    0.000000
   95  1    1.640837    1.000000    0.000000    1.000000    0.000000
   96  1    1.716405    1.000000    0.000000    1.000000    0.000000
   97  1    1.719364    1.000000    0.000000   -1.000000    0.000000
   98  1    1.912184    1.000000    0.000000   -1.000000    0.000000
   99  1    1.966007    1.000000    0.000000    1.000000    0.000000
  100  1    1.999349    1.000000    0.000000   -1.000000    0.000000
  101  1    2.024386    1.000000    0.000000   -1.000000    0.000000
  102  1    2.034884    1.000000    0.000000    1.000000    0.000000
  103  1    2.085933    1.000000    0.000000    1.000000    0.000000
  104  1    2.314894    1.000000    0.000000    1.000000    0.000000
  105  1    2.335146    1.000000    0.000000   -1.000000    0.000000
  106  1    2.362467    1.000000    0.000000    1.000000    0.000000
  107  1    2.703686    1.000000    0.000000   -1.000000    0.000000
  108  1    2.775450    1.000000    0.000000   -1.000000    0.000000
  109  1    2.785236    1.000000    0.000000   -1.000000    0.000000
  110  1    2.856377    1.000000    0.000000    1.000000    0.000000
  111  1    2.906451    1.000000    0.000000    1.000000    0.000000
  112  1    2.947997    1.000000    0.000000    1.000000    0.000000
  113  1    3.015555    1.000000    0.000000    1.000000    0.000000
  114  1    3.056451    1.000000    0.000000   -1.000000    0.000000
  115  1    3.407875    1.000000    0.000000   -1.000000    0.000000
  116  1    3.443999    1.000000    0.000000   -1.000000    0.000000
  117  1    4.206546    1.000000    0.000000    1.000000    0.000000
  118  1    4.331264    1.000000    0.000000    1.000000    0.000000
  119  1    4.385760    1.000000    0.000000   -1.000000    0.000000
  120  1    4.499645    1.000000    0.000000   -1.000000    0.000000
  121  1    6.582887    1.000000    0.000000   -1.000000    0.000000
  122  1    6.592745    1.000000    0.000000   -1.000000    0.000000
  123  1    6.777461    1.000000    0.000000   -1.000000    0.000000
  124  1    6.795064    1.000000    0.000000    1.000000    0.000000
  125  1    6.830409    1.000000    0.000000    1.000000    0.000000
  126  1    7.058492    1.000000    0.000000    1.000000    0.000000
  127  1    7.196662    1.000000    0.000000   -1.000000    0.000000
  128  1    7.249032    1.000000    0.000000   -1.000000    0.000000
  129  1    7.271046    1.000000    0.000000    1.000000    0.000000
  130  1    7.401650    1.000000    0.000000   -1.000000    0.000000
  131  1    7.436489    1.000000    0.000000    1.000000    0.000000
  132  1    7.652464    1.000000    0.000000   -1.000000    0.000000
  133  1    7.766990    1.000000    0.000000   -1.000000    0.000000
  134  1    7.912302    1.000000    0.000000   -1.000000    0.000000
  135  1    7.988462    1.000000    0.000000   -1.000000    0.000000
  136  1    7.993579    1.000000    0.000000   -1.000000    0.000000
  137  1    8.046645    1.000000    0.000000   -1.000000    0.000000
  138  1    8.143540    1.000000    0.000000    1.000000    0.000000
  139  1    8.157543    1.000000    0.000000    1.000000    0.000000
  140  1    8.181560    1.000000    0.000000   -1.000000    0.000000
  141  1    8.220387    1.000000    0.000000   -1.000000    0.000000
  142  1    8.231497    1.000000    0.000000   -1.000000    0.000000
  143  1    8.394059    1.000000    0.000000   -1.000000    0.000000
  144  1    8.478829    1.000000    0.000000   -1.000000    0.000000
  145  1    8.580213    1.000000    0.000000    1.000000    0.000000
  146  1    8.731964    1.000000    0.000000    1.000000    0.000000
  147  1    9.251311    1.000000    0.000000   -0.999988    0.000000
  148  1    9.384342    1.000000    0.000000   -0.999923    0.000000
  149  1    9.531096    1.000000    0.000000    0.999196    0.000000
  150  1    9.741689    1.000000    0.000000   -0.998330    0.000000
  151  1    9.908874    1.000000    0.000000    0.952555    0.000000
  152  1   10.054081    1.000000    0.000000    0.426975    0.000000
  2
    1    2
    1  1  -47.292254    1.000000    0.000000    1.000000    0.000000
    2  1  -47.290486    1.000000    0.000000    1.000000    0.000000
    3  1  -46.888245    1.000000    0.000000    1.000000    0.000000
    4  1  -46.886463    1.000000    0.000000    1.000000    0.000000
    5  1  -46.731562    1.000000    0.000000   -1.000000    0.000000
    6  1  -46.726260    1.000000    0.000000   -1.000000    0.000000
    7  1  -46.382582    1.000000    0.000000    1.000000    0.000000
    8  1  -46.380538    1.000000    0.000000    1.000000    0.000000
    9  1  -46.322038    1.000000    0.000000   -1.000000    0.000000
   10  1  -46.320853    1.000000    0.000000   -1.000000    0.000000
   11  1  -45.832929    1.000000    0.000000   -1.000000    0.000000
   12  1  -45.827644    1.000000    0.000000   -1.000000    0.000000
   13  1  -42.796984    1.000000    0.000000    1.000000    0.000000
   14  1  -42.794627    1.000000    0.000000    1.000000    0.000000
   15  1  -42.394266    1.000000    0.000000    1.000000    0.000000
   16  1  -42.392558    1.000000    0.000000    1.000000    0.000000
   17  1  -42.052956    1.000000    0.000000    1.000000    0.000000
   18  1  -42.050404    1.000000    0.000000    1.000000    0.000000
   19  1  -41.709364    1.000000    0.000000   -1.000000    0.000000
   20  1  -41.706695    1.000000    0.000000   -1.000000    0.000000
   21  1  -41.307588    1.000000    0.000000   -1.000000    0.000000
   22  1  -41.302156    1.000000    0.000000   -1.000000    0.000000
   23  1  -40.958563    1.000000    0.000000   -1.000000    0.000000
   24  1  -40.955688    1.000000    0.000000   -1.000000    0.000000
   25  1  -38.245461    1.000000    0.000000   -1.000000    0.000000
   26  1  -38.242199    1.000000    0.000000   -1.000000    0.000000
   27  1  -38.230071    1.000000    0.000000   -1.000000    0.000000
   28  1  -38.226085    1.000000    0.000000   -1.000000    0.000000
   29  1  -37.962329    1.000000    0.000000   -1.000000    0.000000
   30  1  -37.957879    1.000000    0.000000   -1.000000    0.000000
   31  1  -37.953817    1.000000    0.000000   -1.000000    0.000000
   32  1  -37.949757    1.000000    0.000000   -1.000000    0.000000
   33  1  -37.947040    1.000000    0.000000   -1.000000    0.000000
   34  1  -37.941405    1.000000    0.000000   -1.000000    0.000000
   35  1  -37.938327    1.000000    0.000000   -1.000000    0.000000
   36  1  -37.933820    1.000000    0.000000   -1.000000    0.000000
   37  1   -8.976756    1.000000    0.000000   -1.000000    0.000000
   38  1   -8.802411    1.000000    0.000000   -1.000000    0.000000
   39  1   -8.661198    1.000000    0.000000    1.000000    0.000000
   40  1   -8.610091    1.000000    0.000000    1.000000    0.000000
   41  1   -8.316882    1.000000    0.000000    1.000000    0.000000
   42  1   -8.222335    1.000000    0.000000    1.000000    0.000000
   43  1   -8.156056    1.000000    0.000000   -1.000000    0.000000
   44  1   -8.085016    1.000000    0.000000   -1.000000    0.000000
   45  1   -8.063640    1.000000    0.000000    1.000000    0.000000
   46  1   -8.017811    1.000000    0.000000   -1.000000    0.000000
   47  1   -7.969420    1.000000    0.000000    1.000000    0.000000
   48  1   -7.919241    1.000000    0.000000   -1.000000    0.000000
   49  1   -7.866049    1.000000    0.000000   -1.000000    0.000000
   50  1   -7.762214    1.000000    0.000000    1.000000    0.000000
   51  1   -7.725810    1.000000    0.000000    1.000000    0.000000
   52  1   -7.696372    1.000000    0.000000   -1.000000    0.000000
   53  1   -1.795020    1.000000    0.000000   -1.000000    0.000000
   54  1   -1.689120    1.000000    0.000000   -1.000000    0.000000
   55  1   -1.621240    1.000000    0.000000    1.000000    0.000000
   56  1   -1.532477    1.000000    0.000000    1.000000    0.000000
   57  1   -1.477568    1.000000    0.000000   -1.000000    0.000000
   58  1   -1.400675    1.000000    0.000000   -1.000000    0.000000
   59  1   -1.351576    1.000000    0.000000   -1.000000    0.000000
   60  1   -1.120468    1.000000    0.000000    1.000000    0.000000
   61  1   -1.082917    1.000000    0.000000   -1.000000    0.000000
   62  1   -1.043401    1.000000    0.000000   -1.000000    0.000000
   63  1   -0.997314    1.000000    0.000000    1.000000    0.000000
   64  1   -0.850192    1.000000    0.000000   -1.000000    0.000000
   65  1   -0.766348    1.000000    0.000000    1.000000    0.000000
   66  1   -0.734787    1.000000    0.000000    1.000000    0.000000
   67  1   -0.702820    1.000000    0.000000    1.000000    0.000000
   68  1   -0.687655    1.000000    0.000000   -1.000000    0.000000
   69  1   -0.684657    1.000000    0.000000    1.000000    0.000000
   70  1   -0.577590    1.000000    0.000000    1.000000    0.000000
   71  1   -0.450819    1.000000    0.000000    1.000000    0.000000
   72  1   -0.354002    1.000000    0.000000    1.000000    0.000000
   73  1   -0.349511    1.000000    0.000000    1.000000    0.000000
   74  1   -0.287044    1.000000    0.000000   -1.000000    0.000000
   75  1   -0.235672    1.000000    0.000000   -1.000000    0.000000
   76  1   -0.206217    1.000000    0.000000   -1.000000    0.000000
   77  1    0.089454    1.000000    0.000000   -1.000000    0.000000
   78  1    0.131915    1.000000    0.000000   -1.000000    0.000000
   79  1    0.232199    1.000000    0.000000   -1.000000    0.000000
   80  1    0.289825    1.000000    0.000000    1.000000    0.000000
   81  1    0.371944    1.000000    0.000000    1.000000    0.000000
   82  1    0.455838    1.000000    0.000000    1.000000    0.000000
   83  1    0.491635    1.000000    0.000000    1.000000    0.000000
   84  1    0.575823    1.000000    0.000000   -1.000000    0.000000
   85  1    0.611289    1.000000    0.000000   -1.000000    0.000000
   86  1    0.700306    1.000000    0.000000    1.000000    0.000000
   87  1    0.770588    1.000000    0.000000   -1.000000    0.000000
   88  1    0.803551    1.000000    0.000000   -1.000000    0.000000
   89  1    0.920233    1.000000    0.000000   -1.000000    0.000000
   90  1    0.963720    1.000000    0.000000    1.000000    0.000000
   91  1    1.042996    1.000000    0.000000    1.000000    0.000000
   92  1    1.129714    1.000000    0.000000    1.000000    0.000000
   93  1    1.424918    1.000000    0.000000   -1.000000    0.000000
   94  1    1.456664    1.000000    0.000000    1.000000    0.000000
   95  1    1.472455    1.000000    0.000000   -1.000000    0.000000
   96  1    1.591522    1.000000    0.000000   -1.000000    0.000000
   97  1    1.620474    1.000000    0.000000    1.000000    0.000000
   98  1    1.715962    1.000000    0.000000    1.000000    0.000000
   99  1    1.733876    1.000000    0.000000    1.000000    0.000000
  100  1    1.742279    1.000000    0.000000   -1.000000    0.000000
  101  1    1.863263    1.000000    0.000000   -1.000000    0.000000
  102  1    2.009485    1.000000    0.000000    1.000000    0.000000
  103  1    2.086937    1.000000    0.000000    1.000000    0.000000
  104  1    2.192095    1.000000    0.000000    1.000000    0.000000
  105  1    2.301726    1.000000    0.000000   -1.000000    0.000000
  106  1    2.303867    1.000000    0.000000    1.000000    0.000000
  107  1    2.420823    1.000000    0.000000   -1.000000    0.000000
  108  1    2.463712    1.000000    0.000000   -1.000000    0.000000
  109  1    2.496620    1.000000    0.000000   -1.000000    0.000000
  110  1    2.656504    1.000000    0.000000    1.000000    0.000000
  111  1    2.736500    1.000000    0.000000   -1.000000    0.000000
  112  1    2.802218    1.000000    0.000000    1.000000    0.000000
  113  1    2.852357    1.000000    0.000000    1.000000    0.000000
  114  1    3.202481    1.000000    0.000000   -1.000000    0.000000
  115  1    3.223749    1.000000    0.000000    1.000000    0.000000
  116  1    3.585250    1.000000    0.000000   -1.000000    0.000000
  117  1    3.594605    1.000000    0.000000    1.000000    0.000000
  118  1    3.922163    1.000000    0.000000    1.000000    0.000000
  119  1    4.547549    1.000000    0.000000   -1.000000    0.000000
  120  1    4.637256    1.000000    0.000000   -1.000000    0.000000
  121  1    6.316855    1.000000    0.000000   -1.000000    0.000000
  122  1    6.706105    1.000000    0.000000    1.000000    0.000000
  123  1    6.789031    1.000000    0.000000   -1.000000    0.000000
  124  1    6.913980    1.000000    0.000000   -1.000000    0.000000
  125  1    7.049599    1.000000    0.000000   -1.000000    0.000000
  126  1    7.182970    1.000000    0.000000   -1.000000    0.000000
  127  1    7.193563    1.000000    0.000000   -1.000000    0.000000
  128  1    7.209332    1.000000    0.000000    1.000000    0.000000
  129  1    7.442993    1.000000    0.000000    1.000000    0.000000
  130  1    7.462239    1.000000    0.000000   -1.000000    0.000000
  131  1    7.521649    1.000000    0.000000   -1.000000    0.000000
  132  1    7.586977    1.000000    0.000000   -1.000000    0.000000
  133  1    7.708422    1.000000    0.000000   -1.000000    0.000000
  134  1    7.711281    1.000000    0.000000    1.000000    0.000000
  135  1    7.758104    1.000000    0.000000    1.000000    0.000000
  136  1    7.954760    1.000000    0.000000    1.000000    0.000000
  137  1    8.037040    1.000000    0.000000    1.000000    0.000000
  138  1    8.140850    1.000000    0.000000    1.000000    0.000000
  139  1    8.257898    1.000000    0.000000    1.000000    0.000000
  140  1    8.708058    1.000000    0.000000    1.000000    0.000000
  141  1    8.716096    1.000000    0.000000    1.000000    0.000000
  142  1    8.743000    1.000000    0.000000    1.000000    0.000000
  143  1    9.057326    1.000000    0.000000   -1.000000    0.000000
  144  1    9.076648    1.000000    0.000000   -1.000000    0.000000
  145  1    9.485322    1.000000    0.000000   -1.000000    0.000000
  146  1    9.587060    1.000000    0.000000   -0.999999    0.000000
  147  1    9.716210    1.000000    0.000000    0.999996    0.000000
  148  1    9.909539    1.000000    0.000000    0.999986    0.000000
  149  1    9.913752    1.000000    0.000000    0.999969    0.000000
  150  1   10.212176    1.000000    0.000000    0.999644    0.000000
  151  1   10.651841    1.000000    0.000000   -0.757219    0.000000
  152  1   10.803136    1.000000    0.000000    0.832618    0.000000
  2
    1    2
    1  2  -47.291773    2.000000    0.000000    0.000000    0.000000
    3  1  -46.888111    1.000000    0.000000    1.000000    0.000000
    4  1  -46.886607    1.000000    0.000000   -1.000000    0.000000
    5  1  -46.731520    1.000000    0.000000    1.000000    0.000000
    6  1  -46.726304    1.000000    0.000000   -1.000000    0.000000
    7  2  -46.381984    2.000000    0.000000    0.000000    0.000000
    9  2  -46.321916    2.000000    0.000000    0.000000    0.000000
   11  1  -45.832875    1.000000    0.000000    1.000000    0.000000
   12  1  -45.827700    1.000000    0.000000   -1.000000    0.000000
   13  2  -42.796105    2.000000    0.000000    0.000000    0.000000
   15  1  -42.393951    1.000000    0.000000    1.000000    0.000000
   16  1  -42.392875    1.000000    0.000000   -1.000000    0.000000
   17  2  -42.052024    2.000000    0.000000    0.000000    0.000000
   19  1  -41.709165    1.000000    0.000000   -1.000000    0.000000
   20  1  -41.706880    1.000000    0.000000    1.000000    0.000000
   21  1  -41.307538    1.000000    0.000000    1.000000    0.000000
   22  1  -41.302200    1.000000    0.000000   -1.000000    0.000000
   23  1  -40.958353    1.000000    0.000000   -1.000000    0.000000
   24  1  -40.955903    1.000000    0.000000    1.000000    0.000000
   25  1  -38.245454    1.000000    0.000000   -1.000000    0.000000
   26  1  -38.242193    1.000000    0.000000   -1.000000    0.000000
   27  1  -38.230083    1.000000    0.000000    1.000000    0.000000
   28  1  -38.226096    1.000000    0.000000    1.000000    0.000000
   29  1  -37.962318    1.000000    0.000000   -1.000000    0.000000
   30  1  -37.957856    1.000000    0.000000   -1.000000    0.000000
   31  1  -37.953785    1.000000    0.000000   -1.000000    0.000000
   32  1  -37.949695    1.000000    0.000000   -1.000000    0.000000
   33  1  -37.947106    1.000000    0.000000    1.000000    0.000000
   34  1  -37.941428    1.000000    0.000000    1.000000    0.000000
   35  1  -37.938371    1.000000    0.000000    1.000000    0.000000
   36  1  -37.933865    1.000000    0.000000    1.000000    0.000000
   37  2   -8.854379    2.000000    0.000000    0.000000    0.000000
   39  2   -8.706860    2.000000    0.000000    0.000000    0.000000
   41  2   -8.186728    2.000000    0.000000    0.000000    0.000000
   43  1   -8.139237    1.000000    0.000000   -1.000000    0.000000
   44  1   -8.136742    1.000000    0.000000    1.000000    0.000000
   45  2   -8.105974    2.000000    0.000000    0.000000    0.000000
   47  1   -7.919109    1.000000    0.000000   -1.000000    0.000000
   48  1   -7.916575    1.000000    0.000000    1.000000    0.000000
   49  1   -7.812546    1.000000    0.000000    1.000000    0.000000
   50  1   -7.810473    1.000000    0.000000   -1.000000    0.000000
   51  1   -7.707748    1.000000    0.000000    1.000000    0.000000
   52  1   -7.705067    1.000000    0.000000   -1.000000    0.000000
   53  1   -1.836208    1.000000    0.000000    1.000000    0.000000
   54  1   -1.834655    1.000000    0.000000   -1.000000    0.000000
   55  2   -1.501920    2.000000    0.000000    0.000000    0.000000
   57  2   -1.389734    2.000000    0.000000    0.000000    0.000000
   59  1   -1.197403    1.000000    0.000000    1.000000    0.000000
   60  1   -1.195157    1.000000    0.000000   -1.000000    0.000000
   61  1   -1.056971    1.000000    0.000000    1.000000    0.000000
   62  1   -1.055484    1.000000    0.000000   -1.000000    0.000000
   63  1   -1.001087    1.000000    0.000000   -1.000000    0.000000
   64  1   -0.997654    1.000000    0.000000    1.000000    0.000000
   65  1   -0.750496    1.000000    0.000000   -1.000000    0.000000
   66  1   -0.746548    1.000000    0.000000    1.000000    0.000000
   67  1   -0.639401    1.000000    0.000000    1.000000    0.000000
   68  1   -0.637630    1.000000    0.000000   -1.000000    0.000000
   69  2   -0.548878    2.000000    0.000000    0.000000    0.000000
   71  1   -0.506852    1.000000    0.000000    1.000000    0.000000
   72  1   -0.503998    1.000000    0.000000   -1.000000    0.000000
   73  1   -0.409638    1.000000    0.000000    1.000000    0.000000
   74  1   -0.408150    1.000000    0.000000   -1.000000    0.000000
   75  1   -0.042537    1.000000    0.000000    1.000000    0.000000
   76  1   -0.040891    1.000000    0.000000   -1.000000    0.000000
   77  2    0.222210    2.000000    0.000000    0.000000    0.000000
   79  1    0.257335    1.000000    0.000000   -1.000000    0.000000
   80  1    0.260165    1.000000    0.000000    1.000000    0.000000
   81  1    0.289026    1.000000    0.000000   -1.000000    0.000000
   82  1    0.291141    1.000000    0.000000    1.000000    0.000000
   83  1    0.433027    1.000000    0.000000   -1.000000    0.000000
   84  1    0.434845    1.000000    0.000000    1.000000    0.000000
   85  1    0.643618    1.000000    0.000000    1.000000    0.000000
   86  1    0.645730    1.000000    0.000000   -1.000000    0.000000
   87  1    0.763235    1.000000    0.000000   -1.000000    0.000000
   88  1    0.766457    1.000000    0.000000    1.000000    0.000000
   89  2    0.842983    2.000000    0.000000    0.000000    0.000000
   91  2    1.152165    2.000000    0.000000    0.000000    0.000000
   93  2    1.242734    2.000000    0.000000    0.000000    0.000000
   95  2    1.571246    2.000000    0.000000    0.000000    0.000000
   97  1    1.590194    1.000000    0.000000   -1.000000    0.000000
   98  1    1.591897    1.000000    0.000000    1.000000    0.000000
   99  1    1.819339    1.000000    0.000000   -1.000000    0.000000
  100  1    1.824719    1.000000    0.000000    1.000000    0.000000
  101  1    2.007706    1.000000    0.000000   -1.000000    0.000000
  102  1    2.010377    1.000000    0.000000    1.000000    0.000000
  103  1    2.112416    1.000000    0.000000   -1.000000    0.000000
  104  1    2.113420    1.000000    0.000000    1.000000    0.000000
  105  1    2.220633    1.000000    0.000000    1.000000    0.000000
  106  1    2.228044    1.000000    0.000000   -1.000000    0.000000
  107  1    2.631471    1.000000    0.000000   -1.000000    0.000000
  108  1    2.639310    1.000000    0.000000    1.000000    0.000000
  109  1    2.691613    1.000000    0.000000    1.000000    0.000000
  110  1    2.698207    1.000000    0.000000   -1.000000    0.000000
  111  1    2.795380    1.000000    0.000000    1.000000    0.000000
  112  1    2.798721    1.000000    0.000000   -1.000000    0.000000
  113  1    2.892338    1.000000    0.000000   -1.000000    0.000000
  114  1    2.898715    1.000000    0.000000    1.000000    0.000000
  115  1    3.458037    1.000000    0.000000   -1.000000    0.000000
  116  1    3.459157    1.000000    0.000000    1.000000    0.000000
  117  1    3.752375    1.000000    0.000000   -1.000000    0.000000
  118  1    3.759275    1.000000    0.000000    1.000000    0.000000
  119  1    4.612876    1.000000    0.000000    1.000000    0.000000
  120  1    4.613969    1.000000    0.000000   -1.000000    0.000000
  121  1    6.403657    1.000000    0.000000    1.000000    0.000000
  122  1    6.407575    1.000000    0.000000   -1.000000    0.000000
  123  2    6.907059    2.000000    0.000000    0.000000    0.000000
  125  2    7.109896    2.000000    0.000000    0.000000    0.000000
  127  2    7.182226    2.000000    0.000000    0.000000    0.000000
  129  1    7.346432    1.000000    0.000000    1.000000    0.000000
  130  1    7.350232    1.000000    0.000000   -1.000000    0.000000
  131  2    7.567313    2.000000    0.000000    0.000000    0.000000
  133  2    7.851225    2.000000    0.000000    0.000000    0.000000
  135  1    7.943894    1.000000    0.000000   -1.000000    0.000000
  136  1    7.946529    1.000000    0.000000    1.000000    0.000000
  137  1    8.023487    1.000000    0.000000   -1.000000    0.000000
  138  1    8.025986    1.000000    0.000000    1.000000    0.000000
  139  1    8.503926    1.000000    0.000000   -1.000000    0.000000
  140  1    8.506888    1.000000    0.000000    1.000000    0.000000
  141  1    8.647197    1.000000    0.000000   -1.000000    0.000000
  142  1    8.653703    1.000000    0.000000    1.000000    0.000000
  143  1    9.526678    1.000000    0.000000    0.999964    0.000000
  144  1    9.535561    1.000000    0.000000   -0.999966    0.000000
  145  1    9.691999    1.000000    0.000000   -0.999141    0.000000
  146  1    9.699355    1.000000    0.000000    0.999695    0.000000
  147  1    9.749212    1.000000    0.000000   -0.978098    0.000000
  148  1    9.753176    1.000000    0.000000    0.978406    0.000000
  149  1   10.049954    1.000000    0.000000   -0.971349    0.000000
  150  1   10.062512    1.000000    0.000000    0.924755    0.000000
  151  1   10.315185    1.000000    0.000000   -0.428196    0.000000
  152  1   10.340089    1.000000    0.000000    0.286837    0.000000
  2
    1    2
    1  2  -47.291770    2.000000    0.000000    0.000000    0.000000
    3  1  -46.888110    1.000000    0.000000   -1.000000    0.000000
    4  1  -46.886613    1.000000    0.000000    1.000000    0.000000
    5  1  -46.731521    1.000000    0.000000    1.000000    0.000000
    6  1  -46.726306    1.000000    0.000000   -1.000000    0.000000
    7  2  -46.381976    2.000000    0.000000    0.000000    0.000000
    9  2  -46.321927    2.000000    0.000000    0.000000    0.000000
   11  1  -45.832876    1.000000    0.000000    1.000000    0.000000
   12  1  -45.827698    1.000000    0.000000   -1.000000    0.000000
   13  2  -42.796101    2.000000    0.000000    0.000000    0.000000
   15  1  -42.393953    1.000000    0.000000   -1.000000    0.000000
   16  1  -42.392884    1.000000    0.000000    1.000000    0.000000
   17  2  -42.052015    2.000000    0.000000    0.000000    0.000000
   19  1  -41.709161    1.000000    0.000000   -1.000000    0.000000
   20  1  -41.706885    1.000000    0.000000    1.000000    0.000000
   21  1  -41.307534    1.000000    0.000000    1.000000    0.000000
   22  1  -41.302206    1.000000    0.000000   -1.000000    0.000000
   23  1  -40.958350    1.000000    0.000000   -1.000000    0.000000
   24  1  -40.955905    1.000000    0.000000    1.000000    0.000000
   25  1  -38.245454    1.000000    0.000000   -1.000000    0.000000
   26  1  -38.242194    1.000000    0.000000   -1.000000    0.000000
   27  1  -38.230083    1.000000    0.000000    1.000000    0.000000
   28  1  -38.226096    1.000000    0.000000    1.000000    0.000000
   29  1  -37.962317    1.000000    0.000000   -1.000000    0.000000
   30  1  -37.957856    1.000000    0.000000   -1.000000    0.000000
   31  1  -37.953788    1.000000    0.000000   -1.000000    0.000000
   32  1  -37.949693    1.000000    0.000000   -1.000000    0.000000
   33  1  -37.947104    1.000000    0.000000    1.000000    0.000000
   34  1  -37.941428    1.000000    0.000000    1.000000    0.000000
   35  1  -37.938375    1.000000    0.000000    1.000000    0.000000
   36  1  -37.933863    1.000000    0.000000    1.000000    0.000000
   37  2   -8.854414    2.000000    0.000000    0.000000    0.000000
   39  2   -8.706836    2.000000    0.000000    0.000000    0.000000
   41  2   -8.186869    2.000000    0.000000    0.000000    0.000000
   43  1   -8.139280    1.000000    0.000000   -1.000000    0.000000
   44  1   -8.136706    1.000000    0.000000    1.000000    0.000000
   45  2   -8.105805    2.000000    0.000000    0.000000    0.000000
   47  1   -7.919049    1.000000    0.000000   -1.000000    0.000000
   48  1   -7.916628    1.000000    0.000000    1.000000    0.000000
   49  1   -7.812394    1.000000    0.000000    1.000000    0.000000
   50  1   -7.810622    1.000000    0.000000   -1.000000    0.000000
   51  1   -7.707889    1.000000    0.000000    1.000000    0.000000
   52  1   -7.704935    1.000000    0.000000   -1.000000    0.000000
   53  1   -1.835946    1.000000    0.000000    1.000000    0.000000
   54  1   -1.834759    1.000000    0.000000   -1.000000    0.000000
   55  1   -1.501745    1.000000    0.000000    1.000000    0.000000
   56  1   -1.500630    1.000000    0.000000   -1.000000    0.000000
   57  1   -1.392479    1.000000    0.000000   -1.000000    0.000000
   58  1   -1.390294    1.000000    0.000000    1.000000    0.000000
   59  1   -1.197994    1.000000    0.000000    1.000000    0.000000
   60  1   -1.193015    1.000000    0.000000   -1.000000    0.000000
   61  1   -1.053313    1.000000    0.000000   -1.000000    0.000000
   62  1   -1.049940    1.000000    0.000000    1.000000    0.000000
   63  1   -1.005259    1.000000    0.000000   -1.000000    0.000000
   64  1   -1.003615    1.000000    0.000000    1.000000    0.000000
   65  1   -0.747303    1.000000    0.000000    1.000000    0.000000
   66  1   -0.745872    1.000000    0.000000   -1.000000    0.000000
   67  2   -0.639141    2.000000    0.000000    0.000000    0.000000
   69  2   -0.538650    2.000000    0.000000    0.000000    0.000000
   71  1   -0.516383    1.000000    0.000000    1.000000    0.000000
   72  1   -0.515038    1.000000    0.000000   -1.000000    0.000000
   73  1   -0.410159    1.000000    0.000000    1.000000    0.000000
   74  1   -0.407815    1.000000    0.000000   -1.000000    0.000000
   75  1   -0.042679    1.000000    0.000000    1.000000    0.000000
   76  1   -0.040830    1.000000    0.000000   -1.000000    0.000000
   77  2    0.223348    2.000000    0.000000    0.000000    0.000000
   79  1    0.256193    1.000000    0.000000   -1.000000    0.000000
   80  1    0.258229    1.000000    0.000000    1.000000    0.000000
   81  1    0.287765    1.000000    0.000000   -1.000000    0.000000
   82  1    0.291028    1.000000    0.000000    1.000000    0.000000
   83  1    0.432313    1.000000    0.000000   -1.000000    0.000000
   84  1    0.434653    1.000000    0.000000    1.000000    0.000000
   85  1    0.643881    1.000000    0.000000    1.000000    0.000000
   86  1    0.645440    1.000000    0.000000   -1.000000    0.000000
   87  1    0.765590    1.000000    0.000000   -1.000000    0.000000
   88  1    0.767194    1.000000    0.000000    1.000000    0.000000
   89  2    0.842437    2.000000    0.000000    0.000000    0.000000
   91  2    1.152240    2.000000    0.000000    0.000000    0.000000
   93  2    1.242566    2.000000    0.000000    0.000000    0.000000
   95  2    1.572522    2.000000    0.000000    0.000000    0.000000
   97  2    1.589617    2.000000    0.000000    0.000000    0.000000
   99  1    1.819587    1.000000    0.000000   -1.000000    0.000000
  100  1    1.824965    1.000000    0.000000    1.000000    0.000000
  101  1    2.007482    1.000000    0.000000   -1.000000    0.000000
  102  1    2.011124    1.000000    0.000000    1.000000    0.000000
  103  2    2.113232    2.000000    0.000000    0.000000    0.000000
  105  1    2.220561    1.000000    0.000000    1.000000    0.000000
  106  1    2.227254    1.000000    0.000000   -1.000000    0.000000
  107  1    2.633454    1.000000    0.000000   -1.000000    0.000000
  108  1    2.640639    1.000000    0.000000    1.000000    0.000000
  109  1    2.686590    1.000000    0.000000    1.000000    0.000000
  110  1    2.693444    1.000000    0.000000   -1.000000    0.000000
  111  1    2.801846    1.000000    0.000000    1.000000    0.000000
  112  1    2.805093    1.000000    0.000000   -1.000000    0.000000
  113  1    2.888947    1.000000    0.000000   -1.000000    0.000000
  114  1    2.895520    1.000000    0.000000    1.000000    0.000000
  115  1    3.458362    1.000000    0.000000   -1.000000    0.000000
  116  1    3.459474    1.000000    0.000000    1.000000    0.000000
  117  1    3.752105    1.000000    0.000000   -1.000000    0.000000
  118  1    3.759110    1.000000    0.000000    1.000000    0.000000
  119  2    4.612653    2.000000    0.000000    0.000000    0.000000
  121  1    6.404294    1.000000    0.000000    1.000000    0.000000
  122  1    6.408060    1.000000    0.000000   -1.000000    0.000000
  123  1    6.903778    1.000000    0.000000    1.000000    0.000000
  124  1    6.905348    1.000000    0.000000   -1.000000    0.000000
  125  1    7.111269    1.000000    0.000000    1.000000    0.000000
  126  1    7.116266    1.000000    0.000000   -1.000000    0.000000
  127  1    7.177779    1.000000    0.000000   -1.000000    0.000000
  128  1    7.184226    1.000000    0.000000    1.000000    0.000000
  129  1    7.345404    1.000000    0.000000    1.000000    0.000000
  130  1    7.349490    1.000000    0.000000   -1.000000    0.000000
  131  2    7.567743    2.000000    0.000000    0.000000    0.000000
  133  1    7.852653    1.000000    0.000000   -1.000000    0.000000
  134  1    7.853905    1.000000    0.000000    1.000000    0.000000
  135  1    7.942240    1.000000    0.000000   -1.000000    0.000000
  136  1    7.944072    1.000000    0.000000    1.000000    0.000000
  137  1    8.026193    1.000000    0.000000   -1.000000    0.000000
  138  1    8.027900    1.000000    0.000000    1.000000    0.000000
  139  1    8.502609    1.000000    0.000000   -1.000000    0.000000
  140  1    8.505666    1.000000    0.000000    1.000000    0.000000
  141  1    8.647093    1.000000    0.000000   -1.000000    0.000000
  142  1    8.653792    1.000000    0.000000    1.000000    0.000000
  143  1    9.527160    1.000000    0.000000    0.999930    0.000000
  144  1    9.535333    1.000000    0.000000   -0.999982    0.000000
  145  1    9.692305    1.000000    0.000000   -0.996529    0.000000
  146  1    9.699015    1.000000    0.000000    0.996967    0.000000
  147  1    9.749014    1.000000    0.000000   -0.988249    0.000000
  148  1    9.753709    1.000000    0.000000    0.987172    0.000000
  149  1   10.050833    1.000000    0.000000   -0.005820    0.000000
  150  1   10.074453    1.000000    0.000000   -0.024891    0.000000
  151  1   10.321359    1.000000    0.000000   -0.157150    0.000000
  152  1   10.340298    1.000000    0.000000    0.171304    0.000000
  2
    1    2
    1  2  -47.291774    2.000000    0.000000    0.000000    0.000000
    3  1  -46.888110    1.000000    0.000000   -1.000000    0.000000
    4  1  -46.886617    1.000000    0.000000    1.000000    0.000000
    5  1  -46.731567    1.000000    0.000000    1.000000    0.000000
    6  1  -46.726264    1.000000    0.000000    1.000000    0.000000
    7  2  -46.381985    2.000000    0.000000    0.000000    0.000000
    9  1  -46.322035    1.000000    0.000000    1.000000    0.000000
   10  1  -46.320846    1.000000    0.000000    1.000000    0.000000
   11  1  -45.832932    1.000000    0.000000    1.000000    0.000000
   12  1  -45.827644    1.000000    0.000000    1.000000    0.000000
   13  2  -42.796105    2.000000    0.000000    0.000000    0.000000
   15  1  -42.393954    1.000000    0.000000   -1.000000    0.000000
   16  1  -42.392887    1.000000    0.000000    1.000000    0.000000
   17  2  -42.052024    2.000000    0.000000    0.000000    0.000000
   19  1  -41.709361    1.000000    0.000000    1.000000    0.000000
   20  1  -41.706698    1.000000    0.000000    1.000000    0.000000
   21  1  -41.307584    1.000000    0.000000    1.000000    0.000000
   22  1  -41.302156    1.000000    0.000000    1.000000    0.000000
   23  1  -40.958563    1.000000    0.000000    1.000000    0.000000
   24  1  -40.955690    1.000000    0.000000    1.000000    0.000000
   25  1  -38.245462    1.000000    0.000000   -1.000000    0.000000
   26  1  -38.242200    1.000000    0.000000   -1.000000    0.000000
   27  1  -38.230072    1.000000    0.000000   -1.000000    0.000000
   28  1  -38.226085    1.000000    0.000000   -1.000000    0.000000
   29  1  -37.962333    1.000000    0.000000   -1.000000    0.000000
   30  1  -37.957878    1.000000    0.000000   -1.000000    0.000000
   31  1  -37.953814    1.000000    0.000000   -1.000000    0.000000
   32  1  -37.949763    1.000000    0.000000   -1.000000    0.000000
   33  1  -37.947046    1.000000    0.000000   -1.000000    0.000000
   34  1  -37.941405    1.000000    0.000000   -1.000000    0.000000
   35  1  -37.938323    1.000000    0.000000   -1.000000    0.000000
   36  1  -37.933825    1.000000    0.000000   -1.000000    0.000000
   37  2   -8.925120    2.000000    0.000000    0.000000    0.000000
   39  1   -8.795027    1.000000    0.000000   -1.000000    0.000000
   40  1   -8.761698    1.000000    0.000000    1.000000    0.000000
   41  1   -8.135175    1.000000    0.000000   -1.000000    0.000000
   42  1   -8.098668    1.000000    0.000000    1.000000    0.000000
   43  1   -8.069603    1.000000    0.000000   -1.000000    0.000000
   44  1   -8.051114    1.000000    0.000000   -1.000000    0.000000
   45  1   -8.036132    1.000000    0.000000    1.000000    0.000000
   46  1   -7.959317    1.000000    0.000000    1.000000    0.000000
   47  1   -7.897970    1.000000    0.000000   -1.000000    0.000000
   48  1   -7.857360    1.000000    0.000000    1.000000    0.000000
   49  1   -7.854093    1.000000    0.000000   -1.000000    0.000000
   50  1   -7.843682    1.000000    0.000000   -1.000000    0.000000
   51  1   -7.799257    1.000000    0.000000    1.000000    0.000000
   52  1   -7.732714    1.000000    0.000000    1.000000    0.000000
   53  1   -1.779553    1.000000    0.000000   -1.000000    0.000000
   54  1   -1.748264    1.000000    0.000000   -1.000000    0.000000
   55  1   -1.589608    1.000000    0.000000    1.000000    0.000000
   56  1   -1.534691    1.000000    0.000000    1.000000    0.000000
   57  1   -1.533627    1.000000    0.000000   -1.000000    0.000000
   58  1   -1.379702    1.000000    0.000000    1.000000    0.000000
   59  1   -1.301523    1.000000    0.000000   -1.000000    0.000000
   60  1   -1.156642    1.000000    0.000000   -1.000000    0.000000
   61  1   -1.124100    1.000000    0.000000   -1.000000    0.000000
   62  1   -1.087663    1.000000    0.000000   -1.000000    0.000000
   63  1   -0.947126    1.000000    0.000000   -1.000000    0.000000
   64  1   -0.937446    1.000000    0.000000    1.000000    0.000000
   65  1   -0.936429    1.000000    0.000000   -1.000000    0.000000
   66  1   -0.789338    1.000000    0.000000    1.000000    0.000000
   67  1   -0.763039    1.000000    0.000000   -1.000000    0.000000
   68  1   -0.676923    1.000000    0.000000   -1.000000    0.000000
   69  1   -0.631863    1.000000    0.000000    1.000000    0.000000
   70  1   -0.606258    1.000000    0.000000   -1.000000    0.000000
   71  1   -0.513605    1.000000    0.000000   -1.000000    0.000000
   72  1   -0.491622    1.000000    0.000000   -1.000000    0.000000
   73  1   -0.455603    1.000000    0.000000   -1.000000    0.000000
   74  1   -0.447942    1.000000    0.000000   -1.000000    0.000000
   75  1   -0.435986    1.000000    0.000000    1.000000    0.000000
   76  1   -0.305465    1.000000    0.000000   -1.000000    0.000000
   77  1   -0.173842    1.000000    0.000000    1.000000    0.000000
   78  1   -0.098371    1.000000    0.000000   -1.000000    0.000000
   79  1   -0.037133    1.000000    0.000000    1.000000    0.000000
   80  1   -0.018436    1.000000    0.000000    1.000000    0.000000
   81  1    0.307413    1.000000    0.000000   -1.000000    0.000000
   82  1    0.357717    1.000000    0.000000   -1.000000    0.000000
   83  1    0.400274    1.000000    0.000000    1.000000    0.000000
   84  1    0.459752    1.000000    0.000000   -1.000000    0.000000
   85  1    0.561770    1.000000    0.000000    1.000000    0.000000
   86  1    0.903160    1.000000    0.000000   -1.000000    0.000000
   87  1    0.954058    1.000000    0.000000   -1.000000    0.000000
   88  1    0.991539    1.000000    0.000000   -1.000000    0.000000
   89  1    1.060315    1.000000    0.000000    1.000000    0.000000
   90  1    1.070399    1.000000    0.000000    1.000000    0.000000
   91  1    1.145665    1.000000    0.000000    1.000000    0.000000
   92  1    1.216320    1.000000    0.000000    1.000000    0.000000
   93  1    1.487926    1.000000    0.000000   -1.000000    0.000000
   94  1    1.537970    1.000000    0.000000   -1.000000    0.000000
   95  1    1.640714    1.000000    0.000000    1.000000    0.000000
   96  1    1.716158    1.000000    0.000000    1.000000    0.000000
   97  1    1.721249    1.000000    0.000000   -1.000000    0.000000
   98  1    1.912603    1.000000    0.000000   -1.000000    0.000000
   99  1    1.965664    1.000000    0.000000    1.000000    0.000000
  100  1    2.004058    1.000000    0.000000   -1.000000    0.000000
  101  1    2.019303    1.000000    0.000000   -1.000000    0.000000
  102  1    2.034670    1.000000    0.000000    1.000000    0.000000
  103  1    2.086545    1.000000    0.000000    1.000000    0.000000
  104  1    2.314388    1.000000    0.000000    1.000000    0.000000
  105  1    2.334807    1.000000    0.000000   -1.000000    0.000000
  106  1    2.362652    1.000000    0.000000    1.000000    0.000000
  107  1    2.707492    1.000000    0.000000   -1.000000    0.000000
  108  1    2.769466    1.000000    0.000000   -1.000000    0.000000
  109  1    2.786219    1.000000    0.000000   -1.000000    0.000000
  110  1    2.854415    1.000000    0.000000    1.000000    0.000000
  111  1    2.921739    1.000000    0.000000    1.000000    0.000000
  112  1    2.932611    1.000000    0.000000    1.000000    0.000000
  113  1    3.017557    1.000000    0.000000    1.000000    0.000000
  114  1    3.056668    1.000000    0.000000   -1.000000    0.000000
  115  1    3.409362    1.000000    0.000000   -1.000000    0.000000
  116  1    3.443090    1.000000    0.000000   -1.000000    0.000000
  117  1    4.207521    1.000000    0.000000    1.000000    0.000000
  118  1    4.330380    1.000000    0.000000    1.000000    0.000000
  119  1    4.387162    1.000000    0.000000   -1.000000    0.000000
  120  1    4.498191    1.000000    0.000000   -1.000000    0.000000
  121  1    6.573760    1.000000    0.000000   -1.000000    0.000000
  122  1    6.601020    1.000000    0.000000   -1.000000    0.000000
  123  1    6.777848    1.000000    0.000000   -1.000000    0.000000
  124  1    6.789548    1.000000    0.000000    1.000000    0.000000
  125  1    6.834645    1.000000    0.000000    1.000000    0.000000
  126  1    7.060063    1.000000    0.000000    1.000000    0.000000
  127  1    7.198874    1.000000    0.000000   -1.000000    0.000000
  128  1    7.247915    1.000000    0.000000   -1.000000    0.000000
  129  1    7.270532    1.000000    0.000000    1.000000    0.000000
  130  1    7.400308    1.000000    0.000000   -1.000000    0.000000
  131  1    7.436530    1.000000    0.000000    1.000000    0.000000
  132  1    7.653347    1.000000    0.000000   -1.000000    0.000000
  133  1    7.766443    1.000000    0.000000   -1.000000    0.000000
  134  1    7.912203    1.000000    0.000000   -1.000000    0.000000
  135  1    7.989335    1.000000    0.000000   -1.000000    0.000000
  136  1    7.994908    1.000000    0.000000   -1.000000    0.000000
  137  1    8.042956    1.000000    0.000000   -1.000000    0.000000
  138  1    8.143692    1.000000    0.000000    1.000000    0.000000
  139  1    8.157894    1.000000    0.000000    1.000000    0.000000
  140  1    8.179908    1.000000    0.000000   -1.000000    0.000000
  141  1    8.220276    1.000000    0.000000   -1.000000    0.000000
  142  1    8.235119    1.000000    0.000000   -1.000000    0.000000
  143  1    8.394361    1.000000    0.000000   -1.000000    0.000000
  144  1    8.478104    1.000000    0.000000   -1.000000    0.000000
  145  1    8.580262    1.000000    0.000000    1.000000    0.000000
  146  1    8.731743    1.000000    0.000000    1.000000    0.000000
  147  1    9.251388    1.000000    0.000000   -0.999999    0.000000
  148  1    9.384092    1.000000    0.000000   -0.999987    0.000000
  149  1    9.531144    1.000000    0.000000    0.999939    0.000000
  150  1    9.743586    1.000000    0.000000   -0.999227    0.000000
  151  1    9.896244    1.000000    0.000000    0.990582    0.000000
  152  1   10.017499    1.000000    0.000000    0.908920    0.000000
  2
    1    2
    1  1  -47.292259    1.000000    0.000000   -1.000000    0.000000
    2  1  -47.290485    1.000000    0.000000   -1.000000    0.000000
    3  1  -46.888251    1.000000    0.000000   -1.000000    0.000000
    4  1  -46.886472    1.000000    0.000000   -1.000000    0.000000
    5  1  -46.731518    1.000000    0.000000   -1.000000    0.000000
    6  1  -46.726303    1.000000    0.000000    1.000000    0.000000
    7  1  -46.382588    1.000000    0.000000   -1.000000    0.000000
    8  1  -46.380542    1.000000    0.000000   -1.000000    0.000000
    9  2  -46.321927    2.000000    0.000000    0.000000    0.000000
   11  1  -45.832873    1.000000    0.000000   -1.000000    0.000000
   12  1  -45.827702    1.000000    0.000000    1.000000    0.000000
   13  1  -42.796990    1.000000    0.000000   -1.000000    0.000000
   14  1  -42.794626    1.000000    0.000000   -1.000000    0.000000
   15  1  -42.394274    1.000000    0.000000   -1.000000    0.000000
   16  1  -42.392566    1.000000    0.000000   -1.000000    0.000000
   17  1  -42.052962    1.000000    0.000000   -1.000000    0.000000
   18  1  -42.050406    1.000000    0.000000   -1.000000    0.000000
   19  1  -41.709171    1.000000    0.000000    1.000000    0.000000
   20  1  -41.706878    1.000000    0.000000   -1.000000    0.000000
   21  1  -41.307532    1.000000    0.000000   -1.000000    0.000000
   22  1  -41.302206    1.000000    0.000000    1.000000    0.000000
   23  1  -40.958355    1.000000    0.000000    1.000000    0.000000
   24  1  -40.955902    1.000000    0.000000   -1.000000    0.000000
   25  1  -38.245442    1.000000    0.000000   -1.000000    0.000000
   26  1  -38.242181    1.000000    0.000000   -1.000000    0.000000
   27  1  -38.230071    1.000000    0.000000    1.000000    0.000000
   28  1  -38.226084    1.000000    0.000000    1.000000    0.000000
   29  1  -37.962309    1.000000    0.000000   -1.000000    0.000000
   30  1  -37.957844    1.000000    0.000000   -1.000000    0.000000
   31  1  -37.953773    1.000000    0.000000   -1.000000    0.000000
   32  1  -37.949676    1.000000    0.000000   -1.000000    0.000000
   33  1  -37.947097    1.000000    0.000000    1.000000    0.000000
   34  1  -37.941418    1.000000    0.000000    1.000000    0.000000
   35  1  -37.938360    1.000000    0.000000    1.000000    0.000000
   36  1  -37.933847    1.000000    0.000000    1.000000    0.000000
   37  1   -9.189261    1.000000    0.000000    1.000000    0.000000
   38  1   -9.055669    1.000000    0.000000    1.000000    0.000000
   39  1   -8.584669    1.000000    0.000000   -1.000000    0.000000
   40  1   -8.457878    1.000000    0.000000   -1.000000    0.000000
   41  1   -8.238643    1.000000    0.000000   -1.000000    0.000000
   42  1   -8.055717    1.000000    0.000000   -1.000000    0.000000
   43  1   -8.006791    1.000000    0.000000    1.000000    0.000000
   44  1   -7.975138    1.000000    0.000000    1.000000    0.000000
   45  1   -7.970221    1.000000    0.000000   -1.000000    0.000000
   46  1   -7.964571    1.000000    0.000000    1.000000    0.000000
   47  1   -7.940658    1.000000    0.000000    1.000000    0.000000
   48  1   -7.918592    1.000000    0.000000   -1.000000    0.000000
   49  1   -7.885495    1.000000    0.000000    1.000000    0.000000
   50  1   -7.836068    1.000000    0.000000   -1.000000    0.000000
   51  1   -7.820294    1.000000    0.000000   -1.000000    0.000000
   52  1   -7.784979    1.000000    0.000000    1.000000    0.000000
   53  1   -2.063733    1.000000    0.000000    1.000000    0.000000
   54  1   -1.848722    1.000000    0.000000    1.000000    0.000000
   55  1   -1.620123    1.000000    0.000000    1.000000    0.000000
   56  1   -1.502919    1.000000    0.000000    1.000000    0.000000
   57  1   -1.442244    1.000000    0.000000    1.000000    0.000000
   58  1   -1.245621    1.000000    0.000000   -1.000000    0.000000
   59  1   -1.130094    1.000000    0.000000   -1.000000    0.000000
   60  1   -1.128820    1.000000    0.000000    1.000000    0.000000
   61  1   -1.081455    1.000000    0.000000    1.000000    0.000000
   62  1   -1.068613    1.000000    0.000000    1.000000    0.000000
   63  1   -0.986215    1.000000    0.000000   -1.000000    0.000000
   64  1   -0.933672    1.000000    0.000000    1.000000    0.000000
   65  1   -0.894825    1.000000    0.000000    1.000000    0.000000
   66  1   -0.886064    1.000000    0.000000    1.000000    0.000000
   67  1   -0.816741    1.000000    0.000000   -1.000000    0.000000
   68  1   -0.745019    1.000000    0.000000   -1.000000    0.000000
   69  1   -0.715790    1.000000    0.000000    1.000000    0.000000
   70  1   -0.692070    1.000000    0.000000    1.000000    0.000000
   71  1   -0.607709    1.000000    0.000000    1.000000    0.000000
   72  1   -0.563966    1.000000    0.000000    1.000000    0.000000
   73  1   -0.559188    1.000000    0.000000    1.000000    0.000000
   74  1   -0.496055    1.000000    0.000000    1.000000    0.000000
   75  1   -0.405870    1.000000    0.000000   -1.000000    0.000000
   76  1   -0.292435    1.000000    0.000000    1.000000    0.000000
   77  1   -0.198788    1.000000    0.000000   -1.000000    0.000000
   78  1   -0.153356    1.000000    0.000000   -1.000000    0.000000
   79  1   -0.026980    1.000000    0.000000   -1.000000    0.000000
   80  1    0.169980    1.000000    0.000000    1.000000    0.000000
   81  1    0.236373    1.000000    0.000000    1.000000    0.000000
   82  1    0.282631    1.000000    0.000000   -1.000000    0.000000
   83  1    0.352791    1.000000    0.000000    1.000000    0.000000
   84  1    0.536518    1.000000    0.000000    1.000000    0.000000
   85  1    0.547421    1.000000    0.000000   -1.000000    0.000000
   86  1    0.722414    1.000000    0.000000   -1.000000    0.000000
   87  1    0.948493    1.000000    0.000000    1.000000    0.000000
   88  1    1.067497    1.000000    0.000000   -1.000000    0.000000
   89  1    1.155818    1.000000    0.000000   -1.000000    0.000000
   90  1    1.162529    1.000000    0.000000    1.000000    0.000000
   91  1    1.229538    1.000000    0.000000    1.000000    0.000000
   92  1    1.428527    1.000000    0.000000   -1.000000    0.000000
   93  1    1.507902    1.000000    0.000000   -1.000000    0.000000
   94  1    1.577629    1.000000    0.000000    1.000000    0.000000
   95  1    1.732361    1.000000    0.000000   -1.000000    0.000000
   96  1    1.801138    1.000000    0.000000    1.000000    0.000000
   97  1    1.859742    1.000000    0.000000    1.000000    0.000000
   98  1    1.877821    1.000000    0.000000   -1.000000    0.000000
   99  1    1.931289    1.000000    0.000000    1.000000    0.000000
  100  1    1.983330    1.000000    0.000000   -1.000000    0.000000
  101  1    2.026221    1.000000    0.000000   -1.000000    0.000000
  102  1    2.149241    1.000000    0.000000    1.000000    0.000000
  103  1    2.162956    1.000000    0.000000   -1.000000    0.000000
  104  1    2.208690    1.000000    0.000000   -1.000000    0.000000
  105  1    2.274705    1.000000    0.000000   -1.000000    0.000000
  106  1    2.314056    1.000000    0.000000    1.000000    0.000000
  107  1    2.468355    1.000000    0.000000    1.000000    0.000000
  108  1    2.477718    1.000000    0.000000    1.000000    0.000000
  109  1    2.588183    1.000000    0.000000   -1.000000    0.000000
  110  1    2.620610    1.000000    0.000000   -1.000000    0.000000
  111  1    3.028623    1.000000    0.000000    1.000000    0.000000
  112  1    3.138554    1.000000    0.000000   -1.000000    0.000000
  113  1    3.211290    1.000000    0.000000   -1.000000    0.000000
  114  1    3.349994    1.000000    0.000000    1.000000    0.000000
  115  1    3.648867    1.000000    0.000000   -1.000000    0.000000
  116  1    3.742801    1.000000    0.000000   -1.000000    0.000000
  117  1    4.235092    1.000000    0.000000    1.000000    0.000000
  118  1    4.270276    1.000000    0.000000    1.000000    0.000000
  119  1    4.380610    1.000000    0.000000    1.000000    0.000000
  120  1    4.721479    1.000000    0.000000    1.000000    0.000000
  121  1    6.317751    1.000000    0.000000    1.000000    0.000000
  122  1    6.477832    1.000000    0.000000    1.000000    0.000000
  123  1    6.510968    1.000000    0.000000    1.000000    0.000000
  124  1    6.991331    1.000000    0.000000    1.000000    0.000000
  125  1    7.046990    1.000000    0.000000    1.000000    0.000000
  126  1    7.058709    1.000000    0.000000    1.000000    0.000000
  127  1    7.347061    1.000000    0.000000    1.000000    0.000000
  128  1    7.370378    1.000000    0.000000   -1.000000    0.000000
  129  1    7.433085    1.000000    0.000000    1.000000    0.000000
  130  1    7.442185    1.000000    0.000000    1.000000    0.000000
  131  1    7.593880    1.000000    0.000000   -1.000000    0.000000
  132  1    7.620519    1.000000    0.000000    1.000000    0.000000
  133  1    7.662357    1.000000    0.000000   -1.000000    0.000000
  134  1    7.666649    1.000000    0.000000    1.000000    0.000000
  135  1    7.708686    1.000000    0.000000    1.000000    0.000000
  136  1    7.981210    1.000000    0.000000   -1.000000    0.000000
  137  1    8.078673    1.000000    0.000000    1.000000    0.000000
  138  1    8.120951    1.000000    0.000000    1.000000    0.000000
  139  1    8.126776    1.000000    0.000000    1.000000    0.000000
  140  1    8.160527    1.000000    0.000000   -1.000000    0.000000
  141  1    8.217623    1.000000    0.000000    1.000000    0.000000
  142  1    8.287452    1.000000    0.000000    1.000000    0.000000
  143  1    8.317324    1.000000    0.000000   -1.000000    0.000000
  144  1    8.758288    1.000000    0.000000   -1.000000    0.000000
  145  1    8.781327    1.000000    0.000000    0.999999    0.000000
  146  1    9.006892    1.000000    0.000000   -0.999991    0.000000
  147  1    9.027083    1.000000    0.000000    0.999943    0.000000
  148  1    9.439775    1.000000    0.000000    0.997732    0.000000
  149  1    9.487028    1.000000    0.000000   -0.997048    0.000000
  150  1    9.517004    1.000000    0.000000   -0.997740    0.000000
  151  1    9.787444    1.000000    0.000000    0.042471    0.000000
  152  1    9.795687    1.000000    0.000000   -0.873131    0.000000
  2
    1    2
    1  1  -47.292258    1.000000    0.000000    1.000000    0.000000
    2  1  -47.290488    1.000000    0.000000    1.000000    0.000000
    3  1  -46.888246    1.000000    0.000000    1.000000    0.000000
    4  1  -46.886465    1.000000    0.000000    1.000000    0.000000
    5  1  -46.731521    1.000000    0.000000   -1.000000    0.000000
    6  1  -46.726304    1.000000    0.000000    1.000000    0.000000
    7  1  -46.382586    1.000000    0.000000    1.000000    0.000000
    8  1  -46.380540    1.000000    0.000000    1.000000    0.000000
    9  2  -46.321915    2.000000    0.000000    0.000000    0.000000
   11  1  -45.832876    1.000000    0.000000   -1.000000    0.000000
   12  1  -45.827696    1.000000    0.000000    1.000000    0.000000
   13  1  -42.796990    1.000000    0.000000    1.000000    0.000000
   14  1  -42.794630    1.000000    0.000000    1.000000    0.000000
   15  1  -42.394266    1.000000    0.000000    1.000000    0.000000
   16  1  -42.392556    1.000000    0.000000    1.000000    0.000000
   17  1  -42.052967    1.000000    0.000000    1.000000    0.000000
   18  1  -42.050412    1.000000    0.000000    1.000000    0.000000
   19  1  -41.709154    1.000000    0.000000    1.000000    0.000000
   20  1  -41.706886    1.000000    0.000000   -1.000000    0.000000
   21  1  -41.307539    1.000000    0.000000   -1.000000    0.000000
   22  1  -41.302197    1.000000    0.000000    1.000000    0.000000
   23  1  -40.958348    1.000000    0.000000    1.000000    0.000000
   24  1  -40.955906    1.000000    0.000000   -1.000000    0.000000
   25  1  -38.245441    1.000000    0.000000   -1.000000    0.000000
   26  1  -38.242180    1.000000    0.000000   -1.000000    0.000000
   27  1  -38.230069    1.000000    0.000000    1.000000    0.000000
   28  1  -38.226081    1.000000    0.000000    1.000000    0.000000
   29  1  -37.962307    1.000000    0.000000   -1.000000    0.000000
   30  1  -37.957843    1.000000    0.000000   -1.000000    0.000000
   31  1  -37.953772    1.000000    0.000000   -1.000000    0.000000
   32  1  -37.949676    1.000000    0.000000   -1.000000    0.000000
   33  1  -37.947093    1.000000    0.000000    1.000000    0.000000
   34  1  -37.941415    1.000000    0.000000    1.000000    0.000000
   35  1  -37.938357    1.000000    0.000000    1.000000    0.000000
   36  1  -37.933845    1.000000    0.000000    1.000000    0.000000
   37  1   -9.193543    1.000000    0.000000   -1.000000    0.000000
   38  1   -9.060182    1.000000    0.000000   -1.000000    0.000000
   39  1   -8.583962    1.000000    0.000000    1.000000    0.000000
   40  1   -8.456786    1.000000    0.000000    1.000000    0.000000
   41  1   -8.237181    1.000000    0.000000    1.000000    0.000000
   42  1   -8.054387    1.000000    0.000000    1.000000    0.000000
   43  1   -8.005637    1.000000    0.000000   -1.000000    0.000000
   44  1   -7.974138    1.000000    0.000000   -1.000000    0.000000
   45  1   -7.967360    1.000000    0.000000    1.000000    0.000000
   46  1   -7.963850    1.000000    0.000000   -1.000000    0.000000
   47  1   -7.937968    1.000000    0.000000   -1.000000    0.000000
   48  1   -7.919459    1.000000    0.000000    1.000000    0.000000
   49  1   -7.883722    1.000000    0.000000   -1.000000    0.000000
   50  1   -7.836809    1.000000    0.000000    1.000000    0.000000
   51  1   -7.819715    1.000000    0.000000    1.000000    0.000000
   52  1   -7.784181    1.000000    0.000000   -1.000000    0.000000
   53  1   -2.066190    1.000000    0.000000   -1.000000    0.000000
   54  1   -1.852630    1.000000    0.000000   -1.000000    0.000000
   55  1   -1.619815    1.000000    0.000000   -1.000000    0.000000
   56  1   -1.504719    1.000000    0.000000   -1.000000    0.000000
   57  1   -1.443990    1.000000    0.000000   -1.000000    0.000000
   58  1   -1.245664    1.000000    0.000000    1.000000    0.000000
   59  2   -1.129185    2.000000    0.000000    0.000000    0.000000
   61  1   -1.077225    1.000000    0.000000   -1.000000    0.000000
   62  1   -1.071418    1.000000    0.000000   -1.000000    0.000000
   63  1   -0.991573    1.000000    0.000000    1.000000    0.000000
   64  1   -0.927583    1.000000    0.000000   -1.000000    0.000000
   65  1   -0.898802    1.000000    0.000000   -1.000000    0.000000
   66  1   -0.891029    1.000000    0.000000   -1.000000    0.000000
   67  1   -0.824866    1.000000    0.000000    1.000000    0.000000
   68  1   -0.735407    1.000000    0.000000    1.000000    0.000000
   69  1   -0.717395    1.000000    0.000000   -1.000000    0.000000
   70  1   -0.698216    1.000000    0.000000   -1.000000    0.000000
   71  1   -0.605664    1.000000    0.000000   -1.000000    0.000000
   72  1   -0.570287    1.000000    0.000000   -1.000000    0.000000
   73  1   -0.567193    1.000000    0.000000   -1.000000    0.000000
   74  1   -0.488721    1.000000    0.000000   -1.000000    0.000000
   75  1   -0.412046    1.000000    0.000000    1.000000    0.000000
   76  1   -0.287808    1.000000    0.000000   -1.000000    0.000000
   77  1   -0.199658    1.000000    0.000000    1.000000    0.000000
   78  1   -0.152203    1.000000    0.000000    1.000000    0.000000
   79  1   -0.031655    1.000000    0.000000    1.000000    0.000000
   80  1    0.168966    1.000000    0.000000   -1.000000    0.000000
   81  1    0.236985    1.000000    0.000000   -1.000000    0.000000
   82  1    0.278903    1.000000    0.000000    1.000000    0.000000
   83  1    0.343133    1.000000    0.000000   -1.000000    0.000000
   84  1    0.536436    1.000000    0.000000   -1.000000    0.000000
   85  1    0.540358    1.000000    0.000000    1.000000    0.000000
   86  1    0.718826    1.000000    0.000000    1.000000    0.000000
   87  1    0.948979    1.000000    0.000000   -1.000000    0.000000
   88  1    1.072495    1.000000    0.000000    1.000000    0.000000
   89  1    1.146248    1.000000    0.000000    1.000000    0.000000
   90  1    1.154517    1.000000    0.000000   -1.000000    0.000000
   91  1    1.232116    1.000000    0.000000   -1.000000    0.000000
   92  1    1.427306    1.000000    0.000000    1.000000    0.000000
   93  1    1.507069    1.000000    0.000000    1.000000    0.000000
   94  1    1.579114    1.000000    0.000000   -1.000000    0.000000
   95  1    1.735489    1.000000    0.000000    1.000000    0.000000
   96  1    1.801009    1.000000    0.000000   -1.000000    0.000000
   97  1    1.862187    1.000000    0.000000   -1.000000    0.000000
   98  1    1.882142    1.000000    0.000000    1.000000    0.000000
   99  1    1.938453    1.000000    0.000000   -1.000000    0.000000
  100  1    1.980280    1.000000    0.000000    1.000000    0.000000
  101  1    2.022378    1.000000    0.000000    1.000000    0.000000
  102  1    2.151362    1.000000    0.000000   -1.000000    0.000000
  103  1    2.171226    1.000000    0.000000    1.000000    0.000000
  104  1    2.211353    1.000000    0.000000    1.000000    0.000000
  105  1    2.280897    1.000000    0.000000    1.000000    0.000000
  106  1    2.322972    1.000000    0.000000   -1.000000    0.000000
  107  1    2.462978    1.000000    0.000000   -1.000000    0.000000
  108  1    2.497182    1.000000    0.000000   -1.000000    0.000000
  109  1    2.583886    1.000000    0.000000    1.000000    0.000000
  110  1    2.619281    1.000000    0.000000    1.000000    0.000000
  111  1    3.041212    1.000000    0.000000   -1.000000    0.000000
  112  1    3.137361    1.000000    0.000000    1.000000    0.000000
  113  1    3.231830    1.000000    0.000000    1.000000    0.000000
  114  1    3.352712    1.000000    0.000000   -1.000000    0.000000
  115  1    3.651113    1.000000    0.000000    1.000000    0.000000
  116  1    3.750326    1.000000    0.000000    1.000000    0.000000
  117  1    4.238847    1.000000    0.000000   -1.000000    0.000000
  118  1    4.278923    1.000000    0.000000   -1.000000    0.000000
  119  1    4.390371    1.000000    0.000000   -1.000000    0.000000
  120  1    4.723228    1.000000    0.000000   -1.000000    0.000000
  121  1    6.315833    1.000000    0.000000   -1.000000    0.000000
  122  1    6.471980    1.000000    0.000000   -1.000000    0.000000
  123  1    6.512390    1.000000    0.000000   -1.000000    0.000000
  124  1    7.000166    1.000000    0.000000   -1.000000    0.000000
  125  1    7.044408    1.000000    0.000000   -1.000000    0.000000
  126  1    7.057901    1.000000    0.000000   -1.000000    0.000000
  127  1    7.347940    1.000000    0.000000   -1.000000    0.000000
  128  1    7.373070    1.000000    0.000000    1.000000    0.000000
  129  1    7.435794    1.000000    0.000000   -1.000000    0.000000
  130  1    7.442000    1.000000    0.000000   -1.000000    0.000000
  131  1    7.595350    1.000000    0.000000    1.000000    0.000000
  132  1    7.634192    1.000000    0.000000   -1.000000    0.000000
  133  1    7.661600    1.000000    0.000000    1.000000    0.000000
  134  1    7.668565    1.000000    0.000000   -1.000000    0.000000
  135  1    7.711281    1.000000    0.000000   -1.000000    0.000000
  136  1    7.981654    1.000000    0.000000    1.000000    0.000000
  137  1    8.079680    1.000000    0.000000   -1.000000    0.000000
  138  1    8.126599    1.000000    0.000000   -1.000000    0.000000
  139  1    8.132658    1.000000    0.000000   -1.000000    0.000000
  140  1    8.160248    1.000000    0.000000    1.000000    0.000000
  141  1    8.216620    1.000000    0.000000   -1.000000    0.000000
  142  1    8.286565    1.000000    0.000000   -1.000000    0.000000
  143  1    8.310822    1.000000    0.000000    1.000000    0.000000
  144  1    8.753225    1.000000    0.000000    1.000000    0.000000
  145  1    8.786496    1.000000    0.000000   -0.999999    0.000000
  146  1    8.997298    1.000000    0.000000    0.999960    0.000000
  147  1    9.028813    1.000000    0.000000   -0.999972    0.000000
  148  1    9.442890    1.000000    0.000000   -0.994396    0.000000
  149  1    9.490499    1.000000    0.000000    0.998988    0.000000
  150  1    9.518840    1.000000    0.000000    0.968711    0.000000
  151  1    9.791824    1.000000    0.000000    0.553870    0.000000
  152  1    9.800980    1.000000    0.000000    0.700398    0.000000
