  112  136
  1
  4
  1  0  0  0  1  0  0  0  1    0.000000    0.000000    0.000000    1.000000    0.000000    0.000000    0.000000    0.000000    0.000000    1.000000    0.000000  1
 -1  0  0  0 -1  0  0  0 -1    0.000000    0.000000    0.000000    1.000000    0.000000    0.000000    0.000000    0.000000    0.000000    1.000000    0.000000  1
  0 -1  0 -1  0  0  0  0 -1    0.000000    0.000000    0.000000    0.000000    0.000000   -1.000000    0.000000    1.000000    0.000000    0.000000    0.000000 -1
  0  1  0  1  0  0  0  0  1    0.000000    0.000000    0.000000    0.000000    0.000000   -1.000000    0.000000    1.000000    0.000000    0.000000    0.000000 -1
  8
    0.000000    0.000000    0.000000
    0.000000    0.000000    0.500000
    0.000000    0.500000    0.500000
    0.500000    0.000000    0.500000
    0.500000    0.500000    0.500000
    0.000000    0.500000    0.000000
    0.500000    0.000000    0.000000
    0.500000    0.500000    0.000000
  2
    1    2
    1  1  -53.834902    1.000000    0.000000   -1.000000    0.000000
    2  1  -53.387464    1.000000    0.000000   -1.000000    0.000000
    3  2  -53.385124    2.000000    0.000000   -2.000000    0.000000
    5  1  -53.324029    1.000000    0.000000   -1.000000    0.000000
    6  1  -52.889397    1.000000    0.000000   -1.000000    0.000000
    7  1  -52.888311    1.000000    0.000000   -1.000000    0.000000
    8  1  -52.853697    1.000000    0.000000   -1.000000    0.000000
    9  1  -52.712235    1.000000    0.000000   -1.000000    0.000000
   10  1  -52.262421    1.000000    0.000000   -1.000000    0.000000
   11  1  -52.259995    1.000000    0.000000   -1.000000    0.000000
   12  1  -52.199364    1.000000    0.000000   -1.000000    0.000000
   13  1  -49.137856    1.000000    0.000000   -1.000000    0.000000
   14  1  -48.842564    1.000000    0.000000   -1.000000    0.000000
   15  2  -48.836017    2.000000    0.000000   -2.000000    0.000000
   17  1  -48.681398    1.000000    0.000000   -1.000000    0.000000
   18  1  -48.339178    1.000000    0.000000   -1.000000    0.000000
   19  1  -48.333727    1.000000    0.000000   -1.000000    0.000000
   20  1  -48.315114    1.000000    0.000000   -1.000000    0.000000
   21  1  -48.253100    1.000000    0.000000   -1.000000    0.000000
   22  1  -47.963216    1.000000    0.000000   -1.000000    0.000000
   23  1  -47.956476    1.000000    0.000000   -1.000000    0.000000
   24  1  -47.955444    1.000000    0.000000   -1.000000    0.000000
   25  1  -38.019513    1.000000    0.000000   -1.000000    0.000000
   26  1  -38.014378    1.000000    0.000000   -1.000000    0.000000
   27  1  -37.739877    1.000000    0.000000   -1.000000    0.000000
   28  1  -37.730234    1.000000    0.000000   -1.000000    0.000000
   29  1  -37.725745    1.000000    0.000000   -1.000000    0.000000
   30  1  -37.719439    1.000000    0.000000   -1.000000    0.000000
   31  1   -9.387670    1.000000    0.000000    1.000000    0.000000
   32  1   -9.339445    1.000000    0.000000    1.000000    0.000000
   33  1   -7.942903    1.000000    0.000000   -1.000000    0.000000
   34  1   -7.862247    1.000000    0.000000   -1.000000    0.000000
   35  1   -7.856892    1.000000    0.000000   -1.000000    0.000000
   36  1   -7.797979    1.000000    0.000000    1.000000    0.000000
   37  1   -7.765592    1.000000    0.000000   -1.000000    0.000000
   38  1   -7.742610    1.000000    0.000000   -1.000000    0.000000
   39  1   -7.714228    1.000000    0.000000   -1.000000    0.000000
   40  1   -7.662203    1.000000    0.000000    1.000000    0.000000
   41  1   -7.633792    1.000000    0.000000    1.000000    0.000000
   42  1   -7.600434    1.000000    0.000000   -1.000000    0.000000
   43  1   -7.560987    1.000000    0.000000    1.000000    0.000000
   44  1   -7.544263    1.000000    0.000000    1.000000    0.000000
   45  1   -7.527055    1.000000    0.000000   -1.000000    0.000000
   46  1   -7.488200    1.000000    0.000000    1.000000    0.000000
   47  1   -2.889176    1.000000    0.000000    1.000000    0.000000
   48  1   -2.828440    1.000000    0.000000    1.000000    0.000000
   49  1   -2.813619    1.000000    0.000000    1.000000    0.000000
   50  1   -2.781407    1.000000    0.000000    1.000000    0.000000
   51  1   -2.757580    1.000000    0.000000    1.000000    0.000000
   52  1   -2.670727    1.000000    0.000000    1.000000    0.000000
   53  1   -2.579993    1.000000    0.000000    1.000000    0.000000
   54  1   -2.559710    1.000000    0.000000    1.000000    0.000000
   55  1   -2.484928    1.000000    0.000000    1.000000    0.000000
   56  1   -2.364244    1.000000    0.000000    1.000000    0.000000
   57  1   -2.344530    1.000000    0.000000    1.000000    0.000000
   58  1   -2.339779    1.000000    0.000000    1.000000    0.000000
   59  1   -2.283916    1.000000    0.000000    1.000000    0.000000
   60  1   -2.266146    1.000000    0.000000    1.000000    0.000000
   61  1   -2.187170    1.000000    0.000000    1.000000    0.000000
   62  1   -1.994834    1.000000    0.000000    1.000000    0.000000
   63  1   -1.977515    1.000000    0.000000    1.000000    0.000000
   64  1   -1.967293    1.000000    0.000000    1.000000    0.000000
   65  1   -1.848474    1.000000    0.000000    1.000000    0.000000
   66  1   -1.701762    1.000000    0.000000    1.000000    0.000000
   67  1   -1.375306    1.000000    0.000000    1.000000    0.000000
   68  1   -0.914616    1.000000    0.000000    1.000000    0.000000
   69  1   -0.831238    1.000000    0.000000    1.000000    0.000000
   70  1   -0.810540    1.000000    0.000000    1.000000    0.000000
   71  1   -0.582354    1.000000    0.000000    1.000000    0.000000
   72  1   -0.381669    1.000000    0.000000   -1.000000    0.000000
   73  1   -0.352813    1.000000    0.000000   -1.000000    0.000000
   74  1   -0.319284    1.000000    0.000000   -1.000000    0.000000
   75  1   -0.318014    1.000000    0.000000    1.000000    0.000000
   76  1   -0.303618    1.000000    0.000000   -1.000000    0.000000
   77  1   -0.150768    1.000000    0.000000   -1.000000    0.000000
   78  1   -0.097792    1.000000    0.000000   -1.000000    0.000000
   79  1   -0.084763    1.000000    0.000000    1.000000    0.000000
   80  1   -0.078208    1.000000    0.000000    1.000000    0.000000
   81  1    1.743364    1.000000    0.000000    1.000000    0.000000
   82  1    1.755426    1.000000    0.000000    1.000000    0.000000
   83  1    1.782017    1.000000    0.000000    1.000000    0.000000
   84  1    1.864229    1.000000    0.000000    1.000000    0.000000
   85  1    1.900990    1.000000    0.000000    1.000000    0.000000
   86  1    1.927695    1.000000    0.000000    1.000000    0.000000
   87  1    2.143441    1.000000    0.000000   -1.000000    0.000000
   88  1    2.152194    1.000000    0.000000   -1.000000    0.000000
   89  1    2.172032    1.000000    0.000000   -1.000000    0.000000
   90  1    2.187738    1.000000    0.000000   -1.000000    0.000000
   91  1    2.232322    1.000000    0.000000    1.000000    0.000000
   92  1    2.247934    1.000000    0.000000   -1.000000    0.000000
   93  1    2.307069    1.000000    0.000000   -1.000000    0.000000
   94  1    2.362987    1.000000    0.000000    1.000000    0.000000
   95  1    2.377862    1.000000    0.000000   -1.000000    0.000000
   96  1    2.423848    1.000000    0.000000   -1.000000    0.000000
   97  1    2.503525    1.000000    0.000000   -1.000000    0.000000
   98  1    2.521582    1.000000    0.000000   -1.000000    0.000000
   99  1    2.545597    1.000000    0.000000   -1.000000    0.000000
  100  1    2.557692    1.000000    0.000000   -1.000000    0.000000
  101  1    3.471174    1.000000    0.000000    1.000000    0.000000
  102  1    3.865865    1.000000    0.000000    1.000000    0.000000
  103  1    3.999135    1.000000    0.000000   -1.000000    0.000000
  104  1    4.000731    1.000000    0.000000    1.000000    0.000000
  105  1    4.024132    1.000000    0.000000   -1.000000    0.000000
  106  1    4.025927    1.000000    0.000000    1.000000    0.000000
  107  1    4.095741    1.000000    0.000000    1.000000    0.000000
  108  1    4.103112    1.000000    0.000000   -1.000000    0.000000
  109  1    4.135537    1.000000    0.000000   -1.000000    0.000000
  110  1    4.263613    1.000000    0.000000   -1.000000    0.000000
  111  1    4.285269    1.000000    0.000000   -1.000000    0.000000
  112  1    4.520586    1.000000    0.000000    1.000000    0.000000
  113  1    4.604846    1.000000    0.000000    1.000000    0.000000
  114  1    4.617050    1.000000    0.000000    1.000000    0.000000
  115  1    4.949969    1.000000    0.000000    1.000000    0.000000
  116  1    5.198481    1.000000    0.000000    1.000000    0.000000
  117  1    5.282316    1.000000    0.000000    1.000000    0.000000
  118  1    5.550466    1.000000    0.000000    1.000000    0.000000
  119  1    5.601320    1.000000    0.000000    1.000000    0.000000
  120  1    5.734877    1.000000    0.000000    1.000000    0.000000
  121  1    5.799941    1.000000    0.000000    1.000000    0.000000
  122  1    5.829339    1.000000    0.000000    1.000000    0.000000
  123  1    5.851748    1.000000    0.000000    1.000000    0.000000
  124  1    5.909793    1.000000    0.000000    1.000000    0.000000
  125  1    5.997291    1.000000    0.000000    1.000000    0.000000
  126  1    6.027614    1.000000    0.000000    1.000000    0.000000
  127  1    6.078577    1.000000    0.000000    1.000000    0.000000
  128  1    6.240377    1.000000    0.000000    1.000000    0.000000
  129  1    6.269061    1.000000    0.000000    1.000000    0.000000
  130  1    6.330058    1.000000    0.000000    1.000000    0.000000
  131  1    6.409928    1.000000    0.000000    1.000000    0.000000
  132  1    6.543825    1.000000    0.000000    1.000000    0.000000
  133  1    6.551651    1.000000    0.000000    1.000000    0.000000
  134  1    6.670714    1.000000    0.000000    1.000000    0.000000
  135  1    6.771351    1.000000    0.000000    1.000000    0.000000
  136  1    7.169293    1.000000    0.000000    1.000000    0.000000
  2
    1    2
    1  1  -53.834904    1.000000    0.000000    1.000000    0.000000
    2  1  -53.387465    1.000000    0.000000    1.000000    0.000000
    3  2  -53.385125    2.000000    0.000000    2.000000    0.000000
    5  1  -53.324030    1.000000    0.000000   -1.000000    0.000000
    6  1  -52.889400    1.000000    0.000000    1.000000    0.000000
    7  1  -52.888314    1.000000    0.000000    1.000000    0.000000
    8  1  -52.853704    1.000000    0.000000   -1.000000    0.000000
    9  1  -52.712236    1.000000    0.000000    1.000000    0.000000
   10  1  -52.262421    1.000000    0.000000    1.000000    0.000000
   11  1  -52.259995    1.000000    0.000000    1.000000    0.000000
   12  1  -52.199364    1.000000    0.000000   -1.000000    0.000000
   13  1  -49.137859    1.000000    0.000000    1.000000    0.000000
   14  1  -48.842567    1.000000    0.000000    1.000000    0.000000
   15  2  -48.836021    2.000000    0.000000    0.000000    0.000000
   17  1  -48.681388    1.000000    0.000000    1.000000    0.000000
   18  1  -48.339181    1.000000    0.000000    1.000000    0.000000
   19  1  -48.333731    1.000000    0.000000    1.000000    0.000000
   20  1  -48.315130    1.000000    0.000000   -1.000000    0.000000
   21  1  -48.253102    1.000000    0.000000    1.000000    0.000000
   22  1  -47.963218    1.000000    0.000000    1.000000    0.000000
   23  1  -47.956479    1.000000    0.000000    1.000000    0.000000
   24  1  -47.955447    1.000000    0.000000   -1.000000    0.000000
   25  1  -38.019518    1.000000    0.000000   -1.000000    0.000000
   26  1  -38.014383    1.000000    0.000000   -1.000000    0.000000
   27  1  -37.739884    1.000000    0.000000   -1.000000    0.000000
   28  1  -37.730247    1.000000    0.000000   -1.000000    0.000000
   29  1  -37.725743    1.000000    0.000000   -1.000000    0.000000
   30  1  -37.719444    1.000000    0.000000   -1.000000    0.000000
   31  1   -8.917574    1.000000    0.000000   -1.000000    0.000000
   32  1   -8.892712    1.000000    0.000000   -1.000000    0.000000
   33  1   -8.594005    1.000000    0.000000    1.000000    0.000000
   34  1   -8.494728    1.000000    0.000000    1.000000    0.000000
   35  1   -7.929181    1.000000    0.000000   -1.000000    0.000000
   36  1   -7.797580    1.000000    0.000000    1.000000    0.000000
   37  1   -7.790631    1.000000    0.000000    1.000000    0.000000
   38  1   -7.773878    1.000000    0.000000   -1.000000    0.000000
   39  1   -7.743794    1.000000    0.000000    1.000000    0.000000
   40  1   -7.689349    1.000000    0.000000   -1.000000    0.000000
   41  1   -7.681854    1.000000    0.000000   -1.000000    0.000000
   42  1   -7.631981    1.000000    0.000000   -1.000000    0.000000
   43  1   -7.542989    1.000000    0.000000    1.000000    0.000000
   44  1   -7.519549    1.000000    0.000000    1.000000    0.000000
   45  1   -7.487121    1.000000    0.000000    1.000000    0.000000
   46  1   -7.473076    1.000000    0.000000   -1.000000    0.000000
   47  1   -2.780172    1.000000    0.000000   -1.000000    0.000000
   48  1   -2.769243    1.000000    0.000000   -1.000000    0.000000
   49  1   -2.744470    1.000000    0.000000   -1.000000    0.000000
   50  1   -2.676688    1.000000    0.000000   -1.000000    0.000000
   51  1   -2.664531    1.000000    0.000000   -1.000000    0.000000
   52  1   -2.628023    1.000000    0.000000   -1.000000    0.000000
   53  1   -2.539625    1.000000    0.000000   -1.000000    0.000000
   54  1   -2.476991    1.000000    0.000000   -1.000000    0.000000
   55  1   -2.420826    1.000000    0.000000    1.000000    0.000000
   56  1   -2.391563    1.000000    0.000000   -1.000000    0.000000
   57  1   -2.358181    1.000000    0.000000   -1.000000    0.000000
   58  1   -2.355233    1.000000    0.000000    1.000000    0.000000
   59  1   -2.314850    1.000000    0.000000    1.000000    0.000000
   60  1   -2.288600    1.000000    0.000000   -1.000000    0.000000
   61  1   -2.187512    1.000000    0.000000   -1.000000    0.000000
   62  1   -2.137665    1.000000    0.000000    1.000000    0.000000
   63  1   -2.026910    1.000000    0.000000   -1.000000    0.000000
   64  1   -1.985749    1.000000    0.000000   -1.000000    0.000000
   65  1   -1.964327    1.000000    0.000000    1.000000    0.000000
   66  1   -1.789585    1.000000    0.000000   -1.000000    0.000000
   67  1   -1.017272    1.000000    0.000000   -1.000000    0.000000
   68  1   -0.402889    1.000000    0.000000    1.000000    0.000000
   69  1   -0.340291    1.000000    0.000000   -1.000000    0.000000
   70  1   -0.200442    1.000000    0.000000    1.000000    0.000000
   71  1   -0.187579    1.000000    0.000000   -1.000000    0.000000
   72  1   -0.058039    1.000000    0.000000   -1.000000    0.000000
   73  1    0.134112    1.000000    0.000000    1.000000    0.000000
   74  1    0.186692    1.000000    0.000000    1.000000    0.000000
   75  1    0.198088    1.000000    0.000000    1.000000    0.000000
   76  1    0.261570    1.000000    0.000000   -1.000000    0.000000
   77  1    0.515532    1.000000    0.000000   -1.000000    0.000000
   78  1    0.552144    1.000000    0.000000    1.000000    0.000000
   79  1    0.874878    1.000000    0.000000    1.000000    0.000000
   80  1    0.952229    1.000000    0.000000   -1.000000    0.000000
   81  1    1.054884    1.000000    0.000000    1.000000    0.000000
   82  1    1.084989    1.000000    0.000000   -1.000000    0.000000
   83  1    1.154699    1.000000    0.000000   -1.000000    0.000000
   84  1    1.183430    1.000000    0.000000    1.000000    0.000000
   85  1    1.190646    1.000000    0.000000   -1.000000    0.000000
   86  1    1.199934    1.000000    0.000000   -1.000000    0.000000
   87  1    1.488038    1.000000    0.000000    1.000000    0.000000
   88  1    1.582029    1.000000    0.000000   -1.000000    0.000000
   89  1    1.648608    1.000000    0.000000   -1.000000    0.000000
   90  1    1.792109    1.000000    0.000000   -1.000000    0.000000
   91  1    1.848196    1.000000    0.000000    1.000000    0.000000
   92  1    1.935718    1.000000    0.000000    1.000000    0.000000
   93  1    2.019361    1.000000    0.000000    1.000000    0.000000
   94  1    2.179442    1.000000    0.000000    1.000000    0.000000
   95  1    2.258452    1.000000    0.000000    1.000000    0.000000
   96  1    2.259587    1.000000    0.000000   -1.000000    0.000000
   97  1    2.317288    1.000000    0.000000    1.000000    0.000000
   98  1    2.417058    1.000000    0.000000   -1.000000    0.000000
   99  1    2.725610    1.000000    0.000000    1.000000    0.000000
  100  1    2.776764    1.000000    0.000000    1.000000    0.000000
  101  1    2.933857    1.000000    0.000000   -1.000000    0.000000
  102  1    3.076061    1.000000    0.000000   -1.000000    0.000000
  103  1    3.177077    1.000000    0.000000   -1.000000    0.000000
  104  1    3.212879    1.000000    0.000000    1.000000    0.000000
  105  1    3.260369    1.000000    0.000000    1.000000    0.000000
  106  1    3.481442    1.000000    0.000000    1.000000    0.000000
  107  1    3.498729    1.000000    0.000000   -1.000000    0.000000
  108  1    3.659113    1.000000    0.000000   -1.000000    0.000000
  109  1    3.679626    1.000000    0.000000    1.000000    0.000000
  110  1    4.058774    1.000000    0.000000   -1.000000    0.000000
  111  1    4.176800    1.000000    0.000000   -1.000000    0.000000
  112  1    4.239610    1.000000    0.000000   -1.000000    0.000000
  113  1    4.242266    1.000000    0.000000    1.000000    0.000000
  114  1    4.475142    1.000000    0.000000    1.000000    0.000000
  115  1    5.207651    1.000000    0.000000   -1.000000    0.000000
  116  1    5.331562    1.000000    0.000000   -1.000000    0.000000
  117  1    5.432000    1.000000    0.000000   -1.000000    0.000000
  118  1    5.565186    1.000000    0.000000   -1.000000    0.000000
  119  1    5.661163    1.000000    0.000000   -1.000000    0.000000
  120  1    5.712853    1.000000    0.000000   -1.000000    0.000000
  121  1    5.727503    1.000000    0.000000   -1.000000    0.000000
  122  2    5.782936    2.000000    0.000000    0.000000    0.000000
  124  1    5.804065    1.000000    0.000000   -1.000000    0.000000
  125  1    5.813527    1.000000    0.000000    1.000000    0.000000
  126  1    5.890995    1.000000    0.000000   -1.000000    0.000000
  127  1    5.893984    1.000000    0.000000    1.000000    0.000000
  128  1    5.948304    1.000000    0.000000   -1.000000    0.000000
  129  1    5.988990    1.000000    0.000000    1.000000    0.000000
  130  1    6.072526    1.000000    0.000000   -1.000000    0.000000
  131  1    6.085767    1.000000    0.000000    1.000000    0.000000
  132  1    6.244968    1.000000    0.000000   -1.000000    0.000000
  133  1    6.405935    1.000000    0.000000   -1.000000    0.000000
  134  1    6.458908    1.000000    0.000000   -1.000000    0.000000
  135  1    8.755023    1.000000    0.000000    0.913824    0.000000
  136  1    8.809099    1.000000    0.000000   -0.927280    0.000000
  2
    1    2
    1  1  -53.834905    1.000000    0.000000   -1.000000    0.000000
    2  1  -53.387281    1.000000    0.000000   -1.000000    0.000000
    3  2  -53.385233    2.000000    0.000000    0.000000    0.000000
    5  1  -53.324033    1.000000    0.000000    1.000000    0.000000
    6  1  -52.889382    1.000000    0.000000   -1.000000    0.000000
    7  1  -52.888330    1.000000    0.000000    1.000000    0.000000
    8  1  -52.853704    1.000000    0.000000    1.000000    0.000000
    9  1  -52.712237    1.000000    0.000000   -1.000000    0.000000
   10  1  -52.262119    1.000000    0.000000   -1.000000    0.000000
   11  1  -52.260301    1.000000    0.000000    1.000000    0.000000
   12  1  -52.199365    1.000000    0.000000    1.000000    0.000000
   13  1  -49.137861    1.000000    0.000000   -1.000000    0.000000
   14  1  -48.842448    1.000000    0.000000   -1.000000    0.000000
   15  2  -48.836140    2.000000    0.000000    2.000000    0.000000
   17  1  -48.681389    1.000000    0.000000   -1.000000    0.000000
   18  1  -48.339174    1.000000    0.000000   -1.000000    0.000000
   19  1  -48.333740    1.000000    0.000000    1.000000    0.000000
   20  1  -48.315131    1.000000    0.000000    1.000000    0.000000
   21  1  -48.253104    1.000000    0.000000   -1.000000    0.000000
   22  1  -47.963027    1.000000    0.000000   -1.000000    0.000000
   23  1  -47.956676    1.000000    0.000000    1.000000    0.000000
   24  1  -47.955448    1.000000    0.000000    1.000000    0.000000
   25  1  -38.019516    1.000000    0.000000   -1.000000    0.000000
   26  1  -38.014381    1.000000    0.000000   -1.000000    0.000000
   27  1  -37.739882    1.000000    0.000000   -1.000000    0.000000
   28  1  -37.730238    1.000000    0.000000   -1.000000    0.000000
   29  1  -37.725747    1.000000    0.000000   -1.000000    0.000000
   30  1  -37.719443    1.000000    0.000000   -1.000000    0.000000
   31  1   -8.684554    1.000000    0.000000    1.000000    0.000000
   32  1   -8.653961    1.000000    0.000000   -1.000000    0.000000
   33  1   -8.626263    1.000000    0.000000    1.000000    0.000000
   34  1   -8.614108    1.000000    0.000000   -1.000000    0.000000
   35  1   -8.061822    1.000000    0.000000    1.000000    0.000000
   36  1   -7.990667    1.000000    0.000000   -1.000000    0.000000
   37  1   -7.901092    1.000000    0.000000   -1.000000    0.000000
   38  1   -7.859762    1.000000    0.000000    1.000000    0.000000
   39  1   -7.779545    1.000000    0.000000   -1.000000    0.000000
   40  1   -7.756130    1.000000    0.000000    1.000000    0.000000
   41  1   -7.731881    1.000000    0.000000   -1.000000    0.000000
   42  1   -7.607250    1.000000    0.000000    1.000000    0.000000
   43  1   -7.551425    1.000000    0.000000    1.000000    0.000000
   44  1   -7.467701    1.000000    0.000000    1.000000    0.000000
   45  2   -7.427115    2.000000    0.000000   -2.000000    0.000000
   47  1   -2.926605    1.000000    0.000000    1.000000    0.000000
   48  1   -2.757359    1.000000    0.000000    1.000000    0.000000
   49  1   -2.710725    1.000000    0.000000    1.000000    0.000000
   50  1   -2.670508    1.000000    0.000000    1.000000    0.000000
   51  1   -2.596974    1.000000    0.000000    1.000000    0.000000
   52  1   -2.493233    1.000000    0.000000    1.000000    0.000000
   53  1   -2.453593    1.000000    0.000000   -1.000000    0.000000
   54  1   -2.402345    1.000000    0.000000   -1.000000    0.000000
   55  1   -2.381753    1.000000    0.000000   -1.000000    0.000000
   56  1   -2.370292    1.000000    0.000000    1.000000    0.000000
   57  1   -2.341729    1.000000    0.000000   -1.000000    0.000000
   58  1   -2.327450    1.000000    0.000000   -1.000000    0.000000
   59  1   -2.324015    1.000000    0.000000    1.000000    0.000000
   60  1   -2.318164    1.000000    0.000000   -1.000000    0.000000
   61  1   -2.242684    1.000000    0.000000   -1.000000    0.000000
   62  1   -2.230401    1.000000    0.000000   -1.000000    0.000000
   63  1   -2.191668    1.000000    0.000000    1.000000    0.000000
   64  1   -2.026410    1.000000    0.000000    1.000000    0.000000
   65  1   -1.971005    1.000000    0.000000   -1.000000    0.000000
   66  1   -1.873534    1.000000    0.000000   -1.000000    0.000000
   67  1   -0.458939    1.000000    0.000000    1.000000    0.000000
   68  1   -0.164639    1.000000    0.000000    1.000000    0.000000
   69  1   -0.015194    1.000000    0.000000   -1.000000    0.000000
   70  1   -0.004630    1.000000    0.000000   -1.000000    0.000000
   71  1    0.117771    1.000000    0.000000    1.000000    0.000000
   72  1    0.368910    1.000000    0.000000    1.000000    0.000000
   73  1    0.401229    1.000000    0.000000   -1.000000    0.000000
   74  1    0.481413    1.000000    0.000000   -1.000000    0.000000
   75  1    0.509280    1.000000    0.000000   -1.000000    0.000000
   76  1    0.574909    1.000000    0.000000   -1.000000    0.000000
   77  1    0.673222    1.000000    0.000000   -1.000000    0.000000
   78  1    0.679075    1.000000    0.000000   -1.000000    0.000000
   79  1    0.718573    1.000000    0.000000    1.000000    0.000000
   80  1    0.838638    1.000000    0.000000    1.000000    0.000000
   81  1    0.909717    1.000000    0.000000    1.000000    0.000000
   82  1    0.948191    1.000000    0.000000    1.000000    0.000000
   83  1    0.990516    1.000000    0.000000    1.000000    0.000000
   84  1    1.109906    1.000000    0.000000    1.000000    0.000000
   85  1    1.115997    1.000000    0.000000   -1.000000    0.000000
   86  1    1.143823    1.000000    0.000000   -1.000000    0.000000
   87  1    1.358115    1.000000    0.000000   -1.000000    0.000000
   88  1    1.485880    1.000000    0.000000   -1.000000    0.000000
   89  1    1.718547    1.000000    0.000000    1.000000    0.000000
   90  1    1.743657    1.000000    0.000000    1.000000    0.000000
   91  1    1.780009    1.000000    0.000000    1.000000    0.000000
   92  1    1.874795    1.000000    0.000000   -1.000000    0.000000
   93  2    1.910126    2.000000    0.000000    0.000000    0.000000
   95  1    2.007598    1.000000    0.000000    1.000000    0.000000
   96  1    2.027687    1.000000    0.000000    1.000000    0.000000
   97  1    2.049655    1.000000    0.000000   -1.000000    0.000000
   98  1    2.131668    1.000000    0.000000    1.000000    0.000000
   99  1    2.141697    1.000000    0.000000   -1.000000    0.000000
  100  1    2.887437    1.000000    0.000000   -1.000000    0.000000
  101  1    2.915196    1.000000    0.000000   -1.000000    0.000000
  102  1    2.985390    1.000000    0.000000   -1.000000    0.000000
  103  1    3.036675    1.000000    0.000000    1.000000    0.000000
  104  1    3.094127    1.000000    0.000000   -1.000000    0.000000
  105  1    3.125082    1.000000    0.000000    1.000000    0.000000
  106  1    3.129190    1.000000    0.000000    1.000000    0.000000
  107  1    3.143182    1.000000    0.000000   -1.000000    0.000000
  108  1    3.170628    1.000000    0.000000   -1.000000    0.000000
  109  1    3.441467    1.000000    0.000000    1.000000    0.000000
  110  1    3.500535    1.000000    0.000000    1.000000    0.000000
  111  1    3.889362    1.000000    0.000000    1.000000    0.000000
  112  1    4.603352    1.000000    0.000000   -1.000000    0.000000
  113  1    4.607376    1.000000    0.000000    1.000000    0.000000
  114  1    4.633174    1.000000    0.000000   -1.000000    0.000000
  115  1    4.776065    1.000000    0.000000    1.000000    0.000000
  116  1    5.254638    1.000000    0.000000    1.000000    0.000000
  117  1    5.275403    1.000000    0.000000    1.000000    0.000000
  118  1    5.288049    1.000000    0.000000   -1.000000    0.000000
  119  1    5.336145    1.000000    0.000000   -1.000000    0.000000
  120  1    5.606612    1.000000    0.000000    1.000000    0.000000
  121  1    5.676404    1.000000    0.000000    1.000000    0.000000
  122  1    5.722566    1.000000    0.000000   -1.000000    0.000000
  123  1    5.737478    1.000000    0.000000   -1.000000    0.000000
  124  1    5.802643    1.000000    0.000000    1.000000    0.000000
  125  1    6.024485    1.000000    0.000000   -1.000000    0.000000
  126  1    6.026582    1.000000    0.000000    1.000000    0.000000
  127  1    6.031003    1.000000    0.000000    1.000000    0.000000
  128  1    6.063486    1.000000    0.000000   -1.000000    0.000000
  129  1    6.148699    1.000000    0.000000   -1.000000    0.000000
  130  1    6.160554    1.000000    0.000000    1.000000    0.000000
  131  1    6.172381    1.000000    0.000000   -1.000000    0.000000
  132  1    6.249226    1.000000    0.000000    1.000000    0.000000
  133  1    6.252528    1.000000    0.000000   -1.000000    0.000000
  134  1    6.273722    1.000000    0.000000   -1.000000    0.000000
  135  1    9.276260    1.000000    0.000000    0.999544    0.000000
  136  1    9.931385    1.000000    0.000000    0.648233    0.000000
  2
    1    2
    1  1  -53.834905    1.000000    0.000000   -1.000000    0.000000
    2  1  -53.387274    1.000000    0.000000    1.000000    0.000000
    3  2  -53.385269    2.000000    0.000000   -2.000000    0.000000
    5  1  -53.324033    1.000000    0.000000    1.000000    0.000000
    6  1  -52.889382    1.000000    0.000000    1.000000    0.000000
    7  1  -52.888330    1.000000    0.000000   -1.000000    0.000000
    8  1  -52.853704    1.000000    0.000000    1.000000    0.000000
    9  1  -52.712237    1.000000    0.000000   -1.000000    0.000000
   10  1  -52.262119    1.000000    0.000000    1.000000    0.000000
   11  1  -52.260301    1.000000    0.000000   -1.000000    0.000000
   12  1  -52.199365    1.000000    0.000000    1.000000    0.000000
   13  1  -49.137861    1.000000    0.000000   -1.000000    0.000000
   14  1  -48.842447    1.000000    0.000000    1.000000    0.000000
   15  2  -48.836141    2.000000    0.000000    0.000000    0.000000
   17  1  -48.681389    1.000000    0.000000   -1.000000    0.000000
   18  1  -48.339173    1.000000    0.000000    1.000000    0.000000
   19  1  -48.333741    1.000000    0.000000   -1.000000    0.000000
   20  1  -48.315131    1.000000    0.000000    1.000000    0.000000
   21  1  -48.253104    1.000000    0.000000   -1.000000    0.000000
   22  1  -47.963027    1.000000    0.000000    1.000000    0.000000
   23  1  -47.956676    1.000000    0.000000   -1.000000    0.000000
   24  1  -47.955448    1.000000    0.000000    1.000000    0.000000
   25  1  -38.019516    1.000000    0.000000   -1.000000    0.000000
   26  1  -38.014381    1.000000    0.000000   -1.000000    0.000000
   27  1  -37.739882    1.000000    0.000000   -1.000000    0.000000
   28  1  -37.730238    1.000000    0.000000   -1.000000    0.000000
   29  1  -37.725747    1.000000    0.000000   -1.000000    0.000000
   30  1  -37.719443    1.000000    0.000000   -1.000000    0.000000
   31  1   -8.680938    1.000000    0.000000    1.000000    0.000000
   32  1   -8.656815    1.000000    0.000000   -1.000000    0.000000
   33  1   -8.624146    1.000000    0.000000    1.000000    0.000000
   34  1   -8.615830    1.000000    0.000000   -1.000000    0.000000
   35  1   -8.069013    1.000000    0.000000    1.000000    0.000000
   36  1   -7.985032    1.000000    0.000000   -1.000000    0.000000
   37  1   -7.899959    1.000000    0.000000   -1.000000    0.000000
   38  1   -7.864457    1.000000    0.000000    1.000000    0.000000
   39  1   -7.780153    1.000000    0.000000   -1.000000    0.000000
   40  1   -7.756274    1.000000    0.000000    1.000000    0.000000
   41  1   -7.728990    1.000000    0.000000   -1.000000    0.000000
   42  1   -7.607005    1.000000    0.000000    1.000000    0.000000
   43  1   -7.547772    1.000000    0.000000    1.000000    0.000000
   44  1   -7.465162    1.000000    0.000000    1.000000    0.000000
   45  1   -7.429576    1.000000    0.000000   -1.000000    0.000000
   46  1   -7.428532    1.000000    0.000000   -1.000000    0.000000
   47  1   -2.928040    1.000000    0.000000    1.000000    0.000000
   48  1   -2.757286    1.000000    0.000000    1.000000    0.000000
   49  1   -2.709247    1.000000    0.000000    1.000000    0.000000
   50  1   -2.671638    1.000000    0.000000    1.000000    0.000000
   51  1   -2.595445    1.000000    0.000000    1.000000    0.000000
   52  1   -2.490235    1.000000    0.000000    1.000000    0.000000
   53  1   -2.456400    1.000000    0.000000   -1.000000    0.000000
   54  1   -2.402395    1.000000    0.000000   -1.000000    0.000000
   55  1   -2.383591    1.000000    0.000000   -1.000000    0.000000
   56  1   -2.368448    1.000000    0.000000    1.000000    0.000000
   57  1   -2.342183    1.000000    0.000000   -1.000000    0.000000
   58  1   -2.328942    1.000000    0.000000   -1.000000    0.000000
   59  1   -2.322533    1.000000    0.000000    1.000000    0.000000
   60  1   -2.317702    1.000000    0.000000   -1.000000    0.000000
   61  1   -2.240151    1.000000    0.000000   -1.000000    0.000000
   62  1   -2.229450    1.000000    0.000000   -1.000000    0.000000
   63  1   -2.192519    1.000000    0.000000    1.000000    0.000000
   64  1   -2.029654    1.000000    0.000000    1.000000    0.000000
   65  1   -1.969726    1.000000    0.000000   -1.000000    0.000000
   66  1   -1.874895    1.000000    0.000000   -1.000000    0.000000
   67  1   -0.458463    1.000000    0.000000    1.000000    0.000000
   68  1   -0.162882    1.000000    0.000000    1.000000    0.000000
   69  1   -0.016098    1.000000    0.000000   -1.000000    0.000000
   70  1   -0.006500    1.000000    0.000000   -1.000000    0.000000
   71  1    0.119416    1.000000    0.000000    1.000000    0.000000
   72  1    0.374628    1.000000    0.000000    1.000000    0.000000
   73  1    0.402306    1.000000    0.000000   -1.000000    0.000000
   74  1    0.483502    1.000000    0.000000   -1.000000    0.000000
   75  1    0.512800    1.000000    0.000000   -1.000000    0.000000
   76  1    0.576680    1.000000    0.000000   -1.000000    0.000000
   77  1    0.669654    1.000000    0.000000   -1.000000    0.000000
   78  1    0.676511    1.000000    0.000000   -1.000000    0.000000
   79  1    0.715817    1.000000    0.000000    1.000000    0.000000
   80  1    0.836478    1.000000    0.000000    1.000000    0.000000
   81  1    0.907409    1.000000    0.000000    1.000000    0.000000
   82  1    0.945479    1.000000    0.000000    1.000000    0.000000
   83  1    0.988280    1.000000    0.000000    1.000000    0.000000
   84  2    1.111796    2.000000    0.000000    0.000000    0.000000
   86  1    1.146052    1.000000    0.000000   -1.000000    0.000000
   87  1    1.354506    1.000000    0.000000   -1.000000    0.000000
   88  1    1.483001    1.000000    0.000000   -1.000000    0.000000
   89  1    1.717534    1.000000    0.000000    1.000000    0.000000
   90  1    1.744104    1.000000    0.000000    1.000000    0.000000
   91  1    1.783038    1.000000    0.000000    1.000000    0.000000
   92  1    1.874044    1.000000    0.000000   -1.000000    0.000000
   93  1    1.904668    1.000000    0.000000   -1.000000    0.000000
   94  1    1.910554    1.000000    0.000000    1.000000    0.000000
   95  1    2.010049    1.000000    0.000000    1.000000    0.000000
   96  1    2.031803    1.000000    0.000000    1.000000    0.000000
   97  1    2.050128    1.000000    0.000000   -1.000000    0.000000
   98  1    2.130164    1.000000    0.000000    1.000000    0.000000
   99  1    2.142569    1.000000    0.000000   -1.000000    0.000000
  100  1    2.890059    1.000000    0.000000   -1.000000    0.000000
  101  1    2.915358    1.000000    0.000000   -1.000000    0.000000
  102  1    2.991115    1.000000    0.000000   -1.000000    0.000000
  103  1    3.037376    1.000000    0.000000    1.000000    0.000000
  104  1    3.096373    1.000000    0.000000   -1.000000    0.000000
  105  1    3.123344    1.000000    0.000000    1.000000    0.000000
  106  1    3.127323    1.000000    0.000000    1.000000    0.000000
  107  1    3.145612    1.000000    0.000000   -1.000000    0.000000
  108  1    3.173893    1.000000    0.000000   -1.000000    0.000000
  109  1    3.439502    1.000000    0.000000    1.000000    0.000000
  110  1    3.496811    1.000000    0.000000    1.000000    0.000000
  111  1    3.891628    1.000000    0.000000    1.000000    0.000000
  112  1    4.601032    1.000000    0.000000   -1.000000    0.000000
  113  1    4.609114    1.000000    0.000000    1.000000    0.000000
  114  1    4.630707    1.000000    0.000000   -1.000000    0.000000
  115  1    4.776486    1.000000    0.000000    1.000000    0.000000
  116  1    5.253610    1.000000    0.000000    1.000000    0.000000
  117  1    5.279596    1.000000    0.000000   -1.000000    0.000000
  118  1    5.282083    1.000000    0.000000    1.000000    0.000000
  119  1    5.336022    1.000000    0.000000   -1.000000    0.000000
  120  1    5.607506    1.000000    0.000000    1.000000    0.000000
  121  1    5.682078    1.000000    0.000000    1.000000    0.000000
  122  1    5.722577    1.000000    0.000000   -1.000000    0.000000
  123  1    5.731891    1.000000    0.000000   -1.000000    0.000000
  124  1    5.802657    1.000000    0.000000    1.000000    0.000000
  125  1    6.024411    1.000000    0.000000   -1.000000    0.000000
  126  1    6.028240    1.000000    0.000000    1.000000    0.000000
  127  1    6.035777    1.000000    0.000000    1.000000    0.000000
  128  1    6.057915    1.000000    0.000000   -1.000000    0.000000
  129  1    6.148808    1.000000    0.000000   -1.000000    0.000000
  130  1    6.165058    1.000000    0.000000    1.000000    0.000000
  131  1    6.167899    1.000000    0.000000   -1.000000    0.000000
  132  1    6.245154    1.000000    0.000000   -1.000000    0.000000
  133  1    6.258222    1.000000    0.000000    1.000000    0.000000
  134  1    6.273134    1.000000    0.000000   -1.000000    0.000000
  135  1    9.275505    1.000000    0.000000    0.999900    0.000000
  136  1    9.927317    1.000000    0.000000    0.529828    0.000000
  2
    1    2
    1  1  -53.834903    1.000000    0.000000    1.000000    0.000000
    2  1  -53.387462    1.000000    0.000000   -1.000000    0.000000
    3  2  -53.385041    2.000000    0.000000    0.000000    0.000000
    5  1  -53.324030    1.000000    0.000000   -1.000000    0.000000
    6  1  -52.889401    1.000000    0.000000   -1.000000    0.000000
    7  1  -52.888315    1.000000    0.000000   -1.000000    0.000000
    8  1  -52.853706    1.000000    0.000000   -1.000000    0.000000
    9  1  -52.712235    1.000000    0.000000    1.000000    0.000000
   10  1  -52.262420    1.000000    0.000000   -1.000000    0.000000
   11  1  -52.259995    1.000000    0.000000   -1.000000    0.000000
   12  1  -52.199364    1.000000    0.000000   -1.000000    0.000000
   13  1  -49.137859    1.000000    0.000000    1.000000    0.000000
   14  1  -48.842567    1.000000    0.000000   -1.000000    0.000000
   15  2  -48.836020    2.000000    0.000000   -2.000000    0.000000
   17  1  -48.681392    1.000000    0.000000    1.000000    0.000000
   18  1  -48.339184    1.000000    0.000000   -1.000000    0.000000
   19  1  -48.333733    1.000000    0.000000   -1.000000    0.000000
   20  1  -48.315132    1.000000    0.000000   -1.000000    0.000000
   21  1  -48.253104    1.000000    0.000000    1.000000    0.000000
   22  1  -47.963218    1.000000    0.000000   -1.000000    0.000000
   23  1  -47.956479    1.000000    0.000000   -1.000000    0.000000
   24  1  -47.955446    1.000000    0.000000   -1.000000    0.000000
   25  1  -38.019521    1.000000    0.000000   -1.000000    0.000000
   26  1  -38.014387    1.000000    0.000000   -1.000000    0.000000
   27  1  -37.739887    1.000000    0.000000   -1.000000    0.000000
   28  1  -37.730253    1.000000    0.000000   -1.000000    0.000000
   29  1  -37.725746    1.000000    0.000000   -1.000000    0.000000
   30  1  -37.719442    1.000000    0.000000   -1.000000    0.000000
   31  1   -9.015526    1.000000    0.000000    1.000000    0.000000
   32  1   -8.989537    1.000000    0.000000    1.000000    0.000000
   33  1   -8.456160    1.000000    0.000000   -1.000000    0.000000
   34  1   -8.344813    1.000000    0.000000   -1.000000    0.000000
   35  1   -7.850784    1.000000    0.000000    1.000000    0.000000
   36  1   -7.825370    1.000000    0.000000   -1.000000    0.000000
   37  1   -7.768763    1.000000    0.000000    1.000000    0.000000
   38  1   -7.753867    1.000000    0.000000   -1.000000    0.000000
   39  1   -7.703818    1.000000    0.000000    1.000000    0.000000
   40  1   -7.683233    1.000000    0.000000   -1.000000    0.000000
   41  1   -7.680967    1.000000    0.000000    1.000000    0.000000
   42  1   -7.610548    1.000000    0.000000   -1.000000    0.000000
   43  1   -7.594553    1.000000    0.000000   -1.000000    0.000000
   44  1   -7.591360    1.000000    0.000000    1.000000    0.000000
   45  1   -7.583431    1.000000    0.000000   -1.000000    0.000000
   46  1   -7.502229    1.000000    0.000000    1.000000    0.000000
   47  1   -2.809624    1.000000    0.000000   -1.000000    0.000000
   48  1   -2.785237    1.000000    0.000000   -1.000000    0.000000
   49  1   -2.733524    1.000000    0.000000   -1.000000    0.000000
   50  1   -2.686121    1.000000    0.000000    1.000000    0.000000
   51  1   -2.671628    1.000000    0.000000   -1.000000    0.000000
   52  1   -2.628738    1.000000    0.000000   -1.000000    0.000000
   53  1   -2.549873    1.000000    0.000000    1.000000    0.000000
   54  2   -2.458991    2.000000    0.000000    2.000000    0.000000
   56  1   -2.386705    1.000000    0.000000    1.000000    0.000000
   57  1   -2.376211    1.000000    0.000000    1.000000    0.000000
   58  1   -2.339967    1.000000    0.000000    1.000000    0.000000
   59  1   -2.313562    1.000000    0.000000    1.000000    0.000000
   60  1   -2.288442    1.000000    0.000000    1.000000    0.000000
   61  1   -2.199770    1.000000    0.000000    1.000000    0.000000
   62  1   -2.176825    1.000000    0.000000    1.000000    0.000000
   63  1   -2.056002    1.000000    0.000000    1.000000    0.000000
   64  1   -1.979578    1.000000    0.000000    1.000000    0.000000
   65  1   -1.892027    1.000000    0.000000    1.000000    0.000000
   66  1   -1.769109    1.000000    0.000000    1.000000    0.000000
   67  1   -0.634856    1.000000    0.000000    1.000000    0.000000
   68  1   -0.516289    1.000000    0.000000    1.000000    0.000000
   69  1   -0.417357    1.000000    0.000000   -1.000000    0.000000
   70  1   -0.412706    1.000000    0.000000    1.000000    0.000000
   71  1   -0.244098    1.000000    0.000000   -1.000000    0.000000
   72  1   -0.180994    1.000000    0.000000    1.000000    0.000000
   73  1   -0.070961    1.000000    0.000000    1.000000    0.000000
   74  1    0.020202    1.000000    0.000000    1.000000    0.000000
   75  1    0.071774    1.000000    0.000000   -1.000000    0.000000
   76  1    0.116702    1.000000    0.000000   -1.000000    0.000000
   77  1    0.550800    1.000000    0.000000   -1.000000    0.000000
   78  1    0.583798    1.000000    0.000000   -1.000000    0.000000
   79  1    0.971199    1.000000    0.000000    1.000000    0.000000
   80  1    1.082421    1.000000    0.000000   -1.000000    0.000000
   81  1    1.166718    1.000000    0.000000    1.000000    0.000000
   82  1    1.188805    1.000000    0.000000    1.000000    0.000000
   83  1    1.294604    1.000000    0.000000    1.000000    0.000000
   84  1    1.296898    1.000000    0.000000   -1.000000    0.000000
   85  1    1.340320    1.000000    0.000000   -1.000000    0.000000
   86  1    1.372668    1.000000    0.000000   -1.000000    0.000000
   87  1    1.483955    1.000000    0.000000    1.000000    0.000000
   88  1    1.693339    1.000000    0.000000    1.000000    0.000000
   89  1    1.708235    1.000000    0.000000    1.000000    0.000000
   90  1    1.874379    1.000000    0.000000    1.000000    0.000000
   91  1    2.038907    1.000000    0.000000    1.000000    0.000000
   92  1    2.107339    1.000000    0.000000    1.000000    0.000000
   93  1    2.188743    1.000000    0.000000   -1.000000    0.000000
   94  1    2.211634    1.000000    0.000000   -1.000000    0.000000
   95  1    2.241519    1.000000    0.000000   -1.000000    0.000000
   96  1    2.292431    1.000000    0.000000   -1.000000    0.000000
   97  1    2.483790    1.000000    0.000000   -1.000000    0.000000
   98  1    2.593107    1.000000    0.000000   -1.000000    0.000000
   99  1    2.604510    1.000000    0.000000    1.000000    0.000000
  100  1    2.635882    1.000000    0.000000    1.000000    0.000000
  101  1    2.680808    1.000000    0.000000   -1.000000    0.000000
  102  1    2.718443    1.000000    0.000000   -1.000000    0.000000
  103  1    2.761834    1.000000    0.000000   -1.000000    0.000000
  104  1    2.784534    1.000000    0.000000   -1.000000    0.000000
  105  1    3.555982    1.000000    0.000000    1.000000    0.000000
  106  1    3.621411    1.000000    0.000000    1.000000    0.000000
  107  1    3.660137    1.000000    0.000000   -1.000000    0.000000
  108  1    3.738662    1.000000    0.000000   -1.000000    0.000000
  109  1    4.009804    1.000000    0.000000    1.000000    0.000000
  110  1    4.014972    1.000000    0.000000   -1.000000    0.000000
  111  1    4.077135    1.000000    0.000000   -1.000000    0.000000
  112  1    4.155913    1.000000    0.000000    1.000000    0.000000
  113  1    4.210756    1.000000    0.000000    1.000000    0.000000
  114  1    4.338893    1.000000    0.000000    1.000000    0.000000
  115  1    5.227258    1.000000    0.000000    1.000000    0.000000
  116  1    5.233717    1.000000    0.000000   -1.000000    0.000000
  117  1    5.388041    1.000000    0.000000   -1.000000    0.000000
  118  1    5.523793    1.000000    0.000000   -1.000000    0.000000
  119  1    5.592794    1.000000    0.000000    1.000000    0.000000
  120  1    5.642951    1.000000    0.000000   -1.000000    0.000000
  121  1    5.731129    1.000000    0.000000    1.000000    0.000000
  122  1    5.747168    1.000000    0.000000    1.000000    0.000000
  123  1    5.761443    1.000000    0.000000    1.000000    0.000000
  124  1    5.776296    1.000000    0.000000   -1.000000    0.000000
  125  1    5.824991    1.000000    0.000000    1.000000    0.000000
  126  1    5.873367    1.000000    0.000000    1.000000    0.000000
  127  1    5.944058    1.000000    0.000000    1.000000    0.000000
  128  1    5.977033    1.000000    0.000000    1.000000    0.000000
  129  1    6.009911    1.000000    0.000000    1.000000    0.000000
  130  1    6.050090    1.000000    0.000000    1.000000    0.000000
  131  1    6.159035    1.000000    0.000000    1.000000    0.000000
  132  1    6.234056    1.000000    0.000000    1.000000    0.000000
  133  1    6.415636    1.000000    0.000000    1.000000    0.000000
  134  1    6.496880    1.000000    0.000000    1.000000    0.000000
  135  1    8.524807    1.000000    0.000000    0.999921    0.000000
  136  1    8.613443    1.000000    0.000000    0.999990    0.000000
  2
    1    2
    1  1  -53.834905    1.000000    0.000000    1.000000    0.000000
    2  1  -53.387281    1.000000    0.000000    1.000000    0.000000
    3  2  -53.385232    2.000000    0.000000    0.000000    0.000000
    5  1  -53.324032    1.000000    0.000000    1.000000    0.000000
    6  1  -52.889381    1.000000    0.000000    1.000000    0.000000
    7  1  -52.888328    1.000000    0.000000   -1.000000    0.000000
    8  1  -52.853697    1.000000    0.000000    1.000000    0.000000
    9  1  -52.712237    1.000000    0.000000    1.000000    0.000000
   10  1  -52.262119    1.000000    0.000000    1.000000    0.000000
   11  1  -52.260300    1.000000    0.000000   -1.000000    0.000000
   12  1  -52.199365    1.000000    0.000000    1.000000    0.000000
   13  1  -49.137861    1.000000    0.000000    1.000000    0.000000
   14  1  -48.842447    1.000000    0.000000    1.000000    0.000000
   15  2  -48.836141    2.000000    0.000000    0.000000    0.000000
   17  1  -48.681400    1.000000    0.000000    1.000000    0.000000
   18  1  -48.339171    1.000000    0.000000    1.000000    0.000000
   19  1  -48.333738    1.000000    0.000000   -1.000000    0.000000
   20  1  -48.315116    1.000000    0.000000    1.000000    0.000000
   21  1  -48.253105    1.000000    0.000000    1.000000    0.000000
   22  1  -47.963027    1.000000    0.000000    1.000000    0.000000
   23  1  -47.956677    1.000000    0.000000   -1.000000    0.000000
   24  1  -47.955448    1.000000    0.000000    1.000000    0.000000
   25  1  -38.019521    1.000000    0.000000   -1.000000    0.000000
   26  1  -38.014386    1.000000    0.000000   -1.000000    0.000000
   27  1  -37.739884    1.000000    0.000000   -1.000000    0.000000
   28  1  -37.730252    1.000000    0.000000   -1.000000    0.000000
   29  1  -37.725749    1.000000    0.000000   -1.000000    0.000000
   30  1  -37.719445    1.000000    0.000000   -1.000000    0.000000
   31  1   -8.952765    1.000000    0.000000   -1.000000    0.000000
   32  1   -8.881160    1.000000    0.000000   -1.000000    0.000000
   33  1   -8.534438    1.000000    0.000000    1.000000    0.000000
   34  1   -8.512192    1.000000    0.000000    1.000000    0.000000
   35  1   -7.918648    1.000000    0.000000   -1.000000    0.000000
   36  1   -7.894421    1.000000    0.000000    1.000000    0.000000
   37  1   -7.778135    1.000000    0.000000    1.000000    0.000000
   38  1   -7.763871    1.000000    0.000000   -1.000000    0.000000
   39  1   -7.748551    1.000000    0.000000   -1.000000    0.000000
   40  1   -7.621292    1.000000    0.000000   -1.000000    0.000000
   41  1   -7.619600    1.000000    0.000000    1.000000    0.000000
   42  1   -7.595620    1.000000    0.000000    1.000000    0.000000
   43  1   -7.572527    1.000000    0.000000    1.000000    0.000000
   44  1   -7.570985    1.000000    0.000000   -1.000000    0.000000
   45  1   -7.547172    1.000000    0.000000   -1.000000    0.000000
   46  1   -7.450290    1.000000    0.000000    1.000000    0.000000
   47  1   -2.854569    1.000000    0.000000   -1.000000    0.000000
   48  1   -2.816364    1.000000    0.000000   -1.000000    0.000000
   49  1   -2.784266    1.000000    0.000000   -1.000000    0.000000
   50  1   -2.735857    1.000000    0.000000   -1.000000    0.000000
   51  1   -2.679090    1.000000    0.000000   -1.000000    0.000000
   52  1   -2.500794    1.000000    0.000000   -1.000000    0.000000
   53  1   -2.476419    1.000000    0.000000    1.000000    0.000000
   54  1   -2.390587    1.000000    0.000000   -1.000000    0.000000
   55  1   -2.385932    1.000000    0.000000    1.000000    0.000000
   56  1   -2.368921    1.000000    0.000000   -1.000000    0.000000
   57  1   -2.340869    1.000000    0.000000   -1.000000    0.000000
   58  1   -2.325832    1.000000    0.000000    1.000000    0.000000
   59  1   -2.285379    1.000000    0.000000   -1.000000    0.000000
   60  1   -2.254666    1.000000    0.000000   -1.000000    0.000000
   61  1   -2.155433    1.000000    0.000000   -1.000000    0.000000
   62  1   -2.127343    1.000000    0.000000    1.000000    0.000000
   63  1   -2.080504    1.000000    0.000000    1.000000    0.000000
   64  1   -2.072480    1.000000    0.000000   -1.000000    0.000000
   65  1   -2.027818    1.000000    0.000000   -1.000000    0.000000
   66  1   -1.891557    1.000000    0.000000   -1.000000    0.000000
   67  1   -0.680484    1.000000    0.000000   -1.000000    0.000000
   68  1   -0.583407    1.000000    0.000000   -1.000000    0.000000
   69  1   -0.549738    1.000000    0.000000    1.000000    0.000000
   70  1   -0.300406    1.000000    0.000000   -1.000000    0.000000
   71  1   -0.135014    1.000000    0.000000   -1.000000    0.000000
   72  1   -0.096946    1.000000    0.000000    1.000000    0.000000
   73  1    0.146407    1.000000    0.000000    1.000000    0.000000
   74  1    0.210936    1.000000    0.000000    1.000000    0.000000
   75  1    0.228486    1.000000    0.000000    1.000000    0.000000
   76  1    0.261978    1.000000    0.000000   -1.000000    0.000000
   77  1    0.552493    1.000000    0.000000    1.000000    0.000000
   78  1    0.615485    1.000000    0.000000   -1.000000    0.000000
   79  1    0.797044    1.000000    0.000000    1.000000    0.000000
   80  1    0.849617    1.000000    0.000000   -1.000000    0.000000
   81  1    1.054166    1.000000    0.000000   -1.000000    0.000000
   82  1    1.123521    1.000000    0.000000    1.000000    0.000000
   83  1    1.182496    1.000000    0.000000   -1.000000    0.000000
   84  2    1.289352    2.000000    0.000000    0.000000    0.000000
   86  1    1.400310    1.000000    0.000000   -1.000000    0.000000
   87  1    1.417571    1.000000    0.000000    1.000000    0.000000
   88  1    1.516186    1.000000    0.000000   -1.000000    0.000000
   89  1    1.735960    1.000000    0.000000   -1.000000    0.000000
   90  1    1.796577    1.000000    0.000000   -1.000000    0.000000
   91  1    1.842193    1.000000    0.000000    1.000000    0.000000
   92  1    1.934983    1.000000    0.000000    1.000000    0.000000
   93  1    2.118740    1.000000    0.000000   -1.000000    0.000000
   94  1    2.141449    1.000000    0.000000    1.000000    0.000000
   95  1    2.156551    1.000000    0.000000    1.000000    0.000000
   96  1    2.196269    1.000000    0.000000    1.000000    0.000000
   97  1    2.306860    1.000000    0.000000    1.000000    0.000000
   98  1    2.493345    1.000000    0.000000   -1.000000    0.000000
   99  1    2.692962    1.000000    0.000000    1.000000    0.000000
  100  1    2.737509    1.000000    0.000000    1.000000    0.000000
  101  1    2.873464    1.000000    0.000000   -1.000000    0.000000
  102  1    3.110997    1.000000    0.000000   -1.000000    0.000000
  103  1    3.128883    1.000000    0.000000   -1.000000    0.000000
  104  1    3.204681    1.000000    0.000000    1.000000    0.000000
  105  1    3.242651    1.000000    0.000000    1.000000    0.000000
  106  1    3.431956    1.000000    0.000000    1.000000    0.000000
  107  1    3.446978    1.000000    0.000000   -1.000000    0.000000
  108  1    3.675650    1.000000    0.000000    1.000000    0.000000
  109  1    3.732671    1.000000    0.000000   -1.000000    0.000000
  110  1    4.025199    1.000000    0.000000   -1.000000    0.000000
  111  1    4.086045    1.000000    0.000000   -1.000000    0.000000
  112  1    4.331576    1.000000    0.000000    1.000000    0.000000
  113  1    4.337992    1.000000    0.000000   -1.000000    0.000000
  114  1    4.422819    1.000000    0.000000    1.000000    0.000000
  115  1    5.036582    1.000000    0.000000   -1.000000    0.000000
  116  1    5.330366    1.000000    0.000000   -1.000000    0.000000
  117  1    5.442479    1.000000    0.000000   -1.000000    0.000000
  118  1    5.504491    1.000000    0.000000   -1.000000    0.000000
  119  1    5.598285    1.000000    0.000000   -1.000000    0.000000
  120  1    5.732902    1.000000    0.000000   -1.000000    0.000000
  121  1    5.735516    1.000000    0.000000    1.000000    0.000000
  122  1    5.796523    1.000000    0.000000    1.000000    0.000000
  123  1    5.830539    1.000000    0.000000   -1.000000    0.000000
  124  1    5.846321    1.000000    0.000000   -1.000000    0.000000
  125  1    5.923379    1.000000    0.000000    1.000000    0.000000
  126  1    5.960003    1.000000    0.000000   -1.000000    0.000000
  127  1    5.993363    1.000000    0.000000   -1.000000    0.000000
  128  1    6.001359    1.000000    0.000000    1.000000    0.000000
  129  1    6.058701    1.000000    0.000000   -1.000000    0.000000
  130  1    6.103810    1.000000    0.000000    1.000000    0.000000
  131  1    6.139073    1.000000    0.000000   -1.000000    0.000000
  132  1    6.143920    1.000000    0.000000   -1.000000    0.000000
  133  1    6.288926    1.000000    0.000000   -1.000000    0.000000
  134  1    6.356028    1.000000    0.000000   -1.000000    0.000000
  135  1    8.652588    1.000000    0.000000   -0.997104    0.000000
  136  1    8.839163    1.000000    0.000000    0.999553    0.000000
  2
    1    2
    1  1  -53.834905    1.000000    0.000000    1.000000    0.000000
    2  1  -53.387274    1.000000    0.000000   -1.000000    0.000000
    3  2  -53.385268    2.000000    0.000000    2.000000    0.000000
    5  1  -53.324032    1.000000    0.000000    1.000000    0.000000
    6  1  -52.889380    1.000000    0.000000   -1.000000    0.000000
    7  1  -52.888328    1.000000    0.000000    1.000000    0.000000
    8  1  -52.853697    1.000000    0.000000    1.000000    0.000000
    9  1  -52.712237    1.000000    0.000000    1.000000    0.000000
   10  1  -52.262119    1.000000    0.000000   -1.000000    0.000000
   11  1  -52.260301    1.000000    0.000000    1.000000    0.000000
   12  1  -52.199365    1.000000    0.000000    1.000000    0.000000
   13  1  -49.137861    1.000000    0.000000    1.000000    0.000000
   14  1  -48.842448    1.000000    0.000000   -1.000000    0.000000
   15  2  -48.836140    2.000000    0.000000    2.000000    0.000000
   17  1  -48.681400    1.000000    0.000000    1.000000    0.000000
   18  1  -48.339171    1.000000    0.000000   -1.000000    0.000000
   19  1  -48.333738    1.000000    0.000000    1.000000    0.000000
   20  1  -48.315116    1.000000    0.000000    1.000000    0.000000
   21  1  -48.253105    1.000000    0.000000    1.000000    0.000000
   22  1  -47.963028    1.000000    0.000000   -1.000000    0.000000
   23  1  -47.956675    1.000000    0.000000    1.000000    0.000000
   24  1  -47.955448    1.000000    0.000000    1.000000    0.000000
   25  1  -38.019521    1.000000    0.000000   -1.000000    0.000000
   26  1  -38.014386    1.000000    0.000000   -1.000000    0.000000
   27  1  -37.739883    1.000000    0.000000   -1.000000    0.000000
   28  1  -37.730251    1.000000    0.000000   -1.000000    0.000000
   29  1  -37.725749    1.000000    0.000000   -1.000000    0.000000
   30  1  -37.719445    1.000000    0.000000   -1.000000    0.000000
   31  1   -8.951568    1.000000    0.000000   -1.000000    0.000000
   32  1   -8.880367    1.000000    0.000000   -1.000000    0.000000
   33  1   -8.537179    1.000000    0.000000    1.000000    0.000000
   34  1   -8.513818    1.000000    0.000000    1.000000    0.000000
   35  1   -7.923206    1.000000    0.000000   -1.000000    0.000000
   36  1   -7.887690    1.000000    0.000000    1.000000    0.000000
   37  1   -7.773795    1.000000    0.000000    1.000000    0.000000
   38  1   -7.764704    1.000000    0.000000   -1.000000    0.000000
   39  1   -7.746159    1.000000    0.000000   -1.000000    0.000000
   40  1   -7.624264    1.000000    0.000000   -1.000000    0.000000
   41  1   -7.621079    1.000000    0.000000    1.000000    0.000000
   42  1   -7.599441    1.000000    0.000000    1.000000    0.000000
   43  1   -7.573532    1.000000    0.000000    1.000000    0.000000
   44  1   -7.569745    1.000000    0.000000   -1.000000    0.000000
   45  1   -7.544367    1.000000    0.000000   -1.000000    0.000000
   46  1   -7.450679    1.000000    0.000000    1.000000    0.000000
   47  1   -2.855469    1.000000    0.000000   -1.000000    0.000000
   48  1   -2.817133    1.000000    0.000000   -1.000000    0.000000
   49  1   -2.782434    1.000000    0.000000   -1.000000    0.000000
   50  1   -2.736405    1.000000    0.000000   -1.000000    0.000000
   51  1   -2.678586    1.000000    0.000000   -1.000000    0.000000
   52  1   -2.497911    1.000000    0.000000   -1.000000    0.000000
   53  1   -2.479324    1.000000    0.000000    1.000000    0.000000
   54  1   -2.388795    1.000000    0.000000   -1.000000    0.000000
   55  1   -2.387646    1.000000    0.000000    1.000000    0.000000
   56  1   -2.368979    1.000000    0.000000   -1.000000    0.000000
   57  1   -2.339232    1.000000    0.000000   -1.000000    0.000000
   58  1   -2.327524    1.000000    0.000000    1.000000    0.000000
   59  1   -2.285459    1.000000    0.000000   -1.000000    0.000000
   60  1   -2.254732    1.000000    0.000000   -1.000000    0.000000
   61  1   -2.158157    1.000000    0.000000   -1.000000    0.000000
   62  1   -2.124290    1.000000    0.000000    1.000000    0.000000
   63  1   -2.079463    1.000000    0.000000    1.000000    0.000000
   64  1   -2.073209    1.000000    0.000000   -1.000000    0.000000
   65  1   -2.029319    1.000000    0.000000   -1.000000    0.000000
   66  1   -1.890276    1.000000    0.000000   -1.000000    0.000000
   67  1   -0.680513    1.000000    0.000000   -1.000000    0.000000
   68  1   -0.582083    1.000000    0.000000   -1.000000    0.000000
   69  1   -0.551125    1.000000    0.000000    1.000000    0.000000
   70  1   -0.300307    1.000000    0.000000   -1.000000    0.000000
   71  1   -0.134284    1.000000    0.000000   -1.000000    0.000000
   72  1   -0.097649    1.000000    0.000000    1.000000    0.000000
   73  1    0.145926    1.000000    0.000000    1.000000    0.000000
   74  1    0.209572    1.000000    0.000000    1.000000    0.000000
   75  1    0.227590    1.000000    0.000000    1.000000    0.000000
   76  1    0.260490    1.000000    0.000000   -1.000000    0.000000
   77  1    0.553878    1.000000    0.000000    1.000000    0.000000
   78  1    0.614996    1.000000    0.000000   -1.000000    0.000000
   79  1    0.795006    1.000000    0.000000    1.000000    0.000000
   80  1    0.847800    1.000000    0.000000   -1.000000    0.000000
   81  1    1.055308    1.000000    0.000000   -1.000000    0.000000
   82  1    1.123511    1.000000    0.000000    1.000000    0.000000
   83  1    1.185031    1.000000    0.000000   -1.000000    0.000000
   84  2    1.288716    2.000000    0.000000    0.000000    0.000000
   86  1    1.404089    1.000000    0.000000   -1.000000    0.000000
   87  1    1.414211    1.000000    0.000000    1.000000    0.000000
   88  1    1.516453    1.000000    0.000000   -1.000000    0.000000
   89  1    1.741728    1.000000    0.000000   -1.000000    0.000000
   90  1    1.797141    1.000000    0.000000   -1.000000    0.000000
   91  1    1.844493    1.000000    0.000000    1.000000    0.000000
   92  1    1.939335    1.000000    0.000000    1.000000    0.000000
   93  1    2.114909    1.000000    0.000000   -1.000000    0.000000
   94  1    2.139997    1.000000    0.000000    1.000000    0.000000
   95  1    2.154762    1.000000    0.000000    1.000000    0.000000
   96  1    2.196762    1.000000    0.000000    1.000000    0.000000
   97  1    2.308179    1.000000    0.000000    1.000000    0.000000
   98  1    2.492912    1.000000    0.000000   -1.000000    0.000000
   99  1    2.692285    1.000000    0.000000    1.000000    0.000000
  100  1    2.736105    1.000000    0.000000    1.000000    0.000000
  101  1    2.871818    1.000000    0.000000   -1.000000    0.000000
  102  1    3.109267    1.000000    0.000000   -1.000000    0.000000
  103  1    3.128648    1.000000    0.000000   -1.000000    0.000000
  104  1    3.206665    1.000000    0.000000    1.000000    0.000000
  105  1    3.244043    1.000000    0.000000    1.000000    0.000000
  106  1    3.432958    1.000000    0.000000    1.000000    0.000000
  107  1    3.444749    1.000000    0.000000   -1.000000    0.000000
  108  1    3.676610    1.000000    0.000000    1.000000    0.000000
  109  1    3.732453    1.000000    0.000000   -1.000000    0.000000
  110  1    4.025568    1.000000    0.000000   -1.000000    0.000000
  111  1    4.087253    1.000000    0.000000   -1.000000    0.000000
  112  1    4.330871    1.000000    0.000000    1.000000    0.000000
  113  1    4.338979    1.000000    0.000000   -1.000000    0.000000
  114  1    4.421492    1.000000    0.000000    1.000000    0.000000
  115  1    5.036636    1.000000    0.000000   -1.000000    0.000000
  116  1    5.330661    1.000000    0.000000   -1.000000    0.000000
  117  1    5.442663    1.000000    0.000000   -1.000000    0.000000
  118  1    5.504668    1.000000    0.000000   -1.000000    0.000000
  119  1    5.598013    1.000000    0.000000   -1.000000    0.000000
  120  1    5.729455    1.000000    0.000000    1.000000    0.000000
  121  1    5.738906    1.000000    0.000000   -1.000000    0.000000
  122  1    5.789331    1.000000    0.000000    1.000000    0.000000
  123  1    5.831670    1.000000    0.000000   -1.000000    0.000000
  124  1    5.850808    1.000000    0.000000   -1.000000    0.000000
  125  1    5.915823    1.000000    0.000000    1.000000    0.000000
  126  1    5.960425    1.000000    0.000000   -1.000000    0.000000
  127  1    5.995612    1.000000    0.000000    1.000000    0.000000
  128  1    5.998530    1.000000    0.000000   -1.000000    0.000000
  129  1    6.063103    1.000000    0.000000   -1.000000    0.000000
  130  1    6.098963    1.000000    0.000000    1.000000    0.000000
  131  1    6.139991    1.000000    0.000000   -1.000000    0.000000
  132  1    6.150377    1.000000    0.000000   -1.000000    0.000000
  133  1    6.289245    1.000000    0.000000   -1.000000    0.000000
  134  1    6.356290    1.000000    0.000000   -1.000000    0.000000
  135  1    8.656842    1.000000    0.000000   -0.974123    0.000000
  136  1    8.848579    1.000000    0.000000    0.995293    0.000000
  2
    1    2
    1  1  -53.834907    1.000000    0.000000   -1.000000    0.000000
    2  1  -53.387468    1.000000    0.000000    1.000000    0.000000
    3  2  -53.385042    2.000000    0.000000    0.000000    0.000000
    5  1  -53.324034    1.000000    0.000000   -1.000000    0.000000
    6  1  -52.889399    1.000000    0.000000    1.000000    0.000000
    7  1  -52.888314    1.000000    0.000000    1.000000    0.000000
    8  1  -52.853700    1.000000    0.000000   -1.000000    0.000000
    9  1  -52.712237    1.000000    0.000000   -1.000000    0.000000
   10  1  -52.262423    1.000000    0.000000    1.000000    0.000000
   11  1  -52.259995    1.000000    0.000000    1.000000    0.000000
   12  1  -52.199366    1.000000    0.000000   -1.000000    0.000000
   13  1  -49.137863    1.000000    0.000000   -1.000000    0.000000
   14  1  -48.842571    1.000000    0.000000    1.000000    0.000000
   15  2  -48.836023    2.000000    0.000000    0.000000    0.000000
   17  1  -48.681403    1.000000    0.000000   -1.000000    0.000000
   18  1  -48.339183    1.000000    0.000000    1.000000    0.000000
   19  1  -48.333732    1.000000    0.000000    1.000000    0.000000
   20  1  -48.315119    1.000000    0.000000   -1.000000    0.000000
   21  1  -48.253106    1.000000    0.000000   -1.000000    0.000000
   22  1  -47.963221    1.000000    0.000000    1.000000    0.000000
   23  1  -47.956481    1.000000    0.000000    1.000000    0.000000
   24  1  -47.955449    1.000000    0.000000   -1.000000    0.000000
   25  1  -38.019523    1.000000    0.000000   -1.000000    0.000000
   26  1  -38.014388    1.000000    0.000000   -1.000000    0.000000
   27  1  -37.739888    1.000000    0.000000   -1.000000    0.000000
   28  1  -37.730252    1.000000    0.000000   -1.000000    0.000000
   29  1  -37.725752    1.000000    0.000000   -1.000000    0.000000
   30  1  -37.719445    1.000000    0.000000   -1.000000    0.000000
   31  1   -8.730763    1.000000    0.000000    1.000000    0.000000
   32  1   -8.621408    1.000000    0.000000   -1.000000    0.000000
   33  1   -8.575986    1.000000    0.000000   -1.000000    0.000000
   34  1   -8.573267    1.000000    0.000000    1.000000    0.000000
   35  1   -7.997507    1.000000    0.000000   -1.000000    0.000000
   36  1   -7.981533    1.000000    0.000000    1.000000    0.000000
   37  1   -7.917288    1.000000    0.000000   -1.000000    0.000000
   38  1   -7.906701    1.000000    0.000000    1.000000    0.000000
   39  1   -7.787632    1.000000    0.000000   -1.000000    0.000000
   40  1   -7.783320    1.000000    0.000000   -1.000000    0.000000
   41  1   -7.699524    1.000000    0.000000    1.000000    0.000000
   42  1   -7.692586    1.000000    0.000000    1.000000    0.000000
   43  1   -7.691493    1.000000    0.000000    1.000000    0.000000
   44  1   -7.535251    1.000000    0.000000   -1.000000    0.000000
   45  1   -7.366025    1.000000    0.000000    1.000000    0.000000
   46  1   -7.304120    1.000000    0.000000   -1.000000    0.000000
   47  1   -3.029031    1.000000    0.000000    1.000000    0.000000
   48  1   -2.804341    1.000000    0.000000    1.000000    0.000000
   49  1   -2.771904    1.000000    0.000000    1.000000    0.000000
   50  1   -2.709601    1.000000    0.000000    1.000000    0.000000
   51  1   -2.659992    1.000000    0.000000    1.000000    0.000000
   52  1   -2.601756    1.000000    0.000000   -1.000000    0.000000
   53  1   -2.587912    1.000000    0.000000   -1.000000    0.000000
   54  1   -2.412426    1.000000    0.000000   -1.000000    0.000000
   55  1   -2.403579    1.000000    0.000000   -1.000000    0.000000
   56  1   -2.379107    1.000000    0.000000   -1.000000    0.000000
   57  1   -2.336647    1.000000    0.000000    1.000000    0.000000
   58  1   -2.294643    1.000000    0.000000   -1.000000    0.000000
   59  1   -2.249180    1.000000    0.000000    1.000000    0.000000
   60  1   -2.240399    1.000000    0.000000    1.000000    0.000000
   61  1   -2.198148    1.000000    0.000000   -1.000000    0.000000
   62  1   -2.083997    1.000000    0.000000   -1.000000    0.000000
   63  1   -1.985136    1.000000    0.000000    1.000000    0.000000
   64  1   -1.979362    1.000000    0.000000   -1.000000    0.000000
   65  1   -1.927725    1.000000    0.000000    1.000000    0.000000
   66  1   -1.654146    1.000000    0.000000   -1.000000    0.000000
   67  1   -0.430468    1.000000    0.000000    1.000000    0.000000
   68  1   -0.140932    1.000000    0.000000    1.000000    0.000000
   69  1    0.078148    1.000000    0.000000   -1.000000    0.000000
   70  1    0.095846    1.000000    0.000000   -1.000000    0.000000
   71  1    0.116872    1.000000    0.000000    1.000000    0.000000
   72  1    0.135577    1.000000    0.000000   -1.000000    0.000000
   73  1    0.294780    1.000000    0.000000   -1.000000    0.000000
   74  1    0.342843    1.000000    0.000000    1.000000    0.000000
   75  1    0.418172    1.000000    0.000000   -1.000000    0.000000
   76  1    0.594814    1.000000    0.000000    1.000000    0.000000
   77  1    0.674269    1.000000    0.000000    1.000000    0.000000
   78  1    0.690136    1.000000    0.000000    1.000000    0.000000
   79  1    0.732342    1.000000    0.000000   -1.000000    0.000000
   80  1    0.823150    1.000000    0.000000   -1.000000    0.000000
   81  1    0.831620    1.000000    0.000000   -1.000000    0.000000
   82  1    0.855263    1.000000    0.000000   -1.000000    0.000000
   83  1    1.047934    1.000000    0.000000    1.000000    0.000000
   84  1    1.142986    1.000000    0.000000   -1.000000    0.000000
   85  1    1.192019    1.000000    0.000000    1.000000    0.000000
   86  1    1.267336    1.000000    0.000000   -1.000000    0.000000
   87  1    1.312878    1.000000    0.000000    1.000000    0.000000
   88  1    1.495128    1.000000    0.000000    1.000000    0.000000
   89  1    1.609128    1.000000    0.000000   -1.000000    0.000000
   90  1    1.680741    1.000000    0.000000   -1.000000    0.000000
   91  1    1.712318    1.000000    0.000000    1.000000    0.000000
   92  1    1.755867    1.000000    0.000000    1.000000    0.000000
   93  1    1.875157    1.000000    0.000000   -1.000000    0.000000
   94  1    2.042212    1.000000    0.000000    1.000000    0.000000
   95  1    2.057201    1.000000    0.000000    1.000000    0.000000
   96  1    2.077261    1.000000    0.000000    1.000000    0.000000
   97  1    2.098683    1.000000    0.000000    1.000000    0.000000
   98  1    2.160839    1.000000    0.000000   -1.000000    0.000000
   99  1    2.194331    1.000000    0.000000   -1.000000    0.000000
  100  1    2.776608    1.000000    0.000000   -1.000000    0.000000
  101  1    2.955325    1.000000    0.000000   -1.000000    0.000000
  102  1    3.081864    1.000000    0.000000   -1.000000    0.000000
  103  1    3.135340    1.000000    0.000000    1.000000    0.000000
  104  1    3.166826    1.000000    0.000000   -1.000000    0.000000
  105  1    3.177502    1.000000    0.000000   -1.000000    0.000000
  106  1    3.188035    1.000000    0.000000    1.000000    0.000000
  107  1    3.189429    1.000000    0.000000    1.000000    0.000000
  108  1    3.244383    1.000000    0.000000    1.000000    0.000000
  109  1    3.255279    1.000000    0.000000   -1.000000    0.000000
  110  1    3.617950    1.000000    0.000000    1.000000    0.000000
  111  1    3.814597    1.000000    0.000000    1.000000    0.000000
  112  1    4.444428    1.000000    0.000000    1.000000    0.000000
  113  1    4.481369    1.000000    0.000000   -1.000000    0.000000
  114  1    4.532511    1.000000    0.000000   -1.000000    0.000000
  115  1    4.796999    1.000000    0.000000    1.000000    0.000000
  116  1    4.957417    1.000000    0.000000    1.000000    0.000000
  117  1    5.088578    1.000000    0.000000   -1.000000    0.000000
  118  1    5.174760    1.000000    0.000000   -1.000000    0.000000
  119  1    5.497804    1.000000    0.000000    1.000000    0.000000
  120  1    5.537243    1.000000    0.000000    1.000000    0.000000
  121  1    5.555803    1.000000    0.000000    1.000000    0.000000
  122  1    5.725755    1.000000    0.000000   -1.000000    0.000000
  123  1    5.809754    1.000000    0.000000   -1.000000    0.000000
  124  1    5.892616    1.000000    0.000000    1.000000    0.000000
  125  1    5.990885    1.000000    0.000000    1.000000    0.000000
  126  1    6.018307    1.000000    0.000000   -1.000000    0.000000
  127  1    6.087888    1.000000    0.000000   -1.000000    0.000000
  128  1    6.139893    1.000000    0.000000    1.000000    0.000000
  129  1    6.144230    1.000000    0.000000   -1.000000    0.000000
  130  2    6.181705    2.000000    0.000000    0.000000    0.000000
  132  1    6.258753    1.000000    0.000000    1.000000    0.000000
  133  1    6.300861    1.000000    0.000000   -1.000000    0.000000
  134  1    6.338073    1.000000    0.000000   -1.000000    0.000000
  135  1    9.382643    1.000000    0.000000    0.998950    0.000000
  136  1    9.934012    1.000000    0.000000   -0.957899    0.000000
