  102  136
  1
  2
  1  0  0  0  1  0  0  0  1    0.000000    0.000000    0.000000    1.000000    0.000000    0.000000    0.000000    0.000000    0.000000    1.000000    0.000000  1
 -1  0  0  0 -1  0  0  0 -1    0.000000    0.000000    0.000000    1.000000    0.000000    0.000000    0.000000    0.000000    0.000000    1.000000    0.000000  1
  8
    0.000000    0.000000    0.000000
    0.500000    0.500000    0.500000
    0.000000    0.500000    0.500000
    0.500000    0.000000    0.500000
    0.500000    0.500000    0.000000
    0.500000    0.000000    0.000000
    0.000000    0.500000    0.000000
    0.000000    0.000000    0.500000
  2
    1    2
    1  1  -40.801959    1.000000    0.000000    1.000000    0.000000
    2  1  -40.800714    1.000000    0.000000    1.000000    0.000000
    3  1  -40.796821    1.000000    0.000000    1.000000    0.000000
    4  1  -40.795586    1.000000    0.000000    1.000000    0.000000
    5  1  -40.064605    1.000000    0.000000   -1.000000    0.000000
    6  1  -40.060242    1.000000    0.000000   -1.000000    0.000000
    7  1  -39.768641    1.000000    0.000000   -1.000000    0.000000
    8  1  -39.760592    1.000000    0.000000   -1.000000    0.000000
    9  1  -39.736260    1.000000    0.000000   -1.000000    0.000000
   10  1  -39.733428    1.000000    0.000000   -1.000000    0.000000
   11  1  -39.444832    1.000000    0.000000   -1.000000    0.000000
   12  1  -39.431938    1.000000    0.000000   -1.000000    0.000000
   13  1  -39.318111    1.000000    0.000000   -1.000000    0.000000
   14  1  -39.313180    1.000000    0.000000   -1.000000    0.000000
   15  1  -39.022794    1.000000    0.000000   -1.000000    0.000000
   16  1  -39.014220    1.000000    0.000000   -1.000000    0.000000
   17  1  -36.817613    1.000000    0.000000   -1.000000    0.000000
   18  1  -36.810326    1.000000    0.000000   -1.000000    0.000000
   19  1  -36.512769    1.000000    0.000000   -1.000000    0.000000
   20  1  -36.505641    1.000000    0.000000   -1.000000    0.000000
   21  1  -36.495807    1.000000    0.000000   -1.000000    0.000000
   22  1  -36.485842    1.000000    0.000000   -1.000000    0.000000
   23  1  -36.221338    1.000000    0.000000   -1.000000    0.000000
   24  1  -36.213791    1.000000    0.000000   -1.000000    0.000000
   25  1  -36.181501    1.000000    0.000000   -1.000000    0.000000
   26  1  -36.175601    1.000000    0.000000   -1.000000    0.000000
   27  1  -35.914665    1.000000    0.000000   -1.000000    0.000000
   28  1  -35.907977    1.000000    0.000000   -1.000000    0.000000
   29  1   -9.000591    1.000000    0.000000    1.000000    0.000000
   30  1   -8.835830    1.000000    0.000000    1.000000    0.000000
   31  1   -7.608855    1.000000    0.000000   -1.000000    0.000000
   32  1   -7.486934    1.000000    0.000000   -1.000000    0.000000
   33  1   -7.441262    1.000000    0.000000   -1.000000    0.000000
   34  1   -7.417614    1.000000    0.000000   -1.000000    0.000000
   35  1   -7.371063    1.000000    0.000000   -1.000000    0.000000
   36  1   -7.285206    1.000000    0.000000    1.000000    0.000000
   37  1   -7.264548    1.000000    0.000000    1.000000    0.000000
   38  1   -7.253689    1.000000    0.000000   -1.000000    0.000000
   39  1   -7.249105    1.000000    0.000000    1.000000    0.000000
   40  1   -7.124594    1.000000    0.000000   -1.000000    0.000000
   41  1   -7.105356    1.000000    0.000000    1.000000    0.000000
   42  1   -7.082778    1.000000    0.000000   -1.000000    0.000000
   43  1   -7.033977    1.000000    0.000000    1.000000    0.000000
   44  1   -6.975676    1.000000    0.000000    1.000000    0.000000
   45  1   -1.045727    1.000000    0.000000    1.000000    0.000000
   46  1   -0.986684    1.000000    0.000000    1.000000    0.000000
   47  1   -0.704532    1.000000    0.000000    1.000000    0.000000
   48  1   -0.699064    1.000000    0.000000    1.000000    0.000000
   49  1   -0.603666    1.000000    0.000000    1.000000    0.000000
   50  1   -0.581813    1.000000    0.000000    1.000000    0.000000
   51  1   -0.311641    1.000000    0.000000    1.000000    0.000000
   52  1   -0.223906    1.000000    0.000000    1.000000    0.000000
   53  1    0.100997    1.000000    0.000000   -1.000000    0.000000
   54  1    0.118614    1.000000    0.000000   -1.000000    0.000000
   55  1    0.166934    1.000000    0.000000   -1.000000    0.000000
   56  1    0.185658    1.000000    0.000000   -1.000000    0.000000
   57  1    0.289759    1.000000    0.000000   -1.000000    0.000000
   58  1    0.368745    1.000000    0.000000   -1.000000    0.000000
   59  1    1.003113    1.000000    0.000000    1.000000    0.000000
   60  1    1.007780    1.000000    0.000000    1.000000    0.000000
   61  1    1.583148    1.000000    0.000000    1.000000    0.000000
   62  1    1.666069    1.000000    0.000000    1.000000    0.000000
   63  1    1.710322    1.000000    0.000000    1.000000    0.000000
   64  1    1.726830    1.000000    0.000000    1.000000    0.000000
   65  1    1.776044    1.000000    0.000000    1.000000    0.000000
   66  1    1.832859    1.000000    0.000000    1.000000    0.000000
   67  1    2.267530    1.000000    0.000000    1.000000    0.000000
   68  1    2.293634    1.000000    0.000000    1.000000    0.000000
   69  1    2.348766    1.000000    0.000000    1.000000    0.000000
   70  1    2.379503    1.000000    0.000000    1.000000    0.000000
   71  1    2.533709    1.000000    0.000000    1.000000    0.000000
   72  1    2.538150    1.000000    0.000000   -1.000000    0.000000
   73  1    2.641601    1.000000    0.000000    1.000000    0.000000
   74  1    2.662131    1.000000    0.000000    1.000000    0.000000
   75  1    2.664981    1.000000    0.000000   -1.000000    0.000000
   76  1    2.704647    1.000000    0.000000    1.000000    0.000000
   77  1    2.707947    1.000000    0.000000   -1.000000    0.000000
   78  1    2.724915    1.000000    0.000000   -1.000000    0.000000
   79  1    2.755174    1.000000    0.000000   -1.000000    0.000000
   80  1    2.771465    1.000000    0.000000   -1.000000    0.000000
   81  1    2.806614    1.000000    0.000000    1.000000    0.000000
   82  1    2.843470    1.000000    0.000000   -1.000000    0.000000
   83  1    2.852208    1.000000    0.000000    1.000000    0.000000
   84  1    2.888301    1.000000    0.000000    1.000000    0.000000
   85  2    2.913710    2.000000    0.000000   -2.000000    0.000000
   87  1    2.955288    1.000000    0.000000   -1.000000    0.000000
   88  1    2.976657    1.000000    0.000000   -1.000000    0.000000
   89  1    2.999574    1.000000    0.000000    1.000000    0.000000
   90  1    3.018458    1.000000    0.000000    1.000000    0.000000
   91  1    3.047946    1.000000    0.000000    1.000000    0.000000
   92  1    3.080921    1.000000    0.000000    1.000000    0.000000
   93  1    3.101750    1.000000    0.000000   -1.000000    0.000000
   94  1    3.112389    1.000000    0.000000    1.000000    0.000000
   95  1    3.126551    1.000000    0.000000    1.000000    0.000000
   96  1    3.178042    1.000000    0.000000    1.000000    0.000000
   97  1    3.231969    1.000000    0.000000    1.000000    0.000000
   98  1    3.254176    1.000000    0.000000    1.000000    0.000000
   99  1    4.348534    1.000000    0.000000   -1.000000    0.000000
  100  1    4.387099    1.000000    0.000000   -1.000000    0.000000
  101  1    4.434011    1.000000    0.000000   -1.000000    0.000000
  102  1    4.680042    1.000000    0.000000   -1.000000    0.000000
  103  1    4.711615    1.000000    0.000000   -1.000000    0.000000
  104  1    4.765727    1.000000    0.000000   -1.000000    0.000000
  105  1    6.310361    1.000000    0.000000    1.000000    0.000000
  106  1    6.320137    1.000000    0.000000    1.000000    0.000000
  107  1    6.741871    1.000000    0.000000    1.000000    0.000000
  108  1    6.935218    1.000000    0.000000    1.000000    0.000000
  109  1    7.050781    1.000000    0.000000    1.000000    0.000000
  110  1    7.065606    1.000000    0.000000    1.000000    0.000000
  111  1    7.103333    1.000000    0.000000    1.000000    0.000000
  112  1    7.318117    1.000000    0.000000    1.000000    0.000000
  113  1    7.364503    1.000000    0.000000    1.000000    0.000000
  114  1    7.391504    1.000000    0.000000    1.000000    0.000000
  115  1    7.434170    1.000000    0.000000    1.000000    0.000000
  116  1    7.531002    1.000000    0.000000    1.000000    0.000000
  117  1    7.589547    1.000000    0.000000    1.000000    0.000000
  118  1    7.598826    1.000000    0.000000    1.000000    0.000000
  119  1    8.038082    1.000000    0.000000    1.000000    0.000000
  120  1    8.104827    1.000000    0.000000    1.000000    0.000000
  121  1    8.179264    1.000000    0.000000    1.000000    0.000000
  122  1    8.344148    1.000000    0.000000    1.000000    0.000000
  123  1    8.356584    1.000000    0.000000    1.000000    0.000000
  124  1    8.428541    1.000000    0.000000    1.000000    0.000000
  125  1    8.617757    1.000000    0.000000    1.000000    0.000000
  126  1    8.618835    1.000000    0.000000    0.999999    0.000000
  127  1    8.979044    1.000000    0.000000    0.999993    0.000000
  128  1    9.071715    1.000000    0.000000    0.999976    0.000000
  129  1    9.090110    1.000000    0.000000    0.999944    0.000000
  130  1    9.298541    1.000000    0.000000    0.999814    0.000000
  131  1    9.306243    1.000000    0.000000    0.999905    0.000000
  132  1    9.344086    1.000000    0.000000    0.999592    0.000000
  133  1    9.498754    1.000000    0.000000    0.913257    0.000000
  134  1    9.672252    1.000000    0.000000    0.876445    0.000000
  135  1    9.846232    1.000000    0.000000   -0.928331    0.000000
  136  1    9.939045    1.000000    0.000000   -0.568979    0.000000
  2
    1    2
    1  1  -40.801943    1.000000    0.000000    1.000000    0.000000
    2  1  -40.800741    1.000000    0.000000    1.000000    0.000000
    3  1  -40.796813    1.000000    0.000000    1.000000    0.000000
    4  1  -40.795618    1.000000    0.000000    1.000000    0.000000
    5  1  -40.064580    1.000000    0.000000    1.000000    0.000000
    6  1  -40.060211    1.000000    0.000000    1.000000    0.000000
    7  1  -39.767506    1.000000    0.000000   -1.000000    0.000000
    8  1  -39.761428    1.000000    0.000000    1.000000    0.000000
    9  1  -39.736286    1.000000    0.000000    1.000000    0.000000
   10  1  -39.733387    1.000000    0.000000    1.000000    0.000000
   11  1  -39.444632    1.000000    0.000000    1.000000    0.000000
   12  1  -39.432308    1.000000    0.000000   -1.000000    0.000000
   13  1  -39.318137    1.000000    0.000000    1.000000    0.000000
   14  1  -39.313206    1.000000    0.000000    1.000000    0.000000
   15  1  -39.021825    1.000000    0.000000   -1.000000    0.000000
   16  1  -39.015309    1.000000    0.000000    1.000000    0.000000
   17  1  -36.817561    1.000000    0.000000    1.000000    0.000000
   18  1  -36.810318    1.000000    0.000000    1.000000    0.000000
   19  1  -36.510427    1.000000    0.000000    1.000000    0.000000
   20  1  -36.507212    1.000000    0.000000   -1.000000    0.000000
   21  1  -36.495687    1.000000    0.000000    1.000000    0.000000
   22  1  -36.486254    1.000000    0.000000    1.000000    0.000000
   23  1  -36.221154    1.000000    0.000000    1.000000    0.000000
   24  1  -36.213730    1.000000    0.000000    1.000000    0.000000
   25  1  -36.181390    1.000000    0.000000   -1.000000    0.000000
   26  1  -36.176369    1.000000    0.000000    1.000000    0.000000
   27  1  -35.912458    1.000000    0.000000    1.000000    0.000000
   28  1  -35.910442    1.000000    0.000000   -1.000000    0.000000
   29  1   -8.586041    1.000000    0.000000   -1.000000    0.000000
   30  1   -8.416675    1.000000    0.000000   -1.000000    0.000000
   31  1   -8.153756    1.000000    0.000000    1.000000    0.000000
   32  1   -7.921552    1.000000    0.000000    1.000000    0.000000
   33  1   -7.500511    1.000000    0.000000    1.000000    0.000000
   34  1   -7.466112    1.000000    0.000000   -1.000000    0.000000
   35  1   -7.404028    1.000000    0.000000   -1.000000    0.000000
   36  1   -7.314780    1.000000    0.000000   -1.000000    0.000000
   37  1   -7.298727    1.000000    0.000000    1.000000    0.000000
   38  1   -7.285097    1.000000    0.000000    1.000000    0.000000
   39  1   -7.272519    1.000000    0.000000    1.000000    0.000000
   40  1   -7.255315    1.000000    0.000000   -1.000000    0.000000
   41  1   -7.115407    1.000000    0.000000   -1.000000    0.000000
   42  1   -7.079697    1.000000    0.000000   -1.000000    0.000000
   43  1   -7.035216    1.000000    0.000000    1.000000    0.000000
   44  1   -6.964665    1.000000    0.000000    1.000000    0.000000
   45  1   -0.511043    1.000000    0.000000   -1.000000    0.000000
   46  1   -0.399209    1.000000    0.000000   -1.000000    0.000000
   47  1   -0.163292    1.000000    0.000000   -1.000000    0.000000
   48  1   -0.134963    1.000000    0.000000   -1.000000    0.000000
   49  1    0.050217    1.000000    0.000000   -1.000000    0.000000
   50  1    0.215926    1.000000    0.000000    1.000000    0.000000
   51  1    0.343530    1.000000    0.000000    1.000000    0.000000
   52  1    0.377494    1.000000    0.000000   -1.000000    0.000000
   53  1    0.408851    1.000000    0.000000    1.000000    0.000000
   54  1    0.423057    1.000000    0.000000   -1.000000    0.000000
   55  1    0.549235    1.000000    0.000000    1.000000    0.000000
   56  1    0.553937    1.000000    0.000000    1.000000    0.000000
   57  1    0.618382    1.000000    0.000000   -1.000000    0.000000
   58  1    0.741778    1.000000    0.000000    1.000000    0.000000
   59  1    0.771241    1.000000    0.000000   -1.000000    0.000000
   60  1    1.256903    1.000000    0.000000    1.000000    0.000000
   61  1    1.260873    1.000000    0.000000   -1.000000    0.000000
   62  1    1.369327    1.000000    0.000000   -1.000000    0.000000
   63  1    1.459123    1.000000    0.000000   -1.000000    0.000000
   64  1    1.522849    1.000000    0.000000    1.000000    0.000000
   65  1    1.549377    1.000000    0.000000    1.000000    0.000000
   66  1    1.555675    1.000000    0.000000   -1.000000    0.000000
   67  1    1.589929    1.000000    0.000000   -1.000000    0.000000
   68  1    1.597206    1.000000    0.000000    1.000000    0.000000
   69  1    1.654599    1.000000    0.000000   -1.000000    0.000000
   70  1    1.891649    1.000000    0.000000   -1.000000    0.000000
   71  1    1.928980    1.000000    0.000000   -1.000000    0.000000
   72  1    2.012680    1.000000    0.000000    1.000000    0.000000
   73  1    2.046983    1.000000    0.000000    1.000000    0.000000
   74  1    2.063091    1.000000    0.000000   -1.000000    0.000000
   75  1    2.073912    1.000000    0.000000   -1.000000    0.000000
   76  1    2.241749    1.000000    0.000000   -1.000000    0.000000
   77  1    2.335442    1.000000    0.000000   -1.000000    0.000000
   78  1    2.341341    1.000000    0.000000    1.000000    0.000000
   79  1    2.376805    1.000000    0.000000    1.000000    0.000000
   80  1    2.409299    1.000000    0.000000    1.000000    0.000000
   81  1    2.531195    1.000000    0.000000    1.000000    0.000000
   82  1    2.578722    1.000000    0.000000   -1.000000    0.000000
   83  1    2.596607    1.000000    0.000000   -1.000000    0.000000
   84  1    2.628982    1.000000    0.000000   -1.000000    0.000000
   85  1    2.722592    1.000000    0.000000   -1.000000    0.000000
   86  1    2.767854    1.000000    0.000000    1.000000    0.000000
   87  1    2.864057    1.000000    0.000000    1.000000    0.000000
   88  1    2.950793    1.000000    0.000000   -1.000000    0.000000
   89  1    2.981572    1.000000    0.000000   -1.000000    0.000000
   90  1    3.137838    1.000000    0.000000    1.000000    0.000000
   91  1    3.283493    1.000000    0.000000   -1.000000    0.000000
   92  1    3.297461    1.000000    0.000000    1.000000    0.000000
   93  1    3.315902    1.000000    0.000000    1.000000    0.000000
   94  1    3.500087    1.000000    0.000000   -1.000000    0.000000
   95  1    3.528926    1.000000    0.000000   -1.000000    0.000000
   96  1    3.531838    1.000000    0.000000    1.000000    0.000000
   97  1    3.598616    1.000000    0.000000    1.000000    0.000000
   98  1    3.714729    1.000000    0.000000   -1.000000    0.000000
   99  1    3.996111    1.000000    0.000000    1.000000    0.000000
  100  1    4.059393    1.000000    0.000000    1.000000    0.000000
  101  1    4.119792    1.000000    0.000000   -1.000000    0.000000
  102  1    4.153218    1.000000    0.000000   -1.000000    0.000000
  103  1    4.253310    1.000000    0.000000    1.000000    0.000000
  104  1    4.316338    1.000000    0.000000    1.000000    0.000000
  105  1    6.258997    1.000000    0.000000   -1.000000    0.000000
  106  1    6.292443    1.000000    0.000000   -1.000000    0.000000
  107  1    6.530045    1.000000    0.000000   -1.000000    0.000000
  108  1    6.558929    1.000000    0.000000   -1.000000    0.000000
  109  1    6.775175    1.000000    0.000000    1.000000    0.000000
  110  1    6.785257    1.000000    0.000000    1.000000    0.000000
  111  1    6.945194    1.000000    0.000000   -1.000000    0.000000
  112  1    6.964714    1.000000    0.000000   -1.000000    0.000000
  113  1    6.996674    1.000000    0.000000   -1.000000    0.000000
  114  1    7.103164    1.000000    0.000000   -1.000000    0.000000
  115  1    7.304692    1.000000    0.000000   -1.000000    0.000000
  116  1    7.671280    1.000000    0.000000   -1.000000    0.000000
  117  1    7.817513    1.000000    0.000000   -1.000000    0.000000
  118  1    7.868966    1.000000    0.000000   -1.000000    0.000000
  119  1    7.917718    1.000000    0.000000    1.000000    0.000000
  120  1    7.953064    1.000000    0.000000   -1.000000    0.000000
  121  1    8.029214    1.000000    0.000000   -1.000000    0.000000
  122  1    8.048807    1.000000    0.000000    1.000000    0.000000
  123  1    8.074736    1.000000    0.000000    1.000000    0.000000
  124  1    8.255922    1.000000    0.000000   -1.000000    0.000000
  125  1    8.469251    1.000000    0.000000   -1.000000    0.000000
  126  1    8.499552    1.000000    0.000000    1.000000    0.000000
  127  1    8.516445    1.000000    0.000000    1.000000    0.000000
  128  1    8.523405    1.000000    0.000000   -1.000000    0.000000
  129  1    8.638124    1.000000    0.000000   -1.000000    0.000000
  130  1    8.709295    1.000000    0.000000   -1.000000    0.000000
  131  1    8.864861    1.000000    0.000000   -1.000000    0.000000
  132  1    8.893256    1.000000    0.000000   -1.000000    0.000000
  133  1   10.148808    1.000000    0.000000   -0.999534    0.000000
  134  1   10.437024    1.000000    0.000000   -0.989941    0.000000
  135  1   10.623074    1.000000    0.000000    0.894489    0.000000
  136  1   10.818762    1.000000    0.000000   -0.884213    0.000000
  2
    1    2
    1  1  -40.801951    1.000000    0.000000    1.000000    0.000000
    2  1  -40.800773    1.000000    0.000000    1.000000    0.000000
    3  1  -40.796821    1.000000    0.000000    1.000000    0.000000
    4  1  -40.795648    1.000000    0.000000    1.000000    0.000000
    5  1  -40.064562    1.000000    0.000000   -1.000000    0.000000
    6  1  -40.060162    1.000000    0.000000   -1.000000    0.000000
    7  1  -39.768433    1.000000    0.000000    1.000000    0.000000
    8  1  -39.760325    1.000000    0.000000    1.000000    0.000000
    9  1  -39.736425    1.000000    0.000000   -1.000000    0.000000
   10  1  -39.733514    1.000000    0.000000   -1.000000    0.000000
   11  1  -39.444795    1.000000    0.000000    1.000000    0.000000
   12  1  -39.432118    1.000000    0.000000    1.000000    0.000000
   13  1  -39.318214    1.000000    0.000000   -1.000000    0.000000
   14  1  -39.313204    1.000000    0.000000   -1.000000    0.000000
   15  1  -39.022842    1.000000    0.000000    1.000000    0.000000
   16  1  -39.014351    1.000000    0.000000    1.000000    0.000000
   17  1  -36.817504    1.000000    0.000000   -1.000000    0.000000
   18  1  -36.810231    1.000000    0.000000   -1.000000    0.000000
   19  1  -36.511981    1.000000    0.000000    1.000000    0.000000
   20  1  -36.504914    1.000000    0.000000    1.000000    0.000000
   21  1  -36.496471    1.000000    0.000000   -1.000000    0.000000
   22  1  -36.486273    1.000000    0.000000   -1.000000    0.000000
   23  1  -36.221185    1.000000    0.000000   -1.000000    0.000000
   24  1  -36.213456    1.000000    0.000000   -1.000000    0.000000
   25  1  -36.182112    1.000000    0.000000    1.000000    0.000000
   26  1  -36.176004    1.000000    0.000000    1.000000    0.000000
   27  1  -35.914799    1.000000    0.000000    1.000000    0.000000
   28  1  -35.908136    1.000000    0.000000    1.000000    0.000000
   29  1   -8.299264    1.000000    0.000000    1.000000    0.000000
   30  1   -8.283409    1.000000    0.000000   -1.000000    0.000000
   31  1   -8.137262    1.000000    0.000000    1.000000    0.000000
   32  1   -8.060557    1.000000    0.000000   -1.000000    0.000000
   33  1   -7.617081    1.000000    0.000000   -1.000000    0.000000
   34  1   -7.544239    1.000000    0.000000    1.000000    0.000000
   35  1   -7.531454    1.000000    0.000000   -1.000000    0.000000
   36  1   -7.494843    1.000000    0.000000    1.000000    0.000000
   37  1   -7.411208    1.000000    0.000000   -1.000000    0.000000
   38  1   -7.293661    1.000000    0.000000   -1.000000    0.000000
   39  1   -7.243764    1.000000    0.000000    1.000000    0.000000
   40  1   -7.197689    1.000000    0.000000    1.000000    0.000000
   41  1   -7.175942    1.000000    0.000000    1.000000    0.000000
   42  1   -7.146953    1.000000    0.000000   -1.000000    0.000000
   43  1   -6.970333    1.000000    0.000000    1.000000    0.000000
   44  1   -6.842979    1.000000    0.000000   -1.000000    0.000000
   45  1   -0.098941    1.000000    0.000000    1.000000    0.000000
   46  1    0.044160    1.000000    0.000000    1.000000    0.000000
   47  1    0.070318    1.000000    0.000000   -1.000000    0.000000
   48  1    0.338854    1.000000    0.000000   -1.000000    0.000000
   49  1    0.390468    1.000000    0.000000    1.000000    0.000000
   50  1    0.394529    1.000000    0.000000   -1.000000    0.000000
   51  1    0.414231    1.000000    0.000000    1.000000    0.000000
   52  1    0.447147    1.000000    0.000000    1.000000    0.000000
   53  1    0.512658    1.000000    0.000000   -1.000000    0.000000
   54  1    0.574269    1.000000    0.000000   -1.000000    0.000000
   55  1    0.684028    1.000000    0.000000   -1.000000    0.000000
   56  1    0.792856    1.000000    0.000000    1.000000    0.000000
   57  1    0.809420    1.000000    0.000000   -1.000000    0.000000
   58  1    0.846880    1.000000    0.000000   -1.000000    0.000000
   59  1    0.868877    1.000000    0.000000   -1.000000    0.000000
   60  1    0.960394    1.000000    0.000000    1.000000    0.000000
   61  1    1.110685    1.000000    0.000000    1.000000    0.000000
   62  1    1.143138    1.000000    0.000000    1.000000    0.000000
   63  1    1.221184    1.000000    0.000000    1.000000    0.000000
   64  1    1.264671    1.000000    0.000000   -1.000000    0.000000
   65  1    1.357574    1.000000    0.000000    1.000000    0.000000
   66  1    1.489287    1.000000    0.000000    1.000000    0.000000
   67  1    1.537391    1.000000    0.000000   -1.000000    0.000000
   68  1    1.623576    1.000000    0.000000   -1.000000    0.000000
   69  1    1.741376    1.000000    0.000000   -1.000000    0.000000
   70  1    1.748895    1.000000    0.000000    1.000000    0.000000
   71  1    1.806194    1.000000    0.000000    1.000000    0.000000
   72  1    1.929506    1.000000    0.000000    1.000000    0.000000
   73  1    1.945452    1.000000    0.000000   -1.000000    0.000000
   74  1    1.997236    1.000000    0.000000    1.000000    0.000000
   75  1    2.026170    1.000000    0.000000   -1.000000    0.000000
   76  1    2.042561    1.000000    0.000000   -1.000000    0.000000
   77  1    2.099645    1.000000    0.000000   -1.000000    0.000000
   78  1    2.180210    1.000000    0.000000   -1.000000    0.000000
   79  1    2.264587    1.000000    0.000000    1.000000    0.000000
   80  1    2.428595    1.000000    0.000000    1.000000    0.000000
   81  1    2.490087    1.000000    0.000000    1.000000    0.000000
   82  1    2.514927    1.000000    0.000000   -1.000000    0.000000
   83  1    2.520430    1.000000    0.000000    1.000000    0.000000
   84  1    2.557288    1.000000    0.000000    1.000000    0.000000
   85  1    2.657871    1.000000    0.000000   -1.000000    0.000000
   86  1    2.696685    1.000000    0.000000    1.000000    0.000000
   87  1    2.818011    1.000000    0.000000    1.000000    0.000000
   88  1    2.906696    1.000000    0.000000   -1.000000    0.000000
   89  1    2.916590    1.000000    0.000000   -1.000000    0.000000
   90  1    2.949163    1.000000    0.000000    1.000000    0.000000
   91  1    2.960744    1.000000    0.000000   -1.000000    0.000000
   92  1    3.108425    1.000000    0.000000   -1.000000    0.000000
   93  1    3.234487    1.000000    0.000000   -1.000000    0.000000
   94  1    3.340177    1.000000    0.000000   -1.000000    0.000000
   95  1    3.418451    1.000000    0.000000   -1.000000    0.000000
   96  1    3.562779    1.000000    0.000000    1.000000    0.000000
   97  1    3.602366    1.000000    0.000000    1.000000    0.000000
   98  1    3.712412    1.000000    0.000000    1.000000    0.000000
   99  1    3.771079    1.000000    0.000000   -1.000000    0.000000
  100  1    3.810175    1.000000    0.000000    1.000000    0.000000
  101  1    4.070394    1.000000    0.000000   -1.000000    0.000000
  102  1    4.113361    1.000000    0.000000   -1.000000    0.000000
  103  1    4.343455    1.000000    0.000000    1.000000    0.000000
  104  1    4.477819    1.000000    0.000000    1.000000    0.000000
  105  1    5.762187    1.000000    0.000000    1.000000    0.000000
  106  1    5.929815    1.000000    0.000000    1.000000    0.000000
  107  1    6.141498    1.000000    0.000000   -1.000000    0.000000
  108  1    6.210867    1.000000    0.000000   -1.000000    0.000000
  109  1    6.796418    1.000000    0.000000    1.000000    0.000000
  110  1    6.877753    1.000000    0.000000    1.000000    0.000000
  111  1    7.016073    1.000000    0.000000    1.000000    0.000000
  112  1    7.136820    1.000000    0.000000   -1.000000    0.000000
  113  1    7.188103    1.000000    0.000000   -1.000000    0.000000
  114  1    7.260716    1.000000    0.000000   -1.000000    0.000000
  115  1    7.437847    1.000000    0.000000    1.000000    0.000000
  116  1    7.759170    1.000000    0.000000    1.000000    0.000000
  117  1    7.801660    1.000000    0.000000    1.000000    0.000000
  118  1    7.809931    1.000000    0.000000   -1.000000    0.000000
  119  1    7.967358    1.000000    0.000000   -1.000000    0.000000
  120  1    8.057129    1.000000    0.000000    1.000000    0.000000
  121  1    8.083773    1.000000    0.000000    1.000000    0.000000
  122  1    8.121515    1.000000    0.000000   -1.000000    0.000000
  123  1    8.257901    1.000000    0.000000   -1.000000    0.000000
  124  1    8.296119    1.000000    0.000000   -1.000000    0.000000
  125  1    8.305152    1.000000    0.000000    1.000000    0.000000
  126  1    8.375399    1.000000    0.000000    1.000000    0.000000
  127  1    8.486910    1.000000    0.000000    1.000000    0.000000
  128  1    8.606072    1.000000    0.000000   -1.000000    0.000000
  129  1    8.651223    1.000000    0.000000   -1.000000    0.000000
  130  1    8.760318    1.000000    0.000000   -0.999999    0.000000
  131  1    8.785833    1.000000    0.000000    0.999999    0.000000
  132  1    9.042542    1.000000    0.000000   -0.999998    0.000000
  133  1   10.314913    1.000000    0.000000    0.804615    0.000000
  134  1   10.622503    1.000000    0.000000    0.110644    0.000000
  135  1   10.848218    1.000000    0.000000   -0.986222    0.000000
  136  1   11.046608    1.000000    0.000000   -0.934679    0.000000
  2
    1    2
    1  2  -40.801401    2.000000    0.000000    0.000000    0.000000
    3  2  -40.796265    2.000000    0.000000    0.000000    0.000000
    5  2  -40.062375    2.000000    0.000000    0.000000    0.000000
    7  1  -39.767517    1.000000    0.000000   -1.000000    0.000000
    8  1  -39.761171    1.000000    0.000000    1.000000    0.000000
    9  2  -39.735378    2.000000    0.000000    0.000000    0.000000
   11  1  -39.444607    1.000000    0.000000    1.000000    0.000000
   12  1  -39.432102    1.000000    0.000000   -1.000000    0.000000
   13  2  -39.315868    2.000000    0.000000    0.000000    0.000000
   15  1  -39.021831    1.000000    0.000000   -1.000000    0.000000
   16  1  -39.015369    1.000000    0.000000    1.000000    0.000000
   17  1  -36.816235    1.000000    0.000000    1.000000    0.000000
   18  1  -36.811492    1.000000    0.000000   -1.000000    0.000000
   19  1  -36.509578    1.000000    0.000000    1.000000    0.000000
   20  1  -36.507226    1.000000    0.000000   -1.000000    0.000000
   21  1  -36.496442    1.000000    0.000000   -1.000000    0.000000
   22  1  -36.486590    1.000000    0.000000    1.000000    0.000000
   23  1  -36.219820    1.000000    0.000000    1.000000    0.000000
   24  1  -36.214943    1.000000    0.000000   -1.000000    0.000000
   25  1  -36.181052    1.000000    0.000000   -1.000000    0.000000
   26  1  -36.176705    1.000000    0.000000    1.000000    0.000000
   27  1  -35.912545    1.000000    0.000000    1.000000    0.000000
   28  1  -35.910443    1.000000    0.000000   -1.000000    0.000000
   29  2   -8.291020    2.000000    0.000000    0.000000    0.000000
   31  2   -8.098045    2.000000    0.000000    0.000000    0.000000
   33  2   -7.600683    2.000000    0.000000    0.000000    0.000000
   35  2   -7.494965    2.000000    0.000000    0.000000    0.000000
   37  2   -7.385088    2.000000    0.000000    0.000000    0.000000
   39  2   -7.196948    2.000000    0.000000    0.000000    0.000000
   41  2   -7.159814    2.000000    0.000000    0.000000    0.000000
   43  2   -6.898125    2.000000    0.000000    0.000000    0.000000
   45  2    0.028607    2.000000    0.000000    0.000000    0.000000
   47  2    0.223579    2.000000    0.000000    0.000000    0.000000
   49  2    0.280407    2.000000    0.000000    0.000000    0.000000
   51  2    0.461937    2.000000    0.000000    0.000000    0.000000
   53  2    0.654526    2.000000    0.000000    0.000000    0.000000
   55  2    0.705429    2.000000    0.000000    0.000000    0.000000
   57  2    0.866199    2.000000    0.000000    0.000000    0.000000
   59  1    0.930121    1.000000    0.000000    1.000000    0.000000
   60  1    0.931857    1.000000    0.000000   -1.000000    0.000000
   61  2    1.010847    2.000000    0.000000    0.000000    0.000000
   63  1    1.135829    1.000000    0.000000   -1.000000    0.000000
   64  1    1.137048    1.000000    0.000000    1.000000    0.000000
   65  2    1.408884    2.000000    0.000000    0.000000    0.000000
   67  2    1.657412    2.000000    0.000000    0.000000    0.000000
   69  1    1.762879    1.000000    0.000000    1.000000    0.000000
   70  1    1.765433    1.000000    0.000000   -1.000000    0.000000
   71  1    1.814518    1.000000    0.000000   -1.000000    0.000000
   72  1    1.816633    1.000000    0.000000    1.000000    0.000000
   73  2    1.966141    2.000000    0.000000    0.000000    0.000000
   75  1    2.007970    1.000000    0.000000   -1.000000    0.000000
   76  1    2.009569    1.000000    0.000000    1.000000    0.000000
   77  2    2.208083    2.000000    0.000000    0.000000    0.000000
   79  1    2.391275    1.000000    0.000000   -1.000000    0.000000
   80  1    2.396154    1.000000    0.000000    1.000000    0.000000
   81  1    2.414848    1.000000    0.000000    1.000000    0.000000
   82  1    2.420201    1.000000    0.000000   -1.000000    0.000000
   83  2    2.531978    2.000000    0.000000    0.000000    0.000000
   85  2    2.674526    2.000000    0.000000    0.000000    0.000000
   87  1    2.888209    1.000000    0.000000    1.000000    0.000000
   88  1    2.895420    1.000000    0.000000   -1.000000    0.000000
   89  1    2.902380    1.000000    0.000000   -1.000000    0.000000
   90  1    2.910493    1.000000    0.000000    1.000000    0.000000
   91  2    2.954372    2.000000    0.000000    0.000000    0.000000
   93  2    3.425888    2.000000    0.000000    0.000000    0.000000
   95  2    3.473448    2.000000    0.000000    0.000000    0.000000
   97  2    3.602437    2.000000    0.000000    0.000000    0.000000
   99  1    3.835509    1.000000    0.000000    1.000000    0.000000
  100  1    3.836733    1.000000    0.000000   -1.000000    0.000000
  101  2    4.236072    2.000000    0.000000    0.000000    0.000000
  103  2    4.313587    2.000000    0.000000    0.000000    0.000000
  105  2    5.818874    2.000000    0.000000    0.000000    0.000000
  107  2    6.190835    2.000000    0.000000    0.000000    0.000000
  109  2    6.900274    2.000000    0.000000    0.000000    0.000000
  111  2    7.030321    2.000000    0.000000    0.000000    0.000000
  113  2    7.228794    2.000000    0.000000    0.000000    0.000000
  115  2    7.542973    2.000000    0.000000    0.000000    0.000000
  117  2    7.839830    2.000000    0.000000    0.000000    0.000000
  119  1    8.018784    1.000000    0.000000   -1.000000    0.000000
  120  1    8.021684    1.000000    0.000000    1.000000    0.000000
  121  1    8.065505    1.000000    0.000000    1.000000    0.000000
  122  1    8.067723    1.000000    0.000000   -1.000000    0.000000
  123  1    8.281806    1.000000    0.000000    1.000000    0.000000
  124  1    8.285131    1.000000    0.000000   -1.000000    0.000000
  125  1    8.433497    1.000000    0.000000   -1.000000    0.000000
  126  1    8.435433    1.000000    0.000000    1.000000    0.000000
  127  2    8.514540    2.000000    0.000000    0.000000    0.000000
  129  2    8.644445    2.000000    0.000000    0.000000    0.000000
  131  2    8.962299    2.000000    0.000000    0.000002    0.000000
  133  1   10.269347    1.000000    0.000000    0.155824    0.000000
  134  1   10.489378    1.000000    0.000000   -0.135605    0.000000
  135  1   10.932063    1.000000    0.000000   -0.330642    0.000000
  136  1   11.021126    1.000000    0.000000    0.232835    0.000000
  2
    1    2
    1  2  -40.801401    2.000000    0.000000    0.000000    0.000000
    3  2  -40.796265    2.000000    0.000000    0.000000    0.000000
    5  2  -40.062383    2.000000    0.000000    0.000000    0.000000
    7  1  -39.767709    1.000000    0.000000    1.000000    0.000000
    8  1  -39.761438    1.000000    0.000000   -1.000000    0.000000
    9  2  -39.734936    2.000000    0.000000    0.000000    0.000000
   11  1  -39.444646    1.000000    0.000000   -1.000000    0.000000
   12  1  -39.432366    1.000000    0.000000    1.000000    0.000000
   13  2  -39.315789    2.000000    0.000000    0.000000    0.000000
   15  1  -39.021783    1.000000    0.000000    1.000000    0.000000
   16  1  -39.015396    1.000000    0.000000   -1.000000    0.000000
   17  1  -36.816204    1.000000    0.000000    1.000000    0.000000
   18  1  -36.811553    1.000000    0.000000   -1.000000    0.000000
   19  1  -36.510367    1.000000    0.000000   -1.000000    0.000000
   20  1  -36.507728    1.000000    0.000000    1.000000    0.000000
   21  1  -36.495374    1.000000    0.000000   -1.000000    0.000000
   22  1  -36.486136    1.000000    0.000000    1.000000    0.000000
   23  1  -36.220129    1.000000    0.000000    1.000000    0.000000
   24  1  -36.215214    1.000000    0.000000   -1.000000    0.000000
   25  1  -36.181040    1.000000    0.000000    1.000000    0.000000
   26  1  -36.176377    1.000000    0.000000   -1.000000    0.000000
   27  1  -35.912583    1.000000    0.000000   -1.000000    0.000000
   28  1  -35.910367    1.000000    0.000000    1.000000    0.000000
   29  2   -8.291041    2.000000    0.000000    0.000000    0.000000
   31  2   -8.098027    2.000000    0.000000    0.000000    0.000000
   33  2   -7.600695    2.000000    0.000000    0.000000    0.000000
   35  2   -7.495011    2.000000    0.000000    0.000000    0.000000
   37  2   -7.385096    2.000000    0.000000    0.000000    0.000000
   39  2   -7.196907    2.000000    0.000000    0.000000    0.000000
   41  2   -7.159778    2.000000    0.000000    0.000000    0.000000
   43  2   -6.898150    2.000000    0.000000    0.000000    0.000000
   45  2    0.028666    2.000000    0.000000    0.000000    0.000000
   47  2    0.223579    2.000000    0.000000    0.000000    0.000000
   49  2    0.280708    2.000000    0.000000    0.000000    0.000000
   51  2    0.462021    2.000000    0.000000    0.000000    0.000000
   53  2    0.654965    2.000000    0.000000    0.000000    0.000000
   55  2    0.705733    2.000000    0.000000    0.000000    0.000000
   57  2    0.865495    2.000000    0.000000    0.000000    0.000000
   59  2    0.930912    2.000000    0.000000    0.000000    0.000000
   61  2    1.011298    2.000000    0.000000    0.000000    0.000000
   63  2    1.136122    2.000000    0.000000    0.000000    0.000000
   65  2    1.409052    2.000000    0.000000    0.000000    0.000000
   67  2    1.657802    2.000000    0.000000    0.000000    0.000000
   69  2    1.763346    2.000000    0.000000    0.000000    0.000000
   71  2    1.815632    2.000000    0.000000    0.000000    0.000000
   73  2    1.965698    2.000000    0.000000    0.000000    0.000000
   75  2    2.007990    2.000000    0.000000    0.000000    0.000000
   77  2    2.208311    2.000000    0.000000    0.000000    0.000000
   79  2    2.391924    2.000000    0.000000    0.000000    0.000000
   81  2    2.417759    2.000000    0.000000    0.000000    0.000000
   83  2    2.535414    2.000000    0.000000    0.000000    0.000000
   85  2    2.671764    2.000000    0.000000    0.000000    0.000000
   87  1    2.895332    1.000000    0.000000    1.000000    0.000000
   88  1    2.897386    1.000000    0.000000   -1.000000    0.000000
   89  1    2.908010    1.000000    0.000000   -1.000000    0.000000
   90  1    2.911118    1.000000    0.000000    1.000000    0.000000
   91  2    2.947661    2.000000    0.000000    0.000000    0.000000
   93  2    3.427442    2.000000    0.000000    0.000000    0.000000
   95  1    3.470213    1.000000    0.000000    1.000000    0.000000
   96  1    3.471221    1.000000    0.000000   -1.000000    0.000000
   97  2    3.604468    2.000000    0.000000    0.000000    0.000000
   99  2    3.835748    2.000000    0.000000    0.000000    0.000000
  101  1    4.230489    1.000000    0.000000   -1.000000    0.000000
  102  1    4.231574    1.000000    0.000000    1.000000    0.000000
  103  2    4.318208    2.000000    0.000000    0.000000    0.000000
  105  2    5.818518    2.000000    0.000000   -0.000009    0.000000
  107  2    6.190409    2.000000    0.000000    0.000000    0.000000
  109  2    6.902024    2.000000    0.000000    0.000000    0.000000
  111  2    7.028852    2.000000    0.000000    0.000000    0.000000
  113  2    7.229103    2.000000    0.000000    0.000000    0.000000
  115  2    7.543892    2.000000    0.000000    0.000000    0.000000
  117  2    7.839819    2.000000    0.000000    0.000000    0.000000
  119  2    8.021071    2.000000    0.000000    0.000000    0.000000
  121  2    8.066551    2.000000    0.000000    0.000000    0.000000
  123  2    8.282580    2.000000    0.000000    0.000000    0.000000
  125  2    8.434129    2.000000    0.000000    0.000000    0.000000
  127  2    8.514496    2.000000    0.000000    0.000000    0.000000
  129  2    8.642593    2.000000    0.000000    0.000000    0.000000
  131  2    8.963702    2.000000    0.000000    0.000000    0.000000
  133  1   10.257694    1.000000    0.000000   -0.493512    0.000000
  134  1   10.578329    1.000000    0.000000    0.532248    0.000000
  135  1   11.049707    1.000000    0.000000   -0.151249    0.000000
  136  1   11.189712    1.000000    0.000000    0.073254    0.000000
  2
    1    2
    1  1  -40.801942    1.000000    0.000000    1.000000    0.000000
    2  1  -40.800741    1.000000    0.000000    1.000000    0.000000
    3  1  -40.796813    1.000000    0.000000    1.000000    0.000000
    4  1  -40.795618    1.000000    0.000000    1.000000    0.000000
    5  1  -40.064580    1.000000    0.000000    1.000000    0.000000
    6  1  -40.060159    1.000000    0.000000    1.000000    0.000000
    7  1  -39.767696    1.000000    0.000000    1.000000    0.000000
    8  1  -39.761163    1.000000    0.000000   -1.000000    0.000000
    9  1  -39.736427    1.000000    0.000000    1.000000    0.000000
   10  1  -39.733515    1.000000    0.000000    1.000000    0.000000
   11  1  -39.444599    1.000000    0.000000   -1.000000    0.000000
   12  1  -39.432136    1.000000    0.000000    1.000000    0.000000
   13  1  -39.318183    1.000000    0.000000    1.000000    0.000000
   14  1  -39.313152    1.000000    0.000000    1.000000    0.000000
   15  1  -39.021770    1.000000    0.000000    1.000000    0.000000
   16  1  -39.015436    1.000000    0.000000   -1.000000    0.000000
   17  1  -36.817561    1.000000    0.000000    1.000000    0.000000
   18  1  -36.810234    1.000000    0.000000    1.000000    0.000000
   19  1  -36.509543    1.000000    0.000000   -1.000000    0.000000
   20  1  -36.507737    1.000000    0.000000    1.000000    0.000000
   21  1  -36.496722    1.000000    0.000000    1.000000    0.000000
   22  1  -36.485852    1.000000    0.000000    1.000000    0.000000
   23  1  -36.221400    1.000000    0.000000    1.000000    0.000000
   24  1  -36.213505    1.000000    0.000000    1.000000    0.000000
   25  1  -36.180716    1.000000    0.000000    1.000000    0.000000
   26  1  -36.176707    1.000000    0.000000   -1.000000    0.000000
   27  1  -35.912662    1.000000    0.000000   -1.000000    0.000000
   28  1  -35.910360    1.000000    0.000000    1.000000    0.000000
   29  1   -8.585991    1.000000    0.000000   -1.000000    0.000000
   30  1   -8.416710    1.000000    0.000000   -1.000000    0.000000
   31  1   -8.153874    1.000000    0.000000    1.000000    0.000000
   32  1   -7.921496    1.000000    0.000000    1.000000    0.000000
   33  1   -7.500389    1.000000    0.000000    1.000000    0.000000
   34  1   -7.466126    1.000000    0.000000   -1.000000    0.000000
   35  1   -7.404083    1.000000    0.000000   -1.000000    0.000000
   36  1   -7.314758    1.000000    0.000000   -1.000000    0.000000
   37  1   -7.298609    1.000000    0.000000    1.000000    0.000000
   38  1   -7.285212    1.000000    0.000000    1.000000    0.000000
   39  1   -7.272471    1.000000    0.000000    1.000000    0.000000
   40  1   -7.255406    1.000000    0.000000   -1.000000    0.000000
   41  1   -7.115390    1.000000    0.000000   -1.000000    0.000000
   42  1   -7.079597    1.000000    0.000000   -1.000000    0.000000
   43  1   -7.035259    1.000000    0.000000    1.000000    0.000000
   44  1   -6.964717    1.000000    0.000000    1.000000    0.000000
   45  1   -0.511150    1.000000    0.000000   -1.000000    0.000000
   46  1   -0.399374    1.000000    0.000000   -1.000000    0.000000
   47  1   -0.163550    1.000000    0.000000   -1.000000    0.000000
   48  1   -0.134765    1.000000    0.000000   -1.000000    0.000000
   49  1    0.050391    1.000000    0.000000   -1.000000    0.000000
   50  1    0.215901    1.000000    0.000000    1.000000    0.000000
   51  1    0.343364    1.000000    0.000000    1.000000    0.000000
   52  1    0.377507    1.000000    0.000000   -1.000000    0.000000
   53  1    0.409021    1.000000    0.000000    1.000000    0.000000
   54  1    0.422991    1.000000    0.000000   -1.000000    0.000000
   55  1    0.549205    1.000000    0.000000    1.000000    0.000000
   56  1    0.554071    1.000000    0.000000    1.000000    0.000000
   57  1    0.618489    1.000000    0.000000   -1.000000    0.000000
   58  1    0.741702    1.000000    0.000000    1.000000    0.000000
   59  1    0.771423    1.000000    0.000000   -1.000000    0.000000
   60  1    1.257138    1.000000    0.000000    1.000000    0.000000
   61  1    1.260957    1.000000    0.000000   -1.000000    0.000000
   62  1    1.369231    1.000000    0.000000   -1.000000    0.000000
   63  1    1.458600    1.000000    0.000000   -1.000000    0.000000
   64  1    1.522521    1.000000    0.000000    1.000000    0.000000
   65  2    1.555251    2.000000    0.000000    0.000000    0.000000
   67  1    1.590076    1.000000    0.000000   -1.000000    0.000000
   68  1    1.591674    1.000000    0.000000    1.000000    0.000000
   69  1    1.654719    1.000000    0.000000   -1.000000    0.000000
   70  1    1.891576    1.000000    0.000000   -1.000000    0.000000
   71  1    1.929437    1.000000    0.000000   -1.000000    0.000000
   72  1    2.012465    1.000000    0.000000    1.000000    0.000000
   73  1    2.046329    1.000000    0.000000    1.000000    0.000000
   74  1    2.062538    1.000000    0.000000   -1.000000    0.000000
   75  1    2.073759    1.000000    0.000000   -1.000000    0.000000
   76  1    2.242297    1.000000    0.000000   -1.000000    0.000000
   77  1    2.335761    1.000000    0.000000   -1.000000    0.000000
   78  1    2.345799    1.000000    0.000000    1.000000    0.000000
   79  1    2.372526    1.000000    0.000000    1.000000    0.000000
   80  1    2.408052    1.000000    0.000000    1.000000    0.000000
   81  1    2.532287    1.000000    0.000000    1.000000    0.000000
   82  1    2.577365    1.000000    0.000000   -1.000000    0.000000
   83  1    2.600725    1.000000    0.000000   -1.000000    0.000000
   84  1    2.624953    1.000000    0.000000   -1.000000    0.000000
   85  1    2.723396    1.000000    0.000000   -1.000000    0.000000
   86  1    2.767960    1.000000    0.000000    1.000000    0.000000
   87  1    2.864603    1.000000    0.000000    1.000000    0.000000
   88  1    2.961872    1.000000    0.000000   -1.000000    0.000000
   89  1    2.970064    1.000000    0.000000   -1.000000    0.000000
   90  1    3.138220    1.000000    0.000000    1.000000    0.000000
   91  1    3.284577    1.000000    0.000000   -1.000000    0.000000
   92  1    3.295770    1.000000    0.000000    1.000000    0.000000
   93  1    3.317595    1.000000    0.000000    1.000000    0.000000
   94  1    3.508045    1.000000    0.000000   -1.000000    0.000000
   95  1    3.521227    1.000000    0.000000   -1.000000    0.000000
   96  1    3.535484    1.000000    0.000000    1.000000    0.000000
   97  1    3.594907    1.000000    0.000000    1.000000    0.000000
   98  1    3.713809    1.000000    0.000000   -1.000000    0.000000
   99  1    4.004966    1.000000    0.000000    1.000000    0.000000
  100  1    4.046228    1.000000    0.000000    1.000000    0.000000
  101  1    4.127527    1.000000    0.000000   -1.000000    0.000000
  102  1    4.146292    1.000000    0.000000   -1.000000    0.000000
  103  1    4.265270    1.000000    0.000000    1.000000    0.000000
  104  1    4.308519    1.000000    0.000000    1.000000    0.000000
  105  1    6.258871    1.000000    0.000000   -1.000000    0.000000
  106  1    6.292307    1.000000    0.000000   -1.000000    0.000000
  107  1    6.530083    1.000000    0.000000   -1.000000    0.000000
  108  1    6.559038    1.000000    0.000000   -1.000000    0.000000
  109  1    6.776651    1.000000    0.000000    1.000000    0.000000
  110  1    6.783460    1.000000    0.000000    1.000000    0.000000
  111  1    6.943665    1.000000    0.000000   -1.000000    0.000000
  112  1    6.966189    1.000000    0.000000   -1.000000    0.000000
  113  1    6.996405    1.000000    0.000000   -1.000000    0.000000
  114  1    7.102616    1.000000    0.000000   -1.000000    0.000000
  115  1    7.304169    1.000000    0.000000   -1.000000    0.000000
  116  1    7.672137    1.000000    0.000000   -1.000000    0.000000
  117  1    7.818072    1.000000    0.000000   -1.000000    0.000000
  118  1    7.869312    1.000000    0.000000   -1.000000    0.000000
  119  1    7.915455    1.000000    0.000000    1.000000    0.000000
  120  1    7.953368    1.000000    0.000000   -1.000000    0.000000
  121  1    8.027365    1.000000    0.000000   -1.000000    0.000000
  122  1    8.049912    1.000000    0.000000    1.000000    0.000000
  123  1    8.075963    1.000000    0.000000    1.000000    0.000000
  124  1    8.255842    1.000000    0.000000   -1.000000    0.000000
  125  1    8.470840    1.000000    0.000000   -1.000000    0.000000
  126  1    8.506618    1.000000    0.000000    0.999999    0.000000
  127  1    8.509749    1.000000    0.000000    1.000000    0.000000
  128  1    8.521901    1.000000    0.000000   -1.000000    0.000000
  129  1    8.641110    1.000000    0.000000   -1.000000    0.000000
  130  1    8.706655    1.000000    0.000000   -0.999999    0.000000
  131  1    8.861703    1.000000    0.000000   -0.999999    0.000000
  132  1    8.896121    1.000000    0.000000   -0.999999    0.000000
  133  1   10.150694    1.000000    0.000000   -0.999658    0.000000
  134  1   10.454301    1.000000    0.000000   -0.993693    0.000000
  135  1   10.628011    1.000000    0.000000    0.981992    0.000000
  136  1   10.912252    1.000000    0.000000   -0.409043    0.000000
  2
    1    2
    1  2  -40.801373    2.000000    0.000000    0.000000    0.000000
    3  2  -40.796228    2.000000    0.000000    0.000000    0.000000
    5  2  -40.062405    2.000000    0.000000    0.000000    0.000000
    7  1  -39.768620    1.000000    0.000000   -1.000000    0.000000
    8  1  -39.760315    1.000000    0.000000   -1.000000    0.000000
    9  2  -39.735168    2.000000    0.000000    0.000000    0.000000
   11  1  -39.444784    1.000000    0.000000   -1.000000    0.000000
   12  1  -39.432156    1.000000    0.000000   -1.000000    0.000000
   13  2  -39.315790    2.000000    0.000000    0.000000    0.000000
   15  1  -39.022806    1.000000    0.000000   -1.000000    0.000000
   16  1  -39.014250    1.000000    0.000000   -1.000000    0.000000
   17  1  -36.816292    1.000000    0.000000   -1.000000    0.000000
   18  1  -36.811484    1.000000    0.000000    1.000000    0.000000
   19  1  -36.512215    1.000000    0.000000   -1.000000    0.000000
   20  1  -36.505225    1.000000    0.000000   -1.000000    0.000000
   21  1  -36.496135    1.000000    0.000000    1.000000    0.000000
   22  1  -36.486127    1.000000    0.000000   -1.000000    0.000000
   23  1  -36.220081    1.000000    0.000000   -1.000000    0.000000
   24  1  -36.214933    1.000000    0.000000    1.000000    0.000000
   25  1  -36.181802    1.000000    0.000000   -1.000000    0.000000
   26  1  -36.175965    1.000000    0.000000   -1.000000    0.000000
   27  1  -35.914734    1.000000    0.000000   -1.000000    0.000000
   28  1  -35.907999    1.000000    0.000000   -1.000000    0.000000
   29  1   -8.599674    1.000000    0.000000    1.000000    0.000000
   30  1   -8.418615    1.000000    0.000000    1.000000    0.000000
   31  1   -8.158625    1.000000    0.000000   -1.000000    0.000000
   32  1   -7.951734    1.000000    0.000000   -1.000000    0.000000
   33  1   -7.449430    1.000000    0.000000    1.000000    0.000000
   34  1   -7.439070    1.000000    0.000000   -1.000000    0.000000
   35  1   -7.397742    1.000000    0.000000    1.000000    0.000000
   36  1   -7.347569    1.000000    0.000000   -1.000000    0.000000
   37  1   -7.330600    1.000000    0.000000   -1.000000    0.000000
   38  1   -7.277063    1.000000    0.000000    1.000000    0.000000
   39  1   -7.255100    1.000000    0.000000    1.000000    0.000000
   40  1   -7.148793    1.000000    0.000000    1.000000    0.000000
   41  1   -7.126589    1.000000    0.000000   -1.000000    0.000000
   42  1   -7.115734    1.000000    0.000000   -1.000000    0.000000
   43  1   -7.039657    1.000000    0.000000   -1.000000    0.000000
   44  1   -6.995091    1.000000    0.000000    1.000000    0.000000
   45  1   -0.516856    1.000000    0.000000    1.000000    0.000000
   46  1   -0.313835    1.000000    0.000000    1.000000    0.000000
   47  1   -0.162589    1.000000    0.000000    1.000000    0.000000
   48  1   -0.094757    1.000000    0.000000    1.000000    0.000000
   49  1    0.138295    1.000000    0.000000   -1.000000    0.000000
   50  1    0.172738    1.000000    0.000000    1.000000    0.000000
   51  1    0.207791    1.000000    0.000000    1.000000    0.000000
   52  1    0.298769    1.000000    0.000000   -1.000000    0.000000
   53  1    0.360827    1.000000    0.000000   -1.000000    0.000000
   54  1    0.366078    1.000000    0.000000   -1.000000    0.000000
   55  1    0.458599    1.000000    0.000000    1.000000    0.000000
   56  1    0.488279    1.000000    0.000000   -1.000000    0.000000
   57  1    0.583068    1.000000    0.000000   -1.000000    0.000000
   58  1    0.695713    1.000000    0.000000    1.000000    0.000000
   59  1    0.898367    1.000000    0.000000    1.000000    0.000000
   60  1    1.053202    1.000000    0.000000   -1.000000    0.000000
   61  1    1.279151    1.000000    0.000000    1.000000    0.000000
   62  1    1.316540    1.000000    0.000000   -1.000000    0.000000
   63  1    1.346359    1.000000    0.000000   -1.000000    0.000000
   64  1    1.432783    1.000000    0.000000    1.000000    0.000000
   65  1    1.504767    1.000000    0.000000   -1.000000    0.000000
   66  1    1.592291    1.000000    0.000000    1.000000    0.000000
   67  1    1.623151    1.000000    0.000000    1.000000    0.000000
   68  1    1.689453    1.000000    0.000000    1.000000    0.000000
   69  1    1.838796    1.000000    0.000000   -1.000000    0.000000
   70  1    1.878803    1.000000    0.000000    1.000000    0.000000
   71  1    1.886396    1.000000    0.000000   -1.000000    0.000000
   72  1    1.926062    1.000000    0.000000    1.000000    0.000000
   73  1    1.990982    1.000000    0.000000    1.000000    0.000000
   74  1    2.019300    1.000000    0.000000    1.000000    0.000000
   75  1    2.147671    1.000000    0.000000    1.000000    0.000000
   76  1    2.260759    1.000000    0.000000   -1.000000    0.000000
   77  1    2.375056    1.000000    0.000000   -1.000000    0.000000
   78  1    2.380895    1.000000    0.000000    1.000000    0.000000
   79  1    2.571542    1.000000    0.000000   -1.000000    0.000000
   80  1    2.573415    1.000000    0.000000    1.000000    0.000000
   81  1    2.622743    1.000000    0.000000    1.000000    0.000000
   82  1    2.640050    1.000000    0.000000   -1.000000    0.000000
   83  1    2.692859    1.000000    0.000000    1.000000    0.000000
   84  1    2.728114    1.000000    0.000000    1.000000    0.000000
   85  1    2.745750    1.000000    0.000000   -1.000000    0.000000
   86  1    2.797487    1.000000    0.000000   -1.000000    0.000000
   87  1    2.854916    1.000000    0.000000    1.000000    0.000000
   88  1    3.040399    1.000000    0.000000    1.000000    0.000000
   89  1    3.149800    1.000000    0.000000    1.000000    0.000000
   90  1    3.214062    1.000000    0.000000   -1.000000    0.000000
   91  1    3.230594    1.000000    0.000000   -1.000000    0.000000
   92  1    3.349939    1.000000    0.000000    1.000000    0.000000
   93  1    3.355072    1.000000    0.000000   -1.000000    0.000000
   94  1    3.395111    1.000000    0.000000    1.000000    0.000000
   95  1    3.438077    1.000000    0.000000    1.000000    0.000000
   96  1    3.490725    1.000000    0.000000   -1.000000    0.000000
   97  1    3.536175    1.000000    0.000000   -1.000000    0.000000
   98  1    3.572907    1.000000    0.000000    1.000000    0.000000
   99  1    3.910597    1.000000    0.000000    1.000000    0.000000
  100  1    3.948789    1.000000    0.000000    1.000000    0.000000
  101  1    4.069671    1.000000    0.000000   -1.000000    0.000000
  102  1    4.145419    1.000000    0.000000   -1.000000    0.000000
  103  1    4.332021    1.000000    0.000000   -1.000000    0.000000
  104  1    4.389111    1.000000    0.000000   -1.000000    0.000000
  105  1    6.294904    1.000000    0.000000   -1.000000    0.000000
  106  1    6.303267    1.000000    0.000000   -1.000000    0.000000
  107  1    6.317389    1.000000    0.000000    1.000000    0.000000
  108  1    6.510326    1.000000    0.000000    1.000000    0.000000
  109  1    6.807941    1.000000    0.000000    1.000000    0.000000
  110  1    6.833987    1.000000    0.000000    1.000000    0.000000
  111  1    7.019599    1.000000    0.000000    1.000000    0.000000
  112  1    7.051859    1.000000    0.000000    1.000000    0.000000
  113  1    7.086761    1.000000    0.000000    1.000000    0.000000
  114  1    7.220106    1.000000    0.000000    1.000000    0.000000
  115  1    7.382923    1.000000    0.000000    1.000000    0.000000
  116  1    7.623793    1.000000    0.000000   -1.000000    0.000000
  117  1    7.736259    1.000000    0.000000   -1.000000    0.000000
  118  1    7.751643    1.000000    0.000000   -1.000000    0.000000
  119  1    7.806819    1.000000    0.000000    1.000000    0.000000
  120  1    7.840917    1.000000    0.000000    1.000000    0.000000
  121  1    8.046250    1.000000    0.000000    1.000000    0.000000
  122  1    8.062038    1.000000    0.000000   -1.000000    0.000000
  123  1    8.069691    1.000000    0.000000    1.000000    0.000000
  124  1    8.103293    1.000000    0.000000   -1.000000    0.000000
  125  1    8.254260    1.000000    0.000000    1.000000    0.000000
  126  1    8.266395    1.000000    0.000000    1.000000    0.000000
  127  1    8.586736    1.000000    0.000000    1.000000    0.000000
  128  1    8.684314    1.000000    0.000000    1.000000    0.000000
  129  1    8.820393    1.000000    0.000000    1.000000    0.000000
  130  1    8.861577    1.000000    0.000000    0.999998    0.000000
  131  1    8.949039    1.000000    0.000000    0.999999    0.000000
  132  1    8.990749    1.000000    0.000000    0.999998    0.000000
  133  1   10.235842    1.000000    0.000000    0.997827    0.000000
  134  1   10.487979    1.000000    0.000000   -0.976677    0.000000
  135  1   10.782932    1.000000    0.000000   -0.634976    0.000000
  136  1   10.948589    1.000000    0.000000    0.365986    0.000000
  2
    1    2
    1  2  -40.801371    2.000000    0.000000    0.000000    0.000000
    3  2  -40.796235    2.000000    0.000000    0.000000    0.000000
    5  2  -40.062377    2.000000    0.000000    0.000000    0.000000
    7  1  -39.768447    1.000000    0.000000    1.000000    0.000000
    8  1  -39.760575    1.000000    0.000000    1.000000    0.000000
    9  2  -39.735111    2.000000    0.000000    0.000000    0.000000
   11  1  -39.444833    1.000000    0.000000    1.000000    0.000000
   12  1  -39.431889    1.000000    0.000000    1.000000    0.000000
   13  2  -39.315853    2.000000    0.000000    0.000000    0.000000
   15  1  -39.022824    1.000000    0.000000    1.000000    0.000000
   16  1  -39.014306    1.000000    0.000000    1.000000    0.000000
   17  1  -36.816137    1.000000    0.000000   -1.000000    0.000000
   18  1  -36.811551    1.000000    0.000000    1.000000    0.000000
   19  1  -36.512556    1.000000    0.000000    1.000000    0.000000
   20  1  -36.505238    1.000000    0.000000    1.000000    0.000000
   21  1  -36.495594    1.000000    0.000000    1.000000    0.000000
   22  1  -36.486578    1.000000    0.000000   -1.000000    0.000000
   23  1  -36.219841    1.000000    0.000000   -1.000000    0.000000
   24  1  -36.215214    1.000000    0.000000    1.000000    0.000000
   25  1  -36.181800    1.000000    0.000000    1.000000    0.000000
   26  1  -36.175631    1.000000    0.000000    1.000000    0.000000
   27  1  -35.914731    1.000000    0.000000    1.000000    0.000000
   28  1  -35.908117    1.000000    0.000000    1.000000    0.000000
   29  1   -8.599684    1.000000    0.000000   -1.000000    0.000000
   30  1   -8.418621    1.000000    0.000000   -1.000000    0.000000
   31  1   -8.158607    1.000000    0.000000    1.000000    0.000000
   32  1   -7.951729    1.000000    0.000000    1.000000    0.000000
   33  1   -7.449409    1.000000    0.000000   -1.000000    0.000000
   34  1   -7.439138    1.000000    0.000000    1.000000    0.000000
   35  1   -7.397737    1.000000    0.000000   -1.000000    0.000000
   36  1   -7.347463    1.000000    0.000000    1.000000    0.000000
   37  1   -7.330670    1.000000    0.000000    1.000000    0.000000
   38  1   -7.277067    1.000000    0.000000   -1.000000    0.000000
   39  1   -7.255104    1.000000    0.000000   -1.000000    0.000000
   40  1   -7.148784    1.000000    0.000000   -1.000000    0.000000
   41  1   -7.126567    1.000000    0.000000    1.000000    0.000000
   42  1   -7.115758    1.000000    0.000000    1.000000    0.000000
   43  1   -7.039638    1.000000    0.000000    1.000000    0.000000
   44  1   -6.995102    1.000000    0.000000   -1.000000    0.000000
   45  1   -0.516871    1.000000    0.000000   -1.000000    0.000000
   46  1   -0.313854    1.000000    0.000000   -1.000000    0.000000
   47  1   -0.162652    1.000000    0.000000   -1.000000    0.000000
   48  1   -0.094760    1.000000    0.000000   -1.000000    0.000000
   49  1    0.138291    1.000000    0.000000    1.000000    0.000000
   50  1    0.172768    1.000000    0.000000   -1.000000    0.000000
   51  1    0.207839    1.000000    0.000000   -1.000000    0.000000
   52  1    0.298707    1.000000    0.000000    1.000000    0.000000
   53  1    0.359334    1.000000    0.000000    1.000000    0.000000
   54  1    0.367476    1.000000    0.000000    1.000000    0.000000
   55  1    0.458489    1.000000    0.000000   -1.000000    0.000000
   56  1    0.488297    1.000000    0.000000    1.000000    0.000000
   57  1    0.583135    1.000000    0.000000    1.000000    0.000000
   58  1    0.695837    1.000000    0.000000   -1.000000    0.000000
   59  1    0.898307    1.000000    0.000000   -1.000000    0.000000
   60  1    1.053312    1.000000    0.000000    1.000000    0.000000
   61  1    1.279118    1.000000    0.000000   -1.000000    0.000000
   62  1    1.330320    1.000000    0.000000    1.000000    0.000000
   63  1    1.332690    1.000000    0.000000    1.000000    0.000000
   64  1    1.432866    1.000000    0.000000   -1.000000    0.000000
   65  1    1.504535    1.000000    0.000000    1.000000    0.000000
   66  1    1.592267    1.000000    0.000000   -1.000000    0.000000
   67  1    1.622956    1.000000    0.000000   -1.000000    0.000000
   68  1    1.689057    1.000000    0.000000   -1.000000    0.000000
   69  1    1.838670    1.000000    0.000000    1.000000    0.000000
   70  1    1.879038    1.000000    0.000000   -1.000000    0.000000
   71  1    1.886421    1.000000    0.000000    1.000000    0.000000
   72  1    1.926523    1.000000    0.000000   -1.000000    0.000000
   73  1    1.991629    1.000000    0.000000   -1.000000    0.000000
   74  1    2.018690    1.000000    0.000000   -1.000000    0.000000
   75  1    2.147385    1.000000    0.000000   -1.000000    0.000000
   76  1    2.262422    1.000000    0.000000    1.000000    0.000000
   77  1    2.372820    1.000000    0.000000    1.000000    0.000000
   78  1    2.381640    1.000000    0.000000   -1.000000    0.000000
   79  1    2.570480    1.000000    0.000000    1.000000    0.000000
   80  1    2.573650    1.000000    0.000000   -1.000000    0.000000
   81  1    2.622684    1.000000    0.000000   -1.000000    0.000000
   82  1    2.642590    1.000000    0.000000    1.000000    0.000000
   83  1    2.692154    1.000000    0.000000   -1.000000    0.000000
   84  1    2.727180    1.000000    0.000000   -1.000000    0.000000
   85  1    2.745676    1.000000    0.000000    1.000000    0.000000
   86  1    2.796770    1.000000    0.000000    1.000000    0.000000
   87  1    2.855262    1.000000    0.000000   -1.000000    0.000000
   88  1    3.041860    1.000000    0.000000   -1.000000    0.000000
   89  1    3.147673    1.000000    0.000000   -1.000000    0.000000
   90  1    3.215289    1.000000    0.000000    1.000000    0.000000
   91  1    3.229605    1.000000    0.000000    1.000000    0.000000
   92  2    3.355098    2.000000    0.000000    0.000000    0.000000
   94  1    3.390011    1.000000    0.000000   -1.000000    0.000000
   95  1    3.439167    1.000000    0.000000   -1.000000    0.000000
   96  1    3.494801    1.000000    0.000000    1.000000    0.000000
   97  1    3.531473    1.000000    0.000000    1.000000    0.000000
   98  1    3.572069    1.000000    0.000000   -1.000000    0.000000
   99  1    3.915396    1.000000    0.000000   -1.000000    0.000000
  100  1    3.944831    1.000000    0.000000   -1.000000    0.000000
  101  1    4.076364    1.000000    0.000000    1.000000    0.000000
  102  1    4.133477    1.000000    0.000000    1.000000    0.000000
  103  1    4.348122    1.000000    0.000000    1.000000    0.000000
  104  1    4.378284    1.000000    0.000000    1.000000    0.000000
  105  1    6.296757    1.000000    0.000000    1.000000    0.000000
  106  1    6.301534    1.000000    0.000000    1.000000    0.000000
  107  1    6.317431    1.000000    0.000000   -1.000000    0.000000
  108  1    6.510220    1.000000    0.000000   -1.000000    0.000000
  109  1    6.807983    1.000000    0.000000   -1.000000    0.000000
  110  1    6.833974    1.000000    0.000000   -1.000000    0.000000
  111  1    7.019080    1.000000    0.000000   -1.000000    0.000000
  112  1    7.051576    1.000000    0.000000   -1.000000    0.000000
  113  1    7.086573    1.000000    0.000000   -1.000000    0.000000
  114  1    7.220214    1.000000    0.000000   -1.000000    0.000000
  115  1    7.382861    1.000000    0.000000   -1.000000    0.000000
  116  1    7.621153    1.000000    0.000000    1.000000    0.000000
  117  1    7.738352    1.000000    0.000000    1.000000    0.000000
  118  1    7.751350    1.000000    0.000000    1.000000    0.000000
  119  1    7.811097    1.000000    0.000000   -1.000000    0.000000
  120  1    7.837620    1.000000    0.000000   -1.000000    0.000000
  121  1    8.048075    1.000000    0.000000   -1.000000    0.000000
  122  1    8.068342    1.000000    0.000000   -1.000000    0.000000
  123  1    8.079552    1.000000    0.000000    1.000000    0.000000
  124  1    8.086597    1.000000    0.000000    1.000000    0.000000
  125  1    8.253125    1.000000    0.000000   -1.000000    0.000000
  126  1    8.266890    1.000000    0.000000   -1.000000    0.000000
  127  1    8.586497    1.000000    0.000000   -1.000000    0.000000
  128  1    8.684606    1.000000    0.000000   -1.000000    0.000000
  129  1    8.819063    1.000000    0.000000   -0.999999    0.000000
  130  1    8.862267    1.000000    0.000000   -0.999999    0.000000
  131  1    8.950422    1.000000    0.000000   -1.000000    0.000000
  132  1    8.989887    1.000000    0.000000   -1.000000    0.000000
  133  1   10.237131    1.000000    0.000000   -0.998996    0.000000
  134  1   10.489811    1.000000    0.000000    0.978584    0.000000
  135  1   10.812562    1.000000    0.000000    0.574391    0.000000
  136  1   10.948741    1.000000    0.000000   -0.502965    0.000000
