  116  160
  1
  4
  1  0  0  0  1  0  0  0  1    0.000000    0.000000    0.000000    1.000000    0.000000    0.000000    0.000000    0.000000    0.000000    1.000000    0.000000  1
 -1  0  0  0 -1  0  0  0 -1    0.000000    0.000000    0.000000    1.000000    0.000000    0.000000    0.000000    0.000000    0.000000    1.000000    0.000000  1
  0 -1  0 -1  0  0  0  0 -1    0.000000    0.000000    0.000000    0.000000    0.000000   -1.000000    0.000000    1.000000    0.000000    0.000000    0.000000 -1
  0  1  0  1  0  0  0  0  1    0.000000    0.000000    0.000000    0.000000    0.000000   -1.000000    0.000000    1.000000    0.000000    0.000000    0.000000 -1
  8
    0.000000    0.000000    0.000000
    0.000000    0.000000    0.500000
    0.000000    0.500000    0.500000
    0.500000    0.000000    0.500000
    0.500000    0.500000    0.500000
    0.000000    0.500000    0.000000
    0.500000    0.000000    0.000000
    0.500000    0.500000    0.000000
  2
    1    2
    1  2  -47.210548    2.000000    0.000000   -2.000000    0.000000
    3  1  -47.209344    1.000000    0.000000   -1.000000    0.000000
    4  1  -47.208037    1.000000    0.000000   -1.000000    0.000000
    5  1  -46.804959    1.000000    0.000000   -1.000000    0.000000
    6  2  -46.803138    2.000000    0.000000   -2.000000    0.000000
    8  1  -46.800813    1.000000    0.000000   -1.000000    0.000000
    9  2  -46.307205    2.000000    0.000000   -2.000000    0.000000
   11  1  -46.305753    1.000000    0.000000   -1.000000    0.000000
   12  1  -46.304351    1.000000    0.000000   -1.000000    0.000000
   13  2  -42.403601    2.000000    0.000000   -2.000000    0.000000
   15  1  -42.402484    1.000000    0.000000   -1.000000    0.000000
   16  1  -42.399417    1.000000    0.000000   -1.000000    0.000000
   17  3  -42.001939    3.000000    0.000000   -3.000000    0.000000
   20  1  -41.995896    1.000000    0.000000   -1.000000    0.000000
   21  2  -41.654869    2.000000    0.000000   -2.000000    0.000000
   23  1  -41.653439    1.000000    0.000000   -1.000000    0.000000
   24  1  -41.650347    1.000000    0.000000   -1.000000    0.000000
   25  2  -38.369576    2.000000    0.000000    0.000000    0.000000
   27  2  -38.366947    2.000000    0.000000    0.000000    0.000000
   29  2  -38.084636    2.000000    0.000000    0.000000    0.000000
   31  2  -38.083571    2.000000    0.000000    0.000000    0.000000
   33  2  -38.079643    2.000000    0.000000    0.000000    0.000000
   35  2  -38.075178    2.000000    0.000000    0.000000    0.000000
   37  1   -9.557254    1.000000    0.000000    1.000000    0.000000
   38  1   -9.431259    1.000000    0.000000    1.000000    0.000000
   39  1   -8.551293    1.000000    0.000000   -1.000000    0.000000
   40  1   -8.335084    1.000000    0.000000   -1.000000    0.000000
   41  2   -8.317323    2.000000    0.000000   -2.000000    0.000000
   43  1   -8.302143    1.000000    0.000000   -1.000000    0.000000
   44  1   -8.145000    1.000000    0.000000    1.000000    0.000000
   45  2   -8.129612    2.000000    0.000000    2.000000    0.000000
   47  2   -8.077633    2.000000    0.000000   -2.000000    0.000000
   49  1   -8.064059    1.000000    0.000000    1.000000    0.000000
   50  1   -8.062173    1.000000    0.000000   -1.000000    0.000000
   51  2   -8.050473    2.000000    0.000000    2.000000    0.000000
   53  1   -2.490973    1.000000    0.000000    1.000000    0.000000
   54  1   -1.930177    1.000000    0.000000    1.000000    0.000000
   55  1   -1.926412    1.000000    0.000000    1.000000    0.000000
   56  1   -1.916042    1.000000    0.000000    1.000000    0.000000
   57  1   -1.611926    1.000000    0.000000    1.000000    0.000000
   58  1   -1.609702    1.000000    0.000000    1.000000    0.000000
   59  1   -1.596599    1.000000    0.000000    1.000000    0.000000
   60  1   -1.268562    1.000000    0.000000    1.000000    0.000000
   61  1   -1.266213    1.000000    0.000000    1.000000    0.000000
   62  1   -1.236384    1.000000    0.000000    1.000000    0.000000
   63  1   -1.087826    1.000000    0.000000    1.000000    0.000000
   64  1   -1.077353    1.000000    0.000000    1.000000    0.000000
   65  2   -1.074574    2.000000    0.000000    2.000000    0.000000
   67  1   -1.066885    1.000000    0.000000   -1.000000    0.000000
   68  1   -1.060534    1.000000    0.000000    1.000000    0.000000
   69  1   -1.051572    1.000000    0.000000   -1.000000    0.000000
   70  1   -1.049188    1.000000    0.000000    1.000000    0.000000
   71  1   -0.961337    1.000000    0.000000    1.000000    0.000000
   72  1   -0.945380    1.000000    0.000000    1.000000    0.000000
   73  1   -0.737067    1.000000    0.000000    1.000000    0.000000
   74  1   -0.733816    1.000000    0.000000    1.000000    0.000000
   75  1   -0.732181    1.000000    0.000000    1.000000    0.000000
   76  1   -0.570716    1.000000    0.000000    1.000000    0.000000
   77  1   -0.535362    1.000000    0.000000    1.000000    0.000000
   78  1   -0.516455    1.000000    0.000000    1.000000    0.000000
   79  1   -0.336968    1.000000    0.000000   -1.000000    0.000000
   80  1   -0.326265    1.000000    0.000000   -1.000000    0.000000
   81  1   -0.279572    1.000000    0.000000   -1.000000    0.000000
   82  1   -0.266036    1.000000    0.000000   -1.000000    0.000000
   83  1   -0.124187    1.000000    0.000000    1.000000    0.000000
   84  1   -0.034256    1.000000    0.000000    1.000000    0.000000
   85  1    0.006428    1.000000    0.000000    1.000000    0.000000
   86  1    0.009982    1.000000    0.000000    1.000000    0.000000
   87  1    1.272831    1.000000    0.000000   -1.000000    0.000000
   88  1    1.300197    1.000000    0.000000   -1.000000    0.000000
   89  1    1.307557    1.000000    0.000000   -1.000000    0.000000
   90  1    1.352427    1.000000    0.000000   -1.000000    0.000000
   91  1    1.386945    1.000000    0.000000   -1.000000    0.000000
   92  1    1.392715    1.000000    0.000000   -1.000000    0.000000
   93  1    1.678955    1.000000    0.000000    1.000000    0.000000
   94  1    1.700819    1.000000    0.000000    1.000000    0.000000
   95  1    1.817283    1.000000    0.000000    1.000000    0.000000
   96  1    1.846113    1.000000    0.000000   -1.000000    0.000000
   97  1    1.868419    1.000000    0.000000    1.000000    0.000000
   98  1    1.872302    1.000000    0.000000    1.000000    0.000000
   99  1    1.897829    1.000000    0.000000   -1.000000    0.000000
  100  1    1.905446    1.000000    0.000000   -1.000000    0.000000
  101  1    2.021433    1.000000    0.000000   -1.000000    0.000000
  102  1    2.030929    1.000000    0.000000    1.000000    0.000000
  103  1    2.032743    1.000000    0.000000    1.000000    0.000000
  104  1    2.075163    1.000000    0.000000   -1.000000    0.000000
  105  1    2.077845    1.000000    0.000000   -1.000000    0.000000
  106  1    2.100141    1.000000    0.000000    1.000000    0.000000
  107  1    2.916123    1.000000    0.000000   -1.000000    0.000000
  108  1    2.964799    1.000000    0.000000   -1.000000    0.000000
  109  1    2.997010    1.000000    0.000000   -1.000000    0.000000
  110  1    3.165505    1.000000    0.000000   -1.000000    0.000000
  111  1    3.219251    1.000000    0.000000   -1.000000    0.000000
  112  1    3.232062    1.000000    0.000000   -1.000000    0.000000
  113  1    3.576341    1.000000    0.000000    1.000000    0.000000
  114  1    3.635662    1.000000    0.000000    1.000000    0.000000
  115  1    3.637216    1.000000    0.000000    1.000000    0.000000
  116  1    4.116060    1.000000    0.000000    1.000000    0.000000
  117  1    4.142352    1.000000    0.000000    1.000000    0.000000
  118  1    4.226568    1.000000    0.000000    1.000000    0.000000
  119  1    4.229792    1.000000    0.000000    1.000000    0.000000
  120  1    4.262020    1.000000    0.000000    1.000000    0.000000
  121  1    5.738751    1.000000    0.000000    1.000000    0.000000
  122  1    5.998318    1.000000    0.000000    1.000000    0.000000
  123  1    6.017787    1.000000    0.000000    1.000000    0.000000
  124  1    6.875841    1.000000    0.000000    1.000000    0.000000
  125  2    6.900105    2.000000    0.000000    2.000000    0.000000
  127  1    6.902828    1.000000    0.000000    1.000000    0.000000
  128  1    6.905436    1.000000    0.000000    1.000000    0.000000
  129  1    7.000866    1.000000    0.000000    1.000000    0.000000
  130  1    7.129575    1.000000    0.000000    1.000000    0.000000
  131  2    7.172618    2.000000    0.000000    2.000000    0.000000
  133  1    7.201007    1.000000    0.000000    1.000000    0.000000
  134  1    7.495444    1.000000    0.000000    1.000000    0.000000
  135  1    7.516547    1.000000    0.000000    1.000000    0.000000
  136  1    7.522389    1.000000    0.000000    1.000000    0.000000
  137  1    7.608084    1.000000    0.000000    1.000000    0.000000
  138  1    7.670424    1.000000    0.000000   -1.000000    0.000000
  139  1    7.752926    1.000000    0.000000   -1.000000    0.000000
  140  1    7.770302    1.000000    0.000000    1.000000    0.000000
  141  1    7.800249    1.000000    0.000000    1.000000    0.000000
  142  1    7.923620    1.000000    0.000000    1.000000    0.000000
  143  1    7.931527    1.000000    0.000000    1.000000    0.000000
  144  1    7.973454    1.000000    0.000000    1.000000    0.000000
  145  1    8.099671    1.000000    0.000000    1.000000    0.000000
  146  1    8.134454    1.000000    0.000000    1.000000    0.000000
  147  1    8.145715    1.000000    0.000000    1.000000    0.000000
  148  1    8.239070    1.000000    0.000000    1.000000    0.000000
  149  1    8.270895    1.000000    0.000000    1.000000    0.000000
  150  1    8.277500    1.000000    0.000000    1.000000    0.000000
  151  2    8.677567    2.000000    0.000000   -2.000000    0.000000
  153  1    8.692495    1.000000    0.000000   -1.000000    0.000000
  154  2    8.900954    2.000000    0.000000   -2.000000    0.000000
  156  1    8.941346    1.000000    0.000000   -1.000000    0.000000
  157  1    8.953432    1.000000    0.000000    1.000000    0.000000
  158  1    9.811641    1.000000    0.000000    0.999993    0.000000
  159  1    9.870134    1.000000    0.000000    0.999933    0.000000
  160  1   10.556223    1.000000    0.000000   -0.998746    0.000000
  2
    1    2
    1  2  -47.210541    2.000000    0.000000    2.000000    0.000000
    3  1  -47.209350    1.000000    0.000000   -1.000000    0.000000
    4  1  -47.208325    1.000000    0.000000    1.000000    0.000000
    5  3  -46.803512    3.000000    0.000000    1.000000    0.000000
    8  1  -46.802506    1.000000    0.000000    1.000000    0.000000
    9  2  -46.307201    2.000000    0.000000    2.000000    0.000000
   11  1  -46.305809    1.000000    0.000000   -1.000000    0.000000
   12  1  -46.304668    1.000000    0.000000    1.000000    0.000000
   13  3  -42.403224    3.000000    0.000000    1.000000    0.000000
   16  1  -42.399726    1.000000    0.000000    1.000000    0.000000
   17  2  -42.001930    2.000000    0.000000    2.000000    0.000000
   19  2  -41.998879    2.000000    0.000000    0.000000    0.000000
   21  3  -41.654362    3.000000    0.000000    1.000000    0.000000
   24  1  -41.650699    1.000000    0.000000    1.000000    0.000000
   25  2  -38.369596    2.000000    0.000000    0.000000    0.000000
   27  2  -38.366965    2.000000    0.000000    0.000000    0.000000
   29  2  -38.084663    2.000000    0.000000    0.000000    0.000000
   31  2  -38.083574    2.000000    0.000000    0.000000    0.000000
   33  2  -38.079657    2.000000    0.000000    0.000000    0.000000
   35  2  -38.075215    2.000000    0.000000    0.000000    0.000000
   37  1   -9.221634    1.000000    0.000000   -1.000000    0.000000
   38  1   -9.082321    1.000000    0.000000   -1.000000    0.000000
   39  1   -8.904453    1.000000    0.000000    1.000000    0.000000
   40  1   -8.722745    1.000000    0.000000    1.000000    0.000000
   41  1   -8.391180    1.000000    0.000000    1.000000    0.000000
   42  1   -8.260428    1.000000    0.000000   -1.000000    0.000000
   43  1   -8.258826    1.000000    0.000000   -1.000000    0.000000
   44  1   -8.202635    1.000000    0.000000    1.000000    0.000000
   45  1   -8.200995    1.000000    0.000000    1.000000    0.000000
   46  1   -8.185682    1.000000    0.000000   -1.000000    0.000000
   47  1   -8.163568    1.000000    0.000000    1.000000    0.000000
   48  1   -8.122121    1.000000    0.000000   -1.000000    0.000000
   49  1   -8.120565    1.000000    0.000000   -1.000000    0.000000
   50  1   -8.091786    1.000000    0.000000   -1.000000    0.000000
   51  1   -8.015564    1.000000    0.000000    1.000000    0.000000
   52  1   -8.013273    1.000000    0.000000    1.000000    0.000000
   53  1   -1.995562    1.000000    0.000000   -1.000000    0.000000
   54  1   -1.645975    1.000000    0.000000   -1.000000    0.000000
   55  1   -1.624026    1.000000    0.000000   -1.000000    0.000000
   56  1   -1.550472    1.000000    0.000000   -1.000000    0.000000
   57  1   -1.513309    1.000000    0.000000    1.000000    0.000000
   58  1   -1.468584    1.000000    0.000000   -1.000000    0.000000
   59  1   -1.457345    1.000000    0.000000   -1.000000    0.000000
   60  1   -1.376024    1.000000    0.000000    1.000000    0.000000
   61  1   -1.359228    1.000000    0.000000    1.000000    0.000000
   62  1   -1.281222    1.000000    0.000000   -1.000000    0.000000
   63  1   -1.205550    1.000000    0.000000   -1.000000    0.000000
   64  1   -1.181362    1.000000    0.000000   -1.000000    0.000000
   65  1   -1.116844    1.000000    0.000000    1.000000    0.000000
   66  1   -1.057584    1.000000    0.000000    1.000000    0.000000
   67  1   -0.985711    1.000000    0.000000   -1.000000    0.000000
   68  1   -0.973834    1.000000    0.000000   -1.000000    0.000000
   69  1   -0.926577    1.000000    0.000000   -1.000000    0.000000
   70  1   -0.913712    1.000000    0.000000   -1.000000    0.000000
   71  1   -0.810826    1.000000    0.000000    1.000000    0.000000
   72  1   -0.733480    1.000000    0.000000   -1.000000    0.000000
   73  1   -0.725345    1.000000    0.000000   -1.000000    0.000000
   74  1   -0.703641    1.000000    0.000000   -1.000000    0.000000
   75  1   -0.597140    1.000000    0.000000   -1.000000    0.000000
   76  1   -0.589025    1.000000    0.000000   -1.000000    0.000000
   77  1   -0.462982    1.000000    0.000000    1.000000    0.000000
   78  1   -0.120008    1.000000    0.000000    1.000000    0.000000
   79  1   -0.091937    1.000000    0.000000    1.000000    0.000000
   80  1    0.035932    1.000000    0.000000   -1.000000    0.000000
   81  1    0.063919    1.000000    0.000000   -1.000000    0.000000
   82  1    0.173943    1.000000    0.000000   -1.000000    0.000000
   83  1    0.349570    1.000000    0.000000   -1.000000    0.000000
   84  1    0.456564    1.000000    0.000000    1.000000    0.000000
   85  1    0.486650    1.000000    0.000000    1.000000    0.000000
   86  1    0.501968    1.000000    0.000000    1.000000    0.000000
   87  1    0.612423    1.000000    0.000000    1.000000    0.000000
   88  1    0.869471    1.000000    0.000000    1.000000    0.000000
   89  1    0.923829    1.000000    0.000000   -1.000000    0.000000
   90  1    0.940366    1.000000    0.000000   -1.000000    0.000000
   91  1    1.055396    1.000000    0.000000    1.000000    0.000000
   92  1    1.076519    1.000000    0.000000   -1.000000    0.000000
   93  1    1.157605    1.000000    0.000000    1.000000    0.000000
   94  1    1.173281    1.000000    0.000000    1.000000    0.000000
   95  1    1.184904    1.000000    0.000000   -1.000000    0.000000
   96  1    1.437853    1.000000    0.000000    1.000000    0.000000
   97  1    1.460114    1.000000    0.000000    1.000000    0.000000
   98  1    1.633020    1.000000    0.000000    1.000000    0.000000
   99  1    1.652233    1.000000    0.000000   -1.000000    0.000000
  100  1    1.656974    1.000000    0.000000    1.000000    0.000000
  101  1    1.696551    1.000000    0.000000   -1.000000    0.000000
  102  1    1.810715    1.000000    0.000000   -1.000000    0.000000
  103  1    2.067370    1.000000    0.000000   -1.000000    0.000000
  104  1    2.082087    1.000000    0.000000   -1.000000    0.000000
  105  1    2.153350    1.000000    0.000000    1.000000    0.000000
  106  1    2.216860    1.000000    0.000000   -1.000000    0.000000
  107  1    2.271918    1.000000    0.000000   -1.000000    0.000000
  108  1    2.310374    1.000000    0.000000    1.000000    0.000000
  109  1    2.656143    1.000000    0.000000    1.000000    0.000000
  110  1    2.678515    1.000000    0.000000    1.000000    0.000000
  111  1    2.742738    1.000000    0.000000    1.000000    0.000000
  112  1    2.751843    1.000000    0.000000   -1.000000    0.000000
  113  1    2.763959    1.000000    0.000000    1.000000    0.000000
  114  1    3.068945    1.000000    0.000000   -1.000000    0.000000
  115  1    3.096606    1.000000    0.000000   -1.000000    0.000000
  116  1    3.540042    1.000000    0.000000    1.000000    0.000000
  117  1    3.591722    1.000000    0.000000    1.000000    0.000000
  118  1    3.844204    1.000000    0.000000   -1.000000    0.000000
  119  1    4.122943    1.000000    0.000000   -1.000000    0.000000
  120  1    4.152407    1.000000    0.000000   -1.000000    0.000000
  121  1    6.478369    1.000000    0.000000   -1.000000    0.000000
  122  1    6.508922    1.000000    0.000000   -1.000000    0.000000
  123  1    6.518781    1.000000    0.000000   -1.000000    0.000000
  124  1    6.791353    1.000000    0.000000    1.000000    0.000000
  125  1    7.111904    1.000000    0.000000   -1.000000    0.000000
  126  1    7.148673    1.000000    0.000000    1.000000    0.000000
  127  1    7.156852    1.000000    0.000000    1.000000    0.000000
  128  1    7.161233    1.000000    0.000000   -1.000000    0.000000
  129  1    7.180458    1.000000    0.000000   -1.000000    0.000000
  130  1    7.371220    1.000000    0.000000   -1.000000    0.000000
  131  1    7.404798    1.000000    0.000000   -1.000000    0.000000
  132  1    7.425098    1.000000    0.000000   -1.000000    0.000000
  133  1    7.638484    1.000000    0.000000    1.000000    0.000000
  134  1    7.665419    1.000000    0.000000    1.000000    0.000000
  135  1    7.757166    1.000000    0.000000   -1.000000    0.000000
  136  1    7.790571    1.000000    0.000000   -1.000000    0.000000
  137  1    7.803947    1.000000    0.000000   -1.000000    0.000000
  138  1    7.888208    1.000000    0.000000   -1.000000    0.000000
  139  1    7.935337    1.000000    0.000000   -1.000000    0.000000
  140  1    7.947851    1.000000    0.000000   -1.000000    0.000000
  141  1    7.969008    1.000000    0.000000   -1.000000    0.000000
  142  1    8.503967    1.000000    0.000000    1.000000    0.000000
  143  1    8.517039    1.000000    0.000000   -1.000000    0.000000
  144  1    8.550160    1.000000    0.000000    1.000000    0.000000
  145  1    8.607652    1.000000    0.000000    1.000000    0.000000
  146  1    8.665895    1.000000    0.000000    1.000000    0.000000
  147  1    8.735082    1.000000    0.000000   -1.000000    0.000000
  148  1    8.781572    1.000000    0.000000   -1.000000    0.000000
  149  1    8.881363    1.000000    0.000000    1.000000    0.000000
  150  1    8.948200    1.000000    0.000000    1.000000    0.000000
  151  1    9.019346    1.000000    0.000000    1.000000    0.000000
  152  1    9.189449    1.000000    0.000000   -1.000000    0.000000
  153  1    9.422754    1.000000    0.000000    1.000000    0.000000
  154  1    9.878938    1.000000    0.000000   -0.999952    0.000000
  155  1    9.921814    1.000000    0.000000   -0.999829    0.000000
  156  1   10.244197    1.000000    0.000000    0.997145    0.000000
  157  1   10.309388    1.000000    0.000000   -0.936596    0.000000
  158  1   10.456747    1.000000    0.000000    0.834556    0.000000
  159  1   10.492403    1.000000    0.000000   -0.804746    0.000000
  160  1   10.842679    1.000000    0.000000    0.499831    0.000000
  2
    1    2
    1  2  -47.210183    2.000000    0.000000    0.000000    0.000000
    3  2  -47.209099    2.000000    0.000000    0.000000    0.000000
    5  4  -46.803313    4.000000    0.000000    0.000000    0.000000
    9  2  -46.306757    2.000000    0.000000    0.000000    0.000000
   11  2  -46.305523    2.000000    0.000000    0.000000    0.000000
   13  2  -42.403158    2.000000    0.000000    0.000000    0.000000
   15  2  -42.401031    2.000000    0.000000    0.000000    0.000000
   17  2  -42.001521    2.000000    0.000000    0.000000    0.000000
   19  2  -41.998952    2.000000    0.000000    0.000000    0.000000
   21  2  -41.654317    2.000000    0.000000    0.000000    0.000000
   23  2  -41.652154    2.000000    0.000000    0.000000    0.000000
   25  2  -38.369599    2.000000    0.000000    0.000000    0.000000
   27  2  -38.366969    2.000000    0.000000    0.000000    0.000000
   29  2  -38.084657    2.000000    0.000000    0.000000    0.000000
   31  2  -38.083590    2.000000    0.000000    0.000000    0.000000
   33  2  -38.079667    2.000000    0.000000    0.000000    0.000000
   35  2  -38.075205    2.000000    0.000000    0.000000    0.000000
   37  2   -8.989410    2.000000    0.000000    0.000000    0.000000
   39  2   -8.836555    2.000000    0.000000    0.000000    0.000000
   41  2   -8.394260    2.000000    0.000000    0.000000    0.000000
   43  2   -8.387167    2.000000    0.000000    0.000000    0.000000
   45  2   -8.220639    2.000000    0.000000    0.000000    0.000000
   47  2   -8.197611    2.000000    0.000000    0.000000    0.000000
   49  2   -8.073946    2.000000    0.000000    0.000000    0.000000
   51  2   -7.945648    2.000000    0.000000    0.000000    0.000000
   53  2   -1.832333    2.000000    0.000000    0.000000    0.000000
   55  2   -1.566673    2.000000    0.000000    0.000000    0.000000
   57  2   -1.442050    2.000000    0.000000    0.000000    0.000000
   59  2   -1.363194    2.000000    0.000000    0.000000    0.000000
   61  2   -1.257946    2.000000    0.000000    0.000000    0.000000
   63  2   -1.097701    2.000000    0.000000    0.000000    0.000000
   65  2   -1.069147    2.000000    0.000000    0.000000    0.000000
   67  2   -1.015284    2.000000    0.000000    0.000000    0.000000
   69  2   -0.856584    2.000000    0.000000    0.000000    0.000000
   71  2   -0.779722    2.000000    0.000000    0.000000    0.000000
   73  2   -0.505659    2.000000    0.000000    0.000000    0.000000
   75  2   -0.204622    2.000000    0.000000    0.000000    0.000000
   77  2   -0.158403    2.000000    0.000000    0.000000    0.000000
   79  2    0.006937    2.000000    0.000000    0.000000    0.000000
   81  2    0.159568    2.000000    0.000000    0.000000    0.000000
   83  2    0.346598    2.000000    0.000000    0.000000    0.000000
   85  2    0.467533    2.000000    0.000000    0.000000    0.000000
   87  2    0.616540    2.000000    0.000000    0.000000    0.000000
   89  2    0.893495    2.000000    0.000000    0.000000    0.000000
   91  2    0.955944    2.000000    0.000000    0.000000    0.000000
   93  2    1.052192    2.000000    0.000000    0.000000    0.000000
   95  2    1.139455    2.000000    0.000000    0.000000    0.000000
   97  2    1.580489    2.000000    0.000000    0.000000    0.000000
   99  2    1.612220    2.000000    0.000000    0.000000    0.000000
  101  2    1.940755    2.000000    0.000000    0.000000    0.000000
  103  2    1.962467    2.000000    0.000000    0.000000    0.000000
  105  2    2.115804    2.000000    0.000000    0.000000    0.000000
  107  2    2.233892    2.000000    0.000000    0.000000    0.000000
  109  2    2.325423    2.000000    0.000000    0.000000    0.000000
  111  2    2.353577    2.000000    0.000000    0.000000    0.000000
  113  2    2.560615    2.000000    0.000000    0.000000    0.000000
  115  2    2.862041    2.000000    0.000000    0.000000    0.000000
  117  2    3.716487    2.000000    0.000000    0.000000    0.000000
  119  2    4.070556    2.000000    0.000000    0.000000    0.000000
  121  2    6.400939    2.000000    0.000000    0.000000    0.000000
  123  2    6.903581    2.000000    0.000000    0.000000    0.000000
  125  2    7.041060    2.000000    0.000000    0.000000    0.000000
  127  2    7.179516    2.000000    0.000000    0.000000    0.000000
  129  2    7.269215    2.000000    0.000000    0.000000    0.000000
  131  2    7.350391    2.000000    0.000000    0.000000    0.000000
  133  2    7.576315    2.000000    0.000000    0.000000    0.000000
  135  2    7.721010    2.000000    0.000000    0.000000    0.000000
  137  2    7.768193    2.000000    0.000000    0.000000    0.000000
  139  2    8.062325    2.000000    0.000000    0.000000    0.000000
  141  2    8.820523    2.000000    0.000000    0.000000    0.000000
  143  2    9.187494    2.000000    0.000000    0.000000    0.000000
  145  2    9.373364    2.000000    0.000000    0.000000    0.000000
  147  2    9.456644    2.000000    0.000000    0.000000    0.000000
  149  2    9.970959    2.000000    0.000000   -0.000000    0.000000
  151  2   10.024123    2.000000    0.000000   -0.000007    0.000000
  153  2   10.074498    2.000000    0.000000   -0.000000    0.000000
  155  2   10.118604    2.000000    0.000000    0.000008    0.000000
  157  2   10.619546    2.000000    0.000000   -0.002908    0.000000
  159  1   11.046223    1.000000    0.000000    0.897510    0.000000
  160  1   11.140119    1.000000    0.000000    0.830455    0.000000
  2
    1    2
    1  2  -47.210192    2.000000    0.000000    0.000000    0.000000
    3  2  -47.209107    2.000000    0.000000    0.000000    0.000000
    5  4  -46.803316    4.000000    0.000000    0.000000    0.000000
    9  2  -46.306766    2.000000    0.000000    0.000000    0.000000
   11  2  -46.305530    2.000000    0.000000    0.000000    0.000000
   13  2  -42.403161    2.000000    0.000000    0.000000    0.000000
   15  2  -42.401048    2.000000    0.000000    0.000000    0.000000
   17  2  -42.001530    2.000000    0.000000    0.000000    0.000000
   19  2  -41.998952    2.000000    0.000000    0.000000    0.000000
   21  2  -41.654321    2.000000    0.000000    0.000000    0.000000
   23  2  -41.652171    2.000000    0.000000    0.000000    0.000000
   25  2  -38.369599    2.000000    0.000000    0.000000    0.000000
   27  2  -38.366969    2.000000    0.000000    0.000000    0.000000
   29  2  -38.084657    2.000000    0.000000    0.000000    0.000000
   31  2  -38.083590    2.000000    0.000000    0.000000    0.000000
   33  2  -38.079667    2.000000    0.000000    0.000000    0.000000
   35  2  -38.075205    2.000000    0.000000    0.000000    0.000000
   37  2   -8.989406    2.000000    0.000000    0.000000    0.000000
   39  2   -8.836561    2.000000    0.000000    0.000000    0.000000
   41  2   -8.394255    2.000000    0.000000    0.000000    0.000000
   43  2   -8.387159    2.000000    0.000000    0.000000    0.000000
   45  2   -8.220644    2.000000    0.000000    0.000000    0.000000
   47  2   -8.197619    2.000000    0.000000    0.000000    0.000000
   49  2   -8.073938    2.000000    0.000000    0.000000    0.000000
   51  2   -7.945656    2.000000    0.000000    0.000000    0.000000
   53  2   -1.832341    2.000000    0.000000    0.000000    0.000000
   55  2   -1.566674    2.000000    0.000000    0.000000    0.000000
   57  2   -1.442056    2.000000    0.000000    0.000000    0.000000
   59  2   -1.363194    2.000000    0.000000    0.000000    0.000000
   61  2   -1.257951    2.000000    0.000000    0.000000    0.000000
   63  2   -1.097704    2.000000    0.000000    0.000000    0.000000
   65  2   -1.069149    2.000000    0.000000    0.000000    0.000000
   67  2   -1.015284    2.000000    0.000000    0.000000    0.000000
   69  2   -0.856590    2.000000    0.000000    0.000000    0.000000
   71  2   -0.779724    2.000000    0.000000    0.000000    0.000000
   73  2   -0.505655    2.000000    0.000000    0.000000    0.000000
   75  2   -0.204615    2.000000    0.000000    0.000000    0.000000
   77  2   -0.158397    2.000000    0.000000    0.000000    0.000000
   79  2    0.006933    2.000000    0.000000    0.000000    0.000000
   81  2    0.159565    2.000000    0.000000    0.000000    0.000000
   83  2    0.346592    2.000000    0.000000    0.000000    0.000000
   85  2    0.467540    2.000000    0.000000    0.000000    0.000000
   87  2    0.616543    2.000000    0.000000    0.000000    0.000000
   89  2    0.893481    2.000000    0.000000    0.000000    0.000000
   91  2    0.955961    2.000000    0.000000    0.000000    0.000000
   93  2    1.052208    2.000000    0.000000    0.000000    0.000000
   95  2    1.139458    2.000000    0.000000    0.000000    0.000000
   97  2    1.580478    2.000000    0.000000    0.000000    0.000000
   99  2    1.612217    2.000000    0.000000    0.000000    0.000000
  101  2    1.940764    2.000000    0.000000    0.000000    0.000000
  103  2    1.962476    2.000000    0.000000    0.000000    0.000000
  105  2    2.115816    2.000000    0.000000    0.000000    0.000000
  107  2    2.233884    2.000000    0.000000    0.000000    0.000000
  109  2    2.325418    2.000000    0.000000    0.000000    0.000000
  111  2    2.353555    2.000000    0.000000    0.000000    0.000000
  113  2    2.560606    2.000000    0.000000    0.000000    0.000000
  115  2    2.862040    2.000000    0.000000    0.000000    0.000000
  117  2    3.716482    2.000000    0.000000    0.000000    0.000000
  119  2    4.070552    2.000000    0.000000    0.000000    0.000000
  121  2    6.400948    2.000000    0.000000    0.000000    0.000000
  123  2    6.903576    2.000000    0.000000    0.000000    0.000000
  125  2    7.041056    2.000000    0.000000    0.000000    0.000000
  127  2    7.179510    2.000000    0.000000    0.000000    0.000000
  129  2    7.269212    2.000000    0.000000    0.000000    0.000000
  131  2    7.350387    2.000000    0.000000    0.000000    0.000000
  133  2    7.576310    2.000000    0.000000    0.000000    0.000000
  135  2    7.721003    2.000000    0.000000    0.000000    0.000000
  137  2    7.768179    2.000000    0.000000    0.000000    0.000000
  139  2    8.062311    2.000000    0.000000    0.000000    0.000000
  141  2    8.820520    2.000000    0.000000    0.000000    0.000000
  143  2    9.187493    2.000000    0.000000    0.000000    0.000000
  145  2    9.373367    2.000000    0.000000    0.000000    0.000000
  147  2    9.456641    2.000000    0.000000    0.000000    0.000000
  149  2    9.970957    2.000000    0.000000    0.000001    0.000000
  151  2   10.024116    2.000000    0.000000   -0.000001    0.000000
  153  2   10.074497    2.000000    0.000000    0.000001    0.000000
  155  2   10.118601    2.000000    0.000000   -0.000076    0.000000
  157  2   10.619442    2.000000    0.000000   -0.000733    0.000000
  159  1   11.065530    1.000000    0.000000    0.069105    0.000000
  160  1   11.111639    1.000000    0.000000    0.077186    0.000000
  2
    1    2
    1  3  -47.210541    3.000000    0.000000   -1.000000    0.000000
    4  1  -47.208245    1.000000    0.000000   -1.000000    0.000000
    5  4  -46.803366    4.000000    0.000000   -2.000000    0.000000
    9  2  -46.307200    2.000000    0.000000   -2.000000    0.000000
   11  1  -46.306083    1.000000    0.000000    1.000000    0.000000
   12  1  -46.304584    1.000000    0.000000   -1.000000    0.000000
   13  3  -42.402983    3.000000    0.000000   -1.000000    0.000000
   16  1  -42.399692    1.000000    0.000000   -1.000000    0.000000
   17  2  -42.001917    2.000000    0.000000   -2.000000    0.000000
   19  2  -41.999044    2.000000    0.000000    0.000000    0.000000
   21  3  -41.654136    3.000000    0.000000   -1.000000    0.000000
   24  1  -41.650660    1.000000    0.000000   -1.000000    0.000000
   25  2  -38.369596    2.000000    0.000000    0.000000    0.000000
   27  2  -38.366965    2.000000    0.000000    0.000000    0.000000
   29  2  -38.084663    2.000000    0.000000    0.000000    0.000000
   31  2  -38.083574    2.000000    0.000000    0.000000    0.000000
   33  2  -38.079657    2.000000    0.000000    0.000000    0.000000
   35  2  -38.075215    2.000000    0.000000    0.000000    0.000000
   37  1   -9.221676    1.000000    0.000000    1.000000    0.000000
   38  1   -9.082220    1.000000    0.000000    1.000000    0.000000
   39  1   -8.904302    1.000000    0.000000   -1.000000    0.000000
   40  1   -8.722987    1.000000    0.000000   -1.000000    0.000000
   41  1   -8.391416    1.000000    0.000000   -1.000000    0.000000
   42  1   -8.260388    1.000000    0.000000    1.000000    0.000000
   43  1   -8.258781    1.000000    0.000000    1.000000    0.000000
   44  1   -8.202614    1.000000    0.000000   -1.000000    0.000000
   45  1   -8.200940    1.000000    0.000000   -1.000000    0.000000
   46  1   -8.185735    1.000000    0.000000    1.000000    0.000000
   47  1   -8.163278    1.000000    0.000000   -1.000000    0.000000
   48  1   -8.122188    1.000000    0.000000    1.000000    0.000000
   49  1   -8.120638    1.000000    0.000000    1.000000    0.000000
   50  1   -8.091688    1.000000    0.000000    1.000000    0.000000
   51  1   -8.015557    1.000000    0.000000   -1.000000    0.000000
   52  1   -8.013367    1.000000    0.000000   -1.000000    0.000000
   53  1   -1.995546    1.000000    0.000000    1.000000    0.000000
   54  1   -1.645554    1.000000    0.000000    1.000000    0.000000
   55  1   -1.623652    1.000000    0.000000    1.000000    0.000000
   56  1   -1.550378    1.000000    0.000000    1.000000    0.000000
   57  1   -1.513768    1.000000    0.000000   -1.000000    0.000000
   58  1   -1.468550    1.000000    0.000000    1.000000    0.000000
   59  1   -1.457538    1.000000    0.000000    1.000000    0.000000
   60  1   -1.376386    1.000000    0.000000   -1.000000    0.000000
   61  1   -1.359649    1.000000    0.000000   -1.000000    0.000000
   62  1   -1.281165    1.000000    0.000000    1.000000    0.000000
   63  1   -1.205394    1.000000    0.000000    1.000000    0.000000
   64  1   -1.181321    1.000000    0.000000    1.000000    0.000000
   65  1   -1.117113    1.000000    0.000000   -1.000000    0.000000
   66  1   -1.057867    1.000000    0.000000   -1.000000    0.000000
   67  1   -0.985568    1.000000    0.000000    1.000000    0.000000
   68  1   -0.973803    1.000000    0.000000    1.000000    0.000000
   69  1   -0.926236    1.000000    0.000000    1.000000    0.000000
   70  1   -0.913648    1.000000    0.000000    1.000000    0.000000
   71  1   -0.810428    1.000000    0.000000   -1.000000    0.000000
   72  1   -0.733390    1.000000    0.000000    1.000000    0.000000
   73  1   -0.725278    1.000000    0.000000    1.000000    0.000000
   74  1   -0.703589    1.000000    0.000000    1.000000    0.000000
   75  1   -0.597331    1.000000    0.000000    1.000000    0.000000
   76  1   -0.589036    1.000000    0.000000    1.000000    0.000000
   77  1   -0.463342    1.000000    0.000000   -1.000000    0.000000
   78  1   -0.119779    1.000000    0.000000   -1.000000    0.000000
   79  1   -0.091974    1.000000    0.000000   -1.000000    0.000000
   80  1    0.036058    1.000000    0.000000    1.000000    0.000000
   81  1    0.063943    1.000000    0.000000    1.000000    0.000000
   82  1    0.173549    1.000000    0.000000    1.000000    0.000000
   83  1    0.349553    1.000000    0.000000    1.000000    0.000000
   84  1    0.456627    1.000000    0.000000   -1.000000    0.000000
   85  1    0.486539    1.000000    0.000000   -1.000000    0.000000
   86  1    0.502009    1.000000    0.000000   -1.000000    0.000000
   87  1    0.612996    1.000000    0.000000   -1.000000    0.000000
   88  1    0.869400    1.000000    0.000000   -1.000000    0.000000
   89  1    0.923820    1.000000    0.000000    1.000000    0.000000
   90  1    0.940661    1.000000    0.000000    1.000000    0.000000
   91  1    1.055306    1.000000    0.000000   -1.000000    0.000000
   92  1    1.076485    1.000000    0.000000    1.000000    0.000000
   93  1    1.157658    1.000000    0.000000   -1.000000    0.000000
   94  1    1.173022    1.000000    0.000000   -1.000000    0.000000
   95  1    1.184975    1.000000    0.000000    1.000000    0.000000
   96  1    1.437876    1.000000    0.000000   -1.000000    0.000000
   97  1    1.460331    1.000000    0.000000   -1.000000    0.000000
   98  1    1.632974    1.000000    0.000000   -1.000000    0.000000
   99  1    1.652019    1.000000    0.000000    1.000000    0.000000
  100  1    1.656887    1.000000    0.000000   -1.000000    0.000000
  101  1    1.696408    1.000000    0.000000    1.000000    0.000000
  102  1    1.810883    1.000000    0.000000    1.000000    0.000000
  103  1    2.067000    1.000000    0.000000    1.000000    0.000000
  104  1    2.081831    1.000000    0.000000    1.000000    0.000000
  105  1    2.153479    1.000000    0.000000   -1.000000    0.000000
  106  1    2.216825    1.000000    0.000000    1.000000    0.000000
  107  1    2.271932    1.000000    0.000000    1.000000    0.000000
  108  1    2.310353    1.000000    0.000000   -1.000000    0.000000
  109  1    2.655868    1.000000    0.000000   -1.000000    0.000000
  110  1    2.678783    1.000000    0.000000   -1.000000    0.000000
  111  1    2.742711    1.000000    0.000000   -1.000000    0.000000
  112  1    2.751842    1.000000    0.000000    1.000000    0.000000
  113  1    2.764051    1.000000    0.000000   -1.000000    0.000000
  114  1    3.068926    1.000000    0.000000    1.000000    0.000000
  115  1    3.096608    1.000000    0.000000    1.000000    0.000000
  116  1    3.539977    1.000000    0.000000   -1.000000    0.000000
  117  1    3.591659    1.000000    0.000000   -1.000000    0.000000
  118  1    3.844136    1.000000    0.000000    1.000000    0.000000
  119  1    4.123248    1.000000    0.000000    1.000000    0.000000
  120  1    4.152666    1.000000    0.000000    1.000000    0.000000
  121  1    6.478479    1.000000    0.000000    1.000000    0.000000
  122  1    6.508906    1.000000    0.000000    1.000000    0.000000
  123  1    6.518743    1.000000    0.000000    1.000000    0.000000
  124  1    6.791530    1.000000    0.000000   -1.000000    0.000000
  125  1    7.112247    1.000000    0.000000    1.000000    0.000000
  126  1    7.148581    1.000000    0.000000   -1.000000    0.000000
  127  1    7.156870    1.000000    0.000000   -1.000000    0.000000
  128  1    7.161370    1.000000    0.000000    1.000000    0.000000
  129  1    7.180619    1.000000    0.000000    1.000000    0.000000
  130  1    7.371288    1.000000    0.000000    1.000000    0.000000
  131  1    7.404923    1.000000    0.000000    1.000000    0.000000
  132  1    7.425082    1.000000    0.000000    1.000000    0.000000
  133  1    7.638235    1.000000    0.000000   -1.000000    0.000000
  134  1    7.665178    1.000000    0.000000   -1.000000    0.000000
  135  1    7.757224    1.000000    0.000000    1.000000    0.000000
  136  1    7.790637    1.000000    0.000000    1.000000    0.000000
  137  1    7.804002    1.000000    0.000000    1.000000    0.000000
  138  1    7.887600    1.000000    0.000000    1.000000    0.000000
  139  1    7.935414    1.000000    0.000000    1.000000    0.000000
  140  1    7.947862    1.000000    0.000000    1.000000    0.000000
  141  1    7.969102    1.000000    0.000000    1.000000    0.000000
  142  1    8.503414    1.000000    0.000000   -1.000000    0.000000
  143  1    8.517413    1.000000    0.000000    1.000000    0.000000
  144  1    8.549780    1.000000    0.000000   -1.000000    0.000000
  145  1    8.607692    1.000000    0.000000   -1.000000    0.000000
  146  1    8.665669    1.000000    0.000000   -1.000000    0.000000
  147  1    8.735006    1.000000    0.000000    1.000000    0.000000
  148  1    8.781614    1.000000    0.000000    1.000000    0.000000
  149  1    8.881523    1.000000    0.000000   -1.000000    0.000000
  150  1    8.948117    1.000000    0.000000   -1.000000    0.000000
  151  1    9.019582    1.000000    0.000000   -1.000000    0.000000
  152  1    9.189078    1.000000    0.000000    1.000000    0.000000
  153  1    9.422847    1.000000    0.000000   -1.000000    0.000000
  154  1    9.879136    1.000000    0.000000    0.999944    0.000000
  155  1    9.921789    1.000000    0.000000    0.999977    0.000000
  156  1   10.243292    1.000000    0.000000   -0.999180    0.000000
  157  1   10.302376    1.000000    0.000000    0.987075    0.000000
  158  1   10.451868    1.000000    0.000000   -0.705244    0.000000
  159  1   10.516666    1.000000    0.000000    0.519287    0.000000
  160  1   10.741164    1.000000    0.000000   -0.917460    0.000000
  2
    1    2
    1  2  -47.210426    2.000000    0.000000    0.000000    0.000000
    3  2  -47.209357    2.000000    0.000000   -2.000000    0.000000
    5  1  -46.804955    1.000000    0.000000   -1.000000    0.000000
    6  2  -46.802836    2.000000    0.000000    0.000000    0.000000
    8  1  -46.800900    1.000000    0.000000   -1.000000    0.000000
    9  2  -46.307044    2.000000    0.000000    0.000000    0.000000
   11  2  -46.305770    2.000000    0.000000   -2.000000    0.000000
   13  2  -42.403474    2.000000    0.000000   -2.000000    0.000000
   15  2  -42.401382    2.000000    0.000000    0.000000    0.000000
   17  3  -42.001768    3.000000    0.000000   -1.000000    0.000000
   20  1  -41.995969    1.000000    0.000000   -1.000000    0.000000
   21  1  -41.654749    1.000000    0.000000   -1.000000    0.000000
   22  2  -41.653441    2.000000    0.000000    0.000000    0.000000
   24  1  -41.651872    1.000000    0.000000   -1.000000    0.000000
   25  2  -38.369595    2.000000    0.000000    0.000000    0.000000
   27  2  -38.366966    2.000000    0.000000    0.000000    0.000000
   29  2  -38.084644    2.000000    0.000000    0.000000    0.000000
   31  2  -38.083587    2.000000    0.000000    0.000000    0.000000
   33  2  -38.079677    2.000000    0.000000    0.000000    0.000000
   35  2  -38.075202    2.000000    0.000000    0.000000    0.000000
   37  1   -9.221612    1.000000    0.000000    1.000000    0.000000
   38  1   -9.082310    1.000000    0.000000    1.000000    0.000000
   39  1   -8.904511    1.000000    0.000000   -1.000000    0.000000
   40  1   -8.722774    1.000000    0.000000   -1.000000    0.000000
   41  1   -8.391062    1.000000    0.000000   -1.000000    0.000000
   42  2   -8.259852    2.000000    0.000000    2.000000    0.000000
   44  1   -8.202365    1.000000    0.000000   -1.000000    0.000000
   45  1   -8.201335    1.000000    0.000000   -1.000000    0.000000
   46  1   -8.185598    1.000000    0.000000    1.000000    0.000000
   47  1   -8.163475    1.000000    0.000000   -1.000000    0.000000
   48  2   -8.121419    2.000000    0.000000    2.000000    0.000000
   50  1   -8.091731    1.000000    0.000000    1.000000    0.000000
   51  1   -8.015283    1.000000    0.000000   -1.000000    0.000000
   52  1   -8.013618    1.000000    0.000000   -1.000000    0.000000
   53  1   -1.995429    1.000000    0.000000    1.000000    0.000000
   54  1   -1.636292    1.000000    0.000000    1.000000    0.000000
   55  1   -1.633062    1.000000    0.000000    1.000000    0.000000
   56  1   -1.552229    1.000000    0.000000    1.000000    0.000000
   57  1   -1.516033    1.000000    0.000000   -1.000000    0.000000
   58  1   -1.466813    1.000000    0.000000    1.000000    0.000000
   59  1   -1.459841    1.000000    0.000000    1.000000    0.000000
   60  1   -1.367399    1.000000    0.000000   -1.000000    0.000000
   61  1   -1.366048    1.000000    0.000000   -1.000000    0.000000
   62  1   -1.281305    1.000000    0.000000    1.000000    0.000000
   63  1   -1.200554    1.000000    0.000000    1.000000    0.000000
   64  1   -1.184485    1.000000    0.000000    1.000000    0.000000
   65  1   -1.090057    1.000000    0.000000   -1.000000    0.000000
   66  1   -1.084571    1.000000    0.000000   -1.000000    0.000000
   67  1   -0.984765    1.000000    0.000000    1.000000    0.000000
   68  1   -0.974515    1.000000    0.000000    1.000000    0.000000
   69  1   -0.926470    1.000000    0.000000    1.000000    0.000000
   70  1   -0.909150    1.000000    0.000000    1.000000    0.000000
   71  1   -0.810893    1.000000    0.000000   -1.000000    0.000000
   72  1   -0.735136    1.000000    0.000000    1.000000    0.000000
   73  1   -0.720399    1.000000    0.000000    1.000000    0.000000
   74  1   -0.711696    1.000000    0.000000    1.000000    0.000000
   75  1   -0.597407    1.000000    0.000000    1.000000    0.000000
   76  1   -0.588875    1.000000    0.000000    1.000000    0.000000
   77  1   -0.462626    1.000000    0.000000   -1.000000    0.000000
   78  1   -0.119228    1.000000    0.000000   -1.000000    0.000000
   79  1   -0.092855    1.000000    0.000000   -1.000000    0.000000
   80  1    0.036308    1.000000    0.000000    1.000000    0.000000
   81  1    0.063551    1.000000    0.000000    1.000000    0.000000
   82  1    0.173835    1.000000    0.000000    1.000000    0.000000
   83  1    0.349865    1.000000    0.000000    1.000000    0.000000
   84  1    0.458272    1.000000    0.000000   -1.000000    0.000000
   85  2    0.492151    2.000000    0.000000   -2.000000    0.000000
   87  1    0.614331    1.000000    0.000000   -1.000000    0.000000
   88  1    0.869355    1.000000    0.000000   -1.000000    0.000000
   89  1    0.923939    1.000000    0.000000    1.000000    0.000000
   90  1    0.940732    1.000000    0.000000    1.000000    0.000000
   91  1    1.055697    1.000000    0.000000   -1.000000    0.000000
   92  1    1.076482    1.000000    0.000000    1.000000    0.000000
   93  1    1.159845    1.000000    0.000000   -1.000000    0.000000
   94  1    1.170800    1.000000    0.000000   -1.000000    0.000000
   95  1    1.184777    1.000000    0.000000    1.000000    0.000000
   96  1    1.443960    1.000000    0.000000   -1.000000    0.000000
   97  1    1.454606    1.000000    0.000000   -1.000000    0.000000
   98  1    1.635992    1.000000    0.000000   -1.000000    0.000000
   99  2    1.652972    2.000000    0.000000    0.000000    0.000000
  101  1    1.696905    1.000000    0.000000    1.000000    0.000000
  102  1    1.811363    1.000000    0.000000    1.000000    0.000000
  103  1    2.069441    1.000000    0.000000    1.000000    0.000000
  104  1    2.078241    1.000000    0.000000    1.000000    0.000000
  105  1    2.153526    1.000000    0.000000   -1.000000    0.000000
  106  1    2.224292    1.000000    0.000000    1.000000    0.000000
  107  1    2.264572    1.000000    0.000000    1.000000    0.000000
  108  1    2.310207    1.000000    0.000000   -1.000000    0.000000
  109  1    2.660674    1.000000    0.000000   -1.000000    0.000000
  110  1    2.676106    1.000000    0.000000   -1.000000    0.000000
  111  1    2.739277    1.000000    0.000000   -1.000000    0.000000
  112  1    2.751441    1.000000    0.000000    1.000000    0.000000
  113  1    2.764726    1.000000    0.000000   -1.000000    0.000000
  114  1    3.069897    1.000000    0.000000    1.000000    0.000000
  115  1    3.095843    1.000000    0.000000    1.000000    0.000000
  116  1    3.544482    1.000000    0.000000   -1.000000    0.000000
  117  1    3.587798    1.000000    0.000000   -1.000000    0.000000
  118  1    3.844242    1.000000    0.000000    1.000000    0.000000
  119  1    4.135057    1.000000    0.000000    1.000000    0.000000
  120  1    4.140664    1.000000    0.000000    1.000000    0.000000
  121  1    6.478476    1.000000    0.000000    1.000000    0.000000
  122  1    6.510484    1.000000    0.000000    1.000000    0.000000
  123  1    6.516532    1.000000    0.000000    1.000000    0.000000
  124  1    6.790079    1.000000    0.000000   -1.000000    0.000000
  125  1    7.109870    1.000000    0.000000    1.000000    0.000000
  126  1    7.149941    1.000000    0.000000   -1.000000    0.000000
  127  1    7.156955    1.000000    0.000000   -1.000000    0.000000
  128  1    7.169158    1.000000    0.000000    1.000000    0.000000
  129  1    7.176814    1.000000    0.000000    1.000000    0.000000
  130  1    7.376408    1.000000    0.000000    1.000000    0.000000
  131  1    7.397424    1.000000    0.000000    1.000000    0.000000
  132  1    7.425477    1.000000    0.000000    1.000000    0.000000
  133  1    7.642650    1.000000    0.000000   -1.000000    0.000000
  134  1    7.660388    1.000000    0.000000   -1.000000    0.000000
  135  1    7.766143    1.000000    0.000000    1.000000    0.000000
  136  1    7.780694    1.000000    0.000000    1.000000    0.000000
  137  1    7.805539    1.000000    0.000000    1.000000    0.000000
  138  1    7.888100    1.000000    0.000000    1.000000    0.000000
  139  1    7.930842    1.000000    0.000000    1.000000    0.000000
  140  1    7.947763    1.000000    0.000000    1.000000    0.000000
  141  1    7.973927    1.000000    0.000000    1.000000    0.000000
  142  1    8.503819    1.000000    0.000000   -1.000000    0.000000
  143  1    8.516954    1.000000    0.000000    1.000000    0.000000
  144  1    8.549923    1.000000    0.000000   -1.000000    0.000000
  145  1    8.608003    1.000000    0.000000   -1.000000    0.000000
  146  1    8.665988    1.000000    0.000000   -1.000000    0.000000
  147  1    8.735166    1.000000    0.000000    1.000000    0.000000
  148  1    8.781611    1.000000    0.000000    1.000000    0.000000
  149  1    8.881532    1.000000    0.000000   -1.000000    0.000000
  150  1    8.947981    1.000000    0.000000   -1.000000    0.000000
  151  1    9.019319    1.000000    0.000000   -1.000000    0.000000
  152  1    9.189521    1.000000    0.000000    1.000000    0.000000
  153  1    9.422673    1.000000    0.000000   -0.999999    0.000000
  154  1    9.879767    1.000000    0.000000    0.999978    0.000000
  155  1    9.921113    1.000000    0.000000    0.999706    0.000000
  156  1   10.243422    1.000000    0.000000   -0.999508    0.000000
  157  1   10.302041    1.000000    0.000000    0.993163    0.000000
  158  1   10.447679    1.000000    0.000000   -0.914622    0.000000
  159  1   10.502108    1.000000    0.000000    0.828540    0.000000
  160  1   10.759425    1.000000    0.000000   -0.920158    0.000000
  2
    1    2
    1  2  -47.210434    2.000000    0.000000    0.000000    0.000000
    3  2  -47.209357    2.000000    0.000000   -2.000000    0.000000
    5  1  -46.804955    1.000000    0.000000   -1.000000    0.000000
    6  2  -46.802847    2.000000    0.000000    0.000000    0.000000
    8  1  -46.800901    1.000000    0.000000   -1.000000    0.000000
    9  2  -46.307052    2.000000    0.000000    0.000000    0.000000
   11  2  -46.305771    2.000000    0.000000   -2.000000    0.000000
   13  1  -42.403478    1.000000    0.000000   -1.000000    0.000000
   14  1  -42.402477    1.000000    0.000000   -1.000000    0.000000
   15  2  -42.401362    2.000000    0.000000    0.000000    0.000000
   17  3  -42.001768    3.000000    0.000000   -1.000000    0.000000
   20  1  -41.995970    1.000000    0.000000   -1.000000    0.000000
   21  1  -41.654754    1.000000    0.000000   -1.000000    0.000000
   22  2  -41.653441    2.000000    0.000000    0.000000    0.000000
   24  1  -41.651887    1.000000    0.000000   -1.000000    0.000000
   25  2  -38.369595    2.000000    0.000000    0.000000    0.000000
   27  2  -38.366966    2.000000    0.000000    0.000000    0.000000
   29  2  -38.084644    2.000000    0.000000    0.000000    0.000000
   31  2  -38.083587    2.000000    0.000000    0.000000    0.000000
   33  2  -38.079677    2.000000    0.000000    0.000000    0.000000
   35  2  -38.075202    2.000000    0.000000    0.000000    0.000000
   37  1   -9.221613    1.000000    0.000000    1.000000    0.000000
   38  1   -9.082312    1.000000    0.000000    1.000000    0.000000
   39  1   -8.904507    1.000000    0.000000   -1.000000    0.000000
   40  1   -8.722769    1.000000    0.000000   -1.000000    0.000000
   41  1   -8.391076    1.000000    0.000000   -1.000000    0.000000
   42  2   -8.259852    2.000000    0.000000    2.000000    0.000000
   44  1   -8.202364    1.000000    0.000000   -1.000000    0.000000
   45  1   -8.201325    1.000000    0.000000   -1.000000    0.000000
   46  1   -8.185606    1.000000    0.000000    1.000000    0.000000
   47  1   -8.163491    1.000000    0.000000   -1.000000    0.000000
   48  2   -8.121419    2.000000    0.000000    2.000000    0.000000
   50  1   -8.091740    1.000000    0.000000    1.000000    0.000000
   51  1   -8.015283    1.000000    0.000000   -1.000000    0.000000
   52  1   -8.013608    1.000000    0.000000   -1.000000    0.000000
   53  1   -1.995429    1.000000    0.000000    1.000000    0.000000
   54  1   -1.636303    1.000000    0.000000    1.000000    0.000000
   55  1   -1.633065    1.000000    0.000000    1.000000    0.000000
   56  1   -1.552233    1.000000    0.000000    1.000000    0.000000
   57  1   -1.516027    1.000000    0.000000   -1.000000    0.000000
   58  1   -1.466816    1.000000    0.000000    1.000000    0.000000
   59  1   -1.459840    1.000000    0.000000    1.000000    0.000000
   60  1   -1.367395    1.000000    0.000000   -1.000000    0.000000
   61  1   -1.366038    1.000000    0.000000   -1.000000    0.000000
   62  1   -1.281308    1.000000    0.000000    1.000000    0.000000
   63  1   -1.200550    1.000000    0.000000    1.000000    0.000000
   64  1   -1.184482    1.000000    0.000000    1.000000    0.000000
   65  1   -1.090054    1.000000    0.000000   -1.000000    0.000000
   66  1   -1.084561    1.000000    0.000000   -1.000000    0.000000
   67  1   -0.984767    1.000000    0.000000    1.000000    0.000000
   68  1   -0.974515    1.000000    0.000000    1.000000    0.000000
   69  1   -0.926466    1.000000    0.000000    1.000000    0.000000
   70  1   -0.909148    1.000000    0.000000    1.000000    0.000000
   71  1   -0.810888    1.000000    0.000000   -1.000000    0.000000
   72  1   -0.735140    1.000000    0.000000    1.000000    0.000000
   73  1   -0.720409    1.000000    0.000000    1.000000    0.000000
   74  1   -0.711698    1.000000    0.000000    1.000000    0.000000
   75  1   -0.597416    1.000000    0.000000    1.000000    0.000000
   76  1   -0.588878    1.000000    0.000000    1.000000    0.000000
   77  1   -0.462617    1.000000    0.000000   -1.000000    0.000000
   78  1   -0.119232    1.000000    0.000000   -1.000000    0.000000
   79  1   -0.092861    1.000000    0.000000   -1.000000    0.000000
   80  1    0.036309    1.000000    0.000000    1.000000    0.000000
   81  1    0.063539    1.000000    0.000000    1.000000    0.000000
   82  1    0.173840    1.000000    0.000000    1.000000    0.000000
   83  1    0.349863    1.000000    0.000000    1.000000    0.000000
   84  1    0.458237    1.000000    0.000000   -1.000000    0.000000
   85  2    0.492184    2.000000    0.000000   -2.000000    0.000000
   87  1    0.614326    1.000000    0.000000   -1.000000    0.000000
   88  1    0.869353    1.000000    0.000000   -1.000000    0.000000
   89  1    0.923949    1.000000    0.000000    1.000000    0.000000
   90  1    0.940743    1.000000    0.000000    1.000000    0.000000
   91  1    1.055697    1.000000    0.000000   -1.000000    0.000000
   92  1    1.076466    1.000000    0.000000    1.000000    0.000000
   93  1    1.159851    1.000000    0.000000   -1.000000    0.000000
   94  1    1.170797    1.000000    0.000000   -1.000000    0.000000
   95  1    1.184778    1.000000    0.000000    1.000000    0.000000
   96  1    1.443967    1.000000    0.000000   -1.000000    0.000000
   97  1    1.454611    1.000000    0.000000   -1.000000    0.000000
   98  1    1.635993    1.000000    0.000000   -1.000000    0.000000
   99  2    1.652960    2.000000    0.000000    0.000000    0.000000
  101  1    1.696900    1.000000    0.000000    1.000000    0.000000
  102  1    1.811369    1.000000    0.000000    1.000000    0.000000
  103  1    2.069455    1.000000    0.000000    1.000000    0.000000
  104  1    2.078223    1.000000    0.000000    1.000000    0.000000
  105  1    2.153530    1.000000    0.000000   -1.000000    0.000000
  106  1    2.224309    1.000000    0.000000    1.000000    0.000000
  107  1    2.264566    1.000000    0.000000    1.000000    0.000000
  108  1    2.310210    1.000000    0.000000   -1.000000    0.000000
  109  1    2.660675    1.000000    0.000000   -1.000000    0.000000
  110  1    2.676135    1.000000    0.000000   -1.000000    0.000000
  111  1    2.739246    1.000000    0.000000   -1.000000    0.000000
  112  1    2.751439    1.000000    0.000000    1.000000    0.000000
  113  1    2.764715    1.000000    0.000000   -1.000000    0.000000
  114  1    3.069902    1.000000    0.000000    1.000000    0.000000
  115  1    3.095841    1.000000    0.000000    1.000000    0.000000
  116  1    3.544487    1.000000    0.000000   -1.000000    0.000000
  117  1    3.587804    1.000000    0.000000   -1.000000    0.000000
  118  1    3.844244    1.000000    0.000000    1.000000    0.000000
  119  1    4.135052    1.000000    0.000000    1.000000    0.000000
  120  1    4.140663    1.000000    0.000000    1.000000    0.000000
  121  1    6.478471    1.000000    0.000000    1.000000    0.000000
  122  1    6.510483    1.000000    0.000000    1.000000    0.000000
  123  1    6.516526    1.000000    0.000000    1.000000    0.000000
  124  1    6.790090    1.000000    0.000000   -1.000000    0.000000
  125  1    7.109870    1.000000    0.000000    1.000000    0.000000
  126  1    7.149951    1.000000    0.000000   -1.000000    0.000000
  127  1    7.156968    1.000000    0.000000   -1.000000    0.000000
  128  1    7.169154    1.000000    0.000000    1.000000    0.000000
  129  1    7.176813    1.000000    0.000000    1.000000    0.000000
  130  1    7.376403    1.000000    0.000000    1.000000    0.000000
  131  1    7.397417    1.000000    0.000000    1.000000    0.000000
  132  1    7.425476    1.000000    0.000000    1.000000    0.000000
  133  1    7.642673    1.000000    0.000000   -1.000000    0.000000
  134  1    7.660398    1.000000    0.000000   -1.000000    0.000000
  135  1    7.766140    1.000000    0.000000    1.000000    0.000000
  136  1    7.780678    1.000000    0.000000    1.000000    0.000000
  137  1    7.805529    1.000000    0.000000    1.000000    0.000000
  138  1    7.888101    1.000000    0.000000    1.000000    0.000000
  139  1    7.930837    1.000000    0.000000    1.000000    0.000000
  140  1    7.947762    1.000000    0.000000    1.000000    0.000000
  141  1    7.973927    1.000000    0.000000    1.000000    0.000000
  142  1    8.503819    1.000000    0.000000   -1.000000    0.000000
  143  1    8.516962    1.000000    0.000000    1.000000    0.000000
  144  1    8.549925    1.000000    0.000000   -1.000000    0.000000
  145  1    8.607998    1.000000    0.000000   -1.000000    0.000000
  146  1    8.665989    1.000000    0.000000   -1.000000    0.000000
  147  1    8.735162    1.000000    0.000000    1.000000    0.000000
  148  1    8.781607    1.000000    0.000000    1.000000    0.000000
  149  1    8.881533    1.000000    0.000000   -1.000000    0.000000
  150  1    8.947980    1.000000    0.000000   -1.000000    0.000000
  151  1    9.019315    1.000000    0.000000   -1.000000    0.000000
  152  1    9.189518    1.000000    0.000000    1.000000    0.000000
  153  1    9.422680    1.000000    0.000000   -1.000000    0.000000
  154  1    9.879765    1.000000    0.000000    0.999981    0.000000
  155  1    9.920989    1.000000    0.000000    0.999812    0.000000
  156  1   10.246284    1.000000    0.000000   -0.990693    0.000000
  157  1   10.301989    1.000000    0.000000    0.985555    0.000000
  158  1   10.445708    1.000000    0.000000   -0.935309    0.000000
  159  1   10.506033    1.000000    0.000000    0.818460    0.000000
  160  1   10.698290    1.000000    0.000000   -0.964263    0.000000
  2
    1    2
    1  2  -47.210531    2.000000    0.000000    0.000000    0.000000
    3  2  -47.209284    2.000000    0.000000    0.000000    0.000000
    5  1  -46.804951    1.000000    0.000000   -1.000000    0.000000
    6  2  -46.802920    2.000000    0.000000    2.000000    0.000000
    8  1  -46.801035    1.000000    0.000000   -1.000000    0.000000
    9  1  -46.307196    1.000000    0.000000    1.000000    0.000000
   10  3  -46.306177    3.000000    0.000000   -1.000000    0.000000
   13  3  -42.402918    3.000000    0.000000   -1.000000    0.000000
   16  1  -42.400126    1.000000    0.000000    1.000000    0.000000
   17  3  -42.001775    3.000000    0.000000    1.000000    0.000000
   20  1  -41.996065    1.000000    0.000000   -1.000000    0.000000
   21  3  -41.654065    3.000000    0.000000   -1.000000    0.000000
   24  1  -41.651188    1.000000    0.000000    1.000000    0.000000
   25  2  -38.369595    2.000000    0.000000    0.000000    0.000000
   27  2  -38.366965    2.000000    0.000000    0.000000    0.000000
   29  2  -38.084666    2.000000    0.000000    0.000000    0.000000
   31  2  -38.083595    2.000000    0.000000    0.000000    0.000000
   33  2  -38.079674    2.000000    0.000000    0.000000    0.000000
   35  2  -38.075204    2.000000    0.000000    0.000000    0.000000
   37  2   -9.003234    2.000000    0.000000    0.000000    0.000000
   39  2   -8.849947    2.000000    0.000000    0.000000    0.000000
   41  2   -8.391199    2.000000    0.000000    0.000000    0.000000
   43  2   -8.376801    2.000000    0.000000    0.000000    0.000000
   45  2   -8.203129    2.000000    0.000000    0.000000    0.000000
   47  2   -8.201320    2.000000    0.000000    0.000000    0.000000
   49  2   -8.068201    2.000000    0.000000    0.000000    0.000000
   51  2   -7.940826    2.000000    0.000000    0.000000    0.000000
   53  2   -1.838491    2.000000    0.000000    0.000000    0.000000
   55  1   -1.572049    1.000000    0.000000   -1.000000    0.000000
   56  1   -1.570178    1.000000    0.000000    1.000000    0.000000
   57  1   -1.454445    1.000000    0.000000    1.000000    0.000000
   58  1   -1.447886    1.000000    0.000000   -1.000000    0.000000
   59  1   -1.355322    1.000000    0.000000   -1.000000    0.000000
   60  1   -1.350710    1.000000    0.000000    1.000000    0.000000
   61  1   -1.268142    1.000000    0.000000    1.000000    0.000000
   62  1   -1.259120    1.000000    0.000000   -1.000000    0.000000
   63  1   -1.086978    1.000000    0.000000   -1.000000    0.000000
   64  1   -1.077215    1.000000    0.000000   -1.000000    0.000000
   65  2   -1.076180    2.000000    0.000000    2.000000    0.000000
   67  1   -1.019485    1.000000    0.000000    1.000000    0.000000
   68  1   -1.017215    1.000000    0.000000   -1.000000    0.000000
   69  1   -0.852264    1.000000    0.000000    1.000000    0.000000
   70  1   -0.850978    1.000000    0.000000   -1.000000    0.000000
   71  1   -0.788137    1.000000    0.000000    1.000000    0.000000
   72  1   -0.787103    1.000000    0.000000   -1.000000    0.000000
   73  2   -0.549793    2.000000    0.000000    0.000000    0.000000
   75  2   -0.226623    2.000000    0.000000    0.000000    0.000000
   77  2   -0.127261    2.000000    0.000000    0.000000    0.000000
   79  2    0.026266    2.000000    0.000000    0.000000    0.000000
   81  2    0.123964    2.000000    0.000000    0.000000    0.000000
   83  2    0.352998    2.000000    0.000000    0.000000    0.000000
   85  2    0.446192    2.000000    0.000000    0.000000    0.000000
   87  2    0.615474    2.000000    0.000000    0.000000    0.000000
   89  2    0.863078    2.000000    0.000000    0.000000    0.000000
   91  1    0.936311    1.000000    0.000000   -1.000000    0.000000
   92  1    0.942714    1.000000    0.000000    1.000000    0.000000
   93  1    1.045530    1.000000    0.000000    1.000000    0.000000
   94  1    1.050537    1.000000    0.000000   -1.000000    0.000000
   95  2    1.093104    2.000000    0.000000    0.000000    0.000000
   97  1    1.544314    1.000000    0.000000    1.000000    0.000000
   98  1    1.546787    1.000000    0.000000   -1.000000    0.000000
   99  1    1.556681    1.000000    0.000000   -1.000000    0.000000
  100  1    1.559319    1.000000    0.000000    1.000000    0.000000
  101  2    1.961459    2.000000    0.000000    0.000000    0.000000
  103  2    2.023434    2.000000    0.000000    0.000000    0.000000
  105  1    2.144936    1.000000    0.000000    1.000000    0.000000
  106  1    2.147474    1.000000    0.000000   -1.000000    0.000000
  107  1    2.270895    1.000000    0.000000   -1.000000    0.000000
  108  1    2.272618    1.000000    0.000000    1.000000    0.000000
  109  1    2.330664    1.000000    0.000000   -1.000000    0.000000
  110  1    2.333057    1.000000    0.000000    1.000000    0.000000
  111  1    2.419051    1.000000    0.000000    1.000000    0.000000
  112  1    2.421740    1.000000    0.000000   -1.000000    0.000000
  113  2    2.630311    2.000000    0.000000    0.000000    0.000000
  115  2    2.843687    2.000000    0.000000    0.000000    0.000000
  117  2    3.784995    2.000000    0.000000    0.000000    0.000000
  119  2    4.107085    2.000000    0.000000    0.000000    0.000000
  121  2    6.393619    2.000000    0.000000    0.000000    0.000000
  123  1    6.902744    1.000000    0.000000   -1.000000    0.000000
  124  1    6.903923    1.000000    0.000000    1.000000    0.000000
  125  2    7.057337    2.000000    0.000000    0.000000    0.000000
  127  1    7.171187    1.000000    0.000000   -1.000000    0.000000
  128  1    7.173084    1.000000    0.000000    1.000000    0.000000
  129  1    7.240403    1.000000    0.000000    1.000000    0.000000
  130  1    7.242574    1.000000    0.000000   -1.000000    0.000000
  131  1    7.362583    1.000000    0.000000    1.000000    0.000000
  132  1    7.367672    1.000000    0.000000   -1.000000    0.000000
  133  1    7.566507    1.000000    0.000000   -1.000000    0.000000
  134  1    7.570390    1.000000    0.000000    1.000000    0.000000
  135  2    7.749641    2.000000    0.000000    0.000000    0.000000
  137  2    7.764079    2.000000    0.000000    0.000000    0.000000
  139  2    8.097545    2.000000    0.000000    0.000000    0.000000
  141  2    8.869327    2.000000    0.000000    0.000000    0.000000
  143  2    9.105969    2.000000    0.000000    0.000000    0.000000
  145  2    9.493676    2.000000    0.000000    0.000000    0.000000
  147  2    9.529112    2.000000    0.000000    0.000000    0.000000
  149  2    9.954650    2.000000    0.000000    0.000006    0.000000
  151  2    9.964994    2.000000    0.000000   -0.000004    0.000000
  153  2   10.118215    2.000000    0.000000   -0.000011    0.000000
  155  2   10.178879    2.000000    0.000000    0.000197    0.000000
  157  1   10.641604    1.000000    0.000000   -0.797424    0.000000
  158  1   10.643505    1.000000    0.000000    0.793627    0.000000
  159  1   10.852860    1.000000    0.000000    0.288085    0.000000
  160  1   10.861209    1.000000    0.000000   -0.648113    0.000000
