   98  120
  1
  2
  1  0  0  0  1  0  0  0  1    0.000000    0.000000    0.000000    1.000000    0.000000    0.000000    0.000000    0.000000    0.000000    1.000000    0.000000  1
 -1  0  0  0 -1  0  0  0 -1    0.000000    0.000000    0.000000    1.000000    0.000000    0.000000    0.000000    0.000000    0.000000    1.000000    0.000000  1
  8
    0.000000    0.000000    0.000000
    0.500000    0.500000    0.500000
    0.000000    0.500000    0.500000
    0.500000    0.000000    0.500000
    0.500000    0.500000    0.000000
    0.500000    0.000000    0.000000
    0.000000    0.500000    0.000000
    0.000000    0.000000    0.500000
  2
    1    2
    1  2  -40.979586    2.000000    0.000000   -0.000018    0.000000
    3  2  -40.971556    2.000000    0.000000   -0.000008    0.000000
    5  1  -36.664307    1.000000    0.000000   -1.000000    0.000000
    6  1  -36.662240    1.000000    0.000000   -1.000000    0.000000
    7  1  -36.539169    1.000000    0.000000   -1.000000    0.000000
    8  1  -36.523335    1.000000    0.000000   -1.000000    0.000000
    9  1  -35.989173    1.000000    0.000000   -1.000000    0.000000
   10  1  -35.878999    1.000000    0.000000   -1.000000    0.000000
   11  1  -35.835023    1.000000    0.000000   -1.000000    0.000000
   12  1  -35.826964    1.000000    0.000000   -1.000000    0.000000
   13  1  -35.669063    1.000000    0.000000   -1.000000    0.000000
   14  1  -35.647402    1.000000    0.000000   -1.000000    0.000000
   15  1  -35.269979    1.000000    0.000000   -1.000000    0.000000
   16  1  -35.116281    1.000000    0.000000   -1.000000    0.000000
   17  1  -35.110552    1.000000    0.000000   -1.000000    0.000000
   18  1  -35.018835    1.000000    0.000000   -1.000000    0.000000
   19  1  -34.840948    1.000000    0.000000   -1.000000    0.000000
   20  1  -34.682361    1.000000    0.000000   -1.000000    0.000000
   21  1  -34.362362    1.000000    0.000000   -1.000000    0.000000
   22  1  -34.196749    1.000000    0.000000   -1.000000    0.000000
   23  1  -33.984458    1.000000    0.000000   -1.000000    0.000000
   24  1  -33.962447    1.000000    0.000000   -1.000000    0.000000
   25  1  -33.777537    1.000000    0.000000   -1.000000    0.000000
   26  1  -33.767888    1.000000    0.000000   -1.000000    0.000000
   27  1  -32.906800    1.000000    0.000000   -1.000000    0.000000
   28  1  -32.901105    1.000000    0.000000   -1.000000    0.000000
   29  1   -9.749899    1.000000    0.000000    1.000000    0.000000
   30  1   -9.671462    1.000000    0.000000    1.000000    0.000000
   31  1   -8.487533    1.000000    0.000000   -1.000000    0.000000
   32  1   -8.386689    1.000000    0.000000   -1.000000    0.000000
   33  1   -8.341070    1.000000    0.000000   -1.000000    0.000000
   34  1   -8.298578    1.000000    0.000000    1.000000    0.000000
   35  1   -8.220196    1.000000    0.000000    1.000000    0.000000
   36  1   -8.215883    1.000000    0.000000   -1.000000    0.000000
   37  1   -8.200527    1.000000    0.000000   -1.000000    0.000000
   38  1   -8.169840    1.000000    0.000000    1.000000    0.000000
   39  1   -8.152989    1.000000    0.000000   -1.000000    0.000000
   40  1   -8.104345    1.000000    0.000000    1.000000    0.000000
   41  1   -8.074103    1.000000    0.000000    1.000000    0.000000
   42  1   -8.072224    1.000000    0.000000   -1.000000    0.000000
   43  1   -8.032211    1.000000    0.000000   -1.000000    0.000000
   44  1   -7.989159    1.000000    0.000000    1.000000    0.000000
   45  1   -1.877356    1.000000    0.000000    1.000000    0.000000
   46  1   -1.639182    1.000000    0.000000    1.000000    0.000000
   47  1   -1.492239    1.000000    0.000000    1.000000    0.000000
   48  1   -1.378126    1.000000    0.000000    1.000000    0.000000
   49  1   -1.332852    1.000000    0.000000    1.000000    0.000000
   50  1   -1.325422    1.000000    0.000000    1.000000    0.000000
   51  1   -1.203908    1.000000    0.000000    1.000000    0.000000
   52  1   -1.187746    1.000000    0.000000    1.000000    0.000000
   53  1   -0.479219    1.000000    0.000000   -1.000000    0.000000
   54  1   -0.445967    1.000000    0.000000   -1.000000    0.000000
   55  1   -0.437202    1.000000    0.000000   -1.000000    0.000000
   56  1   -0.417561    1.000000    0.000000   -1.000000    0.000000
   57  1   -0.406847    1.000000    0.000000   -1.000000    0.000000
   58  1   -0.396404    1.000000    0.000000   -1.000000    0.000000
   59  1    0.338215    1.000000    0.000000    1.000000    0.000000
   60  1    0.486243    1.000000    0.000000    1.000000    0.000000
   61  1    0.593883    1.000000    0.000000    1.000000    0.000000
   62  1    0.661157    1.000000    0.000000    1.000000    0.000000
   63  1    0.796182    1.000000    0.000000    1.000000    0.000000
   64  1    0.942387    1.000000    0.000000    1.000000    0.000000
   65  1    1.001074    1.000000    0.000000    1.000000    0.000000
   66  1    1.015241    1.000000    0.000000    1.000000    0.000000
   67  1    1.065418    1.000000    0.000000    1.000000    0.000000
   68  1    1.371428    1.000000    0.000000    1.000000    0.000000
   69  1    1.389991    1.000000    0.000000    1.000000    0.000000
   70  1    1.451120    1.000000    0.000000    1.000000    0.000000
   71  1    1.528925    1.000000    0.000000   -1.000000    0.000000
   72  1    1.584499    1.000000    0.000000    1.000000    0.000000
   73  1    1.592540    1.000000    0.000000   -1.000000    0.000000
   74  1    1.627729    1.000000    0.000000   -1.000000    0.000000
   75  1    1.639052    1.000000    0.000000   -1.000000    0.000000
   76  1    1.680661    1.000000    0.000000   -1.000000    0.000000
   77  1    1.719186    1.000000    0.000000   -1.000000    0.000000
   78  1    1.751344    1.000000    0.000000    1.000000    0.000000
   79  1    1.753639    1.000000    0.000000    1.000000    0.000000
   80  1    1.779789    1.000000    0.000000    1.000000    0.000000
   81  1    1.799409    1.000000    0.000000    1.000000    0.000000
   82  1    1.898665    1.000000    0.000000   -1.000000    0.000000
   83  1    1.903439    1.000000    0.000000    1.000000    0.000000
   84  1    2.001177    1.000000    0.000000    1.000000    0.000000
   85  1    2.015232    1.000000    0.000000   -1.000000    0.000000
   86  1    2.037421    1.000000    0.000000   -1.000000    0.000000
   87  1    2.060717    1.000000    0.000000   -1.000000    0.000000
   88  1    2.125770    1.000000    0.000000   -1.000000    0.000000
   89  1    2.162119    1.000000    0.000000    0.999999    0.000000
   90  1    2.164081    1.000000    0.000000   -1.000000    0.000000
   91  1    2.183466    1.000000    0.000000    1.000000    0.000000
   92  1    2.552419    1.000000    0.000000    1.000000    0.000000
   93  1    2.749835    1.000000    0.000000    1.000000    0.000000
   94  1    3.282041    1.000000    0.000000   -1.000000    0.000000
   95  1    3.339053    1.000000    0.000000   -1.000000    0.000000
   96  1    3.374697    1.000000    0.000000   -1.000000    0.000000
   97  1    3.473394    1.000000    0.000000   -1.000000    0.000000
   98  1    3.507747    1.000000    0.000000   -1.000000    0.000000
   99  1    3.528844    1.000000    0.000000   -1.000000    0.000000
  100  1    4.095501    1.000000    0.000000    1.000000    0.000000
  101  1    4.217690    1.000000    0.000000    1.000000    0.000000
  102  1    4.556208    1.000000    0.000000    1.000000    0.000000
  103  1    4.587807    1.000000    0.000000    1.000000    0.000000
  104  1    4.625409    1.000000    0.000000    1.000000    0.000000
  105  1    4.641148    1.000000    0.000000    1.000000    0.000000
  106  1    5.345822    1.000000    0.000000    1.000000    0.000000
  107  1    5.478018    1.000000    0.000000    1.000000    0.000000
  108  1    5.504858    1.000000    0.000000    1.000000    0.000000
  109  1    5.902342    1.000000    0.000000    1.000000    0.000000
  110  1    5.990793    1.000000    0.000000    1.000000    0.000000
  111  1    6.117543    1.000000    0.000000    1.000000    0.000000
  112  1    6.235552    1.000000    0.000000    1.000000    0.000000
  113  1    6.245456    1.000000    0.000000    1.000000    0.000000
  114  1    6.400808    1.000000    0.000000    1.000000    0.000000
  115  1    6.506978    1.000000    0.000000    1.000000    0.000000
  116  1    6.698646    1.000000    0.000000    1.000000    0.000000
  117  1    6.938645    1.000000    0.000000    1.000000    0.000000
  118  1    7.380962    1.000000    0.000000    1.000000    0.000000
  119  1    7.465208    1.000000    0.000000    1.000000    0.000000
  120  1    8.717511    1.000000    0.000000    1.000000    0.000000
  2
    1    2
    1  2  -40.979540    2.000000    0.000000    0.000015    0.000000
    3  2  -40.971509    2.000000    0.000000    0.000047    0.000000
    5  1  -36.664114    1.000000    0.000000   -1.000000    0.000000
    6  1  -36.662103    1.000000    0.000000   -1.000000    0.000000
    7  1  -36.539265    1.000000    0.000000    1.000000    0.000000
    8  1  -36.523329    1.000000    0.000000    1.000000    0.000000
    9  1  -35.988707    1.000000    0.000000   -1.000000    0.000000
   10  1  -35.879034    1.000000    0.000000    1.000000    0.000000
   11  1  -35.834324    1.000000    0.000000   -1.000000    0.000000
   12  1  -35.827833    1.000000    0.000000    1.000000    0.000000
   13  1  -35.660686    1.000000    0.000000   -1.000000    0.000000
   14  1  -35.656216    1.000000    0.000000    1.000000    0.000000
   15  1  -35.269958    1.000000    0.000000   -1.000000    0.000000
   16  1  -35.115771    1.000000    0.000000   -1.000000    0.000000
   17  1  -35.111211    1.000000    0.000000    1.000000    0.000000
   18  1  -35.018876    1.000000    0.000000    1.000000    0.000000
   19  1  -34.840660    1.000000    0.000000   -1.000000    0.000000
   20  1  -34.682344    1.000000    0.000000    1.000000    0.000000
   21  1  -34.362003    1.000000    0.000000   -1.000000    0.000000
   22  1  -34.197195    1.000000    0.000000    1.000000    0.000000
   23  1  -33.975080    1.000000    0.000000   -1.000000    0.000000
   24  1  -33.971683    1.000000    0.000000    1.000000    0.000000
   25  1  -33.775365    1.000000    0.000000   -1.000000    0.000000
   26  1  -33.770510    1.000000    0.000000    1.000000    0.000000
   27  1  -32.905204    1.000000    0.000000   -1.000000    0.000000
   28  1  -32.902908    1.000000    0.000000    1.000000    0.000000
   29  1   -9.110560    1.000000    0.000000    0.999991    0.000000
   30  1   -9.103686    1.000000    0.000000   -0.999991    0.000000
   31  1   -9.012958    1.000000    0.000000    0.999983    0.000000
   32  1   -9.007824    1.000000    0.000000   -0.999983    0.000000
   33  1   -8.484459    1.000000    0.000000   -0.999948    0.000000
   34  1   -8.483377    1.000000    0.000000    0.999948    0.000000
   35  2   -8.337015    2.000000    0.000000   -0.000001    0.000000
   37  1   -8.268823    1.000000    0.000000   -1.000000    0.000000
   38  1   -8.257720    1.000000    0.000000    1.000000    0.000000
   39  1   -8.154784    1.000000    0.000000   -1.000000    0.000000
   40  1   -8.146823    1.000000    0.000000    1.000000    0.000000
   41  1   -8.069118    1.000000    0.000000    1.000000    0.000000
   42  1   -8.059455    1.000000    0.000000   -1.000000    0.000000
   43  1   -7.946482    1.000000    0.000000    1.000000    0.000000
   44  1   -7.938626    1.000000    0.000000   -1.000000    0.000000
   45  1   -0.967515    1.000000    0.000000    0.999998    0.000000
   46  1   -0.955962    1.000000    0.000000   -0.999998    0.000000
   47  1   -0.621083    1.000000    0.000000    1.000000    0.000000
   48  1   -0.577530    1.000000    0.000000   -1.000000    0.000000
   49  1   -0.437413    1.000000    0.000000    1.000000    0.000000
   50  1   -0.417559    1.000000    0.000000   -0.999999    0.000000
   51  1   -0.270478    1.000000    0.000000    1.000000    0.000000
   52  1   -0.263424    1.000000    0.000000    1.000000    0.000000
   53  1   -0.255360    1.000000    0.000000   -1.000000    0.000000
   54  1   -0.246372    1.000000    0.000000   -1.000000    0.000000
   55  2   -0.005795    2.000000    0.000000   -0.000081    0.000000
   57  1    0.125163    1.000000    0.000000    1.000000    0.000000
   58  1    0.147970    1.000000    0.000000   -1.000000    0.000000
   59  1    0.236862    1.000000    0.000000   -0.999997    0.000000
   60  1    0.248790    1.000000    0.000000    0.999997    0.000000
   61  1    0.316253    1.000000    0.000000   -0.999995    0.000000
   62  1    0.327236    1.000000    0.000000    0.999995    0.000000
   63  1    0.378948    1.000000    0.000000    1.000000    0.000000
   64  1    0.412177    1.000000    0.000000   -1.000000    0.000000
   65  1    0.521610    1.000000    0.000000   -0.999998    0.000000
   66  1    0.529020    1.000000    0.000000    0.999999    0.000000
   67  1    0.636870    1.000000    0.000000    1.000000    0.000000
   68  1    0.648635    1.000000    0.000000   -0.999999    0.000000
   69  1    0.783825    1.000000    0.000000    0.999997    0.000000
   70  1    0.785737    1.000000    0.000000   -0.999996    0.000000
   71  1    0.811318    1.000000    0.000000    0.999998    0.000000
   72  1    0.815798    1.000000    0.000000   -0.999997    0.000000
   73  1    0.912561    1.000000    0.000000    0.999999    0.000000
   74  1    0.917756    1.000000    0.000000   -0.999999    0.000000
   75  1    1.275054    1.000000    0.000000    1.000000    0.000000
   76  1    1.299945    1.000000    0.000000   -1.000000    0.000000
   77  1    1.376316    1.000000    0.000000    1.000000    0.000000
   78  1    1.397823    1.000000    0.000000   -0.999993    0.000000
   79  1    1.402725    1.000000    0.000000    0.999994    0.000000
   80  1    1.424126    1.000000    0.000000   -1.000000    0.000000
   81  1    1.608489    1.000000    0.000000   -0.999999    0.000000
   82  1    1.611844    1.000000    0.000000    0.999999    0.000000
   83  1    1.640279    1.000000    0.000000    1.000000    0.000000
   84  1    1.651769    1.000000    0.000000   -1.000000    0.000000
   85  1    1.832671    1.000000    0.000000    1.000000    0.000000
   86  1    1.837588    1.000000    0.000000   -1.000000    0.000000
   87  1    2.134318    1.000000    0.000000    1.000000    0.000000
   88  1    2.179864    1.000000    0.000000   -1.000000    0.000000
   89  1    2.303322    1.000000    0.000000   -0.999996    0.000000
   90  1    2.306712    1.000000    0.000000    0.999996    0.000000
   91  1    2.450203    1.000000    0.000000   -0.999999    0.000000
   92  1    2.458976    1.000000    0.000000    1.000000    0.000000
   93  1    2.535277    1.000000    0.000000   -1.000000    0.000000
   94  1    2.544896    1.000000    0.000000    1.000000    0.000000
   95  1    2.567972    1.000000    0.000000   -0.999997    0.000000
   96  1    2.572743    1.000000    0.000000    0.999998    0.000000
   97  1    3.153327    1.000000    0.000000    1.000000    0.000000
   98  1    3.166171    1.000000    0.000000   -1.000000    0.000000
   99  1    3.808112    1.000000    0.000000   -1.000000    0.000000
  100  1    3.969786    1.000000    0.000000    1.000000    0.000000
  101  1    4.565926    1.000000    0.000000    0.999999    0.000000
  102  1    4.678993    1.000000    0.000000   -0.999999    0.000000
  103  1    4.943835    1.000000    0.000000    0.999930    0.000000
  104  1    5.061500    1.000000    0.000000   -0.999995    0.000000
  105  1    5.243966    1.000000    0.000000    0.999990    0.000000
  106  1    5.353931    1.000000    0.000000   -0.999993    0.000000
  107  1    5.422090    1.000000    0.000000   -0.998740    0.000000
  108  1    5.439701    1.000000    0.000000    0.998750    0.000000
  109  1    5.733461    1.000000    0.000000    0.997888    0.000000
  110  1    5.772445    1.000000    0.000000    0.995644    0.000000
  111  1    5.796841    1.000000    0.000000   -0.993408    0.000000
  112  1    5.855702    1.000000    0.000000    0.999392    0.000000
  113  1    5.930474    1.000000    0.000000   -0.999893    0.000000
  114  1    5.998367    1.000000    0.000000   -0.999326    0.000000
  115  1    6.194026    1.000000    0.000000    0.993006    0.000000
  116  1    6.246619    1.000000    0.000000    0.523951    0.000000
  117  1    6.341259    1.000000    0.000000   -0.673087    0.000000
  118  1    6.402602    1.000000    0.000000   -0.696680    0.000000
  119  1    7.191109    1.000000    0.000000    0.435941    0.000000
  120  1    7.333167    1.000000    0.000000   -0.238223    0.000000
  2
    1    2
    1  2  -40.979555    2.000000    0.000000    0.000008    0.000000
    3  2  -40.971525    2.000000    0.000000    0.000044    0.000000
    5  1  -36.664297    1.000000    0.000000   -1.000000    0.000000
    6  1  -36.662206    1.000000    0.000000   -1.000000    0.000000
    7  1  -36.539129    1.000000    0.000000   -1.000000    0.000000
    8  1  -36.523315    1.000000    0.000000   -1.000000    0.000000
    9  1  -35.989002    1.000000    0.000000   -1.000000    0.000000
   10  1  -35.878575    1.000000    0.000000   -1.000000    0.000000
   11  1  -35.834401    1.000000    0.000000    1.000000    0.000000
   12  1  -35.827764    1.000000    0.000000   -1.000000    0.000000
   13  1  -35.660762    1.000000    0.000000    1.000000    0.000000
   14  1  -35.656141    1.000000    0.000000   -1.000000    0.000000
   15  1  -35.269954    1.000000    0.000000   -1.000000    0.000000
   16  1  -35.115865    1.000000    0.000000    1.000000    0.000000
   17  1  -35.111116    1.000000    0.000000   -1.000000    0.000000
   18  1  -35.018862    1.000000    0.000000   -1.000000    0.000000
   19  1  -34.840926    1.000000    0.000000   -1.000000    0.000000
   20  1  -34.682319    1.000000    0.000000   -1.000000    0.000000
   21  1  -34.362275    1.000000    0.000000   -1.000000    0.000000
   22  1  -34.196626    1.000000    0.000000   -1.000000    0.000000
   23  1  -33.975105    1.000000    0.000000    1.000000    0.000000
   24  1  -33.971660    1.000000    0.000000   -1.000000    0.000000
   25  1  -33.775413    1.000000    0.000000    1.000000    0.000000
   26  1  -33.770449    1.000000    0.000000   -1.000000    0.000000
   27  1  -32.905297    1.000000    0.000000    1.000000    0.000000
   28  1  -32.902814    1.000000    0.000000   -1.000000    0.000000
   29  1   -9.412944    1.000000    0.000000    1.000000    0.000000
   30  1   -9.322549    1.000000    0.000000    1.000000    0.000000
   31  1   -8.900582    1.000000    0.000000   -1.000000    0.000000
   32  1   -8.792264    1.000000    0.000000   -1.000000    0.000000
   33  1   -8.433409    1.000000    0.000000   -1.000000    0.000000
   34  1   -8.372519    1.000000    0.000000    1.000000    0.000000
   35  1   -8.275304    1.000000    0.000000   -1.000000    0.000000
   36  1   -8.241635    1.000000    0.000000    1.000000    0.000000
   37  1   -8.203453    1.000000    0.000000   -1.000000    0.000000
   38  1   -8.195748    1.000000    0.000000    1.000000    0.000000
   39  1   -8.178374    1.000000    0.000000    1.000000    0.000000
   40  1   -8.084775    1.000000    0.000000    1.000000    0.000000
   41  1   -8.073292    1.000000    0.000000    1.000000    0.000000
   42  1   -8.063892    1.000000    0.000000   -1.000000    0.000000
   43  1   -8.057952    1.000000    0.000000   -1.000000    0.000000
   44  1   -7.951849    1.000000    0.000000   -1.000000    0.000000
   45  1   -1.388913    1.000000    0.000000    1.000000    0.000000
   46  1   -1.111646    1.000000    0.000000    1.000000    0.000000
   47  1   -0.957580    1.000000    0.000000    1.000000    0.000000
   48  1   -0.856067    1.000000    0.000000    1.000000    0.000000
   49  1   -0.733384    1.000000    0.000000    1.000000    0.000000
   50  1   -0.672664    1.000000    0.000000    1.000000    0.000000
   51  1   -0.578805    1.000000    0.000000   -1.000000    0.000000
   52  1   -0.461132    1.000000    0.000000   -1.000000    0.000000
   53  1   -0.368380    1.000000    0.000000   -1.000000    0.000000
   54  1   -0.293195    1.000000    0.000000   -1.000000    0.000000
   55  1   -0.233523    1.000000    0.000000   -1.000000    0.000000
   56  1   -0.221702    1.000000    0.000000   -1.000000    0.000000
   57  1    0.058878    1.000000    0.000000    1.000000    0.000000
   58  1    0.132873    1.000000    0.000000    1.000000    0.000000
   59  1    0.205363    1.000000    0.000000    1.000000    0.000000
   60  1    0.251027    1.000000    0.000000    1.000000    0.000000
   61  1    0.398311    1.000000    0.000000   -1.000000    0.000000
   62  1    0.498312    1.000000    0.000000    1.000000    0.000000
   63  1    0.540723    1.000000    0.000000    1.000000    0.000000
   64  1    0.571836    1.000000    0.000000    1.000000    0.000000
   65  1    0.596244    1.000000    0.000000    1.000000    0.000000
   66  1    0.600745    1.000000    0.000000   -1.000000    0.000000
   67  1    0.662300    1.000000    0.000000   -1.000000    0.000000
   68  1    0.746766    1.000000    0.000000    1.000000    0.000000
   69  1    0.977247    1.000000    0.000000    1.000000    0.000000
   70  1    0.982792    1.000000    0.000000   -1.000000    0.000000
   71  1    1.039765    1.000000    0.000000    1.000000    0.000000
   72  1    1.078986    1.000000    0.000000   -1.000000    0.000000
   73  1    1.123048    1.000000    0.000000    1.000000    0.000000
   74  2    1.184179    2.000000    0.000000   -0.000004    0.000000
   76  1    1.259569    1.000000    0.000000    1.000000    0.000000
   77  1    1.310316    1.000000    0.000000   -1.000000    0.000000
   78  1    1.385053    1.000000    0.000000   -1.000000    0.000000
   79  1    1.499676    1.000000    0.000000    1.000000    0.000000
   80  1    1.600952    1.000000    0.000000   -1.000000    0.000000
   81  1    1.612057    1.000000    0.000000    1.000000    0.000000
   82  1    1.655783    1.000000    0.000000   -1.000000    0.000000
   83  1    1.678926    1.000000    0.000000   -1.000000    0.000000
   84  1    1.700017    1.000000    0.000000   -1.000000    0.000000
   85  1    2.134567    1.000000    0.000000    1.000000    0.000000
   86  1    2.197317    1.000000    0.000000    1.000000    0.000000
   87  1    2.265796    1.000000    0.000000    1.000000    0.000000
   88  1    2.316489    1.000000    0.000000   -1.000000    0.000000
   89  1    2.401167    1.000000    0.000000    1.000000    0.000000
   90  1    2.420818    1.000000    0.000000    1.000000    0.000000
   91  1    2.429076    1.000000    0.000000   -1.000000    0.000000
   92  1    2.540610    1.000000    0.000000   -1.000000    0.000000
   93  1    2.554526    1.000000    0.000000   -1.000000    0.000000
   94  1    2.806304    1.000000    0.000000    1.000000    0.000000
   95  1    2.922292    1.000000    0.000000   -1.000000    0.000000
   96  1    2.953168    1.000000    0.000000    1.000000    0.000000
   97  1    2.981659    1.000000    0.000000   -1.000000    0.000000
   98  1    3.019550    1.000000    0.000000   -1.000000    0.000000
   99  1    3.426372    1.000000    0.000000   -1.000000    0.000000
  100  1    4.042887    1.000000    0.000000    1.000000    0.000000
  101  1    4.377514    1.000000    0.000000    1.000000    0.000000
  102  1    4.782041    1.000000    0.000000    0.999993    0.000000
  103  1    5.026237    1.000000    0.000000    0.999999    0.000000
  104  1    5.081948    1.000000    0.000000    0.999998    0.000000
  105  1    5.182258    1.000000    0.000000    0.999993    0.000000
  106  1    5.245654    1.000000    0.000000   -0.999956    0.000000
  107  1    5.607977    1.000000    0.000000    0.999991    0.000000
  108  1    5.629573    1.000000    0.000000    0.999997    0.000000
  109  1    5.845110    1.000000    0.000000    0.998575    0.000000
  110  1    5.927889    1.000000    0.000000    0.999028    0.000000
  111  1    5.935516    1.000000    0.000000    0.999647    0.000000
  112  1    5.986832    1.000000    0.000000    0.999603    0.000000
  113  1    6.262569    1.000000    0.000000   -0.811911    0.000000
  114  1    6.293560    1.000000    0.000000   -0.803641    0.000000
  115  1    6.312444    1.000000    0.000000    0.926603    0.000000
  116  1    6.503997    1.000000    0.000000    0.944418    0.000000
  117  1    6.546619    1.000000    0.000000    0.798798    0.000000
  118  1    6.559055    1.000000    0.000000    0.886934    0.000000
  119  1    6.705853    1.000000    0.000000    0.703382    0.000000
  120  1    6.796012    1.000000    0.000000    0.154665    0.000000
  2
    1    2
    1  2  -40.979555    2.000000    0.000000    0.000007    0.000000
    3  2  -40.971525    2.000000    0.000000    0.000010    0.000000
    5  1  -36.664150    1.000000    0.000000   -1.000000    0.000000
    6  1  -36.662115    1.000000    0.000000   -1.000000    0.000000
    7  1  -36.539229    1.000000    0.000000    1.000000    0.000000
    8  1  -36.523297    1.000000    0.000000    1.000000    0.000000
    9  1  -35.988872    1.000000    0.000000   -1.000000    0.000000
   10  1  -35.878651    1.000000    0.000000    1.000000    0.000000
   11  1  -35.835504    1.000000    0.000000   -1.000000    0.000000
   12  1  -35.827067    1.000000    0.000000   -1.000000    0.000000
   13  1  -35.669304    1.000000    0.000000   -1.000000    0.000000
   14  1  -35.647415    1.000000    0.000000   -1.000000    0.000000
   15  1  -35.269987    1.000000    0.000000   -1.000000    0.000000
   16  1  -35.116320    1.000000    0.000000   -1.000000    0.000000
   17  1  -35.110584    1.000000    0.000000   -1.000000    0.000000
   18  1  -35.018893    1.000000    0.000000    1.000000    0.000000
   19  1  -34.840681    1.000000    0.000000   -1.000000    0.000000
   20  1  -34.682305    1.000000    0.000000    1.000000    0.000000
   21  1  -34.362090    1.000000    0.000000   -1.000000    0.000000
   22  1  -34.197074    1.000000    0.000000    1.000000    0.000000
   23  1  -33.984551    1.000000    0.000000   -1.000000    0.000000
   24  1  -33.962455    1.000000    0.000000   -1.000000    0.000000
   25  1  -33.777717    1.000000    0.000000   -1.000000    0.000000
   26  1  -33.767929    1.000000    0.000000   -1.000000    0.000000
   27  1  -32.906921    1.000000    0.000000   -1.000000    0.000000
   28  1  -32.901141    1.000000    0.000000   -1.000000    0.000000
   29  1   -9.378886    1.000000    0.000000    1.000000    0.000000
   30  1   -9.296465    1.000000    0.000000    1.000000    0.000000
   31  1   -8.971427    1.000000    0.000000   -1.000000    0.000000
   32  1   -8.850452    1.000000    0.000000   -1.000000    0.000000
   33  1   -8.401367    1.000000    0.000000    1.000000    0.000000
   34  1   -8.297588    1.000000    0.000000   -1.000000    0.000000
   35  1   -8.271484    1.000000    0.000000    1.000000    0.000000
   36  1   -8.258664    1.000000    0.000000    1.000000    0.000000
   37  1   -8.236594    1.000000    0.000000   -1.000000    0.000000
   38  1   -8.148764    1.000000    0.000000    1.000000    0.000000
   39  1   -8.139953    1.000000    0.000000   -1.000000    0.000000
   40  1   -8.117353    1.000000    0.000000   -1.000000    0.000000
   41  1   -8.115603    1.000000    0.000000   -1.000000    0.000000
   42  1   -8.090276    1.000000    0.000000    1.000000    0.000000
   43  1   -7.997461    1.000000    0.000000   -0.999992    0.000000
   44  1   -7.993475    1.000000    0.000000    0.999992    0.000000
   45  1   -1.332259    1.000000    0.000000    1.000000    0.000000
   46  1   -1.028504    1.000000    0.000000    1.000000    0.000000
   47  1   -0.801038    1.000000    0.000000    1.000000    0.000000
   48  1   -0.783525    1.000000    0.000000    1.000000    0.000000
   49  1   -0.716577    1.000000    0.000000   -1.000000    0.000000
   50  1   -0.702799    1.000000    0.000000    1.000000    0.000000
   51  1   -0.634738    1.000000    0.000000    1.000000    0.000000
   52  1   -0.425628    1.000000    0.000000   -1.000000    0.000000
   53  1   -0.379909    1.000000    0.000000   -1.000000    0.000000
   54  1   -0.313591    1.000000    0.000000   -1.000000    0.000000
   55  1   -0.283389    1.000000    0.000000   -1.000000    0.000000
   56  1   -0.279787    1.000000    0.000000    1.000000    0.000000
   57  1   -0.261823    1.000000    0.000000   -1.000000    0.000000
   58  1    0.007780    1.000000    0.000000    1.000000    0.000000
   59  1    0.275511    1.000000    0.000000   -1.000000    0.000000
   60  1    0.281029    1.000000    0.000000    1.000000    0.000000
   61  1    0.389348    1.000000    0.000000    1.000000    0.000000
   62  1    0.407114    1.000000    0.000000    1.000000    0.000000
   63  1    0.413115    1.000000    0.000000   -0.999999    0.000000
   64  1    0.526139    1.000000    0.000000   -1.000000    0.000000
   65  1    0.647127    1.000000    0.000000    1.000000    0.000000
   66  1    0.671676    1.000000    0.000000    1.000000    0.000000
   67  1    0.674149    1.000000    0.000000   -1.000000    0.000000
   68  1    0.906824    1.000000    0.000000    1.000000    0.000000
   69  1    0.917945    1.000000    0.000000   -1.000000    0.000000
   70  1    1.017047    1.000000    0.000000   -1.000000    0.000000
   71  1    1.057339    1.000000    0.000000    1.000000    0.000000
   72  1    1.138810    1.000000    0.000000    1.000000    0.000000
   73  1    1.199700    1.000000    0.000000    1.000000    0.000000
   74  1    1.241215    1.000000    0.000000    1.000000    0.000000
   75  1    1.285779    1.000000    0.000000   -0.999998    0.000000
   76  1    1.289989    1.000000    0.000000    0.999997    0.000000
   77  1    1.315339    1.000000    0.000000    1.000000    0.000000
   78  1    1.411962    1.000000    0.000000    1.000000    0.000000
   79  1    1.486804    1.000000    0.000000   -1.000000    0.000000
   80  1    1.530427    1.000000    0.000000    1.000000    0.000000
   81  1    1.597785    1.000000    0.000000   -1.000000    0.000000
   82  1    1.649773    1.000000    0.000000   -1.000000    0.000000
   83  1    1.665307    1.000000    0.000000   -1.000000    0.000000
   84  1    1.688979    1.000000    0.000000   -1.000000    0.000000
   85  1    1.986045    1.000000    0.000000    1.000000    0.000000
   86  1    2.030756    1.000000    0.000000    1.000000    0.000000
   87  1    2.204569    1.000000    0.000000   -1.000000    0.000000
   88  1    2.254252    1.000000    0.000000    1.000000    0.000000
   89  1    2.274783    1.000000    0.000000    0.999999    0.000000
   90  1    2.287501    1.000000    0.000000   -0.999999    0.000000
   91  1    2.382672    1.000000    0.000000   -1.000000    0.000000
   92  1    2.633977    1.000000    0.000000    1.000000    0.000000
   93  1    2.808425    1.000000    0.000000   -1.000000    0.000000
   94  1    2.921960    1.000000    0.000000   -1.000000    0.000000
   95  1    2.966265    1.000000    0.000000    1.000000    0.000000
   96  1    3.030814    1.000000    0.000000   -1.000000    0.000000
   97  1    3.064639    1.000000    0.000000    0.999985    0.000000
   98  1    3.065682    1.000000    0.000000   -0.999993    0.000000
   99  1    3.832720    1.000000    0.000000   -0.999999    0.000000
  100  1    3.851052    1.000000    0.000000    1.000000    0.000000
  101  1    4.394528    1.000000    0.000000    1.000000    0.000000
  102  1    4.746248    1.000000    0.000000    0.999999    0.000000
  103  1    4.776870    1.000000    0.000000   -0.999997    0.000000
  104  1    5.139141    1.000000    0.000000    0.999996    0.000000
  105  1    5.340180    1.000000    0.000000    0.999998    0.000000
  106  1    5.363737    1.000000    0.000000    0.999990    0.000000
  107  1    5.618741    1.000000    0.000000   -0.999912    0.000000
  108  1    5.622025    1.000000    0.000000   -0.999459    0.000000
  109  1    5.658518    1.000000    0.000000    0.997877    0.000000
  110  1    5.816381    1.000000    0.000000    0.992098    0.000000
  111  1    5.835598    1.000000    0.000000   -0.992648    0.000000
  112  1    5.895495    1.000000    0.000000   -0.990647    0.000000
  113  1    6.037535    1.000000    0.000000    0.997412    0.000000
  114  1    6.174100    1.000000    0.000000    0.993356    0.000000
  115  1    6.444727    1.000000    0.000000   -0.704027    0.000000
  116  1    6.466304    1.000000    0.000000    0.986453    0.000000
  117  1    6.844183    1.000000    0.000000    0.279257    0.000000
  118  1    6.888321    1.000000    0.000000    0.698846    0.000000
  119  1    6.980999    1.000000    0.000000    0.841470    0.000000
  120  1    7.169596    1.000000    0.000000    0.539820    0.000000
  2
    1    2
    1  2  -40.979540    2.000000    0.000000   -0.000004    0.000000
    3  2  -40.971510    2.000000    0.000000   -0.000021    0.000000
    5  1  -36.664139    1.000000    0.000000   -1.000000    0.000000
    6  1  -36.662079    1.000000    0.000000   -1.000000    0.000000
    7  1  -36.539267    1.000000    0.000000    1.000000    0.000000
    8  1  -36.523330    1.000000    0.000000    1.000000    0.000000
    9  1  -35.988708    1.000000    0.000000   -1.000000    0.000000
   10  1  -35.879082    1.000000    0.000000    1.000000    0.000000
   11  1  -35.834080    1.000000    0.000000    1.000000    0.000000
   12  1  -35.828031    1.000000    0.000000   -1.000000    0.000000
   13  1  -35.660637    1.000000    0.000000    1.000000    0.000000
   14  1  -35.656258    1.000000    0.000000   -1.000000    0.000000
   15  1  -35.269958    1.000000    0.000000   -1.000000    0.000000
   16  1  -35.115833    1.000000    0.000000    1.000000    0.000000
   17  1  -35.111148    1.000000    0.000000   -1.000000    0.000000
   18  1  -35.018879    1.000000    0.000000    1.000000    0.000000
   19  1  -34.840660    1.000000    0.000000   -1.000000    0.000000
   20  1  -34.682345    1.000000    0.000000    1.000000    0.000000
   21  1  -34.362005    1.000000    0.000000   -1.000000    0.000000
   22  1  -34.197199    1.000000    0.000000    1.000000    0.000000
   23  1  -33.975054    1.000000    0.000000    1.000000    0.000000
   24  1  -33.971705    1.000000    0.000000   -1.000000    0.000000
   25  1  -33.775320    1.000000    0.000000    1.000000    0.000000
   26  1  -33.770547    1.000000    0.000000   -1.000000    0.000000
   27  1  -32.905213    1.000000    0.000000    1.000000    0.000000
   28  1  -32.902900    1.000000    0.000000   -1.000000    0.000000
   29  1   -9.112695    1.000000    0.000000    0.999998    0.000000
   30  1   -9.105118    1.000000    0.000000   -0.999998    0.000000
   31  1   -9.015287    1.000000    0.000000    0.999996    0.000000
   32  1   -9.009301    1.000000    0.000000   -0.999996    0.000000
   33  1   -8.483491    1.000000    0.000000    0.999991    0.000000
   34  1   -8.482266    1.000000    0.000000   -0.999990    0.000000
   35  1   -8.336989    1.000000    0.000000    0.999997    0.000000
   36  1   -8.334282    1.000000    0.000000   -0.999997    0.000000
   37  1   -8.267627    1.000000    0.000000   -1.000000    0.000000
   38  1   -8.256743    1.000000    0.000000    1.000000    0.000000
   39  1   -8.153690    1.000000    0.000000   -1.000000    0.000000
   40  1   -8.145505    1.000000    0.000000    1.000000    0.000000
   41  1   -8.068341    1.000000    0.000000    1.000000    0.000000
   42  1   -8.059478    1.000000    0.000000   -1.000000    0.000000
   43  1   -7.946040    1.000000    0.000000    1.000000    0.000000
   44  1   -7.938772    1.000000    0.000000   -1.000000    0.000000
   45  1   -0.969605    1.000000    0.000000    1.000000    0.000000
   46  1   -0.960167    1.000000    0.000000   -1.000000    0.000000
   47  1   -0.623444    1.000000    0.000000    1.000000    0.000000
   48  1   -0.579200    1.000000    0.000000   -1.000000    0.000000
   49  1   -0.440357    1.000000    0.000000    1.000000    0.000000
   50  1   -0.421930    1.000000    0.000000   -1.000000    0.000000
   51  1   -0.272465    1.000000    0.000000    1.000000    0.000000
   52  1   -0.265293    1.000000    0.000000    1.000000    0.000000
   53  1   -0.256538    1.000000    0.000000   -1.000000    0.000000
   54  1   -0.248988    1.000000    0.000000   -1.000000    0.000000
   55  1   -0.008686    1.000000    0.000000    0.999992    0.000000
   56  1   -0.006369    1.000000    0.000000   -0.999992    0.000000
   57  1    0.126236    1.000000    0.000000    1.000000    0.000000
   58  1    0.148879    1.000000    0.000000   -1.000000    0.000000
   59  1    0.237673    1.000000    0.000000   -1.000000    0.000000
   60  1    0.246888    1.000000    0.000000    1.000000    0.000000
   61  1    0.318442    1.000000    0.000000   -1.000000    0.000000
   62  1    0.329032    1.000000    0.000000    1.000000    0.000000
   63  1    0.377656    1.000000    0.000000    1.000000    0.000000
   64  1    0.411849    1.000000    0.000000   -1.000000    0.000000
   65  1    0.519351    1.000000    0.000000   -0.999999    0.000000
   66  1    0.523878    1.000000    0.000000    0.999999    0.000000
   67  1    0.641887    1.000000    0.000000    0.999999    0.000000
   68  1    0.654742    1.000000    0.000000   -0.999999    0.000000
   69  1    0.776554    1.000000    0.000000    1.000000    0.000000
   70  1    0.784017    1.000000    0.000000   -1.000000    0.000000
   71  1    0.806019    1.000000    0.000000    1.000000    0.000000
   72  1    0.819684    1.000000    0.000000   -1.000000    0.000000
   73  1    0.913692    1.000000    0.000000    0.999985    0.000000
   74  1    0.917870    1.000000    0.000000   -0.999984    0.000000
   75  1    1.273249    1.000000    0.000000    1.000000    0.000000
   76  1    1.295436    1.000000    0.000000   -1.000000    0.000000
   77  1    1.374035    1.000000    0.000000    1.000000    0.000000
   78  2    1.397438    2.000000    0.000000    0.000028    0.000000
   80  1    1.426409    1.000000    0.000000   -1.000000    0.000000
   81  1    1.606246    1.000000    0.000000   -0.999985    0.000000
   82  1    1.609366    1.000000    0.000000    0.999986    0.000000
   83  1    1.641974    1.000000    0.000000    1.000000    0.000000
   84  1    1.652006    1.000000    0.000000   -1.000000    0.000000
   85  2    1.836543    2.000000    0.000000    0.000000    0.000000
   87  1    2.144981    1.000000    0.000000    1.000000    0.000000
   88  1    2.185345    1.000000    0.000000   -1.000000    0.000000
   89  2    2.311781    2.000000    0.000000   -0.000000    0.000000
   91  1    2.452540    1.000000    0.000000   -1.000000    0.000000
   92  1    2.464121    1.000000    0.000000    1.000000    0.000000
   93  1    2.541320    1.000000    0.000000   -1.000000    0.000000
   94  1    2.551957    1.000000    0.000000    1.000000    0.000000
   95  1    2.571007    1.000000    0.000000   -1.000000    0.000000
   96  1    2.580559    1.000000    0.000000    1.000000    0.000000
   97  1    3.155086    1.000000    0.000000    1.000000    0.000000
   98  1    3.161344    1.000000    0.000000   -1.000000    0.000000
   99  1    3.809059    1.000000    0.000000   -1.000000    0.000000
  100  1    3.967778    1.000000    0.000000    0.999999    0.000000
  101  1    4.561776    1.000000    0.000000    1.000000    0.000000
  102  1    4.677559    1.000000    0.000000   -0.999999    0.000000
  103  1    4.950309    1.000000    0.000000    0.999979    0.000000
  104  1    5.062290    1.000000    0.000000   -0.999998    0.000000
  105  1    5.235816    1.000000    0.000000    0.999951    0.000000
  106  1    5.347870    1.000000    0.000000   -0.999981    0.000000
  107  1    5.412495    1.000000    0.000000   -0.999888    0.000000
  108  1    5.441836    1.000000    0.000000    0.999932    0.000000
  109  1    5.730598    1.000000    0.000000    0.999487    0.000000
  110  1    5.784232    1.000000    0.000000    0.984403    0.000000
  111  1    5.788550    1.000000    0.000000   -0.983962    0.000000
  112  1    5.857315    1.000000    0.000000    0.999425    0.000000
  113  1    5.934821    1.000000    0.000000   -0.998834    0.000000
  114  1    5.995515    1.000000    0.000000   -0.995269    0.000000
  115  1    6.225826    1.000000    0.000000    0.964130    0.000000
  116  1    6.308236    1.000000    0.000000   -0.808548    0.000000
  117  1    6.311860    1.000000    0.000000    0.277566    0.000000
  118  1    6.336078    1.000000    0.000000   -0.385502    0.000000
  119  1    6.701713    1.000000    0.000000    0.610800    0.000000
  120  1    7.562762    1.000000    0.000000   -0.491613    0.000000
  2
    1    2
    1  2  -40.979555    2.000000    0.000000   -0.000030    0.000000
    3  2  -40.971525    2.000000    0.000000    0.000008    0.000000
    5  1  -36.664097    1.000000    0.000000   -1.000000    0.000000
    6  1  -36.662065    1.000000    0.000000   -1.000000    0.000000
    7  1  -36.539305    1.000000    0.000000    1.000000    0.000000
    8  1  -36.523351    1.000000    0.000000    1.000000    0.000000
    9  1  -35.988549    1.000000    0.000000   -1.000000    0.000000
   10  1  -35.879490    1.000000    0.000000    1.000000    0.000000
   11  1  -35.835118    1.000000    0.000000    1.000000    0.000000
   12  1  -35.827001    1.000000    0.000000    1.000000    0.000000
   13  1  -35.669210    1.000000    0.000000    1.000000    0.000000
   14  1  -35.647412    1.000000    0.000000    1.000000    0.000000
   15  1  -35.269917    1.000000    0.000000   -1.000000    0.000000
   16  1  -35.116422    1.000000    0.000000    1.000000    0.000000
   17  1  -35.110606    1.000000    0.000000    1.000000    0.000000
   18  1  -35.018852    1.000000    0.000000    1.000000    0.000000
   19  1  -34.840638    1.000000    0.000000   -1.000000    0.000000
   20  1  -34.682385    1.000000    0.000000    1.000000    0.000000
   21  1  -34.361918    1.000000    0.000000   -1.000000    0.000000
   22  1  -34.197321    1.000000    0.000000    1.000000    0.000000
   23  1  -33.984502    1.000000    0.000000    1.000000    0.000000
   24  1  -33.962453    1.000000    0.000000    1.000000    0.000000
   25  1  -33.777646    1.000000    0.000000    1.000000    0.000000
   26  1  -33.767917    1.000000    0.000000    1.000000    0.000000
   27  1  -32.906934    1.000000    0.000000    1.000000    0.000000
   28  1  -32.901144    1.000000    0.000000    1.000000    0.000000
   29  1   -9.373697    1.000000    0.000000   -1.000000    0.000000
   30  1   -9.292716    1.000000    0.000000   -1.000000    0.000000
   31  1   -8.979404    1.000000    0.000000    1.000000    0.000000
   32  1   -8.857238    1.000000    0.000000    1.000000    0.000000
   33  1   -8.402730    1.000000    0.000000   -1.000000    0.000000
   34  1   -8.296266    1.000000    0.000000    1.000000    0.000000
   35  1   -8.273578    1.000000    0.000000   -1.000000    0.000000
   36  1   -8.258016    1.000000    0.000000   -1.000000    0.000000
   37  1   -8.227509    1.000000    0.000000    1.000000    0.000000
   38  1   -8.149974    1.000000    0.000000   -1.000000    0.000000
   39  1   -8.140749    1.000000    0.000000    1.000000    0.000000
   40  1   -8.123691    1.000000    0.000000    1.000000    0.000000
   41  1   -8.109482    1.000000    0.000000    1.000000    0.000000
   42  1   -8.086702    1.000000    0.000000   -1.000000    0.000000
   43  1   -8.004392    1.000000    0.000000    0.999999    0.000000
   44  1   -7.990419    1.000000    0.000000   -0.999999    0.000000
   45  1   -1.324227    1.000000    0.000000   -1.000000    0.000000
   46  1   -0.983075    1.000000    0.000000   -1.000000    0.000000
   47  1   -0.784377    1.000000    0.000000   -1.000000    0.000000
   48  1   -0.773613    1.000000    0.000000   -1.000000    0.000000
   49  1   -0.741013    1.000000    0.000000    1.000000    0.000000
   50  1   -0.695168    1.000000    0.000000   -1.000000    0.000000
   51  1   -0.626992    1.000000    0.000000   -1.000000    0.000000
   52  1   -0.441447    1.000000    0.000000    1.000000    0.000000
   53  1   -0.373576    1.000000    0.000000    1.000000    0.000000
   54  1   -0.331008    1.000000    0.000000    1.000000    0.000000
   55  1   -0.312219    1.000000    0.000000   -1.000000    0.000000
   56  1   -0.288383    1.000000    0.000000    1.000000    0.000000
   57  1   -0.255596    1.000000    0.000000    1.000000    0.000000
   58  1    0.045629    1.000000    0.000000   -1.000000    0.000000
   59  1    0.257718    1.000000    0.000000    1.000000    0.000000
   60  1    0.286946    1.000000    0.000000   -1.000000    0.000000
   61  1    0.372184    1.000000    0.000000   -1.000000    0.000000
   62  1    0.412205    1.000000    0.000000    1.000000    0.000000
   63  1    0.425121    1.000000    0.000000   -1.000000    0.000000
   64  1    0.495233    1.000000    0.000000    1.000000    0.000000
   65  1    0.591292    1.000000    0.000000    1.000000    0.000000
   66  1    0.664619    1.000000    0.000000   -1.000000    0.000000
   67  1    0.672769    1.000000    0.000000   -1.000000    0.000000
   68  1    0.875197    1.000000    0.000000    1.000000    0.000000
   69  1    0.968908    1.000000    0.000000   -1.000000    0.000000
   70  1    0.985149    1.000000    0.000000    1.000000    0.000000
   71  1    1.026465    1.000000    0.000000   -1.000000    0.000000
   72  1    1.085951    1.000000    0.000000   -1.000000    0.000000
   73  1    1.244727    1.000000    0.000000   -1.000000    0.000000
   74  1    1.269818    1.000000    0.000000   -1.000000    0.000000
   75  1    1.281218    1.000000    0.000000    1.000000    0.000000
   76  1    1.306152    1.000000    0.000000   -1.000000    0.000000
   77  1    1.341837    1.000000    0.000000   -1.000000    0.000000
   78  1    1.408535    1.000000    0.000000   -1.000000    0.000000
   79  1    1.491726    1.000000    0.000000    1.000000    0.000000
   80  1    1.530500    1.000000    0.000000   -1.000000    0.000000
   81  1    1.585478    1.000000    0.000000    1.000000    0.000000
   82  1    1.635145    1.000000    0.000000    1.000000    0.000000
   83  1    1.663898    1.000000    0.000000    1.000000    0.000000
   84  1    1.683896    1.000000    0.000000    1.000000    0.000000
   85  1    2.013501    1.000000    0.000000   -1.000000    0.000000
   86  1    2.050165    1.000000    0.000000   -1.000000    0.000000
   87  1    2.162223    1.000000    0.000000    1.000000    0.000000
   88  1    2.241449    1.000000    0.000000   -1.000000    0.000000
   89  1    2.280148    1.000000    0.000000   -1.000000    0.000000
   90  1    2.304612    1.000000    0.000000    1.000000    0.000000
   91  1    2.390549    1.000000    0.000000    1.000000    0.000000
   92  1    2.605102    1.000000    0.000000   -1.000000    0.000000
   93  1    2.851295    1.000000    0.000000    1.000000    0.000000
   94  1    2.921635    1.000000    0.000000    1.000000    0.000000
   95  1    2.996480    1.000000    0.000000   -1.000000    0.000000
   96  1    3.030279    1.000000    0.000000    1.000000    0.000000
   97  1    3.055204    1.000000    0.000000    1.000000    0.000000
   98  1    3.156227    1.000000    0.000000   -1.000000    0.000000
   99  1    3.676272    1.000000    0.000000   -1.000000    0.000000
  100  1    4.001611    1.000000    0.000000    0.999999    0.000000
  101  1    4.486748    1.000000    0.000000   -1.000000    0.000000
  102  1    4.678387    1.000000    0.000000    0.999989    0.000000
  103  1    4.689437    1.000000    0.000000   -1.000000    0.000000
  104  1    5.251419    1.000000    0.000000   -0.999990    0.000000
  105  1    5.336333    1.000000    0.000000   -0.999992    0.000000
  106  1    5.437572    1.000000    0.000000   -0.999999    0.000000
  107  1    5.482111    1.000000    0.000000    0.999968    0.000000
  108  1    5.488843    1.000000    0.000000    0.999981    0.000000
  109  1    5.601419    1.000000    0.000000    0.999987    0.000000
  110  1    5.773285    1.000000    0.000000    0.948953    0.000000
  111  1    5.785178    1.000000    0.000000   -0.944759    0.000000
  112  1    5.949621    1.000000    0.000000   -0.999613    0.000000
  113  1    6.150836    1.000000    0.000000   -0.994185    0.000000
  114  1    6.176407    1.000000    0.000000   -0.984645    0.000000
  115  1    6.358174    1.000000    0.000000    0.010634    0.000000
  116  1    6.436658    1.000000    0.000000   -0.804178    0.000000
  117  1    6.503680    1.000000    0.000000    0.053577    0.000000
  118  1    6.638655    1.000000    0.000000    0.046556    0.000000
  119  1    7.331022    1.000000    0.000000   -0.198679    0.000000
  120  1    7.959999    1.000000    0.000000   -0.586416    0.000000
  2
    1    2
    1  2  -40.979555    2.000000    0.000000    0.000022    0.000000
    3  2  -40.971525    2.000000    0.000000   -0.000009    0.000000
    5  1  -36.664268    1.000000    0.000000   -1.000000    0.000000
    6  1  -36.662233    1.000000    0.000000   -1.000000    0.000000
    7  1  -36.539130    1.000000    0.000000   -1.000000    0.000000
    8  1  -36.523315    1.000000    0.000000   -1.000000    0.000000
    9  1  -35.989001    1.000000    0.000000   -1.000000    0.000000
   10  1  -35.878621    1.000000    0.000000   -1.000000    0.000000
   11  1  -35.834015    1.000000    0.000000   -1.000000    0.000000
   12  1  -35.828110    1.000000    0.000000    1.000000    0.000000
   13  1  -35.660563    1.000000    0.000000   -1.000000    0.000000
   14  1  -35.656335    1.000000    0.000000    1.000000    0.000000
   15  1  -35.269954    1.000000    0.000000   -1.000000    0.000000
   16  1  -35.115738    1.000000    0.000000   -1.000000    0.000000
   17  1  -35.111240    1.000000    0.000000    1.000000    0.000000
   18  1  -35.018865    1.000000    0.000000   -1.000000    0.000000
   19  1  -34.840926    1.000000    0.000000   -1.000000    0.000000
   20  1  -34.682319    1.000000    0.000000   -1.000000    0.000000
   21  1  -34.362273    1.000000    0.000000   -1.000000    0.000000
   22  1  -34.196630    1.000000    0.000000   -1.000000    0.000000
   23  1  -33.975031    1.000000    0.000000   -1.000000    0.000000
   24  1  -33.971731    1.000000    0.000000    1.000000    0.000000
   25  1  -33.775263    1.000000    0.000000   -1.000000    0.000000
   26  1  -33.770598    1.000000    0.000000    1.000000    0.000000
   27  1  -32.905119    1.000000    0.000000   -1.000000    0.000000
   28  1  -32.902992    1.000000    0.000000    1.000000    0.000000
   29  1   -9.412291    1.000000    0.000000    1.000000    0.000000
   30  1   -9.321844    1.000000    0.000000    1.000000    0.000000
   31  1   -8.901934    1.000000    0.000000   -1.000000    0.000000
   32  1   -8.793781    1.000000    0.000000   -1.000000    0.000000
   33  1   -8.434687    1.000000    0.000000   -1.000000    0.000000
   34  1   -8.371363    1.000000    0.000000    1.000000    0.000000
   35  1   -8.276742    1.000000    0.000000   -1.000000    0.000000
   36  1   -8.240313    1.000000    0.000000    1.000000    0.000000
   37  1   -8.204234    1.000000    0.000000   -1.000000    0.000000
   38  1   -8.194278    1.000000    0.000000    1.000000    0.000000
   39  1   -8.180249    1.000000    0.000000    1.000000    0.000000
   40  1   -8.086574    1.000000    0.000000    1.000000    0.000000
   41  1   -8.072034    1.000000    0.000000    1.000000    0.000000
   42  1   -8.061809    1.000000    0.000000   -1.000000    0.000000
   43  1   -8.058222    1.000000    0.000000   -1.000000    0.000000
   44  1   -7.949744    1.000000    0.000000   -1.000000    0.000000
   45  1   -1.387485    1.000000    0.000000    1.000000    0.000000
   46  1   -1.111025    1.000000    0.000000    1.000000    0.000000
   47  1   -0.958703    1.000000    0.000000    1.000000    0.000000
   48  1   -0.855140    1.000000    0.000000    1.000000    0.000000
   49  1   -0.734592    1.000000    0.000000    1.000000    0.000000
   50  1   -0.670532    1.000000    0.000000    1.000000    0.000000
   51  1   -0.578942    1.000000    0.000000   -1.000000    0.000000
   52  1   -0.461777    1.000000    0.000000   -1.000000    0.000000
   53  1   -0.369607    1.000000    0.000000   -1.000000    0.000000
   54  1   -0.295579    1.000000    0.000000   -1.000000    0.000000
   55  1   -0.233898    1.000000    0.000000   -1.000000    0.000000
   56  1   -0.220829    1.000000    0.000000   -1.000000    0.000000
   57  1    0.058316    1.000000    0.000000    1.000000    0.000000
   58  1    0.128813    1.000000    0.000000    1.000000    0.000000
   59  1    0.206343    1.000000    0.000000    1.000000    0.000000
   60  1    0.251736    1.000000    0.000000    1.000000    0.000000
   61  1    0.398427    1.000000    0.000000   -1.000000    0.000000
   62  1    0.498598    1.000000    0.000000    1.000000    0.000000
   63  1    0.542330    1.000000    0.000000    1.000000    0.000000
   64  1    0.576826    1.000000    0.000000    1.000000    0.000000
   65  1    0.594593    1.000000    0.000000    1.000000    0.000000
   66  1    0.599829    1.000000    0.000000   -1.000000    0.000000
   67  1    0.660299    1.000000    0.000000   -1.000000    0.000000
   68  1    0.744570    1.000000    0.000000    1.000000    0.000000
   69  1    0.976097    1.000000    0.000000   -0.999987    0.000000
   70  1    0.979502    1.000000    0.000000    0.999978    0.000000
   71  1    1.038696    1.000000    0.000000    1.000000    0.000000
   72  1    1.074408    1.000000    0.000000   -1.000000    0.000000
   73  1    1.124531    1.000000    0.000000    1.000000    0.000000
   74  2    1.183882    2.000000    0.000000   -0.000100    0.000000
   76  1    1.261822    1.000000    0.000000    1.000000    0.000000
   77  1    1.310892    1.000000    0.000000   -1.000000    0.000000
   78  1    1.383653    1.000000    0.000000   -1.000000    0.000000
   79  1    1.499533    1.000000    0.000000    1.000000    0.000000
   80  1    1.598412    1.000000    0.000000   -1.000000    0.000000
   81  1    1.613150    1.000000    0.000000    1.000000    0.000000
   82  1    1.656289    1.000000    0.000000   -1.000000    0.000000
   83  1    1.676447    1.000000    0.000000   -1.000000    0.000000
   84  1    1.702056    1.000000    0.000000   -1.000000    0.000000
   85  1    2.126752    1.000000    0.000000    1.000000    0.000000
   86  1    2.202422    1.000000    0.000000    1.000000    0.000000
   87  1    2.274649    1.000000    0.000000    1.000000    0.000000
   88  1    2.319878    1.000000    0.000000   -1.000000    0.000000
   89  1    2.398865    1.000000    0.000000    1.000000    0.000000
   90  1    2.419658    1.000000    0.000000    1.000000    0.000000
   91  1    2.433131    1.000000    0.000000   -1.000000    0.000000
   92  1    2.542079    1.000000    0.000000   -1.000000    0.000000
   93  1    2.560861    1.000000    0.000000   -1.000000    0.000000
   94  1    2.804776    1.000000    0.000000    1.000000    0.000000
   95  1    2.921434    1.000000    0.000000   -1.000000    0.000000
   96  1    2.954404    1.000000    0.000000    1.000000    0.000000
   97  1    2.983201    1.000000    0.000000   -1.000000    0.000000
   98  1    3.020626    1.000000    0.000000   -1.000000    0.000000
   99  1    3.426333    1.000000    0.000000   -1.000000    0.000000
  100  1    4.043272    1.000000    0.000000    1.000000    0.000000
  101  1    4.375661    1.000000    0.000000    1.000000    0.000000
  102  1    4.782373    1.000000    0.000000    0.999989    0.000000
  103  1    5.025007    1.000000    0.000000    0.999999    0.000000
  104  1    5.081035    1.000000    0.000000    1.000000    0.000000
  105  1    5.177278    1.000000    0.000000    0.999998    0.000000
  106  1    5.251027    1.000000    0.000000   -0.999993    0.000000
  107  1    5.608505    1.000000    0.000000    0.999975    0.000000
  108  1    5.627855    1.000000    0.000000    0.999974    0.000000
  109  1    5.743464    1.000000    0.000000    0.999966    0.000000
  110  1    5.917347    1.000000    0.000000    0.999476    0.000000
  111  1    5.935720    1.000000    0.000000    0.999721    0.000000
  112  1    6.029974    1.000000    0.000000    0.998086    0.000000
  113  1    6.269178    1.000000    0.000000   -0.983298    0.000000
  114  1    6.304369    1.000000    0.000000   -0.921991    0.000000
  115  1    6.305891    1.000000    0.000000    0.985081    0.000000
  116  1    6.384815    1.000000    0.000000    0.916815    0.000000
  117  1    6.519619    1.000000    0.000000    0.970575    0.000000
  118  1    6.606956    1.000000    0.000000    0.585335    0.000000
  119  1    6.636188    1.000000    0.000000    0.989003    0.000000
  120  1    6.807565    1.000000    0.000000    0.071049    0.000000
  2
    1    2
    1  2  -40.979559    2.000000    0.000000   -0.000000    0.000000
    3  2  -40.971529    2.000000    0.000000    0.000007    0.000000
    5  1  -36.664261    1.000000    0.000000   -1.000000    0.000000
    6  1  -36.662198    1.000000    0.000000   -1.000000    0.000000
    7  1  -36.539095    1.000000    0.000000   -1.000000    0.000000
    8  1  -36.523292    1.000000    0.000000   -1.000000    0.000000
    9  1  -35.988838    1.000000    0.000000   -1.000000    0.000000
   10  1  -35.878221    1.000000    0.000000   -1.000000    0.000000
   11  1  -35.835627    1.000000    0.000000    1.000000    0.000000
   12  1  -35.827104    1.000000    0.000000    1.000000    0.000000
   13  1  -35.669467    1.000000    0.000000    1.000000    0.000000
   14  1  -35.647426    1.000000    0.000000    1.000000    0.000000
   15  1  -35.269921    1.000000    0.000000   -1.000000    0.000000
   16  1  -35.116457    1.000000    0.000000    1.000000    0.000000
   17  1  -35.110635    1.000000    0.000000    1.000000    0.000000
   18  1  -35.018885    1.000000    0.000000   -1.000000    0.000000
   19  1  -34.840912    1.000000    0.000000   -1.000000    0.000000
   20  1  -34.682286    1.000000    0.000000   -1.000000    0.000000
   21  1  -34.362193    1.000000    0.000000   -1.000000    0.000000
   22  1  -34.196516    1.000000    0.000000   -1.000000    0.000000
   23  1  -33.984604    1.000000    0.000000    1.000000    0.000000
   24  1  -33.962462    1.000000    0.000000    1.000000    0.000000
   25  1  -33.777827    1.000000    0.000000    1.000000    0.000000
   26  1  -33.767946    1.000000    0.000000    1.000000    0.000000
   27  1  -32.907077    1.000000    0.000000    1.000000    0.000000
   28  1  -32.901184    1.000000    0.000000    1.000000    0.000000
   29  1   -9.209001    1.000000    0.000000    1.000000    0.000000
   30  1   -9.095424    1.000000    0.000000    1.000000    0.000000
   31  1   -9.055421    1.000000    0.000000   -1.000000    0.000000
   32  1   -8.975570    1.000000    0.000000   -1.000000    0.000000
   33  1   -8.512790    1.000000    0.000000   -1.000000    0.000000
   34  1   -8.363231    1.000000    0.000000   -1.000000    0.000000
   35  1   -8.356633    1.000000    0.000000   -1.000000    0.000000
   36  1   -8.295265    1.000000    0.000000    1.000000    0.000000
   37  1   -8.233656    1.000000    0.000000    1.000000    0.000000
   38  1   -8.215559    1.000000    0.000000   -1.000000    0.000000
   39  1   -8.190540    1.000000    0.000000    1.000000    0.000000
   40  1   -8.189085    1.000000    0.000000    1.000000    0.000000
   41  1   -8.123319    1.000000    0.000000    1.000000    0.000000
   42  1   -8.048091    1.000000    0.000000    1.000000    0.000000
   43  1   -7.951731    1.000000    0.000000   -1.000000    0.000000
   44  1   -7.850347    1.000000    0.000000   -1.000000    0.000000
   45  1   -1.013175    1.000000    0.000000    1.000000    0.000000
   46  1   -0.909487    1.000000    0.000000   -1.000000    0.000000
   47  1   -0.755500    1.000000    0.000000    1.000000    0.000000
   48  1   -0.617733    1.000000    0.000000    1.000000    0.000000
   49  1   -0.535829    1.000000    0.000000    1.000000    0.000000
   50  1   -0.461961    1.000000    0.000000    1.000000    0.000000
   51  1   -0.432513    1.000000    0.000000   -1.000000    0.000000
   52  1   -0.318095    1.000000    0.000000   -1.000000    0.000000
   53  1   -0.193445    1.000000    0.000000   -1.000000    0.000000
   54  1   -0.121041    1.000000    0.000000   -1.000000    0.000000
   55  1   -0.027777    1.000000    0.000000   -1.000000    0.000000
   56  1    0.021563    1.000000    0.000000   -1.000000    0.000000
   57  1    0.058554    1.000000    0.000000    1.000000    0.000000
   58  1    0.140337    1.000000    0.000000   -1.000000    0.000000
   59  1    0.152220    1.000000    0.000000   -1.000000    0.000000
   60  1    0.160334    1.000000    0.000000    1.000000    0.000000
   61  1    0.256610    1.000000    0.000000    1.000000    0.000000
   62  1    0.346187    1.000000    0.000000    1.000000    0.000000
   63  1    0.391898    1.000000    0.000000   -1.000000    0.000000
   64  1    0.436407    1.000000    0.000000    1.000000    0.000000
   65  1    0.458207    1.000000    0.000000    1.000000    0.000000
   66  1    0.507764    1.000000    0.000000   -1.000000    0.000000
   67  1    0.695095    1.000000    0.000000    1.000000    0.000000
   68  1    0.789002    1.000000    0.000000    1.000000    0.000000
   69  1    0.806248    1.000000    0.000000    0.999988    0.000000
   70  1    0.807873    1.000000    0.000000   -0.999990    0.000000
   71  1    0.831732    1.000000    0.000000    1.000000    0.000000
   72  1    0.877213    1.000000    0.000000    1.000000    0.000000
   73  1    0.925246    1.000000    0.000000   -1.000000    0.000000
   74  1    0.977121    1.000000    0.000000   -1.000000    0.000000
   75  1    1.063751    1.000000    0.000000   -1.000000    0.000000
   76  1    1.153162    1.000000    0.000000    1.000000    0.000000
   77  1    1.255866    1.000000    0.000000    1.000000    0.000000
   78  1    1.334772    1.000000    0.000000   -1.000000    0.000000
   79  1    1.338766    1.000000    0.000000    1.000000    0.000000
   80  1    1.346948    1.000000    0.000000   -1.000000    0.000000
   81  1    1.566929    1.000000    0.000000    1.000000    0.000000
   82  1    1.568830    1.000000    0.000000   -1.000000    0.000000
   83  1    1.636309    1.000000    0.000000    1.000000    0.000000
   84  1    1.661772    1.000000    0.000000   -1.000000    0.000000
   85  1    1.701752    1.000000    0.000000   -1.000000    0.000000
   86  1    1.897892    1.000000    0.000000   -1.000000    0.000000
   87  1    2.293017    1.000000    0.000000   -1.000000    0.000000
   88  1    2.472995    1.000000    0.000000    1.000000    0.000000
   89  1    2.494443    1.000000    0.000000    1.000000    0.000000
   90  1    2.499921    1.000000    0.000000   -1.000000    0.000000
   91  1    2.521423    1.000000    0.000000   -1.000000    0.000000
   92  1    2.527089    1.000000    0.000000   -1.000000    0.000000
   93  1    2.716202    1.000000    0.000000    1.000000    0.000000
   94  1    2.767519    1.000000    0.000000    1.000000    0.000000
   95  1    2.777416    1.000000    0.000000    1.000000    0.000000
   96  1    2.895407    1.000000    0.000000   -1.000000    0.000000
   97  1    3.051532    1.000000    0.000000   -1.000000    0.000000
   98  1    3.089339    1.000000    0.000000    1.000000    0.000000
   99  1    3.537136    1.000000    0.000000   -1.000000    0.000000
  100  1    3.904540    1.000000    0.000000    1.000000    0.000000
  101  1    4.412910    1.000000    0.000000    0.999994    0.000000
  102  1    4.651684    1.000000    0.000000   -0.999995    0.000000
  103  1    4.925551    1.000000    0.000000    0.999992    0.000000
  104  1    5.105163    1.000000    0.000000    0.999990    0.000000
  105  1    5.156246    1.000000    0.000000    0.999996    0.000000
  106  1    5.370599    1.000000    0.000000    0.999984    0.000000
  107  1    5.415947    1.000000    0.000000   -0.999996    0.000000
  108  1    5.508547    1.000000    0.000000   -0.999995    0.000000
  109  1    5.533893    1.000000    0.000000    0.999955    0.000000
  110  1    5.767638    1.000000    0.000000    0.999915    0.000000
  111  1    5.987596    1.000000    0.000000    0.995779    0.000000
  112  1    6.038016    1.000000    0.000000    0.995343    0.000000
  113  1    6.096333    1.000000    0.000000   -0.839283    0.000000
  114  1    6.293093    1.000000    0.000000   -0.740015    0.000000
  115  1    6.391795    1.000000    0.000000    0.675209    0.000000
  116  1    6.588338    1.000000    0.000000    0.912265    0.000000
  117  1    6.696701    1.000000    0.000000    0.519379    0.000000
  118  1    6.728824    1.000000    0.000000   -0.279064    0.000000
  119  1    6.906522    1.000000    0.000000    0.793296    0.000000
  120  1    7.520383    1.000000    0.000000    0.560493    0.000000
