  108  144
  1
  4
  1  0  0  0  1  0  0  0  1    0.000000    0.000000    0.000000    1.000000    0.000000    0.000000    0.000000    0.000000    0.000000    1.000000    0.000000  1
 -1  0  0  0 -1  0  0  0 -1    0.000000    0.000000    0.000000    1.000000    0.000000    0.000000    0.000000    0.000000    0.000000    1.000000    0.000000  1
  0 -1  0 -1  0  0  0  0 -1    0.000000    0.000000    0.000000    0.000000    0.000000   -0.866025    0.500000    0.866025    0.500000    0.000000    0.000000 -1
  0  1  0  1  0  0  0  0  1    0.000000    0.000000    0.000000    0.000000    0.000000   -0.866025    0.500000    0.866025    0.500000    0.000000    0.000000 -1
  8
    0.000000    0.000000    0.000000
    0.000000    0.000000    0.500000
    0.000000    0.500000    0.500000
    0.500000    0.000000    0.500000
    0.500000    0.500000    0.500000
    0.000000    0.500000    0.000000
    0.500000    0.000000    0.000000
    0.500000    0.500000    0.000000
  2
    1    2
    1  1  -47.617845    1.000000    0.000000   -1.000000    0.000000
    2  1  -47.615681    1.000000    0.000000   -1.000000    0.000000
    3  1  -47.612670    1.000000    0.000000   -1.000000    0.000000
    4  2  -47.219769    2.000000    0.000000   -2.000000    0.000000
    6  1  -47.213281    1.000000    0.000000   -1.000000    0.000000
    7  1  -47.062205    1.000000    0.000000   -1.000000    0.000000
    8  1  -46.707597    1.000000    0.000000   -1.000000    0.000000
    9  1  -46.705605    1.000000    0.000000   -1.000000    0.000000
   10  1  -46.702129    1.000000    0.000000   -1.000000    0.000000
   11  1  -46.652536    1.000000    0.000000   -1.000000    0.000000
   12  1  -46.162882    1.000000    0.000000   -1.000000    0.000000
   13  1  -43.160312    1.000000    0.000000   -1.000000    0.000000
   14  1  -43.158406    1.000000    0.000000   -1.000000    0.000000
   15  1  -43.154588    1.000000    0.000000   -1.000000    0.000000
   16  1  -42.759618    1.000000    0.000000   -1.000000    0.000000
   17  2  -42.755622    2.000000    0.000000   -2.000000    0.000000
   19  1  -42.417038    1.000000    0.000000   -1.000000    0.000000
   20  1  -42.414978    1.000000    0.000000   -1.000000    0.000000
   21  1  -42.410931    1.000000    0.000000   -1.000000    0.000000
   22  1  -42.093593    1.000000    0.000000   -1.000000    0.000000
   23  1  -41.683844    1.000000    0.000000   -1.000000    0.000000
   24  1  -41.343461    1.000000    0.000000   -1.000000    0.000000
   25  1  -38.603951    1.000000    0.000000   -1.000000    0.000000
   26  1  -38.599720    1.000000    0.000000   -1.000000    0.000000
   27  1  -38.321530    1.000000    0.000000   -1.000000    0.000000
   28  1  -38.315715    1.000000    0.000000   -1.000000    0.000000
   29  1  -38.310939    1.000000    0.000000   -1.000000    0.000000
   30  1  -38.307354    1.000000    0.000000   -1.000000    0.000000
   31  1   -9.976352    1.000000    0.000000    1.000000    0.000000
   32  1   -9.755357    1.000000    0.000000    1.000000    0.000000
   33  1   -8.738371    1.000000    0.000000   -1.000000    0.000000
   34  1   -8.564666    1.000000    0.000000   -1.000000    0.000000
   35  2   -8.531912    2.000000    0.000000   -2.000000    0.000000
   37  1   -8.395891    1.000000    0.000000   -1.000000    0.000000
   38  1   -8.372725    1.000000    0.000000    1.000000    0.000000
   39  2   -8.332517    2.000000    0.000000    2.000000    0.000000
   41  2   -8.231377    2.000000    0.000000   -2.000000    0.000000
   43  2   -8.201654    2.000000    0.000000    2.000000    0.000000
   45  1   -8.130526    1.000000    0.000000    1.000000    0.000000
   46  1   -8.120266    1.000000    0.000000   -1.000000    0.000000
   47  1   -2.854799    1.000000    0.000000    1.000000    0.000000
   48  1   -2.339327    1.000000    0.000000    1.000000    0.000000
   49  1   -2.337959    1.000000    0.000000    1.000000    0.000000
   50  1   -2.323339    1.000000    0.000000    1.000000    0.000000
   51  1   -1.905566    1.000000    0.000000    1.000000    0.000000
   52  1   -1.734423    1.000000    0.000000    1.000000    0.000000
   53  1   -1.680563    1.000000    0.000000    1.000000    0.000000
   54  2   -1.630366    2.000000    0.000000    2.000000    0.000000
   56  1   -1.458965    1.000000    0.000000    1.000000    0.000000
   57  1   -1.392072    1.000000    0.000000    1.000000    0.000000
   58  1   -1.386839    1.000000    0.000000    1.000000    0.000000
   59  1   -1.375081    1.000000    0.000000    1.000000    0.000000
   60  1   -1.372231    1.000000    0.000000    1.000000    0.000000
   61  1   -1.115670    1.000000    0.000000    1.000000    0.000000
   62  1   -1.086726    1.000000    0.000000    1.000000    0.000000
   63  1   -1.080981    1.000000    0.000000    1.000000    0.000000
   64  1   -1.039132    1.000000    0.000000    1.000000    0.000000
   65  1   -0.999901    1.000000    0.000000    1.000000    0.000000
   66  1   -0.830730    1.000000    0.000000    1.000000    0.000000
   67  1   -0.806624    1.000000    0.000000    1.000000    0.000000
   68  1   -0.769912    1.000000    0.000000   -1.000000    0.000000
   69  1   -0.767789    1.000000    0.000000   -1.000000    0.000000
   70  1   -0.690138    1.000000    0.000000   -1.000000    0.000000
   71  1   -0.686962    1.000000    0.000000   -1.000000    0.000000
   72  1   -0.663039    1.000000    0.000000   -1.000000    0.000000
   73  1   -0.586145    1.000000    0.000000    1.000000    0.000000
   74  1   -0.566722    1.000000    0.000000    1.000000    0.000000
   75  1   -0.512541    1.000000    0.000000   -1.000000    0.000000
   76  1   -0.361052    1.000000    0.000000    1.000000    0.000000
   77  1   -0.295404    1.000000    0.000000    1.000000    0.000000
   78  1   -0.001423    1.000000    0.000000    1.000000    0.000000
   79  1    0.008069    1.000000    0.000000    1.000000    0.000000
   80  1    0.419719    1.000000    0.000000    1.000000    0.000000
   81  1    1.359287    1.000000    0.000000    1.000000    0.000000
   82  1    1.372778    1.000000    0.000000    1.000000    0.000000
   83  1    1.408436    1.000000    0.000000   -1.000000    0.000000
   84  1    1.447882    1.000000    0.000000   -1.000000    0.000000
   85  1    1.464967    1.000000    0.000000   -1.000000    0.000000
   86  1    1.600491    1.000000    0.000000    1.000000    0.000000
   87  1    1.616492    1.000000    0.000000   -1.000000    0.000000
   88  1    1.634084    1.000000    0.000000   -1.000000    0.000000
   89  1    1.637954    1.000000    0.000000   -1.000000    0.000000
   90  1    1.650649    1.000000    0.000000   -1.000000    0.000000
   91  1    1.667116    1.000000    0.000000   -1.000000    0.000000
   92  1    1.678496    1.000000    0.000000   -1.000000    0.000000
   93  1    1.758341    1.000000    0.000000    1.000000    0.000000
   94  1    1.766695    1.000000    0.000000    1.000000    0.000000
   95  1    1.818784    1.000000    0.000000    1.000000    0.000000
   96  1    1.825602    1.000000    0.000000    1.000000    0.000000
   97  1    1.871123    1.000000    0.000000   -1.000000    0.000000
   98  1    1.897485    1.000000    0.000000   -1.000000    0.000000
   99  1    1.917147    1.000000    0.000000   -1.000000    0.000000
  100  1    1.976338    1.000000    0.000000    1.000000    0.000000
  101  1    2.991115    1.000000    0.000000   -1.000000    0.000000
  102  1    3.069692    1.000000    0.000000   -1.000000    0.000000
  103  1    3.134676    1.000000    0.000000   -1.000000    0.000000
  104  1    3.428274    1.000000    0.000000   -1.000000    0.000000
  105  1    3.464264    1.000000    0.000000   -1.000000    0.000000
  106  1    3.493097    1.000000    0.000000   -1.000000    0.000000
  107  1    3.609789    1.000000    0.000000    1.000000    0.000000
  108  1    3.614514    1.000000    0.000000    1.000000    0.000000
  109  1    4.451972    1.000000    0.000000    1.000000    0.000000
  110  1    4.456994    1.000000    0.000000    1.000000    0.000000
  111  1    4.470548    1.000000    0.000000    1.000000    0.000000
  112  1    4.492934    1.000000    0.000000    1.000000    0.000000
  113  1    4.542851    1.000000    0.000000    1.000000    0.000000
  114  1    4.563715    1.000000    0.000000    1.000000    0.000000
  115  1    5.593260    1.000000    0.000000    1.000000    0.000000
  116  1    5.599045    1.000000    0.000000    1.000000    0.000000
  117  1    5.649055    1.000000    0.000000    1.000000    0.000000
  118  1    6.149027    1.000000    0.000000    1.000000    0.000000
  119  1    6.316515    1.000000    0.000000    1.000000    0.000000
  120  1    6.335026    1.000000    0.000000    1.000000    0.000000
  121  1    6.423358    1.000000    0.000000    1.000000    0.000000
  122  1    6.783122    1.000000    0.000000    1.000000    0.000000
  123  1    6.796819    1.000000    0.000000    1.000000    0.000000
  124  1    6.845544    1.000000    0.000000    1.000000    0.000000
  125  1    6.874953    1.000000    0.000000    1.000000    0.000000
  126  1    7.206076    1.000000    0.000000    1.000000    0.000000
  127  1    7.241808    1.000000    0.000000    1.000000    0.000000
  128  1    7.524413    1.000000    0.000000    1.000000    0.000000
  129  1    7.531884    1.000000    0.000000    1.000000    0.000000
  130  1    7.549942    1.000000    0.000000    1.000000    0.000000
  131  1    7.636204    1.000000    0.000000    1.000000    0.000000
  132  1    7.814886    1.000000    0.000000    1.000000    0.000000
  133  1    7.831117    1.000000    0.000000    1.000000    0.000000
  134  1    7.853133    1.000000    0.000000    1.000000    0.000000
  135  1    8.278477    1.000000    0.000000    0.999973    0.000000
  136  1    8.293680    1.000000    0.000000    0.999961    0.000000
  137  1    8.319355    1.000000    0.000000    0.999960    0.000000
  138  1    8.320417    1.000000    0.000000    0.999989    0.000000
  139  1    8.549725    1.000000    0.000000   -0.999823    0.000000
  140  1    8.561771    1.000000    0.000000   -0.997591    0.000000
  141  1    8.585006    1.000000    0.000000    0.998327    0.000000
  142  1    8.685418    1.000000    0.000000   -0.998233    0.000000
  143  1    8.711846    1.000000    0.000000   -0.932025    0.000000
  144  1    8.823742    1.000000    0.000000   -0.877739    0.000000
  2
    1    2
    1  1  -47.617842    1.000000    0.000000   -1.000000    0.000000
    2  1  -47.615676    1.000000    0.000000   -1.000000    0.000000
    3  1  -47.612680    1.000000    0.000000   -1.000000    0.000000
    4  2  -47.219775    2.000000    0.000000   -2.000000    0.000000
    6  1  -47.213284    1.000000    0.000000   -1.000000    0.000000
    7  1  -47.062204    1.000000    0.000000   -1.000000    0.000000
    8  1  -46.707596    1.000000    0.000000   -1.000000    0.000000
    9  1  -46.705603    1.000000    0.000000   -1.000000    0.000000
   10  1  -46.702136    1.000000    0.000000   -1.000000    0.000000
   11  1  -46.652536    1.000000    0.000000   -1.000000    0.000000
   12  1  -46.162882    1.000000    0.000000   -1.000000    0.000000
   13  1  -43.160299    1.000000    0.000000   -1.000000    0.000000
   14  1  -43.158396    1.000000    0.000000   -1.000000    0.000000
   15  1  -43.154591    1.000000    0.000000   -1.000000    0.000000
   16  1  -42.759611    1.000000    0.000000   -1.000000    0.000000
   17  2  -42.755630    2.000000    0.000000   -2.000000    0.000000
   19  1  -42.417028    1.000000    0.000000   -1.000000    0.000000
   20  1  -42.414970    1.000000    0.000000   -1.000000    0.000000
   21  1  -42.410933    1.000000    0.000000   -1.000000    0.000000
   22  1  -42.093587    1.000000    0.000000   -1.000000    0.000000
   23  1  -41.683842    1.000000    0.000000   -1.000000    0.000000
   24  1  -41.343456    1.000000    0.000000   -1.000000    0.000000
   25  1  -38.603949    1.000000    0.000000    1.000000    0.000000
   26  1  -38.599719    1.000000    0.000000    1.000000    0.000000
   27  1  -38.321516    1.000000    0.000000    1.000000    0.000000
   28  1  -38.315725    1.000000    0.000000    1.000000    0.000000
   29  1  -38.310935    1.000000    0.000000    1.000000    0.000000
   30  1  -38.307355    1.000000    0.000000    1.000000    0.000000
   31  1   -9.809552    1.000000    0.000000    1.000000    0.000000
   32  1   -9.585473    1.000000    0.000000    1.000000    0.000000
   33  1   -8.921464    1.000000    0.000000   -1.000000    0.000000
   34  1   -8.655683    1.000000    0.000000   -1.000000    0.000000
   35  1   -8.636115    1.000000    0.000000   -1.000000    0.000000
   36  1   -8.453230    1.000000    0.000000   -1.000000    0.000000
   37  1   -8.452183    1.000000    0.000000   -1.000000    0.000000
   38  2   -8.426965    2.000000    0.000000    2.000000    0.000000
   40  1   -8.380793    1.000000    0.000000    1.000000    0.000000
   41  2   -8.291576    2.000000    0.000000    2.000000    0.000000
   43  1   -8.171313    1.000000    0.000000   -1.000000    0.000000
   44  2   -8.149297    2.000000    0.000000   -2.000000    0.000000
   46  1   -8.140025    1.000000    0.000000    1.000000    0.000000
   47  1   -2.634827    1.000000    0.000000    1.000000    0.000000
   48  1   -2.261123    1.000000    0.000000    1.000000    0.000000
   49  1   -2.258728    1.000000    0.000000    1.000000    0.000000
   50  1   -2.056151    1.000000    0.000000    1.000000    0.000000
   51  1   -1.739959    1.000000    0.000000    1.000000    0.000000
   52  1   -1.737253    1.000000    0.000000    1.000000    0.000000
   53  1   -1.720305    1.000000    0.000000    1.000000    0.000000
   54  1   -1.669578    1.000000    0.000000    1.000000    0.000000
   55  1   -1.472005    1.000000    0.000000    1.000000    0.000000
   56  1   -1.404768    1.000000    0.000000    1.000000    0.000000
   57  1   -1.397990    1.000000    0.000000    1.000000    0.000000
   58  1   -1.387085    1.000000    0.000000    1.000000    0.000000
   59  1   -1.135529    1.000000    0.000000    1.000000    0.000000
   60  1   -1.132910    1.000000    0.000000    1.000000    0.000000
   61  1   -1.115093    1.000000    0.000000    1.000000    0.000000
   62  1   -1.088129    1.000000    0.000000    1.000000    0.000000
   63  1   -1.076186    1.000000    0.000000    1.000000    0.000000
   64  1   -1.004027    1.000000    0.000000    1.000000    0.000000
   65  1   -0.834362    1.000000    0.000000    1.000000    0.000000
   66  1   -0.801446    1.000000    0.000000    1.000000    0.000000
   67  1   -0.714384    1.000000    0.000000    1.000000    0.000000
   68  1   -0.685746    1.000000    0.000000    1.000000    0.000000
   69  1   -0.649015    1.000000    0.000000   -1.000000    0.000000
   70  1   -0.567961    1.000000    0.000000   -1.000000    0.000000
   71  1   -0.393191    1.000000    0.000000   -1.000000    0.000000
   72  1   -0.391116    1.000000    0.000000   -1.000000    0.000000
   73  1   -0.377233    1.000000    0.000000    1.000000    0.000000
   74  1   -0.283102    1.000000    0.000000   -1.000000    0.000000
   75  1   -0.279470    1.000000    0.000000   -1.000000    0.000000
   76  1   -0.106150    1.000000    0.000000    1.000000    0.000000
   77  1    0.142826    1.000000    0.000000    1.000000    0.000000
   78  1    0.166716    1.000000    0.000000    1.000000    0.000000
   79  1    0.176075    1.000000    0.000000    1.000000    0.000000
   80  1    0.547451    1.000000    0.000000   -1.000000    0.000000
   81  1    0.741769    1.000000    0.000000   -1.000000    0.000000
   82  1    0.779757    1.000000    0.000000    1.000000    0.000000
   83  1    0.781532    1.000000    0.000000    1.000000    0.000000
   84  1    1.099043    1.000000    0.000000    1.000000    0.000000
   85  1    1.340913    1.000000    0.000000   -1.000000    0.000000
   86  1    1.349553    1.000000    0.000000   -1.000000    0.000000
   87  1    1.476757    1.000000    0.000000    1.000000    0.000000
   88  1    1.481649    1.000000    0.000000    1.000000    0.000000
   89  1    1.489925    1.000000    0.000000    1.000000    0.000000
   90  1    1.496900    1.000000    0.000000    1.000000    0.000000
   91  1    1.537640    1.000000    0.000000   -1.000000    0.000000
   92  1    1.540904    1.000000    0.000000   -1.000000    0.000000
   93  1    1.595433    1.000000    0.000000   -1.000000    0.000000
   94  1    1.614432    1.000000    0.000000   -1.000000    0.000000
   95  1    1.703119    1.000000    0.000000   -1.000000    0.000000
   96  1    1.739186    1.000000    0.000000    1.000000    0.000000
   97  1    1.752537    1.000000    0.000000    1.000000    0.000000
   98  1    1.797619    1.000000    0.000000   -1.000000    0.000000
   99  1    1.803116    1.000000    0.000000   -1.000000    0.000000
  100  1    1.805776    1.000000    0.000000   -1.000000    0.000000
  101  1    2.005285    1.000000    0.000000   -1.000000    0.000000
  102  1    2.162096    1.000000    0.000000   -1.000000    0.000000
  103  1    2.861284    1.000000    0.000000    1.000000    0.000000
  104  1    2.863593    1.000000    0.000000    1.000000    0.000000
  105  1    2.999645    1.000000    0.000000   -1.000000    0.000000
  106  1    3.057692    1.000000    0.000000   -1.000000    0.000000
  107  1    3.357165    1.000000    0.000000   -1.000000    0.000000
  108  1    3.415852    1.000000    0.000000   -1.000000    0.000000
  109  1    3.899521    1.000000    0.000000    1.000000    0.000000
  110  1    4.117239    1.000000    0.000000    1.000000    0.000000
  111  1    4.126782    1.000000    0.000000    1.000000    0.000000
  112  1    4.251723    1.000000    0.000000    1.000000    0.000000
  113  1    4.581274    1.000000    0.000000    1.000000    0.000000
  114  1    4.608902    1.000000    0.000000    1.000000    0.000000
  115  1    5.815295    1.000000    0.000000    1.000000    0.000000
  116  1    5.820681    1.000000    0.000000    1.000000    0.000000
  117  1    5.987292    1.000000    0.000000    1.000000    0.000000
  118  1    6.318214    1.000000    0.000000    1.000000    0.000000
  119  1    6.341908    1.000000    0.000000    1.000000    0.000000
  120  1    6.706611    1.000000    0.000000    1.000000    0.000000
  121  1    6.728772    1.000000    0.000000    1.000000    0.000000
  122  1    6.740555    1.000000    0.000000    1.000000    0.000000
  123  1    6.789618    1.000000    0.000000    1.000000    0.000000
  124  1    7.154682    1.000000    0.000000    1.000000    0.000000
  125  1    7.188961    1.000000    0.000000    1.000000    0.000000
  126  1    7.229115    1.000000    0.000000    1.000000    0.000000
  127  1    7.459494    1.000000    0.000000    1.000000    0.000000
  128  1    7.486114    1.000000    0.000000    1.000000    0.000000
  129  1    7.513137    1.000000    0.000000    1.000000    0.000000
  130  1    7.522073    1.000000    0.000000    1.000000    0.000000
  131  1    7.822564    1.000000    0.000000    1.000000    0.000000
  132  1    7.839466    1.000000    0.000000    1.000000    0.000000
  133  1    7.857394    1.000000    0.000000    1.000000    0.000000
  134  1    8.015373    1.000000    0.000000    1.000000    0.000000
  135  1    8.032555    1.000000    0.000000    1.000000    0.000000
  136  1    8.603365    1.000000    0.000000   -1.000000    0.000000
  137  1    8.651850    1.000000    0.000000    1.000000    0.000000
  138  1    8.842233    1.000000    0.000000   -0.999998    0.000000
  139  1    9.156563    1.000000    0.000000   -0.999960    0.000000
  140  1    9.257573    1.000000    0.000000    0.999913    0.000000
  141  1    9.258630    1.000000    0.000000    0.999861    0.000000
  142  1    9.355927    1.000000    0.000000   -0.999484    0.000000
  143  1    9.821481    1.000000    0.000000   -0.924986    0.000000
  144  1    9.867390    1.000000    0.000000   -0.901574    0.000000
  2
    1    2
    1  1  -47.617729    1.000000    0.000000    1.000000    0.000000
    2  2  -47.614353    2.000000    0.000000    0.000000    0.000000
    4  2  -47.219414    2.000000    0.000000    0.000000    0.000000
    6  1  -47.213312    1.000000    0.000000    1.000000    0.000000
    7  1  -47.062203    1.000000    0.000000   -1.000000    0.000000
    8  1  -46.707481    1.000000    0.000000    1.000000    0.000000
    9  2  -46.704114    2.000000    0.000000    0.000000    0.000000
   11  1  -46.652552    1.000000    0.000000   -1.000000    0.000000
   12  1  -46.162892    1.000000    0.000000   -1.000000    0.000000
   13  2  -43.159102    2.000000    0.000000    0.000000    0.000000
   15  1  -43.155739    1.000000    0.000000    1.000000    0.000000
   16  1  -42.759490    1.000000    0.000000    1.000000    0.000000
   17  2  -42.755334    2.000000    0.000000    0.000000    0.000000
   19  2  -42.415716    2.000000    0.000000    0.000000    0.000000
   21  1  -42.412236    1.000000    0.000000    1.000000    0.000000
   22  1  -42.093622    1.000000    0.000000   -1.000000    0.000000
   23  1  -41.683846    1.000000    0.000000   -1.000000    0.000000
   24  1  -41.343471    1.000000    0.000000   -1.000000    0.000000
   25  1  -38.603931    1.000000    0.000000   -1.000000    0.000000
   26  1  -38.599701    1.000000    0.000000   -1.000000    0.000000
   27  1  -38.321493    1.000000    0.000000   -1.000000    0.000000
   28  1  -38.315709    1.000000    0.000000   -1.000000    0.000000
   29  1  -38.310919    1.000000    0.000000   -1.000000    0.000000
   30  1  -38.307335    1.000000    0.000000   -1.000000    0.000000
   31  1   -9.433659    1.000000    0.000000   -1.000000    0.000000
   32  1   -9.310903    1.000000    0.000000    1.000000    0.000000
   33  1   -9.160619    1.000000    0.000000   -1.000000    0.000000
   34  1   -9.072566    1.000000    0.000000    1.000000    0.000000
   35  1   -8.680886    1.000000    0.000000    1.000000    0.000000
   36  1   -8.638543    1.000000    0.000000   -1.000000    0.000000
   37  1   -8.572169    1.000000    0.000000    1.000000    0.000000
   38  1   -8.477686    1.000000    0.000000   -1.000000    0.000000
   39  1   -8.420500    1.000000    0.000000    1.000000    0.000000
   40  1   -8.397280    1.000000    0.000000   -1.000000    0.000000
   41  1   -8.278009    1.000000    0.000000   -1.000000    0.000000
   42  1   -8.237536    1.000000    0.000000    1.000000    0.000000
   43  1   -8.225523    1.000000    0.000000   -1.000000    0.000000
   44  1   -8.194833    1.000000    0.000000    1.000000    0.000000
   45  1   -8.048768    1.000000    0.000000    1.000000    0.000000
   46  1   -8.015294    1.000000    0.000000   -1.000000    0.000000
   47  1   -2.226332    1.000000    0.000000    1.000000    0.000000
   48  1   -2.105178    1.000000    0.000000   -1.000000    0.000000
   49  1   -2.053067    1.000000    0.000000   -1.000000    0.000000
   50  2   -1.798419    2.000000    0.000000    0.000000    0.000000
   52  1   -1.772480    1.000000    0.000000   -1.000000    0.000000
   53  1   -1.696525    1.000000    0.000000    1.000000    0.000000
   54  1   -1.632094    1.000000    0.000000   -1.000000    0.000000
   55  1   -1.611163    1.000000    0.000000    1.000000    0.000000
   56  1   -1.437909    1.000000    0.000000   -1.000000    0.000000
   57  1   -1.378356    1.000000    0.000000    1.000000    0.000000
   58  1   -1.337195    1.000000    0.000000   -1.000000    0.000000
   59  1   -1.330679    1.000000    0.000000    1.000000    0.000000
   60  1   -1.204875    1.000000    0.000000   -1.000000    0.000000
   61  1   -1.015687    1.000000    0.000000   -1.000000    0.000000
   62  1   -1.006623    1.000000    0.000000    1.000000    0.000000
   63  1   -0.976187    1.000000    0.000000    1.000000    0.000000
   64  1   -0.897621    1.000000    0.000000    1.000000    0.000000
   65  1   -0.865345    1.000000    0.000000    1.000000    0.000000
   66  1   -0.819554    1.000000    0.000000    1.000000    0.000000
   67  1   -0.622948    1.000000    0.000000   -1.000000    0.000000
   68  1   -0.613128    1.000000    0.000000   -1.000000    0.000000
   69  1   -0.467370    1.000000    0.000000   -1.000000    0.000000
   70  1   -0.436871    1.000000    0.000000    1.000000    0.000000
   71  1   -0.245532    1.000000    0.000000   -1.000000    0.000000
   72  1   -0.212789    1.000000    0.000000   -1.000000    0.000000
   73  1   -0.051999    1.000000    0.000000    1.000000    0.000000
   74  1   -0.021432    1.000000    0.000000    1.000000    0.000000
   75  1    0.023848    1.000000    0.000000   -1.000000    0.000000
   76  1    0.099106    1.000000    0.000000    1.000000    0.000000
   77  1    0.132026    1.000000    0.000000    1.000000    0.000000
   78  1    0.239257    1.000000    0.000000    1.000000    0.000000
   79  1    0.307647    1.000000    0.000000   -1.000000    0.000000
   80  1    0.438281    1.000000    0.000000   -1.000000    0.000000
   81  1    0.548312    1.000000    0.000000   -1.000000    0.000000
   82  1    0.568303    1.000000    0.000000   -1.000000    0.000000
   83  1    0.646957    1.000000    0.000000   -1.000000    0.000000
   84  1    0.747311    1.000000    0.000000    1.000000    0.000000
   85  1    0.830982    1.000000    0.000000    1.000000    0.000000
   86  1    0.892633    1.000000    0.000000    1.000000    0.000000
   87  1    1.069502    1.000000    0.000000    1.000000    0.000000
   88  1    1.073482    1.000000    0.000000   -1.000000    0.000000
   89  1    1.323183    1.000000    0.000000   -1.000000    0.000000
   90  1    1.336779    1.000000    0.000000   -1.000000    0.000000
   91  1    1.353617    1.000000    0.000000    1.000000    0.000000
   92  1    1.464800    1.000000    0.000000   -1.000000    0.000000
   93  1    1.566771    1.000000    0.000000    1.000000    0.000000
   94  1    1.592885    1.000000    0.000000    1.000000    0.000000
   95  1    1.797260    1.000000    0.000000    1.000000    0.000000
   96  1    1.848642    1.000000    0.000000   -1.000000    0.000000
   97  1    1.861328    1.000000    0.000000    1.000000    0.000000
   98  1    1.891892    1.000000    0.000000   -1.000000    0.000000
   99  1    1.971906    1.000000    0.000000    1.000000    0.000000
  100  1    2.220168    1.000000    0.000000   -1.000000    0.000000
  101  1    2.407440    1.000000    0.000000    1.000000    0.000000
  102  1    2.436926    1.000000    0.000000   -1.000000    0.000000
  103  1    2.440343    1.000000    0.000000    1.000000    0.000000
  104  1    2.529115    1.000000    0.000000   -1.000000    0.000000
  105  1    2.617709    1.000000    0.000000    1.000000    0.000000
  106  1    2.683711    1.000000    0.000000   -1.000000    0.000000
  107  1    2.985888    1.000000    0.000000    1.000000    0.000000
  108  1    3.084049    1.000000    0.000000   -1.000000    0.000000
  109  1    3.267403    1.000000    0.000000    1.000000    0.000000
  110  1    3.339779    1.000000    0.000000   -1.000000    0.000000
  111  1    3.588959    1.000000    0.000000    1.000000    0.000000
  112  1    4.369984    1.000000    0.000000   -1.000000    0.000000
  113  1    4.414521    1.000000    0.000000    1.000000    0.000000
  114  1    4.451980    1.000000    0.000000   -1.000000    0.000000
  115  1    5.954205    1.000000    0.000000   -1.000000    0.000000
  116  1    6.001676    1.000000    0.000000    1.000000    0.000000
  117  1    6.431357    1.000000    0.000000   -1.000000    0.000000
  118  1    6.562289    1.000000    0.000000    1.000000    0.000000
  119  1    6.572059    1.000000    0.000000   -1.000000    0.000000
  120  1    6.709161    1.000000    0.000000   -1.000000    0.000000
  121  1    6.750144    1.000000    0.000000    1.000000    0.000000
  122  1    6.829872    1.000000    0.000000   -1.000000    0.000000
  123  1    6.843203    1.000000    0.000000   -1.000000    0.000000
  124  1    6.853597    1.000000    0.000000    1.000000    0.000000
  125  1    7.026712    1.000000    0.000000    1.000000    0.000000
  126  1    7.110480    1.000000    0.000000   -1.000000    0.000000
  127  1    7.187239    1.000000    0.000000   -1.000000    0.000000
  128  1    7.231119    1.000000    0.000000    1.000000    0.000000
  129  1    7.261462    1.000000    0.000000   -1.000000    0.000000
  130  1    7.405241    1.000000    0.000000   -1.000000    0.000000
  131  1    7.525748    1.000000    0.000000    1.000000    0.000000
  132  1    7.613020    1.000000    0.000000    1.000000    0.000000
  133  1    7.717661    1.000000    0.000000    1.000000    0.000000
  134  1    8.183930    1.000000    0.000000    1.000000    0.000000
  135  1    8.648404    1.000000    0.000000    1.000000    0.000000
  136  1    9.296127    1.000000    0.000000   -1.000000    0.000000
  137  1    9.451189    1.000000    0.000000   -1.000000    0.000000
  138  1    9.646323    1.000000    0.000000    0.999995    0.000000
  139  1    9.748821    1.000000    0.000000    0.999999    0.000000
  140  1    9.808319    1.000000    0.000000   -0.999999    0.000000
  141  1    9.875672    1.000000    0.000000   -0.999990    0.000000
  142  1    9.892864    1.000000    0.000000    0.999945    0.000000
  143  1   10.373132    1.000000    0.000000    0.998398    0.000000
  144  1   10.670700    1.000000    0.000000   -0.830975    0.000000
  2
    1    2
    1  1  -47.617729    1.000000    0.000000    1.000000    0.000000
    2  2  -47.614352    2.000000    0.000000    0.000000    0.000000
    4  2  -47.219416    2.000000    0.000000    0.000000    0.000000
    6  1  -47.213312    1.000000    0.000000    1.000000    0.000000
    7  1  -47.062203    1.000000    0.000000   -1.000000    0.000000
    8  1  -46.707481    1.000000    0.000000    1.000000    0.000000
    9  2  -46.704112    2.000000    0.000000    0.000000    0.000000
   11  1  -46.652552    1.000000    0.000000   -1.000000    0.000000
   12  1  -46.162892    1.000000    0.000000   -1.000000    0.000000
   13  2  -43.159104    2.000000    0.000000    0.000000    0.000000
   15  1  -43.155740    1.000000    0.000000    1.000000    0.000000
   16  1  -42.759490    1.000000    0.000000    1.000000    0.000000
   17  2  -42.755331    2.000000    0.000000    0.000000    0.000000
   19  2  -42.415719    2.000000    0.000000    0.000000    0.000000
   21  1  -42.412237    1.000000    0.000000    1.000000    0.000000
   22  1  -42.093622    1.000000    0.000000   -1.000000    0.000000
   23  1  -41.683846    1.000000    0.000000   -1.000000    0.000000
   24  1  -41.343471    1.000000    0.000000   -1.000000    0.000000
   25  1  -38.603931    1.000000    0.000000   -1.000000    0.000000
   26  1  -38.599701    1.000000    0.000000   -1.000000    0.000000
   27  1  -38.321493    1.000000    0.000000   -1.000000    0.000000
   28  1  -38.315709    1.000000    0.000000   -1.000000    0.000000
   29  1  -38.310919    1.000000    0.000000   -1.000000    0.000000
   30  1  -38.307335    1.000000    0.000000   -1.000000    0.000000
   31  1   -9.433659    1.000000    0.000000   -1.000000    0.000000
   32  1   -9.310904    1.000000    0.000000    1.000000    0.000000
   33  1   -9.160619    1.000000    0.000000   -1.000000    0.000000
   34  1   -9.072566    1.000000    0.000000    1.000000    0.000000
   35  1   -8.680885    1.000000    0.000000    1.000000    0.000000
   36  1   -8.638543    1.000000    0.000000   -1.000000    0.000000
   37  1   -8.572169    1.000000    0.000000    1.000000    0.000000
   38  1   -8.477686    1.000000    0.000000   -1.000000    0.000000
   39  1   -8.420501    1.000000    0.000000    1.000000    0.000000
   40  1   -8.397279    1.000000    0.000000   -1.000000    0.000000
   41  1   -8.278009    1.000000    0.000000   -1.000000    0.000000
   42  1   -8.237536    1.000000    0.000000    1.000000    0.000000
   43  1   -8.225523    1.000000    0.000000   -1.000000    0.000000
   44  1   -8.194833    1.000000    0.000000    1.000000    0.000000
   45  1   -8.048767    1.000000    0.000000    1.000000    0.000000
   46  1   -8.015294    1.000000    0.000000   -1.000000    0.000000
   47  1   -2.226332    1.000000    0.000000    1.000000    0.000000
   48  1   -2.105177    1.000000    0.000000   -1.000000    0.000000
   49  1   -2.053067    1.000000    0.000000   -1.000000    0.000000
   50  2   -1.798420    2.000000    0.000000    0.000000    0.000000
   52  1   -1.772481    1.000000    0.000000   -1.000000    0.000000
   53  1   -1.696523    1.000000    0.000000    1.000000    0.000000
   54  1   -1.632095    1.000000    0.000000   -1.000000    0.000000
   55  1   -1.611163    1.000000    0.000000    1.000000    0.000000
   56  1   -1.437909    1.000000    0.000000   -1.000000    0.000000
   57  1   -1.378355    1.000000    0.000000    1.000000    0.000000
   58  1   -1.337195    1.000000    0.000000   -1.000000    0.000000
   59  1   -1.330679    1.000000    0.000000    1.000000    0.000000
   60  1   -1.204876    1.000000    0.000000   -1.000000    0.000000
   61  1   -1.015687    1.000000    0.000000   -1.000000    0.000000
   62  1   -1.006624    1.000000    0.000000    1.000000    0.000000
   63  1   -0.976187    1.000000    0.000000    1.000000    0.000000
   64  1   -0.897621    1.000000    0.000000    1.000000    0.000000
   65  1   -0.865346    1.000000    0.000000    1.000000    0.000000
   66  1   -0.819554    1.000000    0.000000    1.000000    0.000000
   67  1   -0.622951    1.000000    0.000000   -1.000000    0.000000
   68  1   -0.613123    1.000000    0.000000   -1.000000    0.000000
   69  1   -0.467369    1.000000    0.000000   -1.000000    0.000000
   70  1   -0.436872    1.000000    0.000000    1.000000    0.000000
   71  1   -0.245532    1.000000    0.000000   -1.000000    0.000000
   72  1   -0.212788    1.000000    0.000000   -1.000000    0.000000
   73  1   -0.051982    1.000000    0.000000    1.000000    0.000000
   74  1   -0.021449    1.000000    0.000000    1.000000    0.000000
   75  1    0.023846    1.000000    0.000000   -1.000000    0.000000
   76  1    0.099097    1.000000    0.000000    1.000000    0.000000
   77  1    0.132037    1.000000    0.000000    1.000000    0.000000
   78  1    0.239256    1.000000    0.000000    1.000000    0.000000
   79  1    0.307643    1.000000    0.000000   -1.000000    0.000000
   80  1    0.438285    1.000000    0.000000   -1.000000    0.000000
   81  1    0.548305    1.000000    0.000000   -1.000000    0.000000
   82  1    0.568301    1.000000    0.000000   -1.000000    0.000000
   83  1    0.646960    1.000000    0.000000   -1.000000    0.000000
   84  1    0.747304    1.000000    0.000000    1.000000    0.000000
   85  1    0.830992    1.000000    0.000000    1.000000    0.000000
   86  1    0.892629    1.000000    0.000000    1.000000    0.000000
   87  1    1.069501    1.000000    0.000000    1.000000    0.000000
   88  1    1.073488    1.000000    0.000000   -1.000000    0.000000
   89  1    1.323124    1.000000    0.000000   -1.000000    0.000000
   90  1    1.336844    1.000000    0.000000   -1.000000    0.000000
   91  1    1.353617    1.000000    0.000000    1.000000    0.000000
   92  1    1.464797    1.000000    0.000000   -1.000000    0.000000
   93  1    1.566791    1.000000    0.000000    1.000000    0.000000
   94  1    1.592866    1.000000    0.000000    1.000000    0.000000
   95  1    1.797270    1.000000    0.000000    1.000000    0.000000
   96  1    1.848658    1.000000    0.000000   -1.000000    0.000000
   97  1    1.861328    1.000000    0.000000    1.000000    0.000000
   98  1    1.891873    1.000000    0.000000   -1.000000    0.000000
   99  1    1.971894    1.000000    0.000000    1.000000    0.000000
  100  1    2.220167    1.000000    0.000000   -1.000000    0.000000
  101  1    2.407441    1.000000    0.000000    1.000000    0.000000
  102  1    2.436925    1.000000    0.000000   -1.000000    0.000000
  103  1    2.440339    1.000000    0.000000    1.000000    0.000000
  104  1    2.529120    1.000000    0.000000   -1.000000    0.000000
  105  1    2.617712    1.000000    0.000000    1.000000    0.000000
  106  1    2.683711    1.000000    0.000000   -1.000000    0.000000
  107  1    2.985887    1.000000    0.000000    1.000000    0.000000
  108  1    3.084046    1.000000    0.000000   -1.000000    0.000000
  109  1    3.267403    1.000000    0.000000    1.000000    0.000000
  110  1    3.339779    1.000000    0.000000   -1.000000    0.000000
  111  1    3.588960    1.000000    0.000000    1.000000    0.000000
  112  1    4.369985    1.000000    0.000000   -1.000000    0.000000
  113  1    4.414523    1.000000    0.000000    1.000000    0.000000
  114  1    4.451981    1.000000    0.000000   -1.000000    0.000000
  115  1    5.954206    1.000000    0.000000   -1.000000    0.000000
  116  1    6.001674    1.000000    0.000000    1.000000    0.000000
  117  1    6.431358    1.000000    0.000000   -1.000000    0.000000
  118  1    6.562287    1.000000    0.000000    1.000000    0.000000
  119  1    6.572061    1.000000    0.000000   -1.000000    0.000000
  120  1    6.709162    1.000000    0.000000   -1.000000    0.000000
  121  1    6.750141    1.000000    0.000000    1.000000    0.000000
  122  1    6.829872    1.000000    0.000000   -1.000000    0.000000
  123  1    6.843204    1.000000    0.000000   -1.000000    0.000000
  124  1    6.853594    1.000000    0.000000    1.000000    0.000000
  125  1    7.026712    1.000000    0.000000    1.000000    0.000000
  126  1    7.110480    1.000000    0.000000   -1.000000    0.000000
  127  1    7.187240    1.000000    0.000000   -1.000000    0.000000
  128  1    7.231117    1.000000    0.000000    1.000000    0.000000
  129  1    7.261465    1.000000    0.000000   -1.000000    0.000000
  130  1    7.405242    1.000000    0.000000   -1.000000    0.000000
  131  1    7.525749    1.000000    0.000000    1.000000    0.000000
  132  1    7.613020    1.000000    0.000000    1.000000    0.000000
  133  1    7.717660    1.000000    0.000000    1.000000    0.000000
  134  1    8.183930    1.000000    0.000000    1.000000    0.000000
  135  1    8.648403    1.000000    0.000000    1.000000    0.000000
  136  1    9.296127    1.000000    0.000000   -1.000000    0.000000
  137  1    9.451188    1.000000    0.000000   -1.000000    0.000000
  138  1    9.646316    1.000000    0.000000    0.999999    0.000000
  139  1    9.748823    1.000000    0.000000    0.999996    0.000000
  140  1    9.808343    1.000000    0.000000   -0.999981    0.000000
  141  1    9.875663    1.000000    0.000000   -0.999997    0.000000
  142  1    9.892799    1.000000    0.000000    0.999989    0.000000
  143  1   10.393028    1.000000    0.000000    0.922499    0.000000
  144  1   10.737683    1.000000    0.000000   -0.182249    0.000000
  2
    1    2
    1  1  -47.617469    1.000000    0.000000   -1.000000    0.000000
    2  1  -47.615673    1.000000    0.000000    1.000000    0.000000
    3  1  -47.613034    1.000000    0.000000    1.000000    0.000000
    4  2  -47.219693    2.000000    0.000000    2.000000    0.000000
    6  1  -47.213351    1.000000    0.000000   -1.000000    0.000000
    7  1  -47.062210    1.000000    0.000000   -1.000000    0.000000
    8  1  -46.707129    1.000000    0.000000   -1.000000    0.000000
    9  1  -46.705610    1.000000    0.000000    1.000000    0.000000
   10  1  -46.702584    1.000000    0.000000    1.000000    0.000000
   11  1  -46.652571    1.000000    0.000000   -1.000000    0.000000
   12  1  -46.162891    1.000000    0.000000   -1.000000    0.000000
   13  1  -43.160294    1.000000    0.000000    1.000000    0.000000
   14  2  -43.156552    2.000000    0.000000    0.000000    0.000000
   16  1  -42.759392    1.000000    0.000000   -1.000000    0.000000
   17  1  -42.755841    1.000000    0.000000    1.000000    0.000000
   18  1  -42.754822    1.000000    0.000000    1.000000    0.000000
   19  1  -42.417031    1.000000    0.000000    1.000000    0.000000
   20  2  -42.413015    2.000000    0.000000    0.000000    0.000000
   22  1  -42.093620    1.000000    0.000000   -1.000000    0.000000
   23  1  -41.683852    1.000000    0.000000   -1.000000    0.000000
   24  1  -41.343471    1.000000    0.000000   -1.000000    0.000000
   25  1  -38.603929    1.000000    0.000000    1.000000    0.000000
   26  1  -38.599698    1.000000    0.000000    1.000000    0.000000
   27  1  -38.321492    1.000000    0.000000    1.000000    0.000000
   28  1  -38.315707    1.000000    0.000000    1.000000    0.000000
   29  1  -38.310916    1.000000    0.000000    1.000000    0.000000
   30  1  -38.307332    1.000000    0.000000    1.000000    0.000000
   31  1   -9.548537    1.000000    0.000000   -1.000000    0.000000
   32  1   -9.295869    1.000000    0.000000    1.000000    0.000000
   33  1   -9.288300    1.000000    0.000000   -1.000000    0.000000
   34  1   -9.039650    1.000000    0.000000    1.000000    0.000000
   35  1   -8.656503    1.000000    0.000000    1.000000    0.000000
   36  1   -8.546785    1.000000    0.000000   -1.000000    0.000000
   37  1   -8.449264    1.000000    0.000000   -1.000000    0.000000
   38  1   -8.448071    1.000000    0.000000    1.000000    0.000000
   39  1   -8.378717    1.000000    0.000000    1.000000    0.000000
   40  1   -8.335272    1.000000    0.000000    1.000000    0.000000
   41  1   -8.304125    1.000000    0.000000   -1.000000    0.000000
   42  1   -8.299754    1.000000    0.000000   -1.000000    0.000000
   43  1   -8.155253    1.000000    0.000000   -1.000000    0.000000
   44  1   -8.143997    1.000000    0.000000    1.000000    0.000000
   45  1   -8.102224    1.000000    0.000000    1.000000    0.000000
   46  1   -8.071664    1.000000    0.000000   -1.000000    0.000000
   47  1   -2.227946    1.000000    0.000000   -1.000000    0.000000
   48  1   -2.092563    1.000000    0.000000    1.000000    0.000000
   49  1   -2.002082    1.000000    0.000000   -1.000000    0.000000
   50  1   -1.908133    1.000000    0.000000   -1.000000    0.000000
   51  1   -1.849030    1.000000    0.000000    1.000000    0.000000
   52  1   -1.803850    1.000000    0.000000   -1.000000    0.000000
   53  1   -1.783725    1.000000    0.000000    1.000000    0.000000
   54  1   -1.558662    1.000000    0.000000   -1.000000    0.000000
   55  1   -1.539856    1.000000    0.000000    1.000000    0.000000
   56  1   -1.440716    1.000000    0.000000   -1.000000    0.000000
   57  1   -1.390117    1.000000    0.000000    1.000000    0.000000
   58  1   -1.335511    1.000000    0.000000   -1.000000    0.000000
   59  1   -1.300808    1.000000    0.000000    1.000000    0.000000
   60  1   -1.170420    1.000000    0.000000   -1.000000    0.000000
   61  1   -1.106082    1.000000    0.000000    1.000000    0.000000
   62  1   -1.086458    1.000000    0.000000   -1.000000    0.000000
   63  1   -1.008379    1.000000    0.000000   -1.000000    0.000000
   64  1   -0.997509    1.000000    0.000000    1.000000    0.000000
   65  1   -0.960632    1.000000    0.000000    1.000000    0.000000
   66  1   -0.899611    1.000000    0.000000    1.000000    0.000000
   67  1   -0.826945    1.000000    0.000000    1.000000    0.000000
   68  1   -0.816515    1.000000    0.000000   -1.000000    0.000000
   69  1   -0.751787    1.000000    0.000000   -1.000000    0.000000
   70  1   -0.488338    1.000000    0.000000   -1.000000    0.000000
   71  1   -0.431064    1.000000    0.000000    1.000000    0.000000
   72  1   -0.413284    1.000000    0.000000    1.000000    0.000000
   73  1   -0.386409    1.000000    0.000000   -1.000000    0.000000
   74  1   -0.194752    1.000000    0.000000    1.000000    0.000000
   75  1   -0.005296    1.000000    0.000000   -1.000000    0.000000
   76  1    0.047561    1.000000    0.000000    1.000000    0.000000
   77  1    0.128518    1.000000    0.000000   -1.000000    0.000000
   78  1    0.261691    1.000000    0.000000    1.000000    0.000000
   79  1    0.501838    1.000000    0.000000   -1.000000    0.000000
   80  1    0.516645    1.000000    0.000000   -1.000000    0.000000
   81  1    0.609568    1.000000    0.000000    1.000000    0.000000
   82  1    0.671853    1.000000    0.000000    1.000000    0.000000
   83  1    0.728691    1.000000    0.000000   -1.000000    0.000000
   84  1    1.022254    1.000000    0.000000    1.000000    0.000000
   85  1    1.038825    1.000000    0.000000   -1.000000    0.000000
   86  1    1.137799    1.000000    0.000000   -1.000000    0.000000
   87  1    1.176849    1.000000    0.000000    1.000000    0.000000
   88  1    1.187679    1.000000    0.000000    1.000000    0.000000
   89  1    1.377665    1.000000    0.000000   -1.000000    0.000000
   90  1    1.403612    1.000000    0.000000   -1.000000    0.000000
   91  1    1.459960    1.000000    0.000000    1.000000    0.000000
   92  1    1.490145    1.000000    0.000000    1.000000    0.000000
   93  1    1.500406    1.000000    0.000000    1.000000    0.000000
   94  1    1.533380    1.000000    0.000000   -1.000000    0.000000
   95  1    1.888297    1.000000    0.000000    1.000000    0.000000
   96  1    1.976783    1.000000    0.000000   -1.000000    0.000000
   97  1    2.042710    1.000000    0.000000   -1.000000    0.000000
   98  1    2.058195    1.000000    0.000000    1.000000    0.000000
   99  1    2.226310    1.000000    0.000000   -1.000000    0.000000
  100  1    2.338306    1.000000    0.000000   -1.000000    0.000000
  101  1    2.354767    1.000000    0.000000    1.000000    0.000000
  102  2    2.508448    2.000000    0.000000    0.000000    0.000000
  104  1    2.519179    1.000000    0.000000    1.000000    0.000000
  105  1    2.709687    1.000000    0.000000   -1.000000    0.000000
  106  1    2.790539    1.000000    0.000000    1.000000    0.000000
  107  1    2.964674    1.000000    0.000000    1.000000    0.000000
  108  1    3.144907    1.000000    0.000000    1.000000    0.000000
  109  1    3.881635    1.000000    0.000000   -1.000000    0.000000
  110  1    3.929177    1.000000    0.000000   -1.000000    0.000000
  111  1    4.016180    1.000000    0.000000   -1.000000    0.000000
  112  1    4.064334    1.000000    0.000000    1.000000    0.000000
  113  1    4.270364    1.000000    0.000000    1.000000    0.000000
  114  1    4.456488    1.000000    0.000000   -1.000000    0.000000
  115  1    5.998185    1.000000    0.000000   -1.000000    0.000000
  116  1    6.225972    1.000000    0.000000    1.000000    0.000000
  117  1    6.347925    1.000000    0.000000   -1.000000    0.000000
  118  1    6.399070    1.000000    0.000000   -1.000000    0.000000
  119  1    6.601623    1.000000    0.000000    1.000000    0.000000
  120  1    6.649315    1.000000    0.000000   -1.000000    0.000000
  121  1    6.718658    1.000000    0.000000    1.000000    0.000000
  122  1    6.805968    1.000000    0.000000   -1.000000    0.000000
  123  1    6.882736    1.000000    0.000000    1.000000    0.000000
  124  1    6.897947    1.000000    0.000000   -1.000000    0.000000
  125  1    7.082903    1.000000    0.000000   -1.000000    0.000000
  126  1    7.101596    1.000000    0.000000    1.000000    0.000000
  127  1    7.164565    1.000000    0.000000   -1.000000    0.000000
  128  1    7.269116    1.000000    0.000000   -1.000000    0.000000
  129  1    7.325040    1.000000    0.000000    1.000000    0.000000
  130  1    7.371927    1.000000    0.000000    1.000000    0.000000
  131  1    7.383734    1.000000    0.000000   -1.000000    0.000000
  132  1    7.628832    1.000000    0.000000    1.000000    0.000000
  133  1    7.776917    1.000000    0.000000    1.000000    0.000000
  134  1    7.927701    1.000000    0.000000   -1.000000    0.000000
  135  1    7.953421    1.000000    0.000000    1.000000    0.000000
  136  1    8.230551    1.000000    0.000000    1.000000    0.000000
  137  1    8.665617    1.000000    0.000000   -1.000000    0.000000
  138  1    9.181647    1.000000    0.000000    0.999995    0.000000
  139  1    9.383323    1.000000    0.000000   -0.999909    0.000000
  140  1    9.405404    1.000000    0.000000    0.999773    0.000000
  141  1    9.532763    1.000000    0.000000   -0.999691    0.000000
  142  1    9.832359    1.000000    0.000000    0.879704    0.000000
  143  1    9.873641    1.000000    0.000000    0.308266    0.000000
  144  1    9.881914    1.000000    0.000000   -0.295742    0.000000
  2
    1    2
    1  1  -47.617729    1.000000    0.000000    1.000000    0.000000
    2  2  -47.614354    2.000000    0.000000    0.000000    0.000000
    4  2  -47.219418    2.000000    0.000000    0.000000    0.000000
    6  1  -47.213315    1.000000    0.000000    1.000000    0.000000
    7  1  -47.062203    1.000000    0.000000   -1.000000    0.000000
    8  1  -46.707481    1.000000    0.000000    1.000000    0.000000
    9  2  -46.704114    2.000000    0.000000    0.000000    0.000000
   11  1  -46.652555    1.000000    0.000000   -1.000000    0.000000
   12  1  -46.162892    1.000000    0.000000   -1.000000    0.000000
   13  2  -43.159104    2.000000    0.000000    0.000000    0.000000
   15  1  -43.155740    1.000000    0.000000    1.000000    0.000000
   16  1  -42.759496    1.000000    0.000000    1.000000    0.000000
   17  2  -42.755339    2.000000    0.000000    0.000000    0.000000
   19  2  -42.415718    2.000000    0.000000    0.000000    0.000000
   21  1  -42.412236    1.000000    0.000000    1.000000    0.000000
   22  1  -42.093623    1.000000    0.000000   -1.000000    0.000000
   23  1  -41.683850    1.000000    0.000000   -1.000000    0.000000
   24  1  -41.343472    1.000000    0.000000   -1.000000    0.000000
   25  1  -38.603929    1.000000    0.000000    1.000000    0.000000
   26  1  -38.599698    1.000000    0.000000    1.000000    0.000000
   27  1  -38.321496    1.000000    0.000000    1.000000    0.000000
   28  1  -38.315703    1.000000    0.000000    1.000000    0.000000
   29  1  -38.310913    1.000000    0.000000    1.000000    0.000000
   30  1  -38.307336    1.000000    0.000000    1.000000    0.000000
   31  1   -9.548475    1.000000    0.000000   -1.000000    0.000000
   32  1   -9.296047    1.000000    0.000000    1.000000    0.000000
   33  1   -9.288361    1.000000    0.000000   -1.000000    0.000000
   34  1   -9.039511    1.000000    0.000000    1.000000    0.000000
   35  1   -8.656204    1.000000    0.000000    1.000000    0.000000
   36  1   -8.546857    1.000000    0.000000   -1.000000    0.000000
   37  1   -8.449290    1.000000    0.000000   -1.000000    0.000000
   38  1   -8.448049    1.000000    0.000000    1.000000    0.000000
   39  1   -8.378931    1.000000    0.000000    1.000000    0.000000
   40  1   -8.335370    1.000000    0.000000    1.000000    0.000000
   41  1   -8.304256    1.000000    0.000000   -1.000000    0.000000
   42  1   -8.299547    1.000000    0.000000   -1.000000    0.000000
   43  1   -8.155304    1.000000    0.000000   -1.000000    0.000000
   44  1   -8.143916    1.000000    0.000000    1.000000    0.000000
   45  1   -8.102267    1.000000    0.000000    1.000000    0.000000
   46  1   -8.071598    1.000000    0.000000   -1.000000    0.000000
   47  1   -2.227718    1.000000    0.000000   -1.000000    0.000000
   48  1   -2.093026    1.000000    0.000000    1.000000    0.000000
   49  1   -2.003064    1.000000    0.000000   -1.000000    0.000000
   50  1   -1.907804    1.000000    0.000000   -1.000000    0.000000
   51  1   -1.848961    1.000000    0.000000    1.000000    0.000000
   52  1   -1.804876    1.000000    0.000000   -1.000000    0.000000
   53  1   -1.782220    1.000000    0.000000    1.000000    0.000000
   54  1   -1.557533    1.000000    0.000000   -1.000000    0.000000
   55  1   -1.541257    1.000000    0.000000    1.000000    0.000000
   56  1   -1.439673    1.000000    0.000000   -1.000000    0.000000
   57  1   -1.390471    1.000000    0.000000    1.000000    0.000000
   58  1   -1.332428    1.000000    0.000000   -1.000000    0.000000
   59  1   -1.299080    1.000000    0.000000    1.000000    0.000000
   60  1   -1.173700    1.000000    0.000000   -1.000000    0.000000
   61  1   -1.106680    1.000000    0.000000    1.000000    0.000000
   62  1   -1.086547    1.000000    0.000000   -1.000000    0.000000
   63  1   -1.009483    1.000000    0.000000   -1.000000    0.000000
   64  1   -0.987072    1.000000    0.000000    1.000000    0.000000
   65  1   -0.971980    1.000000    0.000000    1.000000    0.000000
   66  1   -0.899580    1.000000    0.000000    1.000000    0.000000
   67  1   -0.827140    1.000000    0.000000    1.000000    0.000000
   68  1   -0.816590    1.000000    0.000000   -1.000000    0.000000
   69  1   -0.752488    1.000000    0.000000   -1.000000    0.000000
   70  1   -0.488693    1.000000    0.000000   -1.000000    0.000000
   71  1   -0.431239    1.000000    0.000000    1.000000    0.000000
   72  1   -0.413730    1.000000    0.000000    1.000000    0.000000
   73  1   -0.384882    1.000000    0.000000   -1.000000    0.000000
   74  1   -0.193990    1.000000    0.000000    1.000000    0.000000
   75  1   -0.005290    1.000000    0.000000   -1.000000    0.000000
   76  1    0.047823    1.000000    0.000000    1.000000    0.000000
   77  1    0.129101    1.000000    0.000000   -1.000000    0.000000
   78  1    0.262195    1.000000    0.000000    1.000000    0.000000
   79  1    0.499531    1.000000    0.000000   -1.000000    0.000000
   80  1    0.519052    1.000000    0.000000   -1.000000    0.000000
   81  1    0.610085    1.000000    0.000000    1.000000    0.000000
   82  1    0.671372    1.000000    0.000000    1.000000    0.000000
   83  1    0.728556    1.000000    0.000000   -1.000000    0.000000
   84  1    1.021922    1.000000    0.000000    1.000000    0.000000
   85  1    1.038583    1.000000    0.000000   -1.000000    0.000000
   86  1    1.138297    1.000000    0.000000   -1.000000    0.000000
   87  1    1.177006    1.000000    0.000000    1.000000    0.000000
   88  1    1.187236    1.000000    0.000000    1.000000    0.000000
   89  1    1.376951    1.000000    0.000000   -1.000000    0.000000
   90  1    1.404004    1.000000    0.000000   -1.000000    0.000000
   91  1    1.460265    1.000000    0.000000    1.000000    0.000000
   92  1    1.485651    1.000000    0.000000    1.000000    0.000000
   93  1    1.505144    1.000000    0.000000    1.000000    0.000000
   94  1    1.533650    1.000000    0.000000   -1.000000    0.000000
   95  1    1.888768    1.000000    0.000000    1.000000    0.000000
   96  1    1.977502    1.000000    0.000000   -1.000000    0.000000
   97  1    2.042125    1.000000    0.000000   -1.000000    0.000000
   98  1    2.057546    1.000000    0.000000    1.000000    0.000000
   99  1    2.226946    1.000000    0.000000   -1.000000    0.000000
  100  1    2.337823    1.000000    0.000000   -1.000000    0.000000
  101  1    2.353710    1.000000    0.000000    1.000000    0.000000
  102  1    2.507025    1.000000    0.000000   -1.000000    0.000000
  103  1    2.510658    1.000000    0.000000    1.000000    0.000000
  104  1    2.519088    1.000000    0.000000    1.000000    0.000000
  105  1    2.710472    1.000000    0.000000   -1.000000    0.000000
  106  1    2.788942    1.000000    0.000000    1.000000    0.000000
  107  1    2.965789    1.000000    0.000000    1.000000    0.000000
  108  1    3.144881    1.000000    0.000000    1.000000    0.000000
  109  1    3.880753    1.000000    0.000000   -1.000000    0.000000
  110  1    3.930193    1.000000    0.000000   -1.000000    0.000000
  111  1    4.016410    1.000000    0.000000   -1.000000    0.000000
  112  1    4.065097    1.000000    0.000000    1.000000    0.000000
  113  1    4.269625    1.000000    0.000000    1.000000    0.000000
  114  1    4.456200    1.000000    0.000000   -1.000000    0.000000
  115  1    5.996987    1.000000    0.000000   -1.000000    0.000000
  116  1    6.224621    1.000000    0.000000    1.000000    0.000000
  117  1    6.348853    1.000000    0.000000   -1.000000    0.000000
  118  1    6.400192    1.000000    0.000000   -1.000000    0.000000
  119  1    6.600301    1.000000    0.000000    1.000000    0.000000
  120  1    6.647841    1.000000    0.000000   -1.000000    0.000000
  121  1    6.726116    1.000000    0.000000    1.000000    0.000000
  122  1    6.807737    1.000000    0.000000   -1.000000    0.000000
  123  1    6.878088    1.000000    0.000000    1.000000    0.000000
  124  1    6.898696    1.000000    0.000000   -1.000000    0.000000
  125  1    7.079658    1.000000    0.000000   -1.000000    0.000000
  126  1    7.101411    1.000000    0.000000    1.000000    0.000000
  127  1    7.165787    1.000000    0.000000   -1.000000    0.000000
  128  1    7.264023    1.000000    0.000000   -1.000000    0.000000
  129  1    7.321367    1.000000    0.000000    1.000000    0.000000
  130  1    7.378019    1.000000    0.000000    1.000000    0.000000
  131  1    7.388368    1.000000    0.000000   -1.000000    0.000000
  132  1    7.626748    1.000000    0.000000    1.000000    0.000000
  133  1    7.774092    1.000000    0.000000    1.000000    0.000000
  134  1    7.927849    1.000000    0.000000   -1.000000    0.000000
  135  1    7.956054    1.000000    0.000000    1.000000    0.000000
  136  1    8.230631    1.000000    0.000000    1.000000    0.000000
  137  1    8.665498    1.000000    0.000000   -0.999999    0.000000
  138  1    9.181634    1.000000    0.000000    0.999992    0.000000
  139  1    9.384208    1.000000    0.000000   -0.998503    0.000000
  140  1    9.406774    1.000000    0.000000    0.997849    0.000000
  141  1    9.535403    1.000000    0.000000   -0.993753    0.000000
  142  1    9.835147    1.000000    0.000000    0.785467    0.000000
  143  1    9.874034    1.000000    0.000000   -0.196730    0.000000
  144  1    9.982931    1.000000    0.000000   -0.021405    0.000000
  2
    1    2
    1  1  -47.617730    1.000000    0.000000    1.000000    0.000000
    2  2  -47.614353    2.000000    0.000000    0.000000    0.000000
    4  2  -47.219420    2.000000    0.000000    0.000000    0.000000
    6  1  -47.213315    1.000000    0.000000    1.000000    0.000000
    7  1  -47.062203    1.000000    0.000000   -1.000000    0.000000
    8  1  -46.707481    1.000000    0.000000    1.000000    0.000000
    9  2  -46.704113    2.000000    0.000000    0.000000    0.000000
   11  1  -46.652555    1.000000    0.000000   -1.000000    0.000000
   12  1  -46.162892    1.000000    0.000000   -1.000000    0.000000
   13  2  -43.159106    2.000000    0.000000    0.000000    0.000000
   15  1  -43.155740    1.000000    0.000000    1.000000    0.000000
   16  1  -42.759496    1.000000    0.000000    1.000000    0.000000
   17  2  -42.755335    2.000000    0.000000    0.000000    0.000000
   19  2  -42.415720    2.000000    0.000000    0.000000    0.000000
   21  1  -42.412237    1.000000    0.000000    1.000000    0.000000
   22  1  -42.093623    1.000000    0.000000   -1.000000    0.000000
   23  1  -41.683850    1.000000    0.000000   -1.000000    0.000000
   24  1  -41.343472    1.000000    0.000000   -1.000000    0.000000
   25  1  -38.603929    1.000000    0.000000    1.000000    0.000000
   26  1  -38.599698    1.000000    0.000000    1.000000    0.000000
   27  1  -38.321496    1.000000    0.000000    1.000000    0.000000
   28  1  -38.315703    1.000000    0.000000    1.000000    0.000000
   29  1  -38.310913    1.000000    0.000000    1.000000    0.000000
   30  1  -38.307336    1.000000    0.000000    1.000000    0.000000
   31  1   -9.548475    1.000000    0.000000   -1.000000    0.000000
   32  1   -9.296047    1.000000    0.000000    1.000000    0.000000
   33  1   -9.288361    1.000000    0.000000   -1.000000    0.000000
   34  1   -9.039511    1.000000    0.000000    1.000000    0.000000
   35  1   -8.656204    1.000000    0.000000    1.000000    0.000000
   36  1   -8.546857    1.000000    0.000000   -1.000000    0.000000
   37  1   -8.449290    1.000000    0.000000   -1.000000    0.000000
   38  1   -8.448049    1.000000    0.000000    1.000000    0.000000
   39  1   -8.378932    1.000000    0.000000    1.000000    0.000000
   40  1   -8.335370    1.000000    0.000000    1.000000    0.000000
   41  1   -8.304243    1.000000    0.000000   -1.000000    0.000000
   42  1   -8.299559    1.000000    0.000000   -1.000000    0.000000
   43  1   -8.155304    1.000000    0.000000   -1.000000    0.000000
   44  1   -8.143916    1.000000    0.000000    1.000000    0.000000
   45  1   -8.102267    1.000000    0.000000    1.000000    0.000000
   46  1   -8.071598    1.000000    0.000000   -1.000000    0.000000
   47  1   -2.227718    1.000000    0.000000   -1.000000    0.000000
   48  1   -2.093026    1.000000    0.000000    1.000000    0.000000
   49  1   -2.003064    1.000000    0.000000   -1.000000    0.000000
   50  1   -1.907804    1.000000    0.000000   -1.000000    0.000000
   51  1   -1.848961    1.000000    0.000000    1.000000    0.000000
   52  1   -1.804877    1.000000    0.000000   -1.000000    0.000000
   53  1   -1.782218    1.000000    0.000000    1.000000    0.000000
   54  1   -1.557534    1.000000    0.000000   -1.000000    0.000000
   55  1   -1.541257    1.000000    0.000000    1.000000    0.000000
   56  1   -1.439673    1.000000    0.000000   -1.000000    0.000000
   57  1   -1.390470    1.000000    0.000000    1.000000    0.000000
   58  1   -1.332429    1.000000    0.000000   -1.000000    0.000000
   59  1   -1.299080    1.000000    0.000000    1.000000    0.000000
   60  1   -1.173702    1.000000    0.000000   -1.000000    0.000000
   61  1   -1.106678    1.000000    0.000000    1.000000    0.000000
   62  1   -1.086546    1.000000    0.000000   -1.000000    0.000000
   63  1   -1.009485    1.000000    0.000000   -1.000000    0.000000
   64  1   -0.987072    1.000000    0.000000    1.000000    0.000000
   65  1   -0.971979    1.000000    0.000000    1.000000    0.000000
   66  1   -0.899580    1.000000    0.000000    1.000000    0.000000
   67  1   -0.827142    1.000000    0.000000    1.000000    0.000000
   68  1   -0.816588    1.000000    0.000000   -1.000000    0.000000
   69  1   -0.752488    1.000000    0.000000   -1.000000    0.000000
   70  1   -0.488692    1.000000    0.000000   -1.000000    0.000000
   71  1   -0.431236    1.000000    0.000000    1.000000    0.000000
   72  1   -0.413730    1.000000    0.000000    1.000000    0.000000
   73  1   -0.384886    1.000000    0.000000   -1.000000    0.000000
   74  1   -0.193992    1.000000    0.000000    1.000000    0.000000
   75  1   -0.005290    1.000000    0.000000   -1.000000    0.000000
   76  1    0.047825    1.000000    0.000000    1.000000    0.000000
   77  1    0.129100    1.000000    0.000000   -1.000000    0.000000
   78  1    0.262195    1.000000    0.000000    1.000000    0.000000
   79  1    0.499547    1.000000    0.000000   -1.000000    0.000000
   80  1    0.519039    1.000000    0.000000   -1.000000    0.000000
   81  1    0.610077    1.000000    0.000000    1.000000    0.000000
   82  1    0.671373    1.000000    0.000000    1.000000    0.000000
   83  1    0.728557    1.000000    0.000000   -1.000000    0.000000
   84  1    1.021921    1.000000    0.000000    1.000000    0.000000
   85  1    1.038584    1.000000    0.000000   -1.000000    0.000000
   86  1    1.138286    1.000000    0.000000   -1.000000    0.000000
   87  1    1.177008    1.000000    0.000000    1.000000    0.000000
   88  1    1.187243    1.000000    0.000000    1.000000    0.000000
   89  1    1.376950    1.000000    0.000000   -1.000000    0.000000
   90  1    1.404005    1.000000    0.000000   -1.000000    0.000000
   91  1    1.460264    1.000000    0.000000    1.000000    0.000000
   92  1    1.485683    1.000000    0.000000    1.000000    0.000000
   93  1    1.505106    1.000000    0.000000    1.000000    0.000000
   94  1    1.533659    1.000000    0.000000   -1.000000    0.000000
   95  1    1.888775    1.000000    0.000000    1.000000    0.000000
   96  1    1.977516    1.000000    0.000000   -1.000000    0.000000
   97  1    2.042112    1.000000    0.000000   -1.000000    0.000000
   98  1    2.057538    1.000000    0.000000    1.000000    0.000000
   99  1    2.226940    1.000000    0.000000   -1.000000    0.000000
  100  1    2.337826    1.000000    0.000000   -1.000000    0.000000
  101  1    2.353714    1.000000    0.000000    1.000000    0.000000
  102  1    2.507028    1.000000    0.000000   -1.000000    0.000000
  103  1    2.510645    1.000000    0.000000    1.000000    0.000000
  104  1    2.519099    1.000000    0.000000    1.000000    0.000000
  105  1    2.710473    1.000000    0.000000   -1.000000    0.000000
  106  1    2.788942    1.000000    0.000000    1.000000    0.000000
  107  1    2.965789    1.000000    0.000000    1.000000    0.000000
  108  1    3.144881    1.000000    0.000000    1.000000    0.000000
  109  1    3.880752    1.000000    0.000000   -1.000000    0.000000
  110  1    3.930193    1.000000    0.000000   -1.000000    0.000000
  111  1    4.016408    1.000000    0.000000   -1.000000    0.000000
  112  1    4.065097    1.000000    0.000000    1.000000    0.000000
  113  1    4.269627    1.000000    0.000000    1.000000    0.000000
  114  1    4.456201    1.000000    0.000000   -1.000000    0.000000
  115  1    5.996989    1.000000    0.000000   -1.000000    0.000000
  116  1    6.224619    1.000000    0.000000    1.000000    0.000000
  117  1    6.348853    1.000000    0.000000   -1.000000    0.000000
  118  1    6.400194    1.000000    0.000000   -1.000000    0.000000
  119  1    6.600299    1.000000    0.000000    1.000000    0.000000
  120  1    6.647843    1.000000    0.000000   -1.000000    0.000000
  121  1    6.726113    1.000000    0.000000    1.000000    0.000000
  122  1    6.807738    1.000000    0.000000   -1.000000    0.000000
  123  1    6.878086    1.000000    0.000000    1.000000    0.000000
  124  1    6.898696    1.000000    0.000000   -1.000000    0.000000
  125  1    7.079659    1.000000    0.000000   -1.000000    0.000000
  126  1    7.101409    1.000000    0.000000    1.000000    0.000000
  127  1    7.165787    1.000000    0.000000   -1.000000    0.000000
  128  1    7.264025    1.000000    0.000000   -1.000000    0.000000
  129  1    7.321366    1.000000    0.000000    1.000000    0.000000
  130  1    7.378020    1.000000    0.000000    1.000000    0.000000
  131  1    7.388369    1.000000    0.000000   -1.000000    0.000000
  132  1    7.626748    1.000000    0.000000    1.000000    0.000000
  133  1    7.774091    1.000000    0.000000    1.000000    0.000000
  134  1    7.927850    1.000000    0.000000   -1.000000    0.000000
  135  1    7.956055    1.000000    0.000000    1.000000    0.000000
  136  1    8.230632    1.000000    0.000000    1.000000    0.000000
  137  1    8.665497    1.000000    0.000000   -1.000000    0.000000
  138  1    9.181630    1.000000    0.000000    0.999994    0.000000
  139  1    9.383980    1.000000    0.000000   -0.999882    0.000000
  140  1    9.406011    1.000000    0.000000    0.999818    0.000000
  141  1    9.534321    1.000000    0.000000   -0.997234    0.000000
  142  1    9.826109    1.000000    0.000000    0.894946    0.000000
  143  1    9.873766    1.000000    0.000000   -0.018514    0.000000
  144  1    9.975156    1.000000    0.000000   -0.447860    0.000000
  2
    1    2
    1  1  -47.617466    1.000000    0.000000   -1.000000    0.000000
    2  1  -47.615671    1.000000    0.000000    1.000000    0.000000
    3  1  -47.613031    1.000000    0.000000    1.000000    0.000000
    4  2  -47.219691    2.000000    0.000000    2.000000    0.000000
    6  1  -47.213351    1.000000    0.000000   -1.000000    0.000000
    7  1  -47.062207    1.000000    0.000000   -1.000000    0.000000
    8  1  -46.707126    1.000000    0.000000   -1.000000    0.000000
    9  1  -46.705609    1.000000    0.000000    1.000000    0.000000
   10  1  -46.702581    1.000000    0.000000    1.000000    0.000000
   11  1  -46.652572    1.000000    0.000000   -1.000000    0.000000
   12  1  -46.162889    1.000000    0.000000   -1.000000    0.000000
   13  1  -43.160285    1.000000    0.000000    1.000000    0.000000
   14  2  -43.156551    2.000000    0.000000    0.000000    0.000000
   16  1  -42.759394    1.000000    0.000000   -1.000000    0.000000
   17  1  -42.755844    1.000000    0.000000    1.000000    0.000000
   18  1  -42.754823    1.000000    0.000000    1.000000    0.000000
   19  1  -42.417024    1.000000    0.000000    1.000000    0.000000
   20  2  -42.413011    2.000000    0.000000    0.000000    0.000000
   22  1  -42.093616    1.000000    0.000000   -1.000000    0.000000
   23  1  -41.683854    1.000000    0.000000   -1.000000    0.000000
   24  1  -41.343468    1.000000    0.000000   -1.000000    0.000000
   25  1  -38.603931    1.000000    0.000000   -1.000000    0.000000
   26  1  -38.599700    1.000000    0.000000   -1.000000    0.000000
   27  1  -38.321497    1.000000    0.000000   -1.000000    0.000000
   28  1  -38.315706    1.000000    0.000000   -1.000000    0.000000
   29  1  -38.310911    1.000000    0.000000   -1.000000    0.000000
   30  1  -38.307342    1.000000    0.000000   -1.000000    0.000000
   31  1   -9.433755    1.000000    0.000000   -1.000000    0.000000
   32  1   -9.310743    1.000000    0.000000    1.000000    0.000000
   33  1   -9.160526    1.000000    0.000000   -1.000000    0.000000
   34  1   -9.072676    1.000000    0.000000    1.000000    0.000000
   35  1   -8.681163    1.000000    0.000000    1.000000    0.000000
   36  1   -8.638460    1.000000    0.000000   -1.000000    0.000000
   37  1   -8.572176    1.000000    0.000000    1.000000    0.000000
   38  1   -8.477640    1.000000    0.000000   -1.000000    0.000000
   39  1   -8.420349    1.000000    0.000000    1.000000    0.000000
   40  1   -8.397307    1.000000    0.000000   -1.000000    0.000000
   41  1   -8.278043    1.000000    0.000000   -1.000000    0.000000
   42  1   -8.237397    1.000000    0.000000    1.000000    0.000000
   43  1   -8.225529    1.000000    0.000000   -1.000000    0.000000
   44  1   -8.194842    1.000000    0.000000    1.000000    0.000000
   45  1   -8.048826    1.000000    0.000000    1.000000    0.000000
   46  1   -8.015348    1.000000    0.000000   -1.000000    0.000000
   47  1   -2.226171    1.000000    0.000000    1.000000    0.000000
   48  1   -2.105334    1.000000    0.000000   -1.000000    0.000000
   49  1   -2.052736    1.000000    0.000000   -1.000000    0.000000
   50  1   -1.799178    1.000000    0.000000    1.000000    0.000000
   51  1   -1.797172    1.000000    0.000000   -1.000000    0.000000
   52  1   -1.772134    1.000000    0.000000   -1.000000    0.000000
   53  1   -1.696437    1.000000    0.000000    1.000000    0.000000
   54  1   -1.633858    1.000000    0.000000   -1.000000    0.000000
   55  1   -1.611449    1.000000    0.000000    1.000000    0.000000
   56  1   -1.438786    1.000000    0.000000   -1.000000    0.000000
   57  1   -1.372821    1.000000    0.000000    1.000000    0.000000
   58  1   -1.337198    1.000000    0.000000   -1.000000    0.000000
   59  1   -1.335410    1.000000    0.000000    1.000000    0.000000
   60  1   -1.204665    1.000000    0.000000   -1.000000    0.000000
   61  1   -1.013809    1.000000    0.000000   -1.000000    0.000000
   62  1   -1.008760    1.000000    0.000000    1.000000    0.000000
   63  1   -0.974964    1.000000    0.000000    1.000000    0.000000
   64  1   -0.887913    1.000000    0.000000    1.000000    0.000000
   65  1   -0.873641    1.000000    0.000000    1.000000    0.000000
   66  1   -0.819857    1.000000    0.000000    1.000000    0.000000
   67  1   -0.623474    1.000000    0.000000   -1.000000    0.000000
   68  1   -0.612856    1.000000    0.000000   -1.000000    0.000000
   69  1   -0.467114    1.000000    0.000000   -1.000000    0.000000
   70  1   -0.436750    1.000000    0.000000    1.000000    0.000000
   71  1   -0.246441    1.000000    0.000000   -1.000000    0.000000
   72  1   -0.214226    1.000000    0.000000   -1.000000    0.000000
   73  1   -0.051872    1.000000    0.000000    1.000000    0.000000
   74  1   -0.022010    1.000000    0.000000    1.000000    0.000000
   75  1    0.023593    1.000000    0.000000   -1.000000    0.000000
   76  1    0.098920    1.000000    0.000000    1.000000    0.000000
   77  1    0.131654    1.000000    0.000000    1.000000    0.000000
   78  1    0.238461    1.000000    0.000000    1.000000    0.000000
   79  1    0.307988    1.000000    0.000000   -1.000000    0.000000
   80  1    0.439203    1.000000    0.000000   -1.000000    0.000000
   81  1    0.551084    1.000000    0.000000   -1.000000    0.000000
   82  1    0.564999    1.000000    0.000000   -1.000000    0.000000
   83  1    0.647171    1.000000    0.000000   -1.000000    0.000000
   84  1    0.752911    1.000000    0.000000    1.000000    0.000000
   85  1    0.824223    1.000000    0.000000    1.000000    0.000000
   86  1    0.894926    1.000000    0.000000    1.000000    0.000000
   87  1    1.069877    1.000000    0.000000    1.000000    0.000000
   88  1    1.073130    1.000000    0.000000   -1.000000    0.000000
   89  1    1.323438    1.000000    0.000000   -1.000000    0.000000
   90  1    1.338063    1.000000    0.000000   -1.000000    0.000000
   91  1    1.353292    1.000000    0.000000    1.000000    0.000000
   92  1    1.464013    1.000000    0.000000   -1.000000    0.000000
   93  1    1.577997    1.000000    0.000000    1.000000    0.000000
   94  1    1.582736    1.000000    0.000000    1.000000    0.000000
   95  1    1.796277    1.000000    0.000000    1.000000    0.000000
   96  1    1.847504    1.000000    0.000000   -1.000000    0.000000
   97  1    1.861418    1.000000    0.000000    1.000000    0.000000
   98  1    1.892686    1.000000    0.000000   -1.000000    0.000000
   99  1    1.972951    1.000000    0.000000    1.000000    0.000000
  100  1    2.220187    1.000000    0.000000   -1.000000    0.000000
  101  1    2.410704    1.000000    0.000000    1.000000    0.000000
  102  1    2.434223    1.000000    0.000000    1.000000    0.000000
  103  1    2.435654    1.000000    0.000000   -1.000000    0.000000
  104  1    2.532693    1.000000    0.000000   -1.000000    0.000000
  105  1    2.621025    1.000000    0.000000    1.000000    0.000000
  106  1    2.681770    1.000000    0.000000   -1.000000    0.000000
  107  1    2.985009    1.000000    0.000000    1.000000    0.000000
  108  1    3.084205    1.000000    0.000000   -1.000000    0.000000
  109  1    3.267503    1.000000    0.000000    1.000000    0.000000
  110  1    3.339938    1.000000    0.000000   -1.000000    0.000000
  111  1    3.588856    1.000000    0.000000    1.000000    0.000000
  112  1    4.369425    1.000000    0.000000   -1.000000    0.000000
  113  1    4.414282    1.000000    0.000000    1.000000    0.000000
  114  1    4.451943    1.000000    0.000000   -1.000000    0.000000
  115  1    5.955179    1.000000    0.000000   -1.000000    0.000000
  116  1    6.002352    1.000000    0.000000    1.000000    0.000000
  117  1    6.429320    1.000000    0.000000   -1.000000    0.000000
  118  1    6.559574    1.000000    0.000000    1.000000    0.000000
  119  1    6.571587    1.000000    0.000000   -1.000000    0.000000
  120  1    6.700928    1.000000    0.000000   -1.000000    0.000000
  121  1    6.748598    1.000000    0.000000    1.000000    0.000000
  122  1    6.831704    1.000000    0.000000   -1.000000    0.000000
  123  1    6.852993    1.000000    0.000000   -1.000000    0.000000
  124  1    6.856945    1.000000    0.000000    1.000000    0.000000
  125  1    7.025482    1.000000    0.000000    1.000000    0.000000
  126  1    7.106244    1.000000    0.000000   -1.000000    0.000000
  127  1    7.189572    1.000000    0.000000   -1.000000    0.000000
  128  1    7.231258    1.000000    0.000000    1.000000    0.000000
  129  1    7.268125    1.000000    0.000000   -1.000000    0.000000
  130  1    7.399033    1.000000    0.000000   -1.000000    0.000000
  131  1    7.528729    1.000000    0.000000    1.000000    0.000000
  132  1    7.610367    1.000000    0.000000    1.000000    0.000000
  133  1    7.719666    1.000000    0.000000    1.000000    0.000000
  134  1    8.182585    1.000000    0.000000    1.000000    0.000000
  135  1    8.648500    1.000000    0.000000    1.000000    0.000000
  136  1    9.295829    1.000000    0.000000   -1.000000    0.000000
  137  1    9.451435    1.000000    0.000000   -0.999999    0.000000
  138  1    9.646193    1.000000    0.000000    0.999997    0.000000
  139  1    9.748948    1.000000    0.000000    0.999996    0.000000
  140  1    9.808244    1.000000    0.000000   -0.999988    0.000000
  141  1    9.875627    1.000000    0.000000   -0.999991    0.000000
  142  1    9.892436    1.000000    0.000000    0.999990    0.000000
  143  1   10.372506    1.000000    0.000000    0.997188    0.000000
  144  1   10.722517    1.000000    0.000000   -0.358379    0.000000
