  102  128
  1
  2
  1  0  0  0  1  0  0  0  1    0.000000    0.000000    0.000000    1.000000    0.000000    0.000000    0.000000    0.000000    0.000000    1.000000    0.000000  1
 -1  0  0  0 -1  0  0  0 -1    0.000000    0.000000    0.000000    1.000000    0.000000    0.000000    0.000000    0.000000    0.000000    1.000000    0.000000  1
  8
    0.000000    0.000000    0.000000
    0.500000    0.500000    0.500000
    0.000000    0.500000    0.500000
    0.500000    0.000000    0.500000
    0.500000    0.500000    0.000000
    0.500000    0.000000    0.000000
    0.000000    0.500000    0.000000
    0.000000    0.000000    0.500000
  2
    1    2
    1  1  -37.098501    1.000000    0.000000   -1.000000    0.000000
    2  1  -36.862433    1.000000    0.000000   -1.000000    0.000000
    3  1  -36.351133    1.000000    0.000000   -1.000000    0.000000
    4  1  -36.337610    1.000000    0.000000   -1.000000    0.000000
    5  1  -36.308478    1.000000    0.000000   -1.000000    0.000000
    6  1  -36.304068    1.000000    0.000000   -1.000000    0.000000
    7  1  -36.253886    1.000000    0.000000    1.000000    0.000000
    8  1  -36.249438    1.000000    0.000000    1.000000    0.000000
    9  1  -36.113032    1.000000    0.000000   -1.000000    0.000000
   10  1  -36.080044    1.000000    0.000000   -1.000000    0.000000
   11  1  -36.072670    1.000000    0.000000   -1.000000    0.000000
   12  1  -35.990696    1.000000    0.000000   -1.000000    0.000000
   13  1  -35.615528    1.000000    0.000000   -1.000000    0.000000
   14  1  -35.592071    1.000000    0.000000   -1.000000    0.000000
   15  1  -35.583293    1.000000    0.000000   -1.000000    0.000000
   16  1  -35.138329    1.000000    0.000000   -1.000000    0.000000
   17  1  -34.839923    1.000000    0.000000   -1.000000    0.000000
   18  1  -34.563987    1.000000    0.000000   -1.000000    0.000000
   19  1  -34.470444    1.000000    0.000000   -1.000000    0.000000
   20  1  -34.464617    1.000000    0.000000   -1.000000    0.000000
   21  1  -34.024164    1.000000    0.000000   -1.000000    0.000000
   22  1  -34.007771    1.000000    0.000000   -1.000000    0.000000
   23  1  -33.962968    1.000000    0.000000   -1.000000    0.000000
   24  1  -33.436751    1.000000    0.000000   -1.000000    0.000000
   25  1  -33.399893    1.000000    0.000000   -1.000000    0.000000
   26  1  -33.393447    1.000000    0.000000   -1.000000    0.000000
   27  1  -17.617148    1.000000    0.000000   -1.000000    0.000000
   28  1  -17.611655    1.000000    0.000000   -1.000000    0.000000
   29  1  -17.271328    1.000000    0.000000   -1.000000    0.000000
   30  1  -17.264186    1.000000    0.000000   -1.000000    0.000000
   31  1  -17.216869    1.000000    0.000000   -1.000000    0.000000
   32  1  -17.214340    1.000000    0.000000   -1.000000    0.000000
   33  1   -9.942826    1.000000    0.000000    1.000000    0.000000
   34  1   -9.857532    1.000000    0.000000    1.000000    0.000000
   35  1   -8.712882    1.000000    0.000000   -1.000000    0.000000
   36  1   -8.570639    1.000000    0.000000   -1.000000    0.000000
   37  1   -8.531340    1.000000    0.000000    1.000000    0.000000
   38  1   -8.510788    1.000000    0.000000   -1.000000    0.000000
   39  1   -8.490767    1.000000    0.000000   -1.000000    0.000000
   40  1   -8.481903    1.000000    0.000000    1.000000    0.000000
   41  1   -8.454967    1.000000    0.000000    1.000000    0.000000
   42  1   -8.426190    1.000000    0.000000    1.000000    0.000000
   43  1   -8.383592    1.000000    0.000000   -1.000000    0.000000
   44  1   -8.380336    1.000000    0.000000    1.000000    0.000000
   45  1   -8.377594    1.000000    0.000000   -1.000000    0.000000
   46  1   -8.309010    1.000000    0.000000   -1.000000    0.000000
   47  1   -8.295999    1.000000    0.000000    1.000000    0.000000
   48  1   -8.225156    1.000000    0.000000   -1.000000    0.000000
   49  1   -2.088133    1.000000    0.000000    1.000000    0.000000
   50  1   -1.735642    1.000000    0.000000    1.000000    0.000000
   51  1   -1.631146    1.000000    0.000000    1.000000    0.000000
   52  1   -1.627708    1.000000    0.000000    1.000000    0.000000
   53  1   -1.411435    1.000000    0.000000    1.000000    0.000000
   54  1   -1.406944    1.000000    0.000000    1.000000    0.000000
   55  1   -1.367723    1.000000    0.000000    1.000000    0.000000
   56  1   -1.273842    1.000000    0.000000    1.000000    0.000000
   57  1   -0.640788    1.000000    0.000000   -1.000000    0.000000
   58  1   -0.639373    1.000000    0.000000   -1.000000    0.000000
   59  1   -0.624371    1.000000    0.000000   -1.000000    0.000000
   60  1   -0.617670    1.000000    0.000000   -1.000000    0.000000
   61  1   -0.446616    1.000000    0.000000   -1.000000    0.000000
   62  1   -0.399436    1.000000    0.000000    1.000000    0.000000
   63  1   -0.393959    1.000000    0.000000   -1.000000    0.000000
   64  1   -0.136463    1.000000    0.000000    1.000000    0.000000
   65  1    0.179571    1.000000    0.000000    1.000000    0.000000
   66  1    0.497411    1.000000    0.000000    1.000000    0.000000
   67  1    0.577220    1.000000    0.000000    1.000000    0.000000
   68  1    0.679999    1.000000    0.000000    1.000000    0.000000
   69  1    0.726728    1.000000    0.000000    1.000000    0.000000
   70  1    0.784557    1.000000    0.000000    1.000000    0.000000
   71  1    0.997142    1.000000    0.000000    1.000000    0.000000
   72  1    1.034480    1.000000    0.000000    1.000000    0.000000
   73  1    1.146120    1.000000    0.000000    1.000000    0.000000
   74  1    1.218152    1.000000    0.000000    1.000000    0.000000
   75  1    1.281161    1.000000    0.000000    1.000000    0.000000
   76  1    1.358136    1.000000    0.000000    1.000000    0.000000
   77  1    1.477844    1.000000    0.000000   -1.000000    0.000000
   78  1    1.499531    1.000000    0.000000   -1.000000    0.000000
   79  1    1.527213    1.000000    0.000000    1.000000    0.000000
   80  1    1.565745    1.000000    0.000000   -1.000000    0.000000
   81  1    1.571762    1.000000    0.000000   -1.000000    0.000000
   82  1    1.573326    1.000000    0.000000    1.000000    0.000000
   83  1    1.605051    1.000000    0.000000   -1.000000    0.000000
   84  1    1.636132    1.000000    0.000000   -1.000000    0.000000
   85  1    1.658870    1.000000    0.000000    1.000000    0.000000
   86  1    1.680609    1.000000    0.000000   -1.000000    0.000000
   87  1    1.693578    1.000000    0.000000    1.000000    0.000000
   88  1    1.695747    1.000000    0.000000   -1.000000    0.000000
   89  1    1.720695    1.000000    0.000000   -1.000000    0.000000
   90  1    1.753366    1.000000    0.000000   -1.000000    0.000000
   91  1    1.785511    1.000000    0.000000   -1.000000    0.000000
   92  1    1.811364    1.000000    0.000000    1.000000    0.000000
   93  1    1.814175    1.000000    0.000000   -1.000000    0.000000
   94  1    1.895109    1.000000    0.000000    1.000000    0.000000
   95  1    2.009267    1.000000    0.000000    1.000000    0.000000
   96  1    2.066505    1.000000    0.000000    1.000000    0.000000
   97  1    2.110176    1.000000    0.000000    1.000000    0.000000
   98  1    2.945561    1.000000    0.000000   -1.000000    0.000000
   99  1    3.013507    1.000000    0.000000   -1.000000    0.000000
  100  1    3.108266    1.000000    0.000000   -1.000000    0.000000
  101  1    3.162884    1.000000    0.000000   -1.000000    0.000000
  102  1    3.228973    1.000000    0.000000   -1.000000    0.000000
  103  1    3.366741    1.000000    0.000000   -1.000000    0.000000
  104  1    3.803226    1.000000    0.000000    1.000000    0.000000
  105  1    3.912290    1.000000    0.000000    1.000000    0.000000
  106  1    4.170331    1.000000    0.000000    1.000000    0.000000
  107  1    4.346441    1.000000    0.000000    1.000000    0.000000
  108  1    4.543076    1.000000    0.000000    1.000000    0.000000
  109  1    4.552079    1.000000    0.000000    1.000000    0.000000
  110  1    4.640544    1.000000    0.000000    1.000000    0.000000
  111  1    4.811410    1.000000    0.000000    1.000000    0.000000
  112  1    5.306598    1.000000    0.000000    1.000000    0.000000
  113  1    5.492339    1.000000    0.000000    1.000000    0.000000
  114  1    5.665079    1.000000    0.000000    0.999999    0.000000
  115  1    5.692048    1.000000    0.000000    1.000000    0.000000
  116  1    5.774808    1.000000    0.000000    0.999999    0.000000
  117  1    5.925339    1.000000    0.000000    0.999996    0.000000
  118  1    6.056123    1.000000    0.000000    1.000000    0.000000
  119  1    6.121822    1.000000    0.000000    0.999995    0.000000
  120  1    6.181330    1.000000    0.000000    0.999972    0.000000
  121  1    6.292358    1.000000    0.000000    0.999996    0.000000
  122  1    6.419335    1.000000    0.000000    0.999930    0.000000
  123  1    6.479220    1.000000    0.000000    0.999971    0.000000
  124  1    6.537307    1.000000    0.000000    0.999897    0.000000
  125  1    6.585382    1.000000    0.000000    0.999918    0.000000
  126  1    6.663633    1.000000    0.000000    0.999948    0.000000
  127  1    6.677608    1.000000    0.000000    0.999896    0.000000
  128  1    6.781154    1.000000    0.000000    0.998907    0.000000
  2
    1    2
    1  1  -37.098381    1.000000    0.000000   -1.000000    0.000000
    2  1  -36.862353    1.000000    0.000000   -1.000000    0.000000
    3  1  -36.344669    1.000000    0.000000   -1.000000    0.000000
    4  1  -36.343326    1.000000    0.000000    1.000000    0.000000
    5  1  -36.308997    1.000000    0.000000    1.000000    0.000000
    6  1  -36.304602    1.000000    0.000000    1.000000    0.000000
    7  1  -36.253929    1.000000    0.000000    1.000000    0.000000
    8  1  -36.249296    1.000000    0.000000    1.000000    0.000000
    9  1  -36.113093    1.000000    0.000000    1.000000    0.000000
   10  1  -36.080069    1.000000    0.000000    1.000000    0.000000
   11  1  -36.072516    1.000000    0.000000    1.000000    0.000000
   12  1  -35.990724    1.000000    0.000000   -1.000000    0.000000
   13  1  -35.615567    1.000000    0.000000    1.000000    0.000000
   14  1  -35.592063    1.000000    0.000000    1.000000    0.000000
   15  1  -35.583247    1.000000    0.000000    1.000000    0.000000
   16  1  -35.138227    1.000000    0.000000   -1.000000    0.000000
   17  1  -34.839589    1.000000    0.000000   -1.000000    0.000000
   18  1  -34.564278    1.000000    0.000000    1.000000    0.000000
   19  1  -34.470450    1.000000    0.000000    1.000000    0.000000
   20  1  -34.464624    1.000000    0.000000    1.000000    0.000000
   21  1  -34.024232    1.000000    0.000000    1.000000    0.000000
   22  1  -34.007795    1.000000    0.000000    1.000000    0.000000
   23  1  -33.963017    1.000000    0.000000    1.000000    0.000000
   24  1  -33.436757    1.000000    0.000000    1.000000    0.000000
   25  1  -33.399871    1.000000    0.000000    1.000000    0.000000
   26  1  -33.393448    1.000000    0.000000    1.000000    0.000000
   27  1  -17.617849    1.000000    0.000000   -1.000000    0.000000
   28  1  -17.612371    1.000000    0.000000   -1.000000    0.000000
   29  1  -17.272358    1.000000    0.000000   -1.000000    0.000000
   30  1  -17.265255    1.000000    0.000000   -1.000000    0.000000
   31  1  -17.217190    1.000000    0.000000   -1.000000    0.000000
   32  1  -17.214664    1.000000    0.000000   -1.000000    0.000000
   33  1   -9.481301    1.000000    0.000000   -1.000000    0.000000
   34  1   -9.396519    1.000000    0.000000   -1.000000    0.000000
   35  1   -9.265641    1.000000    0.000000    1.000000    0.000000
   36  1   -9.138407    1.000000    0.000000    1.000000    0.000000
   37  1   -8.575479    1.000000    0.000000    1.000000    0.000000
   38  1   -8.549705    1.000000    0.000000   -1.000000    0.000000
   39  1   -8.527630    1.000000    0.000000   -1.000000    0.000000
   40  1   -8.522921    1.000000    0.000000    1.000000    0.000000
   41  1   -8.452407    1.000000    0.000000    1.000000    0.000000
   42  1   -8.425257    1.000000    0.000000    1.000000    0.000000
   43  1   -8.420422    1.000000    0.000000   -1.000000    0.000000
   44  1   -8.400147    1.000000    0.000000    1.000000    0.000000
   45  1   -8.378919    1.000000    0.000000   -1.000000    0.000000
   46  1   -8.336374    1.000000    0.000000   -1.000000    0.000000
   47  1   -8.245652    1.000000    0.000000    1.000000    0.000000
   48  1   -8.212732    1.000000    0.000000   -1.000000    0.000000
   49  1   -1.251799    1.000000    0.000000   -1.000000    0.000000
   50  1   -1.099148    1.000000    0.000000   -1.000000    0.000000
   51  1   -1.058842    1.000000    0.000000    1.000000    0.000000
   52  1   -0.863235    1.000000    0.000000   -1.000000    0.000000
   53  1   -0.821546    1.000000    0.000000   -1.000000    0.000000
   54  1   -0.757491    1.000000    0.000000   -1.000000    0.000000
   55  1   -0.625072    1.000000    0.000000   -1.000000    0.000000
   56  1   -0.606187    1.000000    0.000000    1.000000    0.000000
   57  1   -0.554275    1.000000    0.000000   -1.000000    0.000000
   58  1   -0.530500    1.000000    0.000000    1.000000    0.000000
   59  1   -0.517497    1.000000    0.000000    1.000000    0.000000
   60  1   -0.469631    1.000000    0.000000    1.000000    0.000000
   61  1   -0.444427    1.000000    0.000000   -1.000000    0.000000
   62  1   -0.441736    1.000000    0.000000    1.000000    0.000000
   63  1   -0.210418    1.000000    0.000000    1.000000    0.000000
   64  1   -0.116499    1.000000    0.000000   -1.000000    0.000000
   65  1   -0.019047    1.000000    0.000000    1.000000    0.000000
   66  1    0.118601    1.000000    0.000000    1.000000    0.000000
   67  1    0.212450    1.000000    0.000000   -1.000000    0.000000
   68  1    0.277277    1.000000    0.000000   -1.000000    0.000000
   69  1    0.362512    1.000000    0.000000   -1.000000    0.000000
   70  1    0.452770    1.000000    0.000000    1.000000    0.000000
   71  1    0.480774    1.000000    0.000000    1.000000    0.000000
   72  1    0.575679    1.000000    0.000000    1.000000    0.000000
   73  1    0.676927    1.000000    0.000000   -1.000000    0.000000
   74  1    0.747158    1.000000    0.000000   -1.000000    0.000000
   75  1    0.820206    1.000000    0.000000   -1.000000    0.000000
   76  1    0.923630    1.000000    0.000000    1.000000    0.000000
   77  1    1.070287    1.000000    0.000000    1.000000    0.000000
   78  1    1.077852    1.000000    0.000000   -1.000000    0.000000
   79  1    1.104371    1.000000    0.000000   -1.000000    0.000000
   80  1    1.110526    1.000000    0.000000    1.000000    0.000000
   81  1    1.119578    1.000000    0.000000   -1.000000    0.000000
   82  1    1.181053    1.000000    0.000000    1.000000    0.000000
   83  1    1.195997    1.000000    0.000000   -1.000000    0.000000
   84  1    1.322022    1.000000    0.000000    1.000000    0.000000
   85  1    1.360448    1.000000    0.000000   -1.000000    0.000000
   86  1    1.444764    1.000000    0.000000    1.000000    0.000000
   87  1    1.490644    1.000000    0.000000   -1.000000    0.000000
   88  1    1.499688    1.000000    0.000000   -1.000000    0.000000
   89  1    1.769925    1.000000    0.000000   -1.000000    0.000000
   90  1    1.826785    1.000000    0.000000    1.000000    0.000000
   91  1    1.890531    1.000000    0.000000    1.000000    0.000000
   92  1    1.931104    1.000000    0.000000    1.000000    0.000000
   93  1    2.000297    1.000000    0.000000   -1.000000    0.000000
   94  1    2.087360    1.000000    0.000000   -1.000000    0.000000
   95  1    2.141561    1.000000    0.000000   -1.000000    0.000000
   96  1    2.205303    1.000000    0.000000   -1.000000    0.000000
   97  1    2.405319    1.000000    0.000000    1.000000    0.000000
   98  1    2.419572    1.000000    0.000000   -1.000000    0.000000
   99  1    2.483370    1.000000    0.000000    1.000000    0.000000
  100  1    2.639230    1.000000    0.000000   -1.000000    0.000000
  101  1    2.720127    1.000000    0.000000    1.000000    0.000000
  102  1    2.786677    1.000000    0.000000   -1.000000    0.000000
  103  1    2.842319    1.000000    0.000000    1.000000    0.000000
  104  1    4.118794    1.000000    0.000000    1.000000    0.000000
  105  1    4.267630    1.000000    0.000000    1.000000    0.000000
  106  1    4.363934    1.000000    0.000000   -1.000000    0.000000
  107  1    4.674192    1.000000    0.000000   -1.000000    0.000000
  108  1    4.801115    1.000000    0.000000   -1.000000    0.000000
  109  1    4.952438    1.000000    0.000000    1.000000    0.000000
  110  1    5.050144    1.000000    0.000000    1.000000    0.000000
  111  1    5.092470    1.000000    0.000000    1.000000    0.000000
  112  1    5.407420    1.000000    0.000000   -1.000000    0.000000
  113  1    5.563254    1.000000    0.000000   -1.000000    0.000000
  114  1    5.634953    1.000000    0.000000    0.999997    0.000000
  115  1    5.685929    1.000000    0.000000   -1.000000    0.000000
  116  1    5.750229    1.000000    0.000000    0.999984    0.000000
  117  1    5.870685    1.000000    0.000000   -0.999980    0.000000
  118  1    5.982693    1.000000    0.000000   -0.999975    0.000000
  119  1    6.108594    1.000000    0.000000   -0.999489    0.000000
  120  1    6.118777    1.000000    0.000000    0.999072    0.000000
  121  1    6.210121    1.000000    0.000000   -0.999621    0.000000
  122  1    6.257446    1.000000    0.000000   -0.996554    0.000000
  123  1    6.289095    1.000000    0.000000   -0.078364    0.000000
  124  1    6.301434    1.000000    0.000000   -0.015526    0.000000
  125  1    6.403756    1.000000    0.000000   -0.995687    0.000000
  126  1    6.414083    1.000000    0.000000   -0.996318    0.000000
  127  1    6.592445    1.000000    0.000000   -0.999659    0.000000
  128  1    6.805711    1.000000    0.000000   -0.995854    0.000000
  2
    1    2
    1  1  -37.098401    1.000000    0.000000   -1.000000    0.000000
    2  1  -36.862395    1.000000    0.000000   -1.000000    0.000000
    3  1  -36.350164    1.000000    0.000000   -1.000000    0.000000
    4  1  -36.336999    1.000000    0.000000   -1.000000    0.000000
    5  1  -36.309524    1.000000    0.000000    1.000000    0.000000
    6  1  -36.304686    1.000000    0.000000    1.000000    0.000000
    7  1  -36.253928    1.000000    0.000000    1.000000    0.000000
    8  1  -36.249300    1.000000    0.000000    1.000000    0.000000
    9  1  -36.111644    1.000000    0.000000   -1.000000    0.000000
   10  1  -36.081131    1.000000    0.000000    1.000000    0.000000
   11  1  -36.073044    1.000000    0.000000    1.000000    0.000000
   12  1  -35.990694    1.000000    0.000000   -1.000000    0.000000
   13  1  -35.615351    1.000000    0.000000   -1.000000    0.000000
   14  1  -35.592320    1.000000    0.000000    1.000000    0.000000
   15  1  -35.583256    1.000000    0.000000    1.000000    0.000000
   16  1  -35.138294    1.000000    0.000000   -1.000000    0.000000
   17  1  -34.839839    1.000000    0.000000   -1.000000    0.000000
   18  1  -34.563212    1.000000    0.000000   -1.000000    0.000000
   19  1  -34.470769    1.000000    0.000000    1.000000    0.000000
   20  1  -34.464895    1.000000    0.000000    1.000000    0.000000
   21  1  -34.024257    1.000000    0.000000    1.000000    0.000000
   22  1  -34.007608    1.000000    0.000000    1.000000    0.000000
   23  1  -33.963275    1.000000    0.000000   -1.000000    0.000000
   24  1  -33.436669    1.000000    0.000000   -1.000000    0.000000
   25  1  -33.399957    1.000000    0.000000    1.000000    0.000000
   26  1  -33.393543    1.000000    0.000000    1.000000    0.000000
   27  1  -17.617838    1.000000    0.000000   -1.000000    0.000000
   28  1  -17.612362    1.000000    0.000000   -1.000000    0.000000
   29  1  -17.272320    1.000000    0.000000   -1.000000    0.000000
   30  1  -17.265221    1.000000    0.000000   -1.000000    0.000000
   31  1  -17.217217    1.000000    0.000000   -1.000000    0.000000
   32  1  -17.214697    1.000000    0.000000   -1.000000    0.000000
   33  1   -9.451596    1.000000    0.000000    1.000000    0.000000
   34  1   -9.358146    1.000000    0.000000    1.000000    0.000000
   35  1   -9.214640    1.000000    0.000000   -1.000000    0.000000
   36  1   -9.094534    1.000000    0.000000   -1.000000    0.000000
   37  1   -8.619908    1.000000    0.000000   -1.000000    0.000000
   38  1   -8.610401    1.000000    0.000000    1.000000    0.000000
   39  1   -8.561679    1.000000    0.000000    1.000000    0.000000
   40  1   -8.552348    1.000000    0.000000   -1.000000    0.000000
   41  1   -8.506406    1.000000    0.000000   -1.000000    0.000000
   42  1   -8.488798    1.000000    0.000000    1.000000    0.000000
   43  1   -8.436730    1.000000    0.000000    1.000000    0.000000
   44  1   -8.417492    1.000000    0.000000   -1.000000    0.000000
   45  1   -8.383360    1.000000    0.000000    1.000000    0.000000
   46  1   -8.319539    1.000000    0.000000    1.000000    0.000000
   47  1   -8.265236    1.000000    0.000000   -1.000000    0.000000
   48  1   -8.106488    1.000000    0.000000   -1.000000    0.000000
   49  1   -1.419858    1.000000    0.000000    1.000000    0.000000
   50  1   -1.059237    1.000000    0.000000    1.000000    0.000000
   51  1   -0.952907    1.000000    0.000000    1.000000    0.000000
   52  1   -0.782483    1.000000    0.000000   -1.000000    0.000000
   53  1   -0.659522    1.000000    0.000000   -1.000000    0.000000
   54  1   -0.605594    1.000000    0.000000    1.000000    0.000000
   55  1   -0.483546    1.000000    0.000000   -1.000000    0.000000
   56  1   -0.367642    1.000000    0.000000   -1.000000    0.000000
   57  1   -0.360824    1.000000    0.000000   -1.000000    0.000000
   58  1   -0.351296    1.000000    0.000000    1.000000    0.000000
   59  1   -0.281392    1.000000    0.000000    1.000000    0.000000
   60  1   -0.269771    1.000000    0.000000   -1.000000    0.000000
   61  1   -0.233354    1.000000    0.000000    1.000000    0.000000
   62  1   -0.210622    1.000000    0.000000    1.000000    0.000000
   63  1   -0.089124    1.000000    0.000000    1.000000    0.000000
   64  1   -0.071550    1.000000    0.000000   -1.000000    0.000000
   65  1   -0.048343    1.000000    0.000000   -1.000000    0.000000
   66  1    0.034221    1.000000    0.000000   -1.000000    0.000000
   67  1    0.079714    1.000000    0.000000    1.000000    0.000000
   68  1    0.143539    1.000000    0.000000    1.000000    0.000000
   69  1    0.147747    1.000000    0.000000    1.000000    0.000000
   70  1    0.286285    1.000000    0.000000   -1.000000    0.000000
   71  1    0.367871    1.000000    0.000000   -1.000000    0.000000
   72  1    0.444567    1.000000    0.000000    1.000000    0.000000
   73  1    0.584780    1.000000    0.000000    1.000000    0.000000
   74  1    0.666169    1.000000    0.000000   -1.000000    0.000000
   75  1    0.716081    1.000000    0.000000    1.000000    0.000000
   76  1    0.732230    1.000000    0.000000   -1.000000    0.000000
   77  1    0.789349    1.000000    0.000000   -1.000000    0.000000
   78  1    0.927865    1.000000    0.000000   -1.000000    0.000000
   79  1    0.931057    1.000000    0.000000    1.000000    0.000000
   80  1    0.955141    1.000000    0.000000    1.000000    0.000000
   81  1    1.163238    1.000000    0.000000    1.000000    0.000000
   82  1    1.192991    1.000000    0.000000   -1.000000    0.000000
   83  1    1.213286    1.000000    0.000000    1.000000    0.000000
   84  1    1.268522    1.000000    0.000000   -1.000000    0.000000
   85  1    1.361783    1.000000    0.000000   -1.000000    0.000000
   86  1    1.452866    1.000000    0.000000    1.000000    0.000000
   87  1    1.488552    1.000000    0.000000   -1.000000    0.000000
   88  2    1.500869    2.000000    0.000000    0.000000    0.000000
   90  1    1.675581    1.000000    0.000000   -1.000000    0.000000
   91  1    1.704853    1.000000    0.000000    1.000000    0.000000
   92  1    2.040215    1.000000    0.000000   -1.000000    0.000000
   93  1    2.120320    1.000000    0.000000   -1.000000    0.000000
   94  1    2.171665    1.000000    0.000000   -1.000000    0.000000
   95  1    2.271978    1.000000    0.000000    1.000000    0.000000
   96  1    2.298605    1.000000    0.000000    1.000000    0.000000
   97  1    2.324731    1.000000    0.000000    1.000000    0.000000
   98  1    2.386557    1.000000    0.000000    1.000000    0.000000
   99  1    2.427453    1.000000    0.000000    1.000000    0.000000
  100  1    2.490363    1.000000    0.000000   -1.000000    0.000000
  101  1    2.524837    1.000000    0.000000   -1.000000    0.000000
  102  1    2.687031    1.000000    0.000000   -1.000000    0.000000
  103  1    2.875528    1.000000    0.000000   -1.000000    0.000000
  104  1    4.357677    1.000000    0.000000    1.000000    0.000000
  105  1    4.393307    1.000000    0.000000    1.000000    0.000000
  106  1    4.470986    1.000000    0.000000    1.000000    0.000000
  107  1    4.726531    1.000000    0.000000   -1.000000    0.000000
  108  1    4.805313    1.000000    0.000000   -1.000000    0.000000
  109  1    4.901203    1.000000    0.000000    1.000000    0.000000
  110  1    5.097629    1.000000    0.000000    1.000000    0.000000
  111  1    5.119029    1.000000    0.000000    1.000000    0.000000
  112  1    5.225902    1.000000    0.000000    1.000000    0.000000
  113  1    5.400818    1.000000    0.000000    0.999998    0.000000
  114  1    5.457107    1.000000    0.000000   -0.999998    0.000000
  115  1    5.459116    1.000000    0.000000    0.999988    0.000000
  116  1    5.589156    1.000000    0.000000   -0.999997    0.000000
  117  1    5.669084    1.000000    0.000000   -0.999994    0.000000
  118  1    5.802543    1.000000    0.000000    0.999855    0.000000
  119  1    5.889121    1.000000    0.000000   -0.999984    0.000000
  120  1    6.072398    1.000000    0.000000    0.999898    0.000000
  121  1    6.125527    1.000000    0.000000    0.990888    0.000000
  122  1    6.180760    1.000000    0.000000   -0.996265    0.000000
  123  1    6.271055    1.000000    0.000000   -0.995514    0.000000
  124  1    6.421014    1.000000    0.000000    0.984133    0.000000
  125  1    6.513183    1.000000    0.000000   -0.443339    0.000000
  126  1    6.514983    1.000000    0.000000    0.481590    0.000000
  127  1    6.745889    1.000000    0.000000   -0.985064    0.000000
  128  1    6.953645    1.000000    0.000000   -0.789246    0.000000
  2
    1    2
    1  1  -37.098433    1.000000    0.000000    1.000000    0.000000
    2  1  -36.862397    1.000000    0.000000    1.000000    0.000000
    3  1  -36.345187    1.000000    0.000000    1.000000    0.000000
    4  1  -36.343188    1.000000    0.000000   -1.000000    0.000000
    5  1  -36.308559    1.000000    0.000000   -1.000000    0.000000
    6  1  -36.304579    1.000000    0.000000    1.000000    0.000000
    7  1  -36.253948    1.000000    0.000000    1.000000    0.000000
    8  1  -36.249003    1.000000    0.000000    1.000000    0.000000
    9  1  -36.111700    1.000000    0.000000   -1.000000    0.000000
   10  1  -36.079091    1.000000    0.000000    1.000000    0.000000
   11  1  -36.075091    1.000000    0.000000   -1.000000    0.000000
   12  1  -35.990707    1.000000    0.000000    1.000000    0.000000
   13  1  -35.615532    1.000000    0.000000   -1.000000    0.000000
   14  1  -35.591484    1.000000    0.000000   -1.000000    0.000000
   15  1  -35.583980    1.000000    0.000000    1.000000    0.000000
   16  1  -35.138209    1.000000    0.000000    1.000000    0.000000
   17  1  -34.839599    1.000000    0.000000    1.000000    0.000000
   18  1  -34.563908    1.000000    0.000000   -1.000000    0.000000
   19  1  -34.470641    1.000000    0.000000    1.000000    0.000000
   20  1  -34.464675    1.000000    0.000000   -1.000000    0.000000
   21  1  -34.018532    1.000000    0.000000   -1.000000    0.000000
   22  1  -34.013261    1.000000    0.000000    1.000000    0.000000
   23  1  -33.963271    1.000000    0.000000   -1.000000    0.000000
   24  1  -33.436714    1.000000    0.000000   -1.000000    0.000000
   25  1  -33.399443    1.000000    0.000000    1.000000    0.000000
   26  1  -33.394018    1.000000    0.000000   -1.000000    0.000000
   27  1  -17.617801    1.000000    0.000000   -1.000000    0.000000
   28  1  -17.612331    1.000000    0.000000   -1.000000    0.000000
   29  1  -17.272275    1.000000    0.000000   -1.000000    0.000000
   30  1  -17.265178    1.000000    0.000000   -1.000000    0.000000
   31  1  -17.217195    1.000000    0.000000   -1.000000    0.000000
   32  1  -17.214677    1.000000    0.000000   -1.000000    0.000000
   33  1   -9.348726    1.000000    0.000000   -1.000000    0.000000
   34  1   -9.335515    1.000000    0.000000    1.000000    0.000000
   35  1   -9.250387    1.000000    0.000000    1.000000    0.000000
   36  1   -9.226124    1.000000    0.000000   -1.000000    0.000000
   37  1   -8.689401    1.000000    0.000000    1.000000    0.000000
   38  1   -8.574329    1.000000    0.000000    1.000000    0.000000
   39  1   -8.569993    1.000000    0.000000    1.000000    0.000000
   40  1   -8.566562    1.000000    0.000000   -1.000000    0.000000
   41  1   -8.494532    1.000000    0.000000   -1.000000    0.000000
   42  1   -8.452168    1.000000    0.000000   -1.000000    0.000000
   43  2   -8.374759    2.000000    0.000000    0.000000    0.000000
   45  1   -8.368703    1.000000    0.000000    1.000000    0.000000
   46  1   -8.334082    1.000000    0.000000   -1.000000    0.000000
   47  1   -8.252175    1.000000    0.000000    1.000000    0.000000
   48  1   -8.175439    1.000000    0.000000   -1.000000    0.000000
   49  1   -1.191900    1.000000    0.000000    1.000000    0.000000
   50  1   -0.919215    1.000000    0.000000   -1.000000    0.000000
   51  1   -0.873395    1.000000    0.000000    1.000000    0.000000
   52  1   -0.852933    1.000000    0.000000    1.000000    0.000000
   53  1   -0.822765    1.000000    0.000000   -1.000000    0.000000
   54  1   -0.616874    1.000000    0.000000   -1.000000    0.000000
   55  1   -0.558067    1.000000    0.000000   -1.000000    0.000000
   56  1   -0.479866    1.000000    0.000000    1.000000    0.000000
   57  1   -0.467845    1.000000    0.000000    1.000000    0.000000
   58  1   -0.451653    1.000000    0.000000   -1.000000    0.000000
   59  1   -0.339049    1.000000    0.000000    1.000000    0.000000
   60  1   -0.304556    1.000000    0.000000   -1.000000    0.000000
   61  1   -0.220014    1.000000    0.000000   -1.000000    0.000000
   62  1   -0.159846    1.000000    0.000000    1.000000    0.000000
   63  1   -0.117141    1.000000    0.000000    1.000000    0.000000
   64  1   -0.050367    1.000000    0.000000   -1.000000    0.000000
   65  1   -0.042414    1.000000    0.000000    1.000000    0.000000
   66  1   -0.023553    1.000000    0.000000    1.000000    0.000000
   67  1    0.049984    1.000000    0.000000    1.000000    0.000000
   68  1    0.059592    1.000000    0.000000   -1.000000    0.000000
   69  1    0.149674    1.000000    0.000000   -1.000000    0.000000
   70  1    0.171072    1.000000    0.000000   -1.000000    0.000000
   71  1    0.568307    1.000000    0.000000   -1.000000    0.000000
   72  1    0.571188    1.000000    0.000000    1.000000    0.000000
   73  1    0.594270    1.000000    0.000000   -1.000000    0.000000
   74  1    0.602588    1.000000    0.000000   -1.000000    0.000000
   75  1    0.694909    1.000000    0.000000    1.000000    0.000000
   76  1    0.712505    1.000000    0.000000    1.000000    0.000000
   77  1    0.797639    1.000000    0.000000    1.000000    0.000000
   78  1    0.809031    1.000000    0.000000   -1.000000    0.000000
   79  1    0.925982    1.000000    0.000000    1.000000    0.000000
   80  1    0.984261    1.000000    0.000000   -1.000000    0.000000
   81  1    1.079210    1.000000    0.000000   -1.000000    0.000000
   82  1    1.211303    1.000000    0.000000    1.000000    0.000000
   83  1    1.308239    1.000000    0.000000    1.000000    0.000000
   84  1    1.374867    1.000000    0.000000   -1.000000    0.000000
   85  1    1.393456    1.000000    0.000000   -1.000000    0.000000
   86  1    1.457049    1.000000    0.000000    1.000000    0.000000
   87  1    1.488397    1.000000    0.000000   -1.000000    0.000000
   88  1    1.597599    1.000000    0.000000    1.000000    0.000000
   89  1    1.614838    1.000000    0.000000    1.000000    0.000000
   90  1    1.656599    1.000000    0.000000   -1.000000    0.000000
   91  1    1.916896    1.000000    0.000000   -1.000000    0.000000
   92  1    1.946852    1.000000    0.000000    1.000000    0.000000
   93  1    1.991888    1.000000    0.000000    1.000000    0.000000
   94  1    2.219069    1.000000    0.000000    1.000000    0.000000
   95  1    2.235491    1.000000    0.000000   -1.000000    0.000000
   96  1    2.292942    1.000000    0.000000   -1.000000    0.000000
   97  1    2.342525    1.000000    0.000000    1.000000    0.000000
   98  1    2.392506    1.000000    0.000000    1.000000    0.000000
   99  1    2.395862    1.000000    0.000000   -1.000000    0.000000
  100  1    2.524270    1.000000    0.000000   -1.000000    0.000000
  101  1    2.560552    1.000000    0.000000    1.000000    0.000000
  102  1    2.877397    1.000000    0.000000   -1.000000    0.000000
  103  1    3.007669    1.000000    0.000000    1.000000    0.000000
  104  1    3.884970    1.000000    0.000000   -1.000000    0.000000
  105  1    4.288948    1.000000    0.000000   -1.000000    0.000000
  106  1    4.551181    1.000000    0.000000    1.000000    0.000000
  107  1    4.657505    1.000000    0.000000   -1.000000    0.000000
  108  1    4.803803    1.000000    0.000000   -1.000000    0.000000
  109  1    4.939264    1.000000    0.000000    1.000000    0.000000
  110  1    5.124970    1.000000    0.000000   -0.999999    0.000000
  111  1    5.168070    1.000000    0.000000   -0.999998    0.000000
  112  1    5.259266    1.000000    0.000000    1.000000    0.000000
  113  1    5.388622    1.000000    0.000000    0.999998    0.000000
  114  1    5.540028    1.000000    0.000000    0.999992    0.000000
  115  1    5.547578    1.000000    0.000000   -0.999989    0.000000
  116  1    5.602900    1.000000    0.000000   -0.999979    0.000000
  117  1    5.735673    1.000000    0.000000   -0.995813    0.000000
  118  1    5.736867    1.000000    0.000000    0.995091    0.000000
  119  1    5.979204    1.000000    0.000000   -0.998745    0.000000
  120  1    6.019737    1.000000    0.000000    0.999720    0.000000
  121  1    6.226142    1.000000    0.000000    0.996302    0.000000
  122  1    6.271589    1.000000    0.000000   -0.988755    0.000000
  123  1    6.344314    1.000000    0.000000   -0.879058    0.000000
  124  1    6.472499    1.000000    0.000000    0.822709    0.000000
  125  1    6.486109    1.000000    0.000000    0.103752    0.000000
  126  1    6.558537    1.000000    0.000000    0.422305    0.000000
  127  1    6.590585    1.000000    0.000000   -0.311761    0.000000
  128  1    6.656273    1.000000    0.000000    0.891558    0.000000
  2
    1    2
    1  1  -37.098442    1.000000    0.000000    1.000000    0.000000
    2  1  -36.862380    1.000000    0.000000    1.000000    0.000000
    3  1  -36.345406    1.000000    0.000000    1.000000    0.000000
    4  1  -36.342597    1.000000    0.000000   -1.000000    0.000000
    5  1  -36.308830    1.000000    0.000000    1.000000    0.000000
    6  1  -36.304502    1.000000    0.000000   -1.000000    0.000000
    7  1  -36.253937    1.000000    0.000000    1.000000    0.000000
    8  1  -36.249258    1.000000    0.000000    1.000000    0.000000
    9  1  -36.113103    1.000000    0.000000   -1.000000    0.000000
   10  1  -36.077669    1.000000    0.000000   -1.000000    0.000000
   11  1  -36.075015    1.000000    0.000000    1.000000    0.000000
   12  1  -35.990702    1.000000    0.000000    1.000000    0.000000
   13  1  -35.615416    1.000000    0.000000   -1.000000    0.000000
   14  1  -35.591553    1.000000    0.000000    1.000000    0.000000
   15  1  -35.584082    1.000000    0.000000   -1.000000    0.000000
   16  1  -35.138204    1.000000    0.000000    1.000000    0.000000
   17  1  -34.839612    1.000000    0.000000    1.000000    0.000000
   18  1  -34.563867    1.000000    0.000000   -1.000000    0.000000
   19  1  -34.470385    1.000000    0.000000   -1.000000    0.000000
   20  1  -34.464981    1.000000    0.000000    1.000000    0.000000
   21  1  -34.018467    1.000000    0.000000    1.000000    0.000000
   22  1  -34.013491    1.000000    0.000000   -1.000000    0.000000
   23  1  -33.963083    1.000000    0.000000   -1.000000    0.000000
   24  1  -33.436726    1.000000    0.000000   -1.000000    0.000000
   25  1  -33.399444    1.000000    0.000000   -1.000000    0.000000
   26  1  -33.394017    1.000000    0.000000    1.000000    0.000000
   27  1  -17.617806    1.000000    0.000000   -1.000000    0.000000
   28  1  -17.612335    1.000000    0.000000   -1.000000    0.000000
   29  1  -17.272282    1.000000    0.000000   -1.000000    0.000000
   30  1  -17.265186    1.000000    0.000000   -1.000000    0.000000
   31  1  -17.217191    1.000000    0.000000   -1.000000    0.000000
   32  1  -17.214683    1.000000    0.000000   -1.000000    0.000000
   33  1   -9.345783    1.000000    0.000000   -1.000000    0.000000
   34  1   -9.340664    1.000000    0.000000    1.000000    0.000000
   35  1   -9.255741    1.000000    0.000000    1.000000    0.000000
   36  1   -9.222767    1.000000    0.000000   -1.000000    0.000000
   37  1   -8.679365    1.000000    0.000000    1.000000    0.000000
   38  1   -8.577194    1.000000    0.000000    1.000000    0.000000
   39  1   -8.574514    1.000000    0.000000   -1.000000    0.000000
   40  1   -8.560254    1.000000    0.000000    1.000000    0.000000
   41  1   -8.492487    1.000000    0.000000   -1.000000    0.000000
   42  1   -8.460442    1.000000    0.000000   -1.000000    0.000000
   43  1   -8.376779    1.000000    0.000000    1.000000    0.000000
   44  2   -8.372311    2.000000    0.000000    0.000000    0.000000
   46  1   -8.329345    1.000000    0.000000   -1.000000    0.000000
   47  1   -8.255500    1.000000    0.000000    1.000000    0.000000
   48  1   -8.171405    1.000000    0.000000   -1.000000    0.000000
   49  1   -1.196785    1.000000    0.000000    1.000000    0.000000
   50  1   -0.914160    1.000000    0.000000   -1.000000    0.000000
   51  1   -0.873701    1.000000    0.000000    1.000000    0.000000
   52  1   -0.861116    1.000000    0.000000    1.000000    0.000000
   53  1   -0.816558    1.000000    0.000000   -1.000000    0.000000
   54  1   -0.611435    1.000000    0.000000   -1.000000    0.000000
   55  1   -0.557855    1.000000    0.000000   -1.000000    0.000000
   56  1   -0.481610    1.000000    0.000000    1.000000    0.000000
   57  1   -0.467806    1.000000    0.000000    1.000000    0.000000
   58  1   -0.451526    1.000000    0.000000   -1.000000    0.000000
   59  1   -0.344961    1.000000    0.000000    1.000000    0.000000
   60  1   -0.311203    1.000000    0.000000   -1.000000    0.000000
   61  1   -0.218685    1.000000    0.000000   -1.000000    0.000000
   62  1   -0.156837    1.000000    0.000000    1.000000    0.000000
   63  1   -0.116387    1.000000    0.000000    1.000000    0.000000
   64  1   -0.052221    1.000000    0.000000   -1.000000    0.000000
   65  1   -0.043809    1.000000    0.000000    1.000000    0.000000
   66  1   -0.014041    1.000000    0.000000    1.000000    0.000000
   67  1    0.048908    1.000000    0.000000    1.000000    0.000000
   68  1    0.050677    1.000000    0.000000   -1.000000    0.000000
   69  1    0.148595    1.000000    0.000000   -1.000000    0.000000
   70  1    0.167299    1.000000    0.000000   -1.000000    0.000000
   71  1    0.565605    1.000000    0.000000   -1.000000    0.000000
   72  1    0.578449    1.000000    0.000000    1.000000    0.000000
   73  1    0.598410    1.000000    0.000000   -1.000000    0.000000
   74  1    0.608435    1.000000    0.000000   -1.000000    0.000000
   75  1    0.688806    1.000000    0.000000    1.000000    0.000000
   76  1    0.715997    1.000000    0.000000    1.000000    0.000000
   77  1    0.793383    1.000000    0.000000    1.000000    0.000000
   78  1    0.810278    1.000000    0.000000   -1.000000    0.000000
   79  1    0.920858    1.000000    0.000000    1.000000    0.000000
   80  1    0.984338    1.000000    0.000000   -1.000000    0.000000
   81  1    1.075717    1.000000    0.000000   -1.000000    0.000000
   82  1    1.205511    1.000000    0.000000    1.000000    0.000000
   83  1    1.296499    1.000000    0.000000    1.000000    0.000000
   84  1    1.378581    1.000000    0.000000   -1.000000    0.000000
   85  1    1.396850    1.000000    0.000000   -1.000000    0.000000
   86  1    1.453262    1.000000    0.000000    1.000000    0.000000
   87  1    1.492388    1.000000    0.000000   -1.000000    0.000000
   88  1    1.582797    1.000000    0.000000    1.000000    0.000000
   89  1    1.609179    1.000000    0.000000    1.000000    0.000000
   90  1    1.665182    1.000000    0.000000   -1.000000    0.000000
   91  1    1.916556    1.000000    0.000000   -1.000000    0.000000
   92  1    1.946832    1.000000    0.000000    1.000000    0.000000
   93  1    2.019904    1.000000    0.000000    1.000000    0.000000
   94  1    2.223386    1.000000    0.000000   -1.000000    0.000000
   95  1    2.237744    1.000000    0.000000    1.000000    0.000000
   96  1    2.299234    1.000000    0.000000   -1.000000    0.000000
   97  1    2.341181    1.000000    0.000000    1.000000    0.000000
   98  1    2.381880    1.000000    0.000000    1.000000    0.000000
   99  1    2.404295    1.000000    0.000000   -1.000000    0.000000
  100  1    2.531505    1.000000    0.000000   -1.000000    0.000000
  101  1    2.585258    1.000000    0.000000    1.000000    0.000000
  102  1    2.863864    1.000000    0.000000   -1.000000    0.000000
  103  1    3.005107    1.000000    0.000000    1.000000    0.000000
  104  1    3.883423    1.000000    0.000000   -1.000000    0.000000
  105  1    4.284623    1.000000    0.000000   -1.000000    0.000000
  106  1    4.535711    1.000000    0.000000    1.000000    0.000000
  107  1    4.659116    1.000000    0.000000   -1.000000    0.000000
  108  1    4.796575    1.000000    0.000000   -1.000000    0.000000
  109  1    4.940240    1.000000    0.000000    1.000000    0.000000
  110  1    5.128153    1.000000    0.000000   -0.999999    0.000000
  111  1    5.165891    1.000000    0.000000   -0.999998    0.000000
  112  1    5.241673    1.000000    0.000000    1.000000    0.000000
  113  1    5.402470    1.000000    0.000000    0.999995    0.000000
  114  2    5.548949    2.000000    0.000000    0.000341    0.000000
  116  1    5.597257    1.000000    0.000000   -0.999975    0.000000
  117  1    5.728407    1.000000    0.000000    0.999278    0.000000
  118  1    5.737787    1.000000    0.000000   -0.999520    0.000000
  119  1    5.985477    1.000000    0.000000   -0.999475    0.000000
  120  1    6.021193    1.000000    0.000000    0.998417    0.000000
  121  1    6.240215    1.000000    0.000000    0.979310    0.000000
  122  1    6.267099    1.000000    0.000000   -0.986746    0.000000
  123  1    6.334229    1.000000    0.000000   -0.914345    0.000000
  124  1    6.478999    1.000000    0.000000    0.908345    0.000000
  125  1    6.484483    1.000000    0.000000    0.425320    0.000000
  126  1    6.569574    1.000000    0.000000    0.248419    0.000000
  127  1    6.593329    1.000000    0.000000   -0.072378    0.000000
  128  1    6.684515    1.000000    0.000000    0.840005    0.000000
  2
    1    2
    1  1  -37.098479    1.000000    0.000000   -1.000000    0.000000
    2  1  -36.862385    1.000000    0.000000   -1.000000    0.000000
    3  1  -36.345423    1.000000    0.000000   -1.000000    0.000000
    4  1  -36.342465    1.000000    0.000000    1.000000    0.000000
    5  1  -36.308914    1.000000    0.000000   -1.000000    0.000000
    6  1  -36.304210    1.000000    0.000000   -1.000000    0.000000
    7  1  -36.253885    1.000000    0.000000    1.000000    0.000000
    8  1  -36.249436    1.000000    0.000000    1.000000    0.000000
    9  1  -36.111692    1.000000    0.000000    1.000000    0.000000
   10  1  -36.081063    1.000000    0.000000   -1.000000    0.000000
   11  1  -36.073219    1.000000    0.000000   -1.000000    0.000000
   12  1  -35.990729    1.000000    0.000000   -1.000000    0.000000
   13  1  -35.615402    1.000000    0.000000    1.000000    0.000000
   14  1  -35.592327    1.000000    0.000000   -1.000000    0.000000
   15  1  -35.583305    1.000000    0.000000   -1.000000    0.000000
   16  1  -35.138257    1.000000    0.000000   -1.000000    0.000000
   17  1  -34.839667    1.000000    0.000000   -1.000000    0.000000
   18  1  -34.563502    1.000000    0.000000    1.000000    0.000000
   19  1  -34.470760    1.000000    0.000000   -1.000000    0.000000
   20  1  -34.464881    1.000000    0.000000   -1.000000    0.000000
   21  1  -34.024169    1.000000    0.000000   -1.000000    0.000000
   22  1  -34.007585    1.000000    0.000000   -1.000000    0.000000
   23  1  -33.963330    1.000000    0.000000    1.000000    0.000000
   24  1  -33.436681    1.000000    0.000000    1.000000    0.000000
   25  1  -33.399969    1.000000    0.000000   -1.000000    0.000000
   26  1  -33.393533    1.000000    0.000000   -1.000000    0.000000
   27  1  -17.617190    1.000000    0.000000   -1.000000    0.000000
   28  1  -17.611699    1.000000    0.000000   -1.000000    0.000000
   29  1  -17.271323    1.000000    0.000000   -1.000000    0.000000
   30  1  -17.264181    1.000000    0.000000   -1.000000    0.000000
   31  1  -17.217041    1.000000    0.000000   -1.000000    0.000000
   32  1  -17.214516    1.000000    0.000000   -1.000000    0.000000
   33  1   -9.622345    1.000000    0.000000    1.000000    0.000000
   34  1   -9.517342    1.000000    0.000000    1.000000    0.000000
   35  1   -9.127638    1.000000    0.000000   -1.000000    0.000000
   36  1   -9.034607    1.000000    0.000000   -1.000000    0.000000
   37  1   -8.612712    1.000000    0.000000    1.000000    0.000000
   38  1   -8.565199    1.000000    0.000000    1.000000    0.000000
   39  1   -8.559984    1.000000    0.000000   -1.000000    0.000000
   40  1   -8.502497    1.000000    0.000000    1.000000    0.000000
   41  1   -8.455907    1.000000    0.000000    1.000000    0.000000
   42  1   -8.436644    1.000000    0.000000   -1.000000    0.000000
   43  1   -8.423209    1.000000    0.000000    1.000000    0.000000
   44  1   -8.333750    1.000000    0.000000   -1.000000    0.000000
   45  1   -8.316017    1.000000    0.000000   -1.000000    0.000000
   46  1   -8.314835    1.000000    0.000000   -1.000000    0.000000
   47  1   -8.261648    1.000000    0.000000    1.000000    0.000000
   48  1   -8.200846    1.000000    0.000000   -1.000000    0.000000
   49  1   -1.547610    1.000000    0.000000    1.000000    0.000000
   50  1   -1.291819    1.000000    0.000000    1.000000    0.000000
   51  1   -1.131428    1.000000    0.000000    1.000000    0.000000
   52  1   -0.990190    1.000000    0.000000    1.000000    0.000000
   53  1   -0.954711    1.000000    0.000000    1.000000    0.000000
   54  1   -0.945776    1.000000    0.000000    1.000000    0.000000
   55  1   -0.751270    1.000000    0.000000   -1.000000    0.000000
   56  1   -0.683816    1.000000    0.000000   -1.000000    0.000000
   57  1   -0.536227    1.000000    0.000000   -1.000000    0.000000
   58  1   -0.479132    1.000000    0.000000   -1.000000    0.000000
   59  1   -0.412057    1.000000    0.000000    1.000000    0.000000
   60  1   -0.394564    1.000000    0.000000   -1.000000    0.000000
   61  1   -0.355832    1.000000    0.000000   -1.000000    0.000000
   62  1   -0.079618    1.000000    0.000000    1.000000    0.000000
   63  1   -0.028975    1.000000    0.000000    1.000000    0.000000
   64  1    0.016390    1.000000    0.000000    1.000000    0.000000
   65  1    0.224430    1.000000    0.000000   -1.000000    0.000000
   66  1    0.231979    1.000000    0.000000    1.000000    0.000000
   67  1    0.253573    1.000000    0.000000    1.000000    0.000000
   68  1    0.283240    1.000000    0.000000   -1.000000    0.000000
   69  1    0.305676    1.000000    0.000000    1.000000    0.000000
   70  1    0.390674    1.000000    0.000000    1.000000    0.000000
   71  1    0.455920    1.000000    0.000000   -1.000000    0.000000
   72  1    0.636350    1.000000    0.000000   -1.000000    0.000000
   73  1    0.745015    1.000000    0.000000    1.000000    0.000000
   74  1    0.757077    1.000000    0.000000    1.000000    0.000000
   75  1    0.780064    1.000000    0.000000   -1.000000    0.000000
   76  1    0.822486    1.000000    0.000000    1.000000    0.000000
   77  1    0.880596    1.000000    0.000000   -1.000000    0.000000
   78  1    1.043452    1.000000    0.000000    1.000000    0.000000
   79  1    1.045120    1.000000    0.000000    1.000000    0.000000
   80  1    1.074574    1.000000    0.000000   -1.000000    0.000000
   81  1    1.159737    1.000000    0.000000   -1.000000    0.000000
   82  1    1.211977    1.000000    0.000000    1.000000    0.000000
   83  1    1.297218    1.000000    0.000000    1.000000    0.000000
   84  1    1.377054    1.000000    0.000000    1.000000    0.000000
   85  1    1.454414    1.000000    0.000000   -1.000000    0.000000
   86  1    1.478215    1.000000    0.000000   -1.000000    0.000000
   87  1    1.564270    1.000000    0.000000    1.000000    0.000000
   88  1    1.648488    1.000000    0.000000   -1.000000    0.000000
   89  1    1.667361    1.000000    0.000000    1.000000    0.000000
   90  1    1.697529    1.000000    0.000000    1.000000    0.000000
   91  1    1.803766    1.000000    0.000000   -1.000000    0.000000
   92  1    1.918735    1.000000    0.000000    1.000000    0.000000
   93  1    2.007114    1.000000    0.000000   -1.000000    0.000000
   94  1    2.045426    1.000000    0.000000    1.000000    0.000000
   95  1    2.057538    1.000000    0.000000   -1.000000    0.000000
   96  1    2.272182    1.000000    0.000000    1.000000    0.000000
   97  1    2.303937    1.000000    0.000000    1.000000    0.000000
   98  1    2.383909    1.000000    0.000000   -1.000000    0.000000
   99  1    2.528612    1.000000    0.000000   -1.000000    0.000000
  100  1    2.760679    1.000000    0.000000   -1.000000    0.000000
  101  1    2.872539    1.000000    0.000000   -1.000000    0.000000
  102  1    2.925333    1.000000    0.000000   -1.000000    0.000000
  103  1    3.017965    1.000000    0.000000   -1.000000    0.000000
  104  1    3.865840    1.000000    0.000000    1.000000    0.000000
  105  1    3.981755    1.000000    0.000000    1.000000    0.000000
  106  1    4.590360    1.000000    0.000000    1.000000    0.000000
  107  1    4.609232    1.000000    0.000000   -1.000000    0.000000
  108  1    4.653084    1.000000    0.000000    1.000000    0.000000
  109  1    4.675457    1.000000    0.000000    1.000000    0.000000
  110  1    4.811655    1.000000    0.000000    1.000000    0.000000
  111  1    5.378783    1.000000    0.000000    1.000000    0.000000
  112  1    5.420093    1.000000    0.000000    0.999999    0.000000
  113  1    5.710302    1.000000    0.000000    0.999962    0.000000
  114  1    5.719897    1.000000    0.000000   -0.999990    0.000000
  115  1    5.763020    1.000000    0.000000    0.999971    0.000000
  116  1    5.869694    1.000000    0.000000    0.999990    0.000000
  117  1    6.001819    1.000000    0.000000   -0.987030    0.000000
  118  1    6.004981    1.000000    0.000000    0.985163    0.000000
  119  1    6.024186    1.000000    0.000000   -0.997646    0.000000
  120  1    6.107425    1.000000    0.000000    0.999329    0.000000
  121  1    6.156203    1.000000    0.000000    0.998693    0.000000
  122  1    6.203624    1.000000    0.000000    0.998650    0.000000
  123  1    6.233061    1.000000    0.000000    0.999002    0.000000
  124  1    6.346828    1.000000    0.000000    0.991959    0.000000
  125  1    6.486563    1.000000    0.000000    0.987208    0.000000
  126  1    6.651649    1.000000    0.000000    0.653980    0.000000
  127  1    6.740315    1.000000    0.000000   -0.948159    0.000000
  128  1    6.804921    1.000000    0.000000    0.109489    0.000000
  2
    1    2
    1  1  -37.098465    1.000000    0.000000    1.000000    0.000000
    2  1  -36.862426    1.000000    0.000000    1.000000    0.000000
    3  1  -36.351081    1.000000    0.000000    1.000000    0.000000
    4  1  -36.337483    1.000000    0.000000    1.000000    0.000000
    5  1  -36.308289    1.000000    0.000000    1.000000    0.000000
    6  1  -36.304505    1.000000    0.000000   -1.000000    0.000000
    7  1  -36.253937    1.000000    0.000000    1.000000    0.000000
    8  1  -36.249257    1.000000    0.000000    1.000000    0.000000
    9  1  -36.111665    1.000000    0.000000    1.000000    0.000000
   10  1  -36.079221    1.000000    0.000000   -1.000000    0.000000
   11  1  -36.074951    1.000000    0.000000    1.000000    0.000000
   12  1  -35.990673    1.000000    0.000000    1.000000    0.000000
   13  1  -35.615493    1.000000    0.000000    1.000000    0.000000
   14  1  -35.591339    1.000000    0.000000    1.000000    0.000000
   15  1  -35.584118    1.000000    0.000000   -1.000000    0.000000
   16  1  -35.138273    1.000000    0.000000    1.000000    0.000000
   17  1  -34.839864    1.000000    0.000000    1.000000    0.000000
   18  1  -34.563616    1.000000    0.000000    1.000000    0.000000
   19  1  -34.470659    1.000000    0.000000   -1.000000    0.000000
   20  1  -34.464658    1.000000    0.000000    1.000000    0.000000
   21  1  -34.018475    1.000000    0.000000    1.000000    0.000000
   22  1  -34.013336    1.000000    0.000000   -1.000000    0.000000
   23  1  -33.963218    1.000000    0.000000    1.000000    0.000000
   24  1  -33.436705    1.000000    0.000000    1.000000    0.000000
   25  1  -33.399539    1.000000    0.000000   -1.000000    0.000000
   26  1  -33.393933    1.000000    0.000000    1.000000    0.000000
   27  1  -17.617830    1.000000    0.000000   -1.000000    0.000000
   28  1  -17.612358    1.000000    0.000000   -1.000000    0.000000
   29  1  -17.272330    1.000000    0.000000   -1.000000    0.000000
   30  1  -17.265241    1.000000    0.000000   -1.000000    0.000000
   31  1  -17.217169    1.000000    0.000000   -1.000000    0.000000
   32  1  -17.214667    1.000000    0.000000   -1.000000    0.000000
   33  1   -9.600796    1.000000    0.000000   -1.000000    0.000000
   34  1   -9.508657    1.000000    0.000000   -1.000000    0.000000
   35  1   -9.125262    1.000000    0.000000    1.000000    0.000000
   36  1   -9.004384    1.000000    0.000000    1.000000    0.000000
   37  1   -8.662044    1.000000    0.000000    1.000000    0.000000
   38  1   -8.536875    1.000000    0.000000    1.000000    0.000000
   39  1   -8.514329    1.000000    0.000000   -1.000000    0.000000
   40  1   -8.507007    1.000000    0.000000    1.000000    0.000000
   41  1   -8.460628    1.000000    0.000000   -1.000000    0.000000
   42  1   -8.398119    1.000000    0.000000   -1.000000    0.000000
   43  1   -8.392411    1.000000    0.000000    1.000000    0.000000
   44  1   -8.375777    1.000000    0.000000   -1.000000    0.000000
   45  1   -8.366266    1.000000    0.000000    1.000000    0.000000
   46  1   -8.335390    1.000000    0.000000   -1.000000    0.000000
   47  1   -8.278207    1.000000    0.000000   -1.000000    0.000000
   48  1   -8.214654    1.000000    0.000000    1.000000    0.000000
   49  1   -1.457084    1.000000    0.000000   -1.000000    0.000000
   50  1   -1.219304    1.000000    0.000000   -1.000000    0.000000
   51  1   -1.011348    1.000000    0.000000   -1.000000    0.000000
   52  1   -0.955062    1.000000    0.000000   -1.000000    0.000000
   53  1   -0.902983    1.000000    0.000000    1.000000    0.000000
   54  1   -0.888634    1.000000    0.000000   -1.000000    0.000000
   55  1   -0.755818    1.000000    0.000000   -1.000000    0.000000
   56  1   -0.682037    1.000000    0.000000   -1.000000    0.000000
   57  1   -0.619917    1.000000    0.000000    1.000000    0.000000
   58  1   -0.614590    1.000000    0.000000    1.000000    0.000000
   59  1   -0.499078    1.000000    0.000000    1.000000    0.000000
   60  1   -0.484821    1.000000    0.000000   -1.000000    0.000000
   61  1   -0.478075    1.000000    0.000000    1.000000    0.000000
   62  1   -0.448754    1.000000    0.000000    1.000000    0.000000
   63  1   -0.098229    1.000000    0.000000   -1.000000    0.000000
   64  1   -0.016676    1.000000    0.000000   -1.000000    0.000000
   65  1    0.037142    1.000000    0.000000    1.000000    0.000000
   66  1    0.185699    1.000000    0.000000    1.000000    0.000000
   67  1    0.255121    1.000000    0.000000   -1.000000    0.000000
   68  1    0.298161    1.000000    0.000000    1.000000    0.000000
   69  1    0.363183    1.000000    0.000000   -1.000000    0.000000
   70  1    0.427659    1.000000    0.000000   -1.000000    0.000000
   71  1    0.700425    1.000000    0.000000   -1.000000    0.000000
   72  1    0.707919    1.000000    0.000000    1.000000    0.000000
   73  1    0.780687    1.000000    0.000000    1.000000    0.000000
   74  1    0.838729    1.000000    0.000000   -1.000000    0.000000
   75  1    0.860010    1.000000    0.000000    1.000000    0.000000
   76  1    0.870245    1.000000    0.000000   -1.000000    0.000000
   77  1    1.025869    1.000000    0.000000   -1.000000    0.000000
   78  1    1.076627    1.000000    0.000000   -1.000000    0.000000
   79  1    1.141079    1.000000    0.000000   -1.000000    0.000000
   80  1    1.153434    1.000000    0.000000    1.000000    0.000000
   81  1    1.180897    1.000000    0.000000    1.000000    0.000000
   82  1    1.245440    1.000000    0.000000   -1.000000    0.000000
   83  1    1.246967    1.000000    0.000000    1.000000    0.000000
   84  1    1.378259    1.000000    0.000000    1.000000    0.000000
   85  1    1.432587    1.000000    0.000000    1.000000    0.000000
   86  1    1.450560    1.000000    0.000000   -1.000000    0.000000
   87  1    1.462665    1.000000    0.000000    1.000000    0.000000
   88  1    1.495092    1.000000    0.000000   -1.000000    0.000000
   89  1    1.620255    1.000000    0.000000   -1.000000    0.000000
   90  1    1.729753    1.000000    0.000000    1.000000    0.000000
   91  1    1.775512    1.000000    0.000000    1.000000    0.000000
   92  1    1.844456    1.000000    0.000000   -1.000000    0.000000
   93  1    2.137350    1.000000    0.000000   -1.000000    0.000000
   94  1    2.166119    1.000000    0.000000    1.000000    0.000000
   95  1    2.189960    1.000000    0.000000   -1.000000    0.000000
   96  1    2.197693    1.000000    0.000000    1.000000    0.000000
   97  1    2.221186    1.000000    0.000000   -1.000000    0.000000
   98  1    2.493645    1.000000    0.000000   -1.000000    0.000000
   99  1    2.521991    1.000000    0.000000    1.000000    0.000000
  100  1    2.589086    1.000000    0.000000   -1.000000    0.000000
  101  1    2.814062    1.000000    0.000000    1.000000    0.000000
  102  1    2.855549    1.000000    0.000000    1.000000    0.000000
  103  1    2.988156    1.000000    0.000000    1.000000    0.000000
  104  1    3.952183    1.000000    0.000000   -1.000000    0.000000
  105  1    4.224720    1.000000    0.000000   -1.000000    0.000000
  106  1    4.427944    1.000000    0.000000   -1.000000    0.000000
  107  1    4.724543    1.000000    0.000000   -1.000000    0.000000
  108  1    4.798418    1.000000    0.000000    1.000000    0.000000
  109  1    4.821647    1.000000    0.000000   -1.000000    0.000000
  110  1    5.025795    1.000000    0.000000   -1.000000    0.000000
  111  1    5.317045    1.000000    0.000000   -1.000000    0.000000
  112  1    5.388639    1.000000    0.000000   -0.999999    0.000000
  113  1    5.592883    1.000000    0.000000   -0.999999    0.000000
  114  1    5.782110    1.000000    0.000000    0.999998    0.000000
  115  1    5.840416    1.000000    0.000000    0.999962    0.000000
  116  1    5.851987    1.000000    0.000000   -0.999983    0.000000
  117  1    5.869359    1.000000    0.000000   -0.999995    0.000000
  118  1    6.024626    1.000000    0.000000    0.999309    0.000000
  119  1    6.028248    1.000000    0.000000   -0.999408    0.000000
  120  1    6.075837    1.000000    0.000000   -0.999955    0.000000
  121  1    6.108529    1.000000    0.000000   -0.999807    0.000000
  122  1    6.298190    1.000000    0.000000    0.990696    0.000000
  123  1    6.304981    1.000000    0.000000   -0.988887    0.000000
  124  1    6.365304    1.000000    0.000000   -0.999145    0.000000
  125  1    6.379073    1.000000    0.000000   -0.997988    0.000000
  126  1    6.488516    1.000000    0.000000   -0.999267    0.000000
  127  1    6.743752    1.000000    0.000000    0.977042    0.000000
  128  1    6.848381    1.000000    0.000000   -0.949356    0.000000
  2
    1    2
    1  1  -37.098455    1.000000    0.000000    1.000000    0.000000
    2  1  -36.862447    1.000000    0.000000    1.000000    0.000000
    3  1  -36.350500    1.000000    0.000000    1.000000    0.000000
    4  1  -36.337358    1.000000    0.000000    1.000000    0.000000
    5  1  -36.309175    1.000000    0.000000   -1.000000    0.000000
    6  1  -36.304542    1.000000    0.000000    1.000000    0.000000
    7  1  -36.253949    1.000000    0.000000    1.000000    0.000000
    8  1  -36.249004    1.000000    0.000000    1.000000    0.000000
    9  1  -36.113033    1.000000    0.000000    1.000000    0.000000
   10  1  -36.077573    1.000000    0.000000    1.000000    0.000000
   11  1  -36.075157    1.000000    0.000000   -1.000000    0.000000
   12  1  -35.990679    1.000000    0.000000    1.000000    0.000000
   13  1  -35.615371    1.000000    0.000000    1.000000    0.000000
   14  1  -35.591702    1.000000    0.000000   -1.000000    0.000000
   15  1  -35.583950    1.000000    0.000000    1.000000    0.000000
   16  1  -35.138277    1.000000    0.000000    1.000000    0.000000
   17  1  -34.839850    1.000000    0.000000    1.000000    0.000000
   18  1  -34.563575    1.000000    0.000000    1.000000    0.000000
   19  1  -34.470368    1.000000    0.000000    1.000000    0.000000
   20  1  -34.465004    1.000000    0.000000   -1.000000    0.000000
   21  1  -34.018538    1.000000    0.000000   -1.000000    0.000000
   22  1  -34.013426    1.000000    0.000000    1.000000    0.000000
   23  1  -33.963028    1.000000    0.000000    1.000000    0.000000
   24  1  -33.436714    1.000000    0.000000    1.000000    0.000000
   25  1  -33.399358    1.000000    0.000000    1.000000    0.000000
   26  1  -33.394110    1.000000    0.000000   -1.000000    0.000000
   27  1  -17.617825    1.000000    0.000000   -1.000000    0.000000
   28  1  -17.612352    1.000000    0.000000   -1.000000    0.000000
   29  1  -17.272329    1.000000    0.000000   -1.000000    0.000000
   30  1  -17.265226    1.000000    0.000000   -1.000000    0.000000
   31  1  -17.217177    1.000000    0.000000   -1.000000    0.000000
   32  1  -17.214655    1.000000    0.000000   -1.000000    0.000000
   33  1   -9.605157    1.000000    0.000000   -1.000000    0.000000
   34  1   -9.513139    1.000000    0.000000   -1.000000    0.000000
   35  1   -9.123379    1.000000    0.000000    1.000000    0.000000
   36  1   -9.001870    1.000000    0.000000    1.000000    0.000000
   37  1   -8.668804    1.000000    0.000000    1.000000    0.000000
   38  1   -8.544318    1.000000    0.000000    1.000000    0.000000
   39  1   -8.507966    1.000000    0.000000   -1.000000    0.000000
   40  1   -8.498630    1.000000    0.000000    1.000000    0.000000
   41  1   -8.458791    1.000000    0.000000   -1.000000    0.000000
   42  1   -8.402325    1.000000    0.000000   -1.000000    0.000000
   43  1   -8.393055    1.000000    0.000000    1.000000    0.000000
   44  1   -8.366555    1.000000    0.000000   -1.000000    0.000000
   45  1   -8.357839    1.000000    0.000000    1.000000    0.000000
   46  1   -8.334701    1.000000    0.000000   -1.000000    0.000000
   47  1   -8.283824    1.000000    0.000000   -1.000000    0.000000
   48  1   -8.215143    1.000000    0.000000    1.000000    0.000000
   49  1   -1.463812    1.000000    0.000000   -1.000000    0.000000
   50  1   -1.227774    1.000000    0.000000   -1.000000    0.000000
   51  1   -1.018006    1.000000    0.000000   -1.000000    0.000000
   52  1   -0.963643    1.000000    0.000000   -1.000000    0.000000
   53  1   -0.904694    1.000000    0.000000    1.000000    0.000000
   54  1   -0.896003    1.000000    0.000000   -1.000000    0.000000
   55  1   -0.759564    1.000000    0.000000   -1.000000    0.000000
   56  1   -0.684380    1.000000    0.000000   -1.000000    0.000000
   57  1   -0.624911    1.000000    0.000000    1.000000    0.000000
   58  1   -0.618327    1.000000    0.000000    1.000000    0.000000
   59  1   -0.502402    1.000000    0.000000    1.000000    0.000000
   60  1   -0.485213    1.000000    0.000000    1.000000    0.000000
   61  1   -0.480137    1.000000    0.000000   -1.000000    0.000000
   62  1   -0.453231    1.000000    0.000000    1.000000    0.000000
   63  1   -0.094448    1.000000    0.000000   -1.000000    0.000000
   64  1   -0.026492    1.000000    0.000000   -1.000000    0.000000
   65  1    0.037370    1.000000    0.000000    1.000000    0.000000
   66  1    0.186121    1.000000    0.000000    1.000000    0.000000
   67  1    0.261427    1.000000    0.000000   -1.000000    0.000000
   68  1    0.304199    1.000000    0.000000    1.000000    0.000000
   69  1    0.366410    1.000000    0.000000   -1.000000    0.000000
   70  1    0.427775    1.000000    0.000000   -1.000000    0.000000
   71  1    0.699940    1.000000    0.000000   -1.000000    0.000000
   72  1    0.707156    1.000000    0.000000    1.000000    0.000000
   73  1    0.784735    1.000000    0.000000    1.000000    0.000000
   74  1    0.832680    1.000000    0.000000   -1.000000    0.000000
   75  1    0.860739    1.000000    0.000000    1.000000    0.000000
   76  1    0.875312    1.000000    0.000000   -1.000000    0.000000
   77  1    1.027399    1.000000    0.000000   -1.000000    0.000000
   78  1    1.076028    1.000000    0.000000   -1.000000    0.000000
   79  1    1.137559    1.000000    0.000000   -1.000000    0.000000
   80  1    1.146758    1.000000    0.000000    1.000000    0.000000
   81  1    1.177529    1.000000    0.000000    1.000000    0.000000
   82  1    1.244766    1.000000    0.000000    1.000000    0.000000
   83  1    1.247156    1.000000    0.000000   -1.000000    0.000000
   84  1    1.389709    1.000000    0.000000    1.000000    0.000000
   85  1    1.438671    1.000000    0.000000    1.000000    0.000000
   86  1    1.448370    1.000000    0.000000   -1.000000    0.000000
   87  1    1.468567    1.000000    0.000000    1.000000    0.000000
   88  1    1.495439    1.000000    0.000000   -1.000000    0.000000
   89  1    1.620144    1.000000    0.000000   -1.000000    0.000000
   90  1    1.735965    1.000000    0.000000    1.000000    0.000000
   91  1    1.781662    1.000000    0.000000    1.000000    0.000000
   92  1    1.846936    1.000000    0.000000   -1.000000    0.000000
   93  1    2.132544    1.000000    0.000000   -1.000000    0.000000
   94  1    2.170989    1.000000    0.000000    1.000000    0.000000
   95  1    2.189303    1.000000    0.000000    1.000000    0.000000
   96  1    2.203300    1.000000    0.000000   -1.000000    0.000000
   97  1    2.228180    1.000000    0.000000   -1.000000    0.000000
   98  1    2.510243    1.000000    0.000000   -1.000000    0.000000
   99  1    2.535869    1.000000    0.000000    1.000000    0.000000
  100  1    2.600752    1.000000    0.000000   -1.000000    0.000000
  101  1    2.812483    1.000000    0.000000    1.000000    0.000000
  102  1    2.875702    1.000000    0.000000    1.000000    0.000000
  103  1    2.987158    1.000000    0.000000    1.000000    0.000000
  104  1    3.951201    1.000000    0.000000   -1.000000    0.000000
  105  1    4.223995    1.000000    0.000000   -1.000000    0.000000
  106  1    4.423538    1.000000    0.000000   -1.000000    0.000000
  107  1    4.719650    1.000000    0.000000   -1.000000    0.000000
  108  1    4.795214    1.000000    0.000000    1.000000    0.000000
  109  1    4.825252    1.000000    0.000000   -1.000000    0.000000
  110  1    5.023972    1.000000    0.000000   -1.000000    0.000000
  111  1    5.315487    1.000000    0.000000   -1.000000    0.000000
  112  1    5.390545    1.000000    0.000000   -0.999997    0.000000
  113  1    5.584473    1.000000    0.000000   -1.000000    0.000000
  114  1    5.776736    1.000000    0.000000    0.999991    0.000000
  115  1    5.839831    1.000000    0.000000    0.999990    0.000000
  116  1    5.856947    1.000000    0.000000   -0.999992    0.000000
  117  1    5.874397    1.000000    0.000000   -0.999979    0.000000
  118  1    6.022125    1.000000    0.000000    0.999628    0.000000
  119  1    6.031150    1.000000    0.000000   -0.999500    0.000000
  120  1    6.076719    1.000000    0.000000   -0.999862    0.000000
  121  1    6.115805    1.000000    0.000000   -0.999852    0.000000
  122  1    6.292420    1.000000    0.000000    0.993090    0.000000
  123  1    6.315873    1.000000    0.000000   -0.987317    0.000000
  124  1    6.365695    1.000000    0.000000   -0.998623    0.000000
  125  1    6.395077    1.000000    0.000000   -0.996080    0.000000
  126  1    6.489935    1.000000    0.000000   -0.994337    0.000000
  127  1    6.744992    1.000000    0.000000    0.992739    0.000000
  128  1    6.833281    1.000000    0.000000   -0.935821    0.000000
