  114  136
  1
  4
  1  0  0  0  1  0  0  0  1    0.000000    0.000000    0.000000    1.000000    0.000000    0.000000    0.000000    0.000000    0.000000    1.000000    0.000000  1
 -1  0  0  0 -1  0  0  0 -1    0.000000    0.000000    0.000000    1.000000    0.000000    0.000000    0.000000    0.000000    0.000000    1.000000    0.000000  1
  0 -1  0 -1  0  0  0  0 -1    0.000000    0.000000    0.000000    0.000000    0.000000   -1.000000    0.000000    1.000000    0.000000    0.000000    0.000000 -1
  0  1  0  1  0  0  0  0  1    0.000000    0.000000    0.000000    0.000000    0.000000   -1.000000    0.000000    1.000000    0.000000    0.000000    0.000000 -1
  8
    0.000000    0.000000    0.000000
    0.000000    0.000000    0.500000
    0.000000    0.500000    0.500000
    0.500000    0.000000    0.500000
    0.500000    0.500000    0.500000
    0.000000    0.500000    0.000000
    0.500000    0.000000    0.000000
    0.500000    0.500000    0.000000
  2
    1    2
    1  1  -54.611409    1.000000    0.000000   -1.000000    0.000000
    2  1  -54.231984    1.000000    0.000000   -1.000000    0.000000
    3  1  -54.230258    1.000000    0.000000   -1.000000    0.000000
    4  1  -54.209734    1.000000    0.000000   -1.000000    0.000000
    5  1  -54.067331    1.000000    0.000000   -1.000000    0.000000
    6  1  -53.711863    1.000000    0.000000   -1.000000    0.000000
    7  2  -53.702889    2.000000    0.000000   -2.000000    0.000000
    9  1  -53.487810    1.000000    0.000000   -1.000000    0.000000
   10  1  -53.109764    1.000000    0.000000   -1.000000    0.000000
   11  1  -53.107638    1.000000    0.000000   -1.000000    0.000000
   12  1  -53.083943    1.000000    0.000000   -1.000000    0.000000
   13  1  -49.880615    1.000000    0.000000   -1.000000    0.000000
   14  1  -49.720789    1.000000    0.000000   -1.000000    0.000000
   15  1  -49.664932    1.000000    0.000000   -1.000000    0.000000
   16  1  -49.662647    1.000000    0.000000   -1.000000    0.000000
   17  1  -49.375538    1.000000    0.000000   -1.000000    0.000000
   18  1  -49.197047    1.000000    0.000000   -1.000000    0.000000
   19  2  -49.151532    2.000000    0.000000   -2.000000    0.000000
   21  1  -48.996295    1.000000    0.000000   -1.000000    0.000000
   22  1  -48.843051    1.000000    0.000000   -1.000000    0.000000
   23  1  -48.786355    1.000000    0.000000   -1.000000    0.000000
   24  1  -48.783407    1.000000    0.000000   -1.000000    0.000000
   25  1  -36.970369    1.000000    0.000000    1.000000    0.000000
   26  1  -36.934247    1.000000    0.000000    1.000000    0.000000
   27  1  -18.238572    1.000000    0.000000   -1.000000    0.000000
   28  1  -18.228041    1.000000    0.000000   -1.000000    0.000000
   29  1  -17.877069    1.000000    0.000000   -1.000000    0.000000
   30  1  -17.865002    1.000000    0.000000   -1.000000    0.000000
   31  1  -17.848923    1.000000    0.000000   -1.000000    0.000000
   32  1  -17.839128    1.000000    0.000000   -1.000000    0.000000
   33  1  -10.057756    1.000000    0.000000    1.000000    0.000000
   34  1  -10.027230    1.000000    0.000000    1.000000    0.000000
   35  1   -8.700018    1.000000    0.000000   -1.000000    0.000000
   36  1   -8.627041    1.000000    0.000000    1.000000    0.000000
   37  1   -8.603965    1.000000    0.000000   -1.000000    0.000000
   38  1   -8.554379    1.000000    0.000000   -1.000000    0.000000
   39  1   -8.506798    1.000000    0.000000   -1.000000    0.000000
   40  1   -8.473535    1.000000    0.000000    1.000000    0.000000
   41  1   -8.460312    1.000000    0.000000   -1.000000    0.000000
   42  1   -8.441253    1.000000    0.000000    1.000000    0.000000
   43  1   -8.428075    1.000000    0.000000   -1.000000    0.000000
   44  1   -8.411140    1.000000    0.000000   -0.999999    0.000000
   45  1   -8.401099    1.000000    0.000000    1.000000    0.000000
   46  1   -8.394548    1.000000    0.000000    1.000000    0.000000
   47  1   -8.339204    1.000000    0.000000   -1.000000    0.000000
   48  1   -8.305755    1.000000    0.000000    1.000000    0.000000
   49  1   -3.681882    1.000000    0.000000    1.000000    0.000000
   50  1   -3.634941    1.000000    0.000000    1.000000    0.000000
   51  1   -3.537400    1.000000    0.000000    1.000000    0.000000
   52  1   -3.523422    1.000000    0.000000    1.000000    0.000000
   53  1   -3.488567    1.000000    0.000000    1.000000    0.000000
   54  1   -3.456799    1.000000    0.000000    1.000000    0.000000
   55  1   -3.426497    1.000000    0.000000    1.000000    0.000000
   56  1   -3.348365    1.000000    0.000000    1.000000    0.000000
   57  1   -3.244730    1.000000    0.000000    1.000000    0.000000
   58  1   -3.203881    1.000000    0.000000    1.000000    0.000000
   59  1   -3.155767    1.000000    0.000000    1.000000    0.000000
   60  1   -3.135793    1.000000    0.000000    1.000000    0.000000
   61  1   -3.130224    1.000000    0.000000    1.000000    0.000000
   62  1   -3.121720    1.000000    0.000000    1.000000    0.000000
   63  1   -3.019537    1.000000    0.000000    1.000000    0.000000
   64  1   -2.844868    1.000000    0.000000    1.000000    0.000000
   65  1   -2.829092    1.000000    0.000000    1.000000    0.000000
   66  1   -2.822677    1.000000    0.000000    1.000000    0.000000
   67  1   -2.716335    1.000000    0.000000    1.000000    0.000000
   68  1   -2.607466    1.000000    0.000000    1.000000    0.000000
   69  1   -1.764781    1.000000    0.000000    1.000000    0.000000
   70  1   -1.501981    1.000000    0.000000    1.000000    0.000000
   71  1   -1.483840    1.000000    0.000000    1.000000    0.000000
   72  1   -1.390315    1.000000    0.000000    1.000000    0.000000
   73  1   -1.179922    1.000000    0.000000    1.000000    0.000000
   74  1   -1.003496    1.000000    0.000000    1.000000    0.000000
   75  1   -0.839036    1.000000    0.000000   -1.000000    0.000000
   76  1   -0.835076    1.000000    0.000000   -1.000000    0.000000
   77  1   -0.815210    1.000000    0.000000   -1.000000    0.000000
   78  1   -0.793209    1.000000    0.000000   -1.000000    0.000000
   79  1   -0.763954    1.000000    0.000000   -1.000000    0.000000
   80  1   -0.728576    1.000000    0.000000   -1.000000    0.000000
   81  1   -0.711485    1.000000    0.000000    1.000000    0.000000
   82  1   -0.650749    1.000000    0.000000    1.000000    0.000000
   83  1    0.769960    1.000000    0.000000    1.000000    0.000000
   84  1    0.854258    1.000000    0.000000    1.000000    0.000000
   85  1    0.922223    1.000000    0.000000    1.000000    0.000000
   86  1    0.986824    1.000000    0.000000    1.000000    0.000000
   87  1    0.991990    1.000000    0.000000    1.000000    0.000000
   88  1    1.037832    1.000000    0.000000    1.000000    0.000000
   89  1    1.134285    1.000000    0.000000    1.000000    0.000000
   90  2    1.324666    2.000000    0.000000   -0.010043    0.000000
   92  1    1.364944    1.000000    0.000000   -1.000000    0.000000
   93  1    1.456050    1.000000    0.000000   -1.000000    0.000000
   94  1    1.504347    1.000000    0.000000   -1.000000    0.000000
   95  1    1.514079    1.000000    0.000000   -1.000000    0.000000
   96  1    1.525811    1.000000    0.000000   -1.000000    0.000000
   97  1    1.620801    1.000000    0.000000   -1.000000    0.000000
   98  1    1.657096    1.000000    0.000000   -1.000000    0.000000
   99  1    1.691622    1.000000    0.000000   -1.000000    0.000000
  100  1    1.717889    1.000000    0.000000   -1.000000    0.000000
  101  1    1.741823    1.000000    0.000000   -1.000000    0.000000
  102  1    1.778473    1.000000    0.000000   -1.000000    0.000000
  103  1    2.328657    1.000000    0.000000    1.000000    0.000000
  104  1    2.707111    1.000000    0.000000   -1.000000    0.000000
  105  1    2.731434    1.000000    0.000000   -1.000000    0.000000
  106  1    2.768666    1.000000    0.000000    1.000000    0.000000
  107  1    2.943216    1.000000    0.000000    1.000000    0.000000
  108  1    3.224014    1.000000    0.000000    1.000000    0.000000
  109  1    3.247737    1.000000    0.000000   -1.000000    0.000000
  110  1    3.264967    1.000000    0.000000   -1.000000    0.000000
  111  1    3.342484    1.000000    0.000000    1.000000    0.000000
  112  1    3.406813    1.000000    0.000000   -1.000000    0.000000
  113  1    3.438609    1.000000    0.000000   -1.000000    0.000000
  114  1    3.538276    1.000000    0.000000    1.000000    0.000000
  115  1    3.587442    1.000000    0.000000    1.000000    0.000000
  116  1    3.642698    1.000000    0.000000    1.000000    0.000000
  117  1    4.189726    1.000000    0.000000    1.000000    0.000000
  118  1    4.340720    1.000000    0.000000    1.000000    0.000000
  119  1    4.553803    1.000000    0.000000    1.000000    0.000000
  120  1    4.732275    1.000000    0.000000    1.000000    0.000000
  121  1    4.801805    1.000000    0.000000    1.000000    0.000000
  122  1    4.826466    1.000000    0.000000    1.000000    0.000000
  123  1    4.888180    1.000000    0.000000    1.000000    0.000000
  124  1    4.923381    1.000000    0.000000    1.000000    0.000000
  125  1    5.029737    1.000000    0.000000    1.000000    0.000000
  126  1    5.052173    1.000000    0.000000    1.000000    0.000000
  127  1    5.133850    1.000000    0.000000    1.000000    0.000000
  128  1    5.196300    1.000000    0.000000    1.000000    0.000000
  129  1    5.227067    1.000000    0.000000    1.000000    0.000000
  130  1    5.367373    1.000000    0.000000    1.000000    0.000000
  131  1    5.391916    1.000000    0.000000    1.000000    0.000000
  132  1    5.454352    1.000000    0.000000    1.000000    0.000000
  133  1    5.468662    1.000000    0.000000    1.000000    0.000000
  134  1    5.665620    1.000000    0.000000    1.000000    0.000000
  135  1    5.725572    1.000000    0.000000    1.000000    0.000000
  136  1    5.825195    1.000000    0.000000    1.000000    0.000000
  2
    1    2
    1  1  -54.611405    1.000000    0.000000   -1.000000    0.000000
    2  1  -54.231980    1.000000    0.000000   -1.000000    0.000000
    3  1  -54.230255    1.000000    0.000000   -1.000000    0.000000
    4  1  -54.209730    1.000000    0.000000   -1.000000    0.000000
    5  1  -54.067327    1.000000    0.000000   -1.000000    0.000000
    6  1  -53.711859    1.000000    0.000000   -1.000000    0.000000
    7  2  -53.702890    2.000000    0.000000   -2.000000    0.000000
    9  1  -53.487808    1.000000    0.000000   -1.000000    0.000000
   10  1  -53.109762    1.000000    0.000000   -1.000000    0.000000
   11  1  -53.107636    1.000000    0.000000   -1.000000    0.000000
   12  1  -53.083941    1.000000    0.000000   -1.000000    0.000000
   13  1  -49.880611    1.000000    0.000000   -1.000000    0.000000
   14  1  -49.720783    1.000000    0.000000   -1.000000    0.000000
   15  1  -49.664924    1.000000    0.000000   -1.000000    0.000000
   16  1  -49.662645    1.000000    0.000000   -1.000000    0.000000
   17  1  -49.375536    1.000000    0.000000   -1.000000    0.000000
   18  1  -49.197045    1.000000    0.000000   -1.000000    0.000000
   19  2  -49.151533    2.000000    0.000000   -2.000000    0.000000
   21  1  -48.996292    1.000000    0.000000   -1.000000    0.000000
   22  1  -48.843048    1.000000    0.000000   -1.000000    0.000000
   23  1  -48.786350    1.000000    0.000000   -1.000000    0.000000
   24  1  -48.783406    1.000000    0.000000   -1.000000    0.000000
   25  1  -36.970367    1.000000    0.000000   -1.000000    0.000000
   26  1  -36.934245    1.000000    0.000000   -1.000000    0.000000
   27  1  -18.238717    1.000000    0.000000    1.000000    0.000000
   28  1  -18.228217    1.000000    0.000000    1.000000    0.000000
   29  1  -17.877167    1.000000    0.000000    1.000000    0.000000
   30  1  -17.865266    1.000000    0.000000    1.000000    0.000000
   31  1  -17.849118    1.000000    0.000000    1.000000    0.000000
   32  1  -17.839366    1.000000    0.000000    1.000000    0.000000
   33  1   -9.977732    1.000000    0.000000    1.000000    0.000000
   34  1   -9.950409    1.000000    0.000000    1.000000    0.000000
   35  1   -8.822532    1.000000    0.000000   -1.000000    0.000000
   36  1   -8.737232    1.000000    0.000000   -1.000000    0.000000
   37  1   -8.605467    1.000000    0.000000    1.000000    0.000000
   38  1   -8.577995    1.000000    0.000000   -1.000000    0.000000
   39  1   -8.513662    1.000000    0.000000   -1.000000    0.000000
   40  1   -8.494359    1.000000    0.000000   -1.000000    0.000000
   41  1   -8.464735    1.000000    0.000000    1.000000    0.000000
   42  1   -8.450989    1.000000    0.000000   -1.000000    0.000000
   43  1   -8.428642    1.000000    0.000000   -1.000000    0.000000
   44  1   -8.421765    1.000000    0.000000    1.000000    0.000000
   45  1   -8.380960    1.000000    0.000000    1.000000    0.000000
   46  1   -8.378903    1.000000    0.000000    1.000000    0.000000
   47  1   -8.343831    1.000000    0.000000   -1.000000    0.000000
   48  1   -8.304436    1.000000    0.000000    1.000000    0.000000
   49  1   -3.671622    1.000000    0.000000    1.000000    0.000000
   50  1   -3.626102    1.000000    0.000000    1.000000    0.000000
   51  1   -3.512764    1.000000    0.000000    1.000000    0.000000
   52  1   -3.503297    1.000000    0.000000    1.000000    0.000000
   53  1   -3.475778    1.000000    0.000000    1.000000    0.000000
   54  1   -3.443559    1.000000    0.000000    1.000000    0.000000
   55  1   -3.417644    1.000000    0.000000    1.000000    0.000000
   56  1   -3.313406    1.000000    0.000000    1.000000    0.000000
   57  1   -3.226401    1.000000    0.000000    1.000000    0.000000
   58  1   -3.200515    1.000000    0.000000    1.000000    0.000000
   59  1   -3.155372    1.000000    0.000000    1.000000    0.000000
   60  1   -3.133851    1.000000    0.000000    1.000000    0.000000
   61  1   -3.123079    1.000000    0.000000    1.000000    0.000000
   62  1   -3.111018    1.000000    0.000000    1.000000    0.000000
   63  1   -3.019164    1.000000    0.000000    1.000000    0.000000
   64  1   -2.846450    1.000000    0.000000    1.000000    0.000000
   65  1   -2.833368    1.000000    0.000000    1.000000    0.000000
   66  1   -2.817586    1.000000    0.000000    1.000000    0.000000
   67  1   -2.724567    1.000000    0.000000    1.000000    0.000000
   68  1   -2.626642    1.000000    0.000000    1.000000    0.000000
   69  1   -1.567308    1.000000    0.000000    1.000000    0.000000
   70  1   -1.423521    1.000000    0.000000    1.000000    0.000000
   71  1   -1.360779    1.000000    0.000000    1.000000    0.000000
   72  1   -1.278805    1.000000    0.000000    1.000000    0.000000
   73  1   -0.979142    1.000000    0.000000    1.000000    0.000000
   74  1   -0.900052    1.000000    0.000000    1.000000    0.000000
   75  1   -0.867569    1.000000    0.000000   -1.000000    0.000000
   76  1   -0.824442    1.000000    0.000000   -1.000000    0.000000
   77  1   -0.799612    1.000000    0.000000   -1.000000    0.000000
   78  1   -0.786854    1.000000    0.000000   -1.000000    0.000000
   79  1   -0.781280    1.000000    0.000000   -1.000000    0.000000
   80  1   -0.750919    1.000000    0.000000   -1.000000    0.000000
   81  1   -0.239315    1.000000    0.000000    1.000000    0.000000
   82  1   -0.183937    1.000000    0.000000    1.000000    0.000000
   83  1    0.847921    1.000000    0.000000    1.000000    0.000000
   84  1    0.889872    1.000000    0.000000    1.000000    0.000000
   85  1    0.915937    1.000000    0.000000    1.000000    0.000000
   86  1    0.921572    1.000000    0.000000    1.000000    0.000000
   87  1    0.967080    1.000000    0.000000    1.000000    0.000000
   88  1    1.020551    1.000000    0.000000   -1.000000    0.000000
   89  1    1.041883    1.000000    0.000000    1.000000    0.000000
   90  1    1.084073    1.000000    0.000000    1.000000    0.000000
   91  1    1.094431    1.000000    0.000000   -1.000000    0.000000
   92  1    1.141409    1.000000    0.000000   -1.000000    0.000000
   93  1    1.187335    1.000000    0.000000   -1.000000    0.000000
   94  1    1.195718    1.000000    0.000000   -1.000000    0.000000
   95  1    1.212061    1.000000    0.000000   -0.999999    0.000000
   96  1    1.213068    1.000000    0.000000    0.999999    0.000000
   97  1    1.603211    1.000000    0.000000   -1.000000    0.000000
   98  1    1.627837    1.000000    0.000000   -1.000000    0.000000
   99  1    1.636589    1.000000    0.000000   -1.000000    0.000000
  100  1    1.667193    1.000000    0.000000   -1.000000    0.000000
  101  1    1.765867    1.000000    0.000000   -1.000000    0.000000
  102  1    1.803066    1.000000    0.000000   -1.000000    0.000000
  103  1    1.823116    1.000000    0.000000   -1.000000    0.000000
  104  1    1.897679    1.000000    0.000000   -1.000000    0.000000
  105  1    2.429236    1.000000    0.000000    1.000000    0.000000
  106  1    2.729377    1.000000    0.000000    1.000000    0.000000
  107  1    3.039349    1.000000    0.000000    1.000000    0.000000
  108  1    3.192356    1.000000    0.000000   -1.000000    0.000000
  109  1    3.197451    1.000000    0.000000   -1.000000    0.000000
  110  1    3.213912    1.000000    0.000000    1.000000    0.000000
  111  1    3.327190    1.000000    0.000000    1.000000    0.000000
  112  1    3.349326    1.000000    0.000000   -1.000000    0.000000
  113  1    3.376722    1.000000    0.000000   -1.000000    0.000000
  114  1    3.401129    1.000000    0.000000    1.000000    0.000000
  115  1    3.413388    1.000000    0.000000    1.000000    0.000000
  116  1    3.519801    1.000000    0.000000    1.000000    0.000000
  117  1    4.249366    1.000000    0.000000    1.000000    0.000000
  118  1    4.391053    1.000000    0.000000    1.000000    0.000000
  119  1    4.604664    1.000000    0.000000    1.000000    0.000000
  120  1    4.776872    1.000000    0.000000    1.000000    0.000000
  121  1    4.878493    1.000000    0.000000    1.000000    0.000000
  122  1    4.916894    1.000000    0.000000    1.000000    0.000000
  123  1    4.985484    1.000000    0.000000    1.000000    0.000000
  124  1    5.033551    1.000000    0.000000    1.000000    0.000000
  125  1    5.062540    1.000000    0.000000    1.000000    0.000000
  126  1    5.090909    1.000000    0.000000    1.000000    0.000000
  127  1    5.140764    1.000000    0.000000    1.000000    0.000000
  128  1    5.187082    1.000000    0.000000    1.000000    0.000000
  129  1    5.222477    1.000000    0.000000    1.000000    0.000000
  130  1    5.232201    1.000000    0.000000    1.000000    0.000000
  131  1    5.457212    1.000000    0.000000    1.000000    0.000000
  132  1    5.496806    1.000000    0.000000    1.000000    0.000000
  133  1    5.618890    1.000000    0.000000    1.000000    0.000000
  134  1    5.652959    1.000000    0.000000    1.000000    0.000000
  135  1    5.672375    1.000000    0.000000    1.000000    0.000000
  136  1    5.776556    1.000000    0.000000    1.000000    0.000000
  2
    1    2
    1  1  -54.611408    1.000000    0.000000   -1.000000    0.000000
    2  2  -54.231125    2.000000    0.000000    0.000000    0.000000
    4  1  -54.209737    1.000000    0.000000    1.000000    0.000000
    5  1  -54.067330    1.000000    0.000000   -1.000000    0.000000
    6  1  -53.711862    1.000000    0.000000    1.000000    0.000000
    7  2  -53.702715    2.000000    0.000000    0.000000    0.000000
    9  1  -53.487810    1.000000    0.000000   -1.000000    0.000000
   10  2  -53.108705    2.000000    0.000000    0.000000    0.000000
   12  1  -53.083946    1.000000    0.000000    1.000000    0.000000
   13  1  -49.880607    1.000000    0.000000   -1.000000    0.000000
   14  1  -49.720797    1.000000    0.000000    1.000000    0.000000
   15  2  -49.663790    2.000000    0.000000    0.000000    0.000000
   17  1  -49.375537    1.000000    0.000000   -1.000000    0.000000
   18  1  -49.197047    1.000000    0.000000    1.000000    0.000000
   19  2  -49.151255    2.000000    0.000000    0.000000    0.000000
   21  1  -48.996287    1.000000    0.000000   -1.000000    0.000000
   22  1  -48.843068    1.000000    0.000000    1.000000    0.000000
   23  2  -48.784886    2.000000    0.000000    0.000000    0.000000
   25  1  -36.970368    1.000000    0.000000    1.000000    0.000000
   26  1  -36.934246    1.000000    0.000000    1.000000    0.000000
   27  1  -18.238689    1.000000    0.000000   -1.000000    0.000000
   28  1  -18.228176    1.000000    0.000000   -1.000000    0.000000
   29  1  -17.877178    1.000000    0.000000   -1.000000    0.000000
   30  1  -17.865189    1.000000    0.000000   -1.000000    0.000000
   31  1  -17.849073    1.000000    0.000000   -1.000000    0.000000
   32  1  -17.839274    1.000000    0.000000   -1.000000    0.000000
   33  1   -9.428587    1.000000    0.000000    0.999999    0.000000
   34  1   -9.415428    1.000000    0.000000   -0.999999    0.000000
   35  1   -9.397888    1.000000    0.000000   -0.999999    0.000000
   36  1   -9.382324    1.000000    0.000000    1.000000    0.000000
   37  1   -8.776907    1.000000    0.000000    1.000000    0.000000
   38  1   -8.693612    1.000000    0.000000   -1.000000    0.000000
   39  1   -8.649974    1.000000    0.000000    1.000000    0.000000
   40  1   -8.590657    1.000000    0.000000   -1.000000    0.000000
   41  1   -8.491951    1.000000    0.000000    1.000000    0.000000
   42  1   -8.437147    1.000000    0.000000   -1.000000    0.000000
   43  1   -8.428835    1.000000    0.000000   -1.000000    0.000000
   44  1   -8.393131    1.000000    0.000000    1.000000    0.000000
   45  1   -8.349162    1.000000    0.000000    1.000000    0.000000
   46  1   -8.290181    1.000000    0.000000    1.000000    0.000000
   47  1   -8.258736    1.000000    0.000000   -1.000000    0.000000
   48  1   -8.248932    1.000000    0.000000   -1.000000    0.000000
   49  1   -3.612659    1.000000    0.000000    1.000000    0.000000
   50  1   -3.528837    1.000000    0.000000    1.000000    0.000000
   51  1   -3.478255    1.000000    0.000000    1.000000    0.000000
   52  1   -3.423079    1.000000    0.000000    1.000000    0.000000
   53  1   -3.356276    1.000000    0.000000    1.000000    0.000000
   54  1   -3.284063    1.000000    0.000000    1.000000    0.000000
   55  1   -3.272940    1.000000    0.000000   -1.000000    0.000000
   56  1   -3.264950    1.000000    0.000000   -1.000000    0.000000
   57  1   -3.218708    1.000000    0.000000    1.000000    0.000000
   58  1   -3.215665    1.000000    0.000000   -1.000000    0.000000
   59  1   -3.209596    1.000000    0.000000   -1.000000    0.000000
   60  1   -3.177837    1.000000    0.000000   -1.000000    0.000000
   61  1   -3.160228    1.000000    0.000000   -0.999999    0.000000
   62  1   -3.158345    1.000000    0.000000    0.999999    0.000000
   63  1   -3.049563    1.000000    0.000000   -1.000000    0.000000
   64  1   -3.039121    1.000000    0.000000   -1.000000    0.000000
   65  1   -3.014120    1.000000    0.000000    1.000000    0.000000
   66  1   -2.871095    1.000000    0.000000    1.000000    0.000000
   67  1   -2.829129    1.000000    0.000000   -1.000000    0.000000
   68  1   -2.741045    1.000000    0.000000   -1.000000    0.000000
   69  1   -1.271310    1.000000    0.000000    1.000000    0.000000
   70  1   -0.920643    1.000000    0.000000   -1.000000    0.000000
   71  2   -0.911685    2.000000    0.000000   -0.000015    0.000000
   73  1   -0.495653    1.000000    0.000000    1.000000    0.000000
   74  1   -0.284629    1.000000    0.000000   -1.000000    0.000000
   75  1   -0.269271    1.000000    0.000000    1.000000    0.000000
   76  1   -0.228592    1.000000    0.000000   -1.000000    0.000000
   77  1   -0.160585    1.000000    0.000000    1.000000    0.000000
   78  1   -0.148945    1.000000    0.000000    1.000000    0.000000
   79  1   -0.131907    1.000000    0.000000   -1.000000    0.000000
   80  1   -0.086129    1.000000    0.000000   -1.000000    0.000000
   81  1   -0.038360    1.000000    0.000000    1.000000    0.000000
   82  1    0.191252    1.000000    0.000000    1.000000    0.000000
   83  1    0.200138    1.000000    0.000000   -1.000000    0.000000
   84  1    0.213764    1.000000    0.000000   -1.000000    0.000000
   85  1    0.260913    1.000000    0.000000   -1.000000    0.000000
   86  1    0.291492    1.000000    0.000000   -1.000000    0.000000
   87  1    0.340003    1.000000    0.000000    1.000000    0.000000
   88  1    0.418410    1.000000    0.000000    1.000000    0.000000
   89  1    0.797116    1.000000    0.000000    1.000000    0.000000
   90  1    0.879220    1.000000    0.000000   -1.000000    0.000000
   91  1    0.915014    1.000000    0.000000   -1.000000    0.000000
   92  1    0.939467    1.000000    0.000000    1.000000    0.000000
   93  1    1.047261    1.000000    0.000000   -1.000000    0.000000
   94  1    1.070541    1.000000    0.000000   -0.999999    0.000000
   95  1    1.076112    1.000000    0.000000    1.000000    0.000000
   96  1    1.187706    1.000000    0.000000    1.000000    0.000000
   97  1    1.355998    1.000000    0.000000    1.000000    0.000000
   98  1    1.390613    1.000000    0.000000    1.000000    0.000000
   99  1    1.418903    1.000000    0.000000   -1.000000    0.000000
  100  1    1.446818    1.000000    0.000000   -1.000000    0.000000
  101  1    1.652893    1.000000    0.000000    1.000000    0.000000
  102  1    2.116477    1.000000    0.000000   -1.000000    0.000000
  103  1    2.156793    1.000000    0.000000   -1.000000    0.000000
  104  1    2.210951    1.000000    0.000000    1.000000    0.000000
  105  1    2.269584    1.000000    0.000000    1.000000    0.000000
  106  1    2.319362    1.000000    0.000000   -1.000000    0.000000
  107  1    2.338087    1.000000    0.000000    1.000000    0.000000
  108  1    2.388806    1.000000    0.000000   -1.000000    0.000000
  109  1    2.439873    1.000000    0.000000   -1.000000    0.000000
  110  1    2.470322    1.000000    0.000000   -1.000000    0.000000
  111  1    2.482144    1.000000    0.000000    1.000000    0.000000
  112  1    2.560012    1.000000    0.000000    1.000000    0.000000
  113  1    2.916868    1.000000    0.000000    1.000000    0.000000
  114  1    3.637438    1.000000    0.000000    1.000000    0.000000
  115  1    3.698144    1.000000    0.000000   -1.000000    0.000000
  116  1    3.745717    1.000000    0.000000   -1.000000    0.000000
  117  1    4.340692    1.000000    0.000000    1.000000    0.000000
  118  1    4.526207    1.000000    0.000000    1.000000    0.000000
  119  1    4.553149    1.000000    0.000000   -1.000000    0.000000
  120  1    4.562519    1.000000    0.000000   -1.000000    0.000000
  121  1    4.602134    1.000000    0.000000    1.000000    0.000000
  122  1    4.867504    1.000000    0.000000   -1.000000    0.000000
  123  1    4.892771    1.000000    0.000000    1.000000    0.000000
  124  1    4.900701    1.000000    0.000000    1.000000    0.000000
  125  1    4.936587    1.000000    0.000000   -1.000000    0.000000
  126  1    4.980899    1.000000    0.000000    1.000000    0.000000
  127  1    5.071418    1.000000    0.000000    1.000000    0.000000
  128  1    5.143848    1.000000    0.000000   -1.000000    0.000000
  129  1    5.205256    1.000000    0.000000    1.000000    0.000000
  130  1    5.222331    1.000000    0.000000   -1.000000    0.000000
  131  1    5.254347    1.000000    0.000000   -1.000000    0.000000
  132  1    5.321888    1.000000    0.000000    1.000000    0.000000
  133  1    5.331295    1.000000    0.000000   -1.000000    0.000000
  134  1    5.388379    1.000000    0.000000    1.000000    0.000000
  135  1    5.399935    1.000000    0.000000   -1.000000    0.000000
  136  1    5.425149    1.000000    0.000000   -1.000000    0.000000
  2
    1    2
    1  1  -54.611408    1.000000    0.000000   -1.000000    0.000000
    2  2  -54.231125    2.000000    0.000000    0.000000    0.000000
    4  1  -54.209737    1.000000    0.000000    1.000000    0.000000
    5  1  -54.067330    1.000000    0.000000   -1.000000    0.000000
    6  1  -53.711862    1.000000    0.000000    1.000000    0.000000
    7  2  -53.702715    2.000000    0.000000    0.000000    0.000000
    9  1  -53.487810    1.000000    0.000000   -1.000000    0.000000
   10  2  -53.108705    2.000000    0.000000    0.000000    0.000000
   12  1  -53.083946    1.000000    0.000000    1.000000    0.000000
   13  1  -49.880607    1.000000    0.000000   -1.000000    0.000000
   14  1  -49.720797    1.000000    0.000000    1.000000    0.000000
   15  2  -49.663790    2.000000    0.000000    0.000000    0.000000
   17  1  -49.375537    1.000000    0.000000   -1.000000    0.000000
   18  1  -49.197047    1.000000    0.000000    1.000000    0.000000
   19  2  -49.151255    2.000000    0.000000    0.000000    0.000000
   21  1  -48.996287    1.000000    0.000000   -1.000000    0.000000
   22  1  -48.843068    1.000000    0.000000    1.000000    0.000000
   23  2  -48.784886    2.000000    0.000000    0.000000    0.000000
   25  1  -36.970368    1.000000    0.000000    1.000000    0.000000
   26  1  -36.934246    1.000000    0.000000    1.000000    0.000000
   27  1  -18.238689    1.000000    0.000000   -1.000000    0.000000
   28  1  -18.228176    1.000000    0.000000   -1.000000    0.000000
   29  1  -17.877178    1.000000    0.000000   -1.000000    0.000000
   30  1  -17.865189    1.000000    0.000000   -1.000000    0.000000
   31  1  -17.849072    1.000000    0.000000   -1.000000    0.000000
   32  1  -17.839274    1.000000    0.000000   -1.000000    0.000000
   33  1   -9.428588    1.000000    0.000000    1.000000    0.000000
   34  1   -9.415427    1.000000    0.000000   -1.000000    0.000000
   35  1   -9.397887    1.000000    0.000000   -1.000000    0.000000
   36  1   -9.382326    1.000000    0.000000    1.000000    0.000000
   37  1   -8.776909    1.000000    0.000000    1.000000    0.000000
   38  1   -8.693611    1.000000    0.000000   -1.000000    0.000000
   39  1   -8.649975    1.000000    0.000000    1.000000    0.000000
   40  1   -8.590656    1.000000    0.000000   -1.000000    0.000000
   41  1   -8.491951    1.000000    0.000000    1.000000    0.000000
   42  1   -8.437146    1.000000    0.000000   -1.000000    0.000000
   43  1   -8.428836    1.000000    0.000000   -1.000000    0.000000
   44  1   -8.393130    1.000000    0.000000    1.000000    0.000000
   45  1   -8.349161    1.000000    0.000000    1.000000    0.000000
   46  1   -8.290181    1.000000    0.000000    1.000000    0.000000
   47  1   -8.258734    1.000000    0.000000   -1.000000    0.000000
   48  1   -8.248936    1.000000    0.000000   -1.000000    0.000000
   49  1   -3.612664    1.000000    0.000000    1.000000    0.000000
   50  1   -3.528832    1.000000    0.000000    1.000000    0.000000
   51  1   -3.478257    1.000000    0.000000    1.000000    0.000000
   52  1   -3.423070    1.000000    0.000000    1.000000    0.000000
   53  1   -3.356285    1.000000    0.000000    1.000000    0.000000
   54  1   -3.284065    1.000000    0.000000    1.000000    0.000000
   55  1   -3.272934    1.000000    0.000000   -1.000000    0.000000
   56  1   -3.264954    1.000000    0.000000   -1.000000    0.000000
   57  1   -3.218703    1.000000    0.000000    1.000000    0.000000
   58  1   -3.215664    1.000000    0.000000   -1.000000    0.000000
   59  1   -3.209604    1.000000    0.000000   -1.000000    0.000000
   60  1   -3.177840    1.000000    0.000000   -1.000000    0.000000
   61  1   -3.160229    1.000000    0.000000   -0.999999    0.000000
   62  1   -3.158340    1.000000    0.000000    0.999999    0.000000
   63  1   -3.049562    1.000000    0.000000   -1.000000    0.000000
   64  1   -3.039124    1.000000    0.000000   -1.000000    0.000000
   65  1   -3.014122    1.000000    0.000000    1.000000    0.000000
   66  1   -2.871091    1.000000    0.000000    1.000000    0.000000
   67  1   -2.829126    1.000000    0.000000   -1.000000    0.000000
   68  1   -2.741048    1.000000    0.000000   -1.000000    0.000000
   69  1   -1.271310    1.000000    0.000000    1.000000    0.000000
   70  1   -0.920653    1.000000    0.000000   -1.000000    0.000000
   71  2   -0.911674    2.000000    0.000000   -0.000067    0.000000
   73  1   -0.495654    1.000000    0.000000    1.000000    0.000000
   74  1   -0.284622    1.000000    0.000000   -1.000000    0.000000
   75  1   -0.269274    1.000000    0.000000    1.000000    0.000000
   76  1   -0.228593    1.000000    0.000000   -1.000000    0.000000
   77  1   -0.160599    1.000000    0.000000    1.000000    0.000000
   78  1   -0.148923    1.000000    0.000000    1.000000    0.000000
   79  1   -0.131908    1.000000    0.000000   -1.000000    0.000000
   80  1   -0.086130    1.000000    0.000000   -1.000000    0.000000
   81  1   -0.038369    1.000000    0.000000    1.000000    0.000000
   82  1    0.191255    1.000000    0.000000    1.000000    0.000000
   83  1    0.200119    1.000000    0.000000   -1.000000    0.000000
   84  1    0.213758    1.000000    0.000000   -1.000000    0.000000
   85  1    0.260924    1.000000    0.000000   -1.000000    0.000000
   86  1    0.291499    1.000000    0.000000   -1.000000    0.000000
   87  1    0.340004    1.000000    0.000000    1.000000    0.000000
   88  1    0.418418    1.000000    0.000000    1.000000    0.000000
   89  1    0.797124    1.000000    0.000000    1.000000    0.000000
   90  1    0.879259    1.000000    0.000000   -1.000000    0.000000
   91  1    0.914975    1.000000    0.000000   -1.000000    0.000000
   92  1    0.939465    1.000000    0.000000    1.000000    0.000000
   93  1    1.047241    1.000000    0.000000   -1.000000    0.000000
   94  1    1.070558    1.000000    0.000000   -1.000000    0.000000
   95  1    1.076106    1.000000    0.000000    1.000000    0.000000
   96  1    1.187704    1.000000    0.000000    1.000000    0.000000
   97  1    1.356020    1.000000    0.000000    1.000000    0.000000
   98  1    1.390588    1.000000    0.000000    1.000000    0.000000
   99  1    1.418906    1.000000    0.000000   -1.000000    0.000000
  100  1    1.446813    1.000000    0.000000   -1.000000    0.000000
  101  1    1.652892    1.000000    0.000000    1.000000    0.000000
  102  1    2.116490    1.000000    0.000000   -1.000000    0.000000
  103  1    2.156778    1.000000    0.000000   -1.000000    0.000000
  104  1    2.210959    1.000000    0.000000    1.000000    0.000000
  105  1    2.269570    1.000000    0.000000    1.000000    0.000000
  106  1    2.319363    1.000000    0.000000   -1.000000    0.000000
  107  1    2.338098    1.000000    0.000000    1.000000    0.000000
  108  1    2.388835    1.000000    0.000000   -1.000000    0.000000
  109  1    2.439856    1.000000    0.000000   -1.000000    0.000000
  110  1    2.470308    1.000000    0.000000   -1.000000    0.000000
  111  1    2.482152    1.000000    0.000000    1.000000    0.000000
  112  1    2.560008    1.000000    0.000000    1.000000    0.000000
  113  1    2.916869    1.000000    0.000000    1.000000    0.000000
  114  1    3.637438    1.000000    0.000000    1.000000    0.000000
  115  1    3.698156    1.000000    0.000000   -1.000000    0.000000
  116  1    3.745705    1.000000    0.000000   -1.000000    0.000000
  117  1    4.340687    1.000000    0.000000    1.000000    0.000000
  118  1    4.526210    1.000000    0.000000    1.000000    0.000000
  119  1    4.553147    1.000000    0.000000   -1.000000    0.000000
  120  1    4.562517    1.000000    0.000000   -1.000000    0.000000
  121  1    4.602141    1.000000    0.000000    1.000000    0.000000
  122  1    4.867516    1.000000    0.000000   -1.000000    0.000000
  123  1    4.892795    1.000000    0.000000    1.000000    0.000000
  124  1    4.900678    1.000000    0.000000    1.000000    0.000000
  125  1    4.936576    1.000000    0.000000   -1.000000    0.000000
  126  1    4.980903    1.000000    0.000000    1.000000    0.000000
  127  1    5.071417    1.000000    0.000000    1.000000    0.000000
  128  1    5.143847    1.000000    0.000000   -1.000000    0.000000
  129  1    5.205258    1.000000    0.000000    1.000000    0.000000
  130  1    5.222329    1.000000    0.000000   -1.000000    0.000000
  131  1    5.254346    1.000000    0.000000   -1.000000    0.000000
  132  1    5.321891    1.000000    0.000000    1.000000    0.000000
  133  1    5.331292    1.000000    0.000000   -1.000000    0.000000
  134  1    5.388384    1.000000    0.000000    1.000000    0.000000
  135  1    5.399934    1.000000    0.000000   -0.999999    0.000000
  136  1    5.425151    1.000000    0.000000   -0.999999    0.000000
  2
    1    2
    1  1  -54.611406    1.000000    0.000000   -1.000000    0.000000
    2  1  -54.231983    1.000000    0.000000    1.000000    0.000000
    3  1  -54.230254    1.000000    0.000000    1.000000    0.000000
    4  1  -54.209731    1.000000    0.000000   -1.000000    0.000000
    5  1  -54.067329    1.000000    0.000000   -1.000000    0.000000
    6  1  -53.711860    1.000000    0.000000   -1.000000    0.000000
    7  2  -53.702890    2.000000    0.000000    2.000000    0.000000
    9  1  -53.487808    1.000000    0.000000   -1.000000    0.000000
   10  1  -53.109762    1.000000    0.000000    1.000000    0.000000
   11  1  -53.107635    1.000000    0.000000    1.000000    0.000000
   12  1  -53.083940    1.000000    0.000000   -1.000000    0.000000
   13  1  -49.880614    1.000000    0.000000   -1.000000    0.000000
   14  1  -49.720788    1.000000    0.000000   -1.000000    0.000000
   15  1  -49.664932    1.000000    0.000000    1.000000    0.000000
   16  1  -49.662646    1.000000    0.000000    1.000000    0.000000
   17  1  -49.375539    1.000000    0.000000   -1.000000    0.000000
   18  1  -49.197048    1.000000    0.000000   -1.000000    0.000000
   19  2  -49.151535    2.000000    0.000000    2.000000    0.000000
   21  1  -48.996295    1.000000    0.000000   -1.000000    0.000000
   22  1  -48.843051    1.000000    0.000000   -1.000000    0.000000
   23  1  -48.786354    1.000000    0.000000    1.000000    0.000000
   24  1  -48.783408    1.000000    0.000000    1.000000    0.000000
   25  1  -36.970368    1.000000    0.000000   -1.000000    0.000000
   26  1  -36.934246    1.000000    0.000000   -1.000000    0.000000
   27  1  -18.238627    1.000000    0.000000    1.000000    0.000000
   28  1  -18.228118    1.000000    0.000000    1.000000    0.000000
   29  1  -17.877100    1.000000    0.000000    1.000000    0.000000
   30  1  -17.865126    1.000000    0.000000    1.000000    0.000000
   31  1  -17.849065    1.000000    0.000000    1.000000    0.000000
   32  1  -17.839143    1.000000    0.000000    1.000000    0.000000
   33  1   -9.490304    1.000000    0.000000    1.000000    0.000000
   34  1   -9.450887    1.000000    0.000000   -1.000000    0.000000
   35  1   -9.410987    1.000000    0.000000   -1.000000    0.000000
   36  1   -9.380183    1.000000    0.000000    1.000000    0.000000
   37  1   -8.694947    1.000000    0.000000   -1.000000    0.000000
   38  1   -8.636827    1.000000    0.000000   -1.000000    0.000000
   39  1   -8.550216    1.000000    0.000000    1.000000    0.000000
   40  1   -8.533954    1.000000    0.000000    1.000000    0.000000
   41  1   -8.528481    1.000000    0.000000   -1.000000    0.000000
   42  1   -8.505958    1.000000    0.000000    1.000000    0.000000
   43  1   -8.484770    1.000000    0.000000   -1.000000    0.000000
   44  1   -8.447193    1.000000    0.000000    1.000000    0.000000
   45  1   -8.380030    1.000000    0.000000   -1.000000    0.000000
   46  1   -8.365840    1.000000    0.000000    1.000000    0.000000
   47  1   -8.193695    1.000000    0.000000    1.000000    0.000000
   48  1   -8.130542    1.000000    0.000000   -1.000000    0.000000
   49  1   -3.695280    1.000000    0.000000    1.000000    0.000000
   50  1   -3.582581    1.000000    0.000000    1.000000    0.000000
   51  1   -3.539909    1.000000    0.000000    1.000000    0.000000
   52  1   -3.489481    1.000000    0.000000    1.000000    0.000000
   53  1   -3.433122    1.000000    0.000000    1.000000    0.000000
   54  1   -3.429247    1.000000    0.000000   -1.000000    0.000000
   55  1   -3.416610    1.000000    0.000000   -1.000000    0.000000
   56  1   -3.281083    1.000000    0.000000   -1.000000    0.000000
   57  1   -3.255986    1.000000    0.000000   -1.000000    0.000000
   58  2   -3.149744    2.000000    0.000000    0.000000    0.000000
   60  1   -3.127979    1.000000    0.000000    1.000000    0.000000
   61  1   -3.125142    1.000000    0.000000   -1.000000    0.000000
   62  1   -3.082098    1.000000    0.000000    1.000000    0.000000
   63  1   -3.014361    1.000000    0.000000   -1.000000    0.000000
   64  1   -2.867367    1.000000    0.000000   -1.000000    0.000000
   65  1   -2.807864    1.000000    0.000000   -1.000000    0.000000
   66  1   -2.802408    1.000000    0.000000    1.000000    0.000000
   67  1   -2.791432    1.000000    0.000000    1.000000    0.000000
   68  1   -2.586659    1.000000    0.000000   -1.000000    0.000000
   69  1   -1.016445    1.000000    0.000000    1.000000    0.000000
   70  1   -0.946464    1.000000    0.000000   -1.000000    0.000000
   71  1   -0.942019    1.000000    0.000000   -1.000000    0.000000
   72  1   -0.926139    1.000000    0.000000    1.000000    0.000000
   73  1   -0.809547    1.000000    0.000000   -1.000000    0.000000
   74  1   -0.613156    1.000000    0.000000    1.000000    0.000000
   75  1   -0.555239    1.000000    0.000000    1.000000    0.000000
   76  1   -0.514093    1.000000    0.000000   -1.000000    0.000000
   77  1   -0.402588    1.000000    0.000000    1.000000    0.000000
   78  1   -0.308570    1.000000    0.000000   -1.000000    0.000000
   79  1   -0.210102    1.000000    0.000000    1.000000    0.000000
   80  1   -0.101502    1.000000    0.000000   -1.000000    0.000000
   81  1   -0.064180    1.000000    0.000000   -1.000000    0.000000
   82  1   -0.061251    1.000000    0.000000   -1.000000    0.000000
   83  1    0.106130    1.000000    0.000000    1.000000    0.000000
   84  1    0.154869    1.000000    0.000000    1.000000    0.000000
   85  1    0.484606    1.000000    0.000000   -1.000000    0.000000
   86  1    0.492636    1.000000    0.000000   -1.000000    0.000000
   87  1    0.719692    1.000000    0.000000   -0.999999    0.000000
   88  1    0.729675    1.000000    0.000000    0.999999    0.000000
   89  1    0.758334    1.000000    0.000000    1.000000    0.000000
   90  1    0.761719    1.000000    0.000000   -1.000000    0.000000
   91  1    0.832452    1.000000    0.000000    1.000000    0.000000
   92  1    0.853579    1.000000    0.000000   -1.000000    0.000000
   93  1    0.910334    1.000000    0.000000   -1.000000    0.000000
   94  1    0.931190    1.000000    0.000000    1.000000    0.000000
   95  1    0.952770    1.000000    0.000000    1.000000    0.000000
   96  1    0.995177    1.000000    0.000000    1.000000    0.000000
   97  1    1.366679    1.000000    0.000000   -1.000000    0.000000
   98  1    1.402080    1.000000    0.000000   -1.000000    0.000000
   99  1    1.618634    1.000000    0.000000    1.000000    0.000000
  100  1    1.697780    1.000000    0.000000    1.000000    0.000000
  101  1    1.813147    1.000000    0.000000   -1.000000    0.000000
  102  1    2.108867    1.000000    0.000000    1.000000    0.000000
  103  1    2.155569    1.000000    0.000000   -1.000000    0.000000
  104  1    2.216967    1.000000    0.000000   -1.000000    0.000000
  105  1    2.341411    1.000000    0.000000    1.000000    0.000000
  106  1    2.430619    1.000000    0.000000   -1.000000    0.000000
  107  1    2.529007    1.000000    0.000000    1.000000    0.000000
  108  1    2.570148    1.000000    0.000000    1.000000    0.000000
  109  1    2.612451    1.000000    0.000000    1.000000    0.000000
  110  1    2.826861    1.000000    0.000000   -1.000000    0.000000
  111  1    2.865648    1.000000    0.000000    1.000000    0.000000
  112  1    2.973472    1.000000    0.000000   -1.000000    0.000000
  113  1    3.196445    1.000000    0.000000   -1.000000    0.000000
  114  1    3.212856    1.000000    0.000000    1.000000    0.000000
  115  1    3.690036    1.000000    0.000000    1.000000    0.000000
  116  1    3.817800    1.000000    0.000000   -1.000000    0.000000
  117  1    4.222604    1.000000    0.000000    1.000000    0.000000
  118  1    4.329917    1.000000    0.000000   -1.000000    0.000000
  119  1    4.564737    1.000000    0.000000    1.000000    0.000000
  120  1    4.607202    1.000000    0.000000   -1.000000    0.000000
  121  1    4.739661    1.000000    0.000000    1.000000    0.000000
  122  2    4.891137    2.000000    0.000000    0.000000    0.000000
  124  1    5.028705    1.000000    0.000000    1.000000    0.000000
  125  1    5.035461    1.000000    0.000000   -1.000000    0.000000
  126  1    5.107997    1.000000    0.000000    1.000000    0.000000
  127  1    5.113590    1.000000    0.000000   -1.000000    0.000000
  128  1    5.150736    1.000000    0.000000    1.000000    0.000000
  129  1    5.205996    1.000000    0.000000   -1.000000    0.000000
  130  1    5.228579    1.000000    0.000000   -1.000000    0.000000
  131  1    5.253115    1.000000    0.000000    0.999999    0.000000
  132  2    5.325150    2.000000    0.000000    0.000001    0.000000
  134  1    5.390850    1.000000    0.000000   -1.000000    0.000000
  135  1    5.468190    1.000000    0.000000    1.000000    0.000000
  136  1    5.608638    1.000000    0.000000   -1.000000    0.000000
  2
    1    2
    1  1  -54.611405    1.000000    0.000000   -1.000000    0.000000
    2  2  -54.231122    2.000000    0.000000    0.000000    0.000000
    4  1  -54.209733    1.000000    0.000000    1.000000    0.000000
    5  1  -54.067330    1.000000    0.000000   -1.000000    0.000000
    6  1  -53.711862    1.000000    0.000000    1.000000    0.000000
    7  2  -53.702715    2.000000    0.000000    0.000000    0.000000
    9  1  -53.487808    1.000000    0.000000   -1.000000    0.000000
   10  2  -53.108703    2.000000    0.000000    0.000000    0.000000
   12  1  -53.083945    1.000000    0.000000    1.000000    0.000000
   13  1  -49.880605    1.000000    0.000000   -1.000000    0.000000
   14  1  -49.720796    1.000000    0.000000    1.000000    0.000000
   15  2  -49.663788    2.000000    0.000000    0.000003    0.000000
   17  1  -49.375539    1.000000    0.000000   -1.000000    0.000000
   18  1  -49.197049    1.000000    0.000000    1.000000    0.000000
   19  2  -49.151256    2.000000    0.000000    0.000000    0.000000
   21  1  -48.996286    1.000000    0.000000   -1.000000    0.000000
   22  1  -48.843067    1.000000    0.000000    1.000000    0.000000
   23  2  -48.784885    2.000000    0.000000    0.000000    0.000000
   25  1  -36.970368    1.000000    0.000000   -1.000000    0.000000
   26  1  -36.934246    1.000000    0.000000   -1.000000    0.000000
   27  1  -18.238653    1.000000    0.000000    1.000000    0.000000
   28  1  -18.228119    1.000000    0.000000    1.000000    0.000000
   29  1  -17.877183    1.000000    0.000000    1.000000    0.000000
   30  1  -17.865075    1.000000    0.000000    1.000000    0.000000
   31  1  -17.848980    1.000000    0.000000    1.000000    0.000000
   32  1  -17.839261    1.000000    0.000000    1.000000    0.000000
   33  1   -9.475300    1.000000    0.000000   -1.000000    0.000000
   34  1   -9.450462    1.000000    0.000000   -1.000000    0.000000
   35  1   -9.404847    1.000000    0.000000    1.000000    0.000000
   36  1   -9.360554    1.000000    0.000000    1.000000    0.000000
   37  1   -8.711002    1.000000    0.000000   -1.000000    0.000000
   38  1   -8.702821    1.000000    0.000000    1.000000    0.000000
   39  1   -8.614418    1.000000    0.000000    1.000000    0.000000
   40  1   -8.611003    1.000000    0.000000   -1.000000    0.000000
   41  1   -8.462446    1.000000    0.000000   -1.000000    0.000000
   42  1   -8.460408    1.000000    0.000000   -1.000000    0.000000
   43  1   -8.418782    1.000000    0.000000    1.000000    0.000000
   44  1   -8.367675    1.000000    0.000000    1.000000    0.000000
   45  1   -8.320200    1.000000    0.000000    1.000000    0.000000
   46  1   -8.300163    1.000000    0.000000   -1.000000    0.000000
   47  1   -8.284655    1.000000    0.000000   -1.000000    0.000000
   48  1   -8.267486    1.000000    0.000000    1.000000    0.000000
   49  1   -3.590775    1.000000    0.000000    1.000000    0.000000
   50  1   -3.508170    1.000000    0.000000    1.000000    0.000000
   51  1   -3.471894    1.000000    0.000000    1.000000    0.000000
   52  1   -3.419690    1.000000    0.000000    1.000000    0.000000
   53  1   -3.346154    1.000000    0.000000    1.000000    0.000000
   54  1   -3.282526    1.000000    0.000000   -1.000000    0.000000
   55  1   -3.276272    1.000000    0.000000   -1.000000    0.000000
   56  1   -3.270109    1.000000    0.000000    1.000000    0.000000
   57  1   -3.221285    1.000000    0.000000   -1.000000    0.000000
   58  1   -3.218653    1.000000    0.000000    1.000000    0.000000
   59  1   -3.214187    1.000000    0.000000   -1.000000    0.000000
   60  1   -3.186378    1.000000    0.000000   -1.000000    0.000000
   61  1   -3.165064    1.000000    0.000000   -1.000000    0.000000
   62  1   -3.159301    1.000000    0.000000    1.000000    0.000000
   63  1   -3.037226    1.000000    0.000000   -1.000000    0.000000
   64  1   -3.024839    1.000000    0.000000   -1.000000    0.000000
   65  1   -2.992238    1.000000    0.000000    1.000000    0.000000
   66  1   -2.875989    1.000000    0.000000    1.000000    0.000000
   67  1   -2.842414    1.000000    0.000000   -1.000000    0.000000
   68  1   -2.753108    1.000000    0.000000   -1.000000    0.000000
   69  1   -1.169929    1.000000    0.000000    1.000000    0.000000
   70  1   -1.020251    1.000000    0.000000   -1.000000    0.000000
   71  1   -1.006327    1.000000    0.000000   -1.000000    0.000000
   72  1   -0.905601    1.000000    0.000000    1.000000    0.000000
   73  1   -0.575727    1.000000    0.000000   -1.000000    0.000000
   74  1   -0.491315    1.000000    0.000000   -1.000000    0.000000
   75  1   -0.412249    1.000000    0.000000    1.000000    0.000000
   76  1   -0.273474    1.000000    0.000000    1.000000    0.000000
   77  1   -0.270622    1.000000    0.000000   -1.000000    0.000000
   78  1   -0.242512    1.000000    0.000000    1.000000    0.000000
   79  1   -0.206633    1.000000    0.000000    0.999999    0.000000
   80  1   -0.203675    1.000000    0.000000   -0.999998    0.000000
   81  1    0.163138    1.000000    0.000000   -1.000000    0.000000
   82  1    0.170027    1.000000    0.000000    1.000000    0.000000
   83  1    0.200197    1.000000    0.000000   -1.000000    0.000000
   84  1    0.214519    1.000000    0.000000    1.000000    0.000000
   85  1    0.268609    1.000000    0.000000   -1.000000    0.000000
   86  1    0.273230    1.000000    0.000000   -1.000000    0.000000
   87  1    0.478895    1.000000    0.000000    1.000000    0.000000
   88  1    0.524900    1.000000    0.000000    1.000000    0.000000
   89  1    0.768221    1.000000    0.000000   -1.000000    0.000000
   90  1    0.832715    1.000000    0.000000   -1.000000    0.000000
   91  1    0.886902    1.000000    0.000000    1.000000    0.000000
   92  1    0.916764    1.000000    0.000000    1.000000    0.000000
   93  1    0.959727    1.000000    0.000000   -1.000000    0.000000
   94  1    0.971532    1.000000    0.000000   -1.000000    0.000000
   95  1    1.175145    1.000000    0.000000    1.000000    0.000000
   96  1    1.198782    1.000000    0.000000    1.000000    0.000000
   97  1    1.274798    1.000000    0.000000   -1.000000    0.000000
   98  1    1.301922    1.000000    0.000000   -1.000000    0.000000
   99  1    1.560411    1.000000    0.000000    1.000000    0.000000
  100  1    1.566889    1.000000    0.000000    1.000000    0.000000
  101  1    1.961749    1.000000    0.000000   -1.000000    0.000000
  102  1    1.982616    1.000000    0.000000   -1.000000    0.000000
  103  1    2.046851    1.000000    0.000000    1.000000    0.000000
  104  1    2.209237    1.000000    0.000000    1.000000    0.000000
  105  1    2.323109    1.000000    0.000000   -1.000000    0.000000
  106  1    2.355398    1.000000    0.000000    1.000000    0.000000
  107  1    2.358410    1.000000    0.000000   -0.999999    0.000000
  108  1    2.370146    1.000000    0.000000    1.000000    0.000000
  109  1    2.660262    1.000000    0.000000   -1.000000    0.000000
  110  1    2.676867    1.000000    0.000000   -1.000000    0.000000
  111  1    2.708922    1.000000    0.000000    1.000000    0.000000
  112  1    2.917116    1.000000    0.000000    1.000000    0.000000
  113  1    3.178274    1.000000    0.000000    1.000000    0.000000
  114  1    3.512072    1.000000    0.000000    1.000000    0.000000
  115  1    3.520680    1.000000    0.000000   -1.000000    0.000000
  116  1    3.563561    1.000000    0.000000   -1.000000    0.000000
  117  1    4.640207    1.000000    0.000000    1.000000    0.000000
  118  1    4.743895    1.000000    0.000000   -1.000000    0.000000
  119  1    4.755552    1.000000    0.000000   -1.000000    0.000000
  120  1    4.762425    1.000000    0.000000    1.000000    0.000000
  121  1    4.794294    1.000000    0.000000    1.000000    0.000000
  122  1    4.913283    1.000000    0.000000    1.000000    0.000000
  123  1    4.928487    1.000000    0.000000   -1.000000    0.000000
  124  1    4.986837    1.000000    0.000000    1.000000    0.000000
  125  1    4.990222    1.000000    0.000000   -1.000000    0.000000
  126  1    4.998145    1.000000    0.000000    1.000000    0.000000
  127  1    5.094257    1.000000    0.000000   -1.000000    0.000000
  128  1    5.115324    1.000000    0.000000   -1.000000    0.000000
  129  1    5.129556    1.000000    0.000000   -1.000000    0.000000
  130  1    5.178398    1.000000    0.000000    1.000000    0.000000
  131  1    5.250906    1.000000    0.000000    1.000000    0.000000
  132  1    5.258641    1.000000    0.000000   -0.999999    0.000000
  133  1    5.289508    1.000000    0.000000    1.000000    0.000000
  134  1    5.301127    1.000000    0.000000   -1.000000    0.000000
  135  1    5.326230    1.000000    0.000000    1.000000    0.000000
  136  1    5.341139    1.000000    0.000000   -1.000000    0.000000
  2
    1    2
    1  1  -54.611405    1.000000    0.000000   -1.000000    0.000000
    2  2  -54.231122    2.000000    0.000000    0.000000    0.000000
    4  1  -54.209733    1.000000    0.000000    1.000000    0.000000
    5  1  -54.067330    1.000000    0.000000   -1.000000    0.000000
    6  1  -53.711862    1.000000    0.000000    1.000000    0.000000
    7  2  -53.702715    2.000000    0.000000    0.000000    0.000000
    9  1  -53.487808    1.000000    0.000000   -1.000000    0.000000
   10  2  -53.108703    2.000000    0.000000    0.000000    0.000000
   12  1  -53.083945    1.000000    0.000000    1.000000    0.000000
   13  1  -49.880605    1.000000    0.000000   -1.000000    0.000000
   14  1  -49.720796    1.000000    0.000000    1.000000    0.000000
   15  2  -49.663788    2.000000    0.000000    0.000000    0.000000
   17  1  -49.375539    1.000000    0.000000   -1.000000    0.000000
   18  1  -49.197049    1.000000    0.000000    1.000000    0.000000
   19  2  -49.151256    2.000000    0.000000    0.000000    0.000000
   21  1  -48.996286    1.000000    0.000000   -1.000000    0.000000
   22  1  -48.843067    1.000000    0.000000    1.000000    0.000000
   23  2  -48.784885    2.000000    0.000000    0.000000    0.000000
   25  1  -36.970368    1.000000    0.000000   -1.000000    0.000000
   26  1  -36.934246    1.000000    0.000000   -1.000000    0.000000
   27  1  -18.238653    1.000000    0.000000    1.000000    0.000000
   28  1  -18.228119    1.000000    0.000000    1.000000    0.000000
   29  1  -17.877183    1.000000    0.000000    1.000000    0.000000
   30  1  -17.865075    1.000000    0.000000    1.000000    0.000000
   31  1  -17.848980    1.000000    0.000000    1.000000    0.000000
   32  1  -17.839261    1.000000    0.000000    1.000000    0.000000
   33  1   -9.475299    1.000000    0.000000   -1.000000    0.000000
   34  1   -9.450461    1.000000    0.000000   -1.000000    0.000000
   35  1   -9.404847    1.000000    0.000000    1.000000    0.000000
   36  1   -9.360555    1.000000    0.000000    1.000000    0.000000
   37  1   -8.711001    1.000000    0.000000   -1.000000    0.000000
   38  1   -8.702823    1.000000    0.000000    1.000000    0.000000
   39  1   -8.614419    1.000000    0.000000    0.999997    0.000000
   40  1   -8.611002    1.000000    0.000000   -0.999997    0.000000
   41  1   -8.462447    1.000000    0.000000   -1.000000    0.000000
   42  1   -8.460407    1.000000    0.000000   -1.000000    0.000000
   43  1   -8.418782    1.000000    0.000000    1.000000    0.000000
   44  1   -8.367675    1.000000    0.000000    1.000000    0.000000
   45  1   -8.320198    1.000000    0.000000    1.000000    0.000000
   46  1   -8.300162    1.000000    0.000000   -1.000000    0.000000
   47  1   -8.284658    1.000000    0.000000   -1.000000    0.000000
   48  1   -8.267485    1.000000    0.000000    1.000000    0.000000
   49  1   -3.590778    1.000000    0.000000    1.000000    0.000000
   50  1   -3.508169    1.000000    0.000000    1.000000    0.000000
   51  1   -3.471895    1.000000    0.000000    1.000000    0.000000
   52  1   -3.419680    1.000000    0.000000    1.000000    0.000000
   53  1   -3.346162    1.000000    0.000000    1.000000    0.000000
   54  1   -3.282514    1.000000    0.000000   -1.000000    0.000000
   55  1   -3.276281    1.000000    0.000000   -1.000000    0.000000
   56  1   -3.270111    1.000000    0.000000    1.000000    0.000000
   57  1   -3.221286    1.000000    0.000000   -1.000000    0.000000
   58  1   -3.218646    1.000000    0.000000    1.000000    0.000000
   59  1   -3.214193    1.000000    0.000000   -1.000000    0.000000
   60  1   -3.186380    1.000000    0.000000   -1.000000    0.000000
   61  1   -3.165064    1.000000    0.000000   -1.000000    0.000000
   62  1   -3.159298    1.000000    0.000000    1.000000    0.000000
   63  1   -3.037226    1.000000    0.000000   -1.000000    0.000000
   64  1   -3.024843    1.000000    0.000000   -1.000000    0.000000
   65  1   -2.992238    1.000000    0.000000    1.000000    0.000000
   66  1   -2.875985    1.000000    0.000000    1.000000    0.000000
   67  1   -2.842411    1.000000    0.000000   -1.000000    0.000000
   68  1   -2.753111    1.000000    0.000000   -1.000000    0.000000
   69  1   -1.169929    1.000000    0.000000    1.000000    0.000000
   70  1   -1.020261    1.000000    0.000000   -1.000000    0.000000
   71  1   -1.006315    1.000000    0.000000   -1.000000    0.000000
   72  1   -0.905605    1.000000    0.000000    1.000000    0.000000
   73  1   -0.575721    1.000000    0.000000   -1.000000    0.000000
   74  1   -0.491317    1.000000    0.000000   -1.000000    0.000000
   75  1   -0.412252    1.000000    0.000000    1.000000    0.000000
   76  1   -0.273481    1.000000    0.000000    1.000000    0.000000
   77  1   -0.270617    1.000000    0.000000   -1.000000    0.000000
   78  1   -0.242503    1.000000    0.000000    1.000000    0.000000
   79  1   -0.206632    1.000000    0.000000    1.000000    0.000000
   80  1   -0.203678    1.000000    0.000000   -1.000000    0.000000
   81  1    0.163138    1.000000    0.000000   -1.000000    0.000000
   82  1    0.170025    1.000000    0.000000    1.000000    0.000000
   83  1    0.200185    1.000000    0.000000   -1.000000    0.000000
   84  1    0.214522    1.000000    0.000000    1.000000    0.000000
   85  1    0.268533    1.000000    0.000000   -1.000000    0.000000
   86  1    0.273314    1.000000    0.000000   -1.000000    0.000000
   87  1    0.478899    1.000000    0.000000    1.000000    0.000000
   88  1    0.524904    1.000000    0.000000    1.000000    0.000000
   89  1    0.768237    1.000000    0.000000   -1.000000    0.000000
   90  1    0.832691    1.000000    0.000000   -1.000000    0.000000
   91  1    0.886909    1.000000    0.000000    1.000000    0.000000
   92  1    0.916762    1.000000    0.000000    1.000000    0.000000
   93  1    0.959713    1.000000    0.000000   -1.000000    0.000000
   94  1    0.971552    1.000000    0.000000   -1.000000    0.000000
   95  1    1.175136    1.000000    0.000000    1.000000    0.000000
   96  1    1.198782    1.000000    0.000000    1.000000    0.000000
   97  1    1.274801    1.000000    0.000000   -1.000000    0.000000
   98  1    1.301915    1.000000    0.000000   -1.000000    0.000000
   99  1    1.560450    1.000000    0.000000    1.000000    0.000000
  100  1    1.566851    1.000000    0.000000    1.000000    0.000000
  101  1    1.961839    1.000000    0.000000   -1.000000    0.000000
  102  1    1.982522    1.000000    0.000000   -1.000000    0.000000
  103  1    2.046846    1.000000    0.000000    1.000000    0.000000
  104  1    2.209237    1.000000    0.000000    1.000000    0.000000
  105  1    2.323104    1.000000    0.000000   -1.000000    0.000000
  106  1    2.355392    1.000000    0.000000    1.000000    0.000000
  107  1    2.358424    1.000000    0.000000   -1.000000    0.000000
  108  1    2.370158    1.000000    0.000000    1.000000    0.000000
  109  1    2.660275    1.000000    0.000000   -1.000000    0.000000
  110  1    2.676848    1.000000    0.000000   -1.000000    0.000000
  111  1    2.708922    1.000000    0.000000    1.000000    0.000000
  112  1    2.917120    1.000000    0.000000    1.000000    0.000000
  113  1    3.178275    1.000000    0.000000    1.000000    0.000000
  114  1    3.512072    1.000000    0.000000    1.000000    0.000000
  115  1    3.520702    1.000000    0.000000   -1.000000    0.000000
  116  1    3.563540    1.000000    0.000000   -1.000000    0.000000
  117  1    4.640202    1.000000    0.000000    1.000000    0.000000
  118  1    4.743901    1.000000    0.000000   -1.000000    0.000000
  119  1    4.755540    1.000000    0.000000   -1.000000    0.000000
  120  1    4.762417    1.000000    0.000000    1.000000    0.000000
  121  1    4.794312    1.000000    0.000000    1.000000    0.000000
  122  1    4.913288    1.000000    0.000000    1.000000    0.000000
  123  1    4.928492    1.000000    0.000000   -1.000000    0.000000
  124  1    4.986849    1.000000    0.000000    1.000000    0.000000
  125  1    4.990219    1.000000    0.000000   -1.000000    0.000000
  126  1    4.998128    1.000000    0.000000    1.000000    0.000000
  127  1    5.094251    1.000000    0.000000   -1.000000    0.000000
  128  1    5.115326    1.000000    0.000000   -1.000000    0.000000
  129  1    5.129559    1.000000    0.000000   -1.000000    0.000000
  130  1    5.178403    1.000000    0.000000    1.000000    0.000000
  131  1    5.250913    1.000000    0.000000    1.000000    0.000000
  132  1    5.258634    1.000000    0.000000   -1.000000    0.000000
  133  1    5.289503    1.000000    0.000000    1.000000    0.000000
  134  1    5.301121    1.000000    0.000000   -1.000000    0.000000
  135  1    5.326234    1.000000    0.000000    1.000000    0.000000
  136  1    5.341144    1.000000    0.000000   -1.000000    0.000000
  2
    1    2
    1  1  -54.611411    1.000000    0.000000   -1.000000    0.000000
    2  1  -54.231982    1.000000    0.000000    1.000000    0.000000
    3  1  -54.230264    1.000000    0.000000    1.000000    0.000000
    4  1  -54.209736    1.000000    0.000000   -1.000000    0.000000
    5  1  -54.067331    1.000000    0.000000   -1.000000    0.000000
    6  1  -53.711863    1.000000    0.000000   -1.000000    0.000000
    7  2  -53.702892    2.000000    0.000000    2.000000    0.000000
    9  1  -53.487810    1.000000    0.000000   -1.000000    0.000000
   10  1  -53.109762    1.000000    0.000000    1.000000    0.000000
   11  1  -53.107640    1.000000    0.000000    1.000000    0.000000
   12  1  -53.083943    1.000000    0.000000   -1.000000    0.000000
   13  1  -49.880619    1.000000    0.000000   -1.000000    0.000000
   14  1  -49.720793    1.000000    0.000000   -1.000000    0.000000
   15  1  -49.664932    1.000000    0.000000    1.000000    0.000000
   16  1  -49.662655    1.000000    0.000000    1.000000    0.000000
   17  1  -49.375540    1.000000    0.000000   -1.000000    0.000000
   18  1  -49.197048    1.000000    0.000000   -1.000000    0.000000
   19  2  -49.151536    2.000000    0.000000    2.000000    0.000000
   21  1  -48.996298    1.000000    0.000000   -1.000000    0.000000
   22  1  -48.843055    1.000000    0.000000   -1.000000    0.000000
   23  1  -48.786354    1.000000    0.000000    1.000000    0.000000
   24  1  -48.783413    1.000000    0.000000    1.000000    0.000000
   25  1  -36.970368    1.000000    0.000000    1.000000    0.000000
   26  1  -36.934246    1.000000    0.000000    1.000000    0.000000
   27  1  -18.238702    1.000000    0.000000   -1.000000    0.000000
   28  1  -18.228178    1.000000    0.000000   -1.000000    0.000000
   29  1  -17.877209    1.000000    0.000000   -1.000000    0.000000
   30  1  -17.865145    1.000000    0.000000   -1.000000    0.000000
   31  1  -17.849058    1.000000    0.000000   -1.000000    0.000000
   32  1  -17.839360    1.000000    0.000000   -1.000000    0.000000
   33  1   -9.514483    1.000000    0.000000    1.000000    0.000000
   34  1   -9.392954    1.000000    0.000000    0.999945    0.000000
   35  1   -9.391658    1.000000    0.000000   -0.999944    0.000000
   36  1   -9.336327    1.000000    0.000000   -1.000000    0.000000
   37  1   -8.676992    1.000000    0.000000   -1.000000    0.000000
   38  1   -8.622497    1.000000    0.000000    1.000000    0.000000
   39  1   -8.620056    1.000000    0.000000   -1.000000    0.000000
   40  1   -8.582380    1.000000    0.000000    1.000000    0.000000
   41  1   -8.525798    1.000000    0.000000    1.000000    0.000000
   42  1   -8.513894    1.000000    0.000000   -1.000000    0.000000
   43  1   -8.484107    1.000000    0.000000    0.999999    0.000000
   44  1   -8.479732    1.000000    0.000000   -0.999999    0.000000
   45  1   -8.443488    1.000000    0.000000    1.000000    0.000000
   46  1   -8.336451    1.000000    0.000000   -1.000000    0.000000
   47  1   -8.214412    1.000000    0.000000    1.000000    0.000000
   48  1   -8.084930    1.000000    0.000000   -1.000000    0.000000
   49  1   -3.734919    1.000000    0.000000    1.000000    0.000000
   50  1   -3.582400    1.000000    0.000000    1.000000    0.000000
   51  1   -3.555596    1.000000    0.000000    1.000000    0.000000
   52  1   -3.492049    1.000000    0.000000    1.000000    0.000000
   53  2   -3.429887    2.000000    0.000000    0.000000    0.000000
   55  1   -3.408602    1.000000    0.000000   -1.000000    0.000000
   56  1   -3.259637    1.000000    0.000000   -1.000000    0.000000
   57  1   -3.256825    1.000000    0.000000   -1.000000    0.000000
   58  1   -3.153307    1.000000    0.000000    1.000000    0.000000
   59  1   -3.148482    1.000000    0.000000   -1.000000    0.000000
   60  2   -3.127535    2.000000    0.000000    0.000000    0.000000
   62  1   -3.091892    1.000000    0.000000    1.000000    0.000000
   63  1   -3.014078    1.000000    0.000000   -1.000000    0.000000
   64  1   -2.876974    1.000000    0.000000   -1.000000    0.000000
   65  1   -2.808604    1.000000    0.000000    1.000000    0.000000
   66  1   -2.805912    1.000000    0.000000   -1.000000    0.000000
   67  1   -2.802108    1.000000    0.000000    1.000000    0.000000
   68  1   -2.554158    1.000000    0.000000   -1.000000    0.000000
   69  1   -1.104720    1.000000    0.000000    1.000000    0.000000
   70  1   -0.994065    1.000000    0.000000    1.000000    0.000000
   71  1   -0.853871    1.000000    0.000000   -1.000000    0.000000
   72  1   -0.717069    1.000000    0.000000   -1.000000    0.000000
   73  1   -0.666270    1.000000    0.000000   -1.000000    0.000000
   74  1   -0.541964    1.000000    0.000000    1.000000    0.000000
   75  1   -0.516606    1.000000    0.000000    1.000000    0.000000
   76  1   -0.439515    1.000000    0.000000    1.000000    0.000000
   77  1   -0.333192    1.000000    0.000000    1.000000    0.000000
   78  1   -0.242639    1.000000    0.000000   -1.000000    0.000000
   79  1   -0.170332    1.000000    0.000000   -1.000000    0.000000
   80  1   -0.128965    1.000000    0.000000   -1.000000    0.000000
   81  1   -0.032028    1.000000    0.000000   -1.000000    0.000000
   82  2    0.079622    2.000000    0.000000    0.000004    0.000000
   84  1    0.185924    1.000000    0.000000    1.000000    0.000000
   85  1    0.519339    1.000000    0.000000   -1.000000    0.000000
   86  1    0.602264    1.000000    0.000000    1.000000    0.000000
   87  1    0.643560    1.000000    0.000000   -1.000000    0.000000
   88  1    0.680893    1.000000    0.000000   -1.000000    0.000000
   89  1    0.691995    1.000000    0.000000    1.000000    0.000000
   90  1    0.758258    1.000000    0.000000    1.000000    0.000000
   91  1    0.799974    1.000000    0.000000    1.000000    0.000000
   92  1    0.919906    1.000000    0.000000   -1.000000    0.000000
   93  2    0.936030    2.000000    0.000000   -0.000002    0.000000
   95  1    0.975933    1.000000    0.000000    1.000000    0.000000
   96  1    1.009553    1.000000    0.000000   -1.000000    0.000000
   97  1    1.444619    1.000000    0.000000    1.000000    0.000000
   98  1    1.476657    1.000000    0.000000    1.000000    0.000000
   99  1    1.519072    1.000000    0.000000   -1.000000    0.000000
  100  1    1.581334    1.000000    0.000000   -1.000000    0.000000
  101  1    1.808326    1.000000    0.000000    1.000000    0.000000
  102  1    2.088420    1.000000    0.000000   -1.000000    0.000000
  103  1    2.194316    1.000000    0.000000   -1.000000    0.000000
  104  1    2.208658    1.000000    0.000000   -1.000000    0.000000
  105  1    2.309656    1.000000    0.000000    1.000000    0.000000
  106  1    2.349963    1.000000    0.000000    1.000000    0.000000
  107  1    2.404987    1.000000    0.000000    1.000000    0.000000
  108  1    2.432617    1.000000    0.000000    1.000000    0.000000
  109  1    2.495099    1.000000    0.000000   -1.000000    0.000000
  110  1    2.522755    1.000000    0.000000   -1.000000    0.000000
  111  1    2.563565    1.000000    0.000000   -1.000000    0.000000
  112  1    2.678551    1.000000    0.000000    1.000000    0.000000
  113  1    2.766051    1.000000    0.000000    1.000000    0.000000
  114  1    3.463307    1.000000    0.000000   -1.000000    0.000000
  115  1    3.679409    1.000000    0.000000    1.000000    0.000000
  116  1    3.859527    1.000000    0.000000   -1.000000    0.000000
  117  1    4.188206    1.000000    0.000000    1.000000    0.000000
  118  1    4.315059    1.000000    0.000000   -1.000000    0.000000
  119  1    4.325133    1.000000    0.000000    1.000000    0.000000
  120  1    4.465956    1.000000    0.000000   -1.000000    0.000000
  121  1    4.646386    1.000000    0.000000    1.000000    0.000000
  122  1    4.753517    1.000000    0.000000    1.000000    0.000000
  123  1    4.850385    1.000000    0.000000    1.000000    0.000000
  124  1    4.884552    1.000000    0.000000   -1.000000    0.000000
  125  1    4.970108    1.000000    0.000000   -1.000000    0.000000
  126  1    4.995708    1.000000    0.000000    1.000000    0.000000
  127  1    5.160856    1.000000    0.000000    1.000000    0.000000
  128  1    5.204577    1.000000    0.000000   -1.000000    0.000000
  129  1    5.236592    1.000000    0.000000   -1.000000    0.000000
  130  1    5.269774    1.000000    0.000000    1.000000    0.000000
  131  1    5.349655    1.000000    0.000000    1.000000    0.000000
  132  1    5.355634    1.000000    0.000000   -1.000000    0.000000
  133  1    5.374871    1.000000    0.000000   -1.000000    0.000000
  134  1    5.403920    1.000000    0.000000    1.000000    0.000000
  135  1    5.469148    1.000000    0.000000   -1.000000    0.000000
  136  1    5.576306    1.000000    0.000000   -1.000000    0.000000
