  108  136
  1
  2
  1  0  0  0  1  0  0  0  1    0.000000    0.000000    0.000000    1.000000    0.000000    0.000000    0.000000    0.000000    0.000000    1.000000    0.000000  1
 -1  0  0  0 -1  0  0  0 -1    0.000000    0.000000    0.000000    1.000000    0.000000    0.000000    0.000000    0.000000    0.000000    1.000000    0.000000  1
  8
    0.000000    0.000000    0.000000
    0.500000    0.500000    0.500000
    0.000000    0.500000    0.500000
    0.500000    0.000000    0.500000
    0.500000    0.500000    0.000000
    0.500000    0.000000    0.000000
    0.000000    0.500000    0.000000
    0.000000    0.000000    0.500000
  2
    1    2
    1  2  -38.601821    2.000000    0.000000    0.000018    0.000000
    3  2  -38.600490    2.000000    0.000000    0.000018    0.000000
    5  2  -38.315988    2.000000    0.000000    0.000019    0.000000
    7  2  -38.314253    2.000000    0.000000    0.000017    0.000000
    9  3  -38.312898    3.000000    0.000000    0.622335    0.000000
   12  1  -38.311824    1.000000    0.000000   -0.622299    0.000000
   13  1  -36.310136    1.000000    0.000000   -1.000000    0.000000
   14  1  -36.260595    1.000000    0.000000   -1.000000    0.000000
   15  1  -36.196724    1.000000    0.000000   -1.000000    0.000000
   16  1  -36.180198    1.000000    0.000000   -1.000000    0.000000
   17  1  -36.016986    1.000000    0.000000   -1.000000    0.000000
   18  1  -35.935431    1.000000    0.000000   -1.000000    0.000000
   19  1  -35.904045    1.000000    0.000000   -1.000000    0.000000
   20  1  -35.891316    1.000000    0.000000   -1.000000    0.000000
   21  1  -35.600499    1.000000    0.000000   -1.000000    0.000000
   22  1  -35.526637    1.000000    0.000000   -1.000000    0.000000
   23  1  -35.447694    1.000000    0.000000   -1.000000    0.000000
   24  1  -35.428378    1.000000    0.000000   -1.000000    0.000000
   25  1  -34.523032    1.000000    0.000000   -1.000000    0.000000
   26  1  -34.477165    1.000000    0.000000   -1.000000    0.000000
   27  1  -34.287683    1.000000    0.000000   -1.000000    0.000000
   28  1  -34.265525    1.000000    0.000000   -1.000000    0.000000
   29  1  -33.967198    1.000000    0.000000   -1.000000    0.000000
   30  1  -33.945301    1.000000    0.000000   -1.000000    0.000000
   31  1  -33.782074    1.000000    0.000000   -1.000000    0.000000
   32  1  -33.651002    1.000000    0.000000   -1.000000    0.000000
   33  1  -33.463060    1.000000    0.000000   -1.000000    0.000000
   34  1  -33.381827    1.000000    0.000000   -1.000000    0.000000
   35  1  -33.144555    1.000000    0.000000   -1.000000    0.000000
   36  1  -33.113116    1.000000    0.000000   -1.000000    0.000000
   37  1   -9.686306    1.000000    0.000000    1.000000    0.000000
   38  1   -9.678740    1.000000    0.000000    1.000000    0.000000
   39  1   -8.587364    1.000000    0.000000   -1.000000    0.000000
   40  1   -8.544752    1.000000    0.000000   -1.000000    0.000000
   41  1   -8.403369    1.000000    0.000000   -1.000000    0.000000
   42  1   -8.343847    1.000000    0.000000   -1.000000    0.000000
   43  1   -8.322531    1.000000    0.000000    1.000000    0.000000
   44  1   -8.302753    1.000000    0.000000   -1.000000    0.000000
   45  1   -8.285477    1.000000    0.000000    1.000000    0.000000
   46  1   -8.255498    1.000000    0.000000   -1.000000    0.000000
   47  1   -8.233791    1.000000    0.000000   -0.999996    0.000000
   48  1   -8.231622    1.000000    0.000000    0.999996    0.000000
   49  1   -8.207174    1.000000    0.000000    1.000000    0.000000
   50  1   -8.190592    1.000000    0.000000   -1.000000    0.000000
   51  1   -8.169951    1.000000    0.000000    1.000000    0.000000
   52  1   -8.145572    1.000000    0.000000    1.000000    0.000000
   53  1   -2.317599    1.000000    0.000000    1.000000    0.000000
   54  1   -1.831118    1.000000    0.000000    1.000000    0.000000
   55  1   -1.616253    1.000000    0.000000    1.000000    0.000000
   56  1   -1.507322    1.000000    0.000000    1.000000    0.000000
   57  1   -1.385495    1.000000    0.000000    1.000000    0.000000
   58  1   -1.220877    1.000000    0.000000    1.000000    0.000000
   59  1   -1.216345    1.000000    0.000000   -1.000000    0.000000
   60  1   -1.205125    1.000000    0.000000    1.000000    0.000000
   61  1   -1.171503    1.000000    0.000000    1.000000    0.000000
   62  1   -1.153231    1.000000    0.000000   -1.000000    0.000000
   63  1   -0.441277    1.000000    0.000000   -1.000000    0.000000
   64  1   -0.432988    1.000000    0.000000   -1.000000    0.000000
   65  1   -0.399580    1.000000    0.000000   -1.000000    0.000000
   66  1   -0.382041    1.000000    0.000000   -1.000000    0.000000
   67  1    0.365838    1.000000    0.000000    1.000000    0.000000
   68  1    0.454596    1.000000    0.000000    1.000000    0.000000
   69  1    0.505039    1.000000    0.000000    1.000000    0.000000
   70  1    0.688735    1.000000    0.000000    1.000000    0.000000
   71  1    0.860407    1.000000    0.000000    1.000000    0.000000
   72  1    0.878265    1.000000    0.000000    1.000000    0.000000
   73  1    0.947620    1.000000    0.000000    1.000000    0.000000
   74  1    1.144665    1.000000    0.000000    1.000000    0.000000
   75  1    1.163941    1.000000    0.000000    1.000000    0.000000
   76  1    1.179222    1.000000    0.000000   -1.000000    0.000000
   77  1    1.199297    1.000000    0.000000   -1.000000    0.000000
   78  1    1.240426    1.000000    0.000000    1.000000    0.000000
   79  1    1.258439    1.000000    0.000000   -1.000000    0.000000
   80  1    1.274537    1.000000    0.000000   -1.000000    0.000000
   81  1    1.308211    1.000000    0.000000   -1.000000    0.000000
   82  1    1.311096    1.000000    0.000000   -1.000000    0.000000
   83  1    1.337792    1.000000    0.000000    1.000000    0.000000
   84  1    1.447503    1.000000    0.000000    1.000000    0.000000
   85  1    1.526502    1.000000    0.000000    1.000000    0.000000
   86  1    1.558149    1.000000    0.000000    1.000000    0.000000
   87  1    1.568776    1.000000    0.000000    1.000000    0.000000
   88  1    1.594260    1.000000    0.000000    1.000000    0.000000
   89  1    1.639222    1.000000    0.000000    1.000000    0.000000
   90  1    1.666743    1.000000    0.000000    1.000000    0.000000
   91  1    1.692009    1.000000    0.000000    1.000000    0.000000
   92  1    1.834557    1.000000    0.000000    0.999999    0.000000
   93  1    1.838010    1.000000    0.000000   -1.000000    0.000000
   94  1    1.840476    1.000000    0.000000   -1.000000    0.000000
   95  1    1.920202    1.000000    0.000000    1.000000    0.000000
   96  1    1.932303    1.000000    0.000000   -1.000000    0.000000
   97  1    1.936309    1.000000    0.000000   -1.000000    0.000000
   98  1    1.972730    1.000000    0.000000   -1.000000    0.000000
   99  1    1.987757    1.000000    0.000000   -1.000000    0.000000
  100  1    2.151110    1.000000    0.000000    1.000000    0.000000
  101  1    2.197365    1.000000    0.000000    1.000000    0.000000
  102  1    2.449283    1.000000    0.000000    1.000000    0.000000
  103  1    2.927402    1.000000    0.000000   -1.000000    0.000000
  104  1    2.946153    1.000000    0.000000   -1.000000    0.000000
  105  1    3.017854    1.000000    0.000000   -1.000000    0.000000
  106  1    3.037685    1.000000    0.000000   -1.000000    0.000000
  107  1    3.062146    1.000000    0.000000   -1.000000    0.000000
  108  1    3.102403    1.000000    0.000000   -1.000000    0.000000
  109  1    4.357602    1.000000    0.000000    1.000000    0.000000
  110  1    4.493051    1.000000    0.000000    1.000000    0.000000
  111  1    4.756059    1.000000    0.000000    1.000000    0.000000
  112  1    4.966498    1.000000    0.000000    1.000000    0.000000
  113  1    5.006668    1.000000    0.000000    1.000000    0.000000
  114  1    5.018459    1.000000    0.000000    1.000000    0.000000
  115  1    5.313374    1.000000    0.000000    1.000000    0.000000
  116  1    5.788637    1.000000    0.000000    1.000000    0.000000
  117  1    6.234661    1.000000    0.000000    0.999999    0.000000
  118  1    6.270897    1.000000    0.000000    0.999983    0.000000
  119  1    6.369197    1.000000    0.000000    0.999959    0.000000
  120  1    6.413673    1.000000    0.000000    0.999976    0.000000
  121  1    6.425899    1.000000    0.000000    0.999982    0.000000
  122  1    6.435444    1.000000    0.000000    0.999994    0.000000
  123  1    6.446530    1.000000    0.000000    0.999968    0.000000
  124  1    6.476532    1.000000    0.000000    0.999973    0.000000
  125  1    6.600729    1.000000    0.000000    0.999846    0.000000
  126  1    6.617154    1.000000    0.000000    0.999878    0.000000
  127  1    6.711173    1.000000    0.000000    0.999934    0.000000
  128  1    6.837889    1.000000    0.000000    0.999940    0.000000
  129  1    6.881744    1.000000    0.000000    0.999846    0.000000
  130  1    6.897779    1.000000    0.000000    0.999862    0.000000
  131  1    7.096591    1.000000    0.000000    0.998707    0.000000
  132  1    7.181736    1.000000    0.000000    0.995371    0.000000
  133  1    7.361001    1.000000    0.000000    0.960321    0.000000
  134  1    7.392778    1.000000    0.000000    0.981353    0.000000
  135  1    7.407641    1.000000    0.000000    0.958676    0.000000
  136  1    7.516672    1.000000    0.000000    0.924964    0.000000
  2
    1    2
    1  2  -38.601797    2.000000    0.000000   -0.000002    0.000000
    3  2  -38.600465    2.000000    0.000000   -0.000001    0.000000
    5  2  -38.315963    2.000000    0.000000   -0.000010    0.000000
    7  2  -38.314227    2.000000    0.000000    0.000007    0.000000
    9  3  -38.312871    3.000000    0.000000   -0.252177    0.000000
   12  1  -38.311817    1.000000    0.000000    0.252173    0.000000
   13  1  -36.309499    1.000000    0.000000    1.000000    0.000000
   14  1  -36.261089    1.000000    0.000000   -1.000000    0.000000
   15  1  -36.196704    1.000000    0.000000   -1.000000    0.000000
   16  1  -36.180159    1.000000    0.000000   -1.000000    0.000000
   17  1  -36.016978    1.000000    0.000000   -1.000000    0.000000
   18  1  -35.933998    1.000000    0.000000   -1.000000    0.000000
   19  1  -35.903751    1.000000    0.000000   -1.000000    0.000000
   20  1  -35.893023    1.000000    0.000000    1.000000    0.000000
   21  1  -35.600473    1.000000    0.000000    1.000000    0.000000
   22  1  -35.526710    1.000000    0.000000   -1.000000    0.000000
   23  1  -35.447738    1.000000    0.000000   -1.000000    0.000000
   24  1  -35.428449    1.000000    0.000000   -1.000000    0.000000
   25  1  -34.521913    1.000000    0.000000    1.000000    0.000000
   26  1  -34.478224    1.000000    0.000000   -1.000000    0.000000
   27  1  -34.287654    1.000000    0.000000   -1.000000    0.000000
   28  1  -34.265484    1.000000    0.000000   -1.000000    0.000000
   29  1  -33.966986    1.000000    0.000000   -1.000000    0.000000
   30  1  -33.945198    1.000000    0.000000   -1.000000    0.000000
   31  1  -33.782040    1.000000    0.000000   -1.000000    0.000000
   32  1  -33.651197    1.000000    0.000000    1.000000    0.000000
   33  1  -33.463035    1.000000    0.000000    1.000000    0.000000
   34  1  -33.381952    1.000000    0.000000   -1.000000    0.000000
   35  1  -33.144654    1.000000    0.000000   -1.000000    0.000000
   36  1  -33.113154    1.000000    0.000000   -1.000000    0.000000
   37  1   -9.316494    1.000000    0.000000    1.000000    0.000000
   38  1   -9.313128    1.000000    0.000000    1.000000    0.000000
   39  1   -8.982881    1.000000    0.000000   -1.000000    0.000000
   40  1   -8.956134    1.000000    0.000000   -1.000000    0.000000
   41  1   -8.415271    1.000000    0.000000    1.000000    0.000000
   42  1   -8.373127    1.000000    0.000000    1.000000    0.000000
   43  1   -8.338379    1.000000    0.000000   -1.000000    0.000000
   44  1   -8.321846    1.000000    0.000000   -1.000000    0.000000
   45  1   -8.311044    1.000000    0.000000    1.000000    0.000000
   46  1   -8.302299    1.000000    0.000000   -1.000000    0.000000
   47  1   -8.279781    1.000000    0.000000    1.000000    0.000000
   48  1   -8.266452    1.000000    0.000000   -1.000000    0.000000
   49  1   -8.230291    1.000000    0.000000    1.000000    0.000000
   50  1   -8.206030    1.000000    0.000000   -1.000000    0.000000
   51  1   -8.199821    1.000000    0.000000    1.000000    0.000000
   52  1   -8.165296    1.000000    0.000000   -1.000000    0.000000
   53  1   -1.637672    1.000000    0.000000    1.000000    0.000000
   54  1   -1.185932    1.000000    0.000000   -1.000000    0.000000
   55  1   -1.138332    1.000000    0.000000    1.000000    0.000000
   56  1   -1.090083    1.000000    0.000000    1.000000    0.000000
   57  1   -0.992186    1.000000    0.000000    1.000000    0.000000
   58  1   -0.922604    1.000000    0.000000   -1.000000    0.000000
   59  1   -0.673468    1.000000    0.000000    1.000000    0.000000
   60  1   -0.626172    1.000000    0.000000    1.000000    0.000000
   61  1   -0.483528    1.000000    0.000000   -1.000000    0.000000
   62  1   -0.374639    1.000000    0.000000   -1.000000    0.000000
   63  1   -0.305449    1.000000    0.000000    1.000000    0.000000
   64  1   -0.279162    1.000000    0.000000   -1.000000    0.000000
   65  1   -0.210884    1.000000    0.000000   -1.000000    0.000000
   66  1    0.019562    1.000000    0.000000    1.000000    0.000000
   67  1    0.087224    1.000000    0.000000    1.000000    0.000000
   68  1    0.193465    1.000000    0.000000   -1.000000    0.000000
   69  1    0.260401    1.000000    0.000000    1.000000    0.000000
   70  1    0.405895    1.000000    0.000000   -1.000000    0.000000
   71  1    0.478492    1.000000    0.000000   -1.000000    0.000000
   72  1    0.544776    1.000000    0.000000    1.000000    0.000000
   73  1    0.551182    1.000000    0.000000    1.000000    0.000000
   74  1    0.616255    1.000000    0.000000    1.000000    0.000000
   75  1    0.643914    1.000000    0.000000    1.000000    0.000000
   76  1    0.651094    1.000000    0.000000    1.000000    0.000000
   77  1    0.762168    1.000000    0.000000   -1.000000    0.000000
   78  2    0.827463    2.000000    0.000000   -0.000019    0.000000
   80  1    0.897287    1.000000    0.000000   -1.000000    0.000000
   81  1    0.982819    1.000000    0.000000    1.000000    0.000000
   82  1    0.991618    1.000000    0.000000   -1.000000    0.000000
   83  1    1.075557    1.000000    0.000000   -1.000000    0.000000
   84  1    1.172280    1.000000    0.000000    1.000000    0.000000
   85  1    1.254661    1.000000    0.000000   -1.000000    0.000000
   86  1    1.300916    1.000000    0.000000   -1.000000    0.000000
   87  1    1.323004    1.000000    0.000000    1.000000    0.000000
   88  1    1.364523    1.000000    0.000000    1.000000    0.000000
   89  1    1.368090    1.000000    0.000000    1.000000    0.000000
   90  1    1.390521    1.000000    0.000000   -1.000000    0.000000
   91  1    1.462928    1.000000    0.000000    1.000000    0.000000
   92  1    1.466297    1.000000    0.000000   -1.000000    0.000000
   93  1    1.630866    1.000000    0.000000    1.000000    0.000000
   94  1    1.875849    1.000000    0.000000    1.000000    0.000000
   95  1    1.918522    1.000000    0.000000   -1.000000    0.000000
   96  1    1.962524    1.000000    0.000000   -1.000000    0.000000
   97  1    2.007030    1.000000    0.000000    1.000000    0.000000
   98  1    2.077659    1.000000    0.000000    1.000000    0.000000
   99  1    2.145663    1.000000    0.000000    1.000000    0.000000
  100  1    2.167289    1.000000    0.000000   -1.000000    0.000000
  101  1    2.173763    1.000000    0.000000   -1.000000    0.000000
  102  1    2.338530    1.000000    0.000000    1.000000    0.000000
  103  1    2.429135    1.000000    0.000000    1.000000    0.000000
  104  1    2.488068    1.000000    0.000000    1.000000    0.000000
  105  1    2.662764    1.000000    0.000000   -1.000000    0.000000
  106  1    2.687487    1.000000    0.000000   -1.000000    0.000000
  107  1    2.720346    1.000000    0.000000   -1.000000    0.000000
  108  1    2.974507    1.000000    0.000000   -1.000000    0.000000
  109  1    4.642441    1.000000    0.000000    1.000000    0.000000
  110  1    4.732679    1.000000    0.000000    1.000000    0.000000
  111  1    4.850381    1.000000    0.000000   -1.000000    0.000000
  112  1    5.025964    1.000000    0.000000    1.000000    0.000000
  113  1    5.506385    1.000000    0.000000    1.000000    0.000000
  114  1    5.585848    1.000000    0.000000    1.000000    0.000000
  115  1    5.807893    1.000000    0.000000    1.000000    0.000000
  116  1    5.857028    1.000000    0.000000   -0.999999    0.000000
  117  1    5.881508    1.000000    0.000000   -1.000000    0.000000
  118  1    5.989924    1.000000    0.000000    1.000000    0.000000
  119  1    6.002376    1.000000    0.000000   -0.999996    0.000000
  120  1    6.031867    1.000000    0.000000    0.999999    0.000000
  121  1    6.093728    1.000000    0.000000    1.000000    0.000000
  122  1    6.169864    1.000000    0.000000    1.000000    0.000000
  123  1    6.197945    1.000000    0.000000    0.999998    0.000000
  124  1    6.369421    1.000000    0.000000    0.999985    0.000000
  125  1    6.438436    1.000000    0.000000   -0.999976    0.000000
  126  1    6.473782    1.000000    0.000000    0.999948    0.000000
  127  1    6.526373    1.000000    0.000000    0.999980    0.000000
  128  1    6.645171    1.000000    0.000000    0.999999    0.000000
  129  1    6.815137    1.000000    0.000000   -0.999683    0.000000
  130  1    6.846933    1.000000    0.000000    0.998658    0.000000
  131  1    6.864329    1.000000    0.000000    0.998233    0.000000
  132  1    6.948369    1.000000    0.000000    0.996451    0.000000
  133  1    7.050647    1.000000    0.000000   -0.987398    0.000000
  134  1    7.120841    1.000000    0.000000   -0.820541    0.000000
  135  1    7.346731    1.000000    0.000000    0.991315    0.000000
  136  1    7.449348    1.000000    0.000000    0.992491    0.000000
  2
    1    2
    1  2  -38.601806    2.000000    0.000000    0.000003    0.000000
    3  2  -38.600474    2.000000    0.000000    0.000003    0.000000
    5  2  -38.315974    2.000000    0.000000    0.000001    0.000000
    7  2  -38.314231    2.000000    0.000000    0.000004    0.000000
    9  3  -38.312876    3.000000    0.000000   -0.091148    0.000000
   12  1  -38.311830    1.000000    0.000000    0.091153    0.000000
   13  1  -36.310084    1.000000    0.000000   -1.000000    0.000000
   14  1  -36.260428    1.000000    0.000000   -1.000000    0.000000
   15  1  -36.196640    1.000000    0.000000    1.000000    0.000000
   16  1  -36.180151    1.000000    0.000000    1.000000    0.000000
   17  1  -36.016979    1.000000    0.000000   -1.000000    0.000000
   18  1  -35.934075    1.000000    0.000000    1.000000    0.000000
   19  1  -35.903745    1.000000    0.000000    1.000000    0.000000
   20  1  -35.893000    1.000000    0.000000   -1.000000    0.000000
   21  1  -35.600487    1.000000    0.000000   -1.000000    0.000000
   22  1  -35.526476    1.000000    0.000000   -1.000000    0.000000
   23  1  -35.447830    1.000000    0.000000    1.000000    0.000000
   24  1  -35.428668    1.000000    0.000000    1.000000    0.000000
   25  1  -34.523006    1.000000    0.000000   -1.000000    0.000000
   26  1  -34.477133    1.000000    0.000000   -1.000000    0.000000
   27  1  -34.287570    1.000000    0.000000    1.000000    0.000000
   28  1  -34.265406    1.000000    0.000000    1.000000    0.000000
   29  1  -33.966940    1.000000    0.000000    1.000000    0.000000
   30  1  -33.945188    1.000000    0.000000    1.000000    0.000000
   31  1  -33.782187    1.000000    0.000000   -1.000000    0.000000
   32  1  -33.651166    1.000000    0.000000   -1.000000    0.000000
   33  1  -33.463106    1.000000    0.000000   -1.000000    0.000000
   34  1  -33.381808    1.000000    0.000000   -1.000000    0.000000
   35  1  -33.144773    1.000000    0.000000    1.000000    0.000000
   36  1  -33.113225    1.000000    0.000000    1.000000    0.000000
   37  1   -9.120330    1.000000    0.000000    1.000000    0.000000
   38  1   -9.107154    1.000000    0.000000    1.000000    0.000000
   39  2   -9.030602    2.000000    0.000000   -2.000000    0.000000
   41  1   -8.520029    1.000000    0.000000   -1.000000    0.000000
   42  1   -8.472739    1.000000    0.000000   -1.000000    0.000000
   43  1   -8.467656    1.000000    0.000000   -1.000000    0.000000
   44  1   -8.422666    1.000000    0.000000   -1.000000    0.000000
   45  1   -8.401413    1.000000    0.000000    1.000000    0.000000
   46  1   -8.367636    1.000000    0.000000    1.000000    0.000000
   47  1   -8.347828    1.000000    0.000000    1.000000    0.000000
   48  1   -8.316584    1.000000    0.000000    1.000000    0.000000
   49  1   -8.221604    1.000000    0.000000    1.000000    0.000000
   50  1   -8.171129    1.000000    0.000000    1.000000    0.000000
   51  1   -8.071297    1.000000    0.000000   -1.000000    0.000000
   52  1   -8.036055    1.000000    0.000000   -1.000000    0.000000
   53  1   -1.289269    1.000000    0.000000    1.000000    0.000000
   54  1   -1.095728    1.000000    0.000000   -1.000000    0.000000
   55  1   -0.741303    1.000000    0.000000    1.000000    0.000000
   56  1   -0.739312    1.000000    0.000000   -1.000000    0.000000
   57  1   -0.645030    1.000000    0.000000   -1.000000    0.000000
   58  1   -0.631389    1.000000    0.000000   -1.000000    0.000000
   59  1   -0.502976    1.000000    0.000000    1.000000    0.000000
   60  1   -0.462531    1.000000    0.000000    1.000000    0.000000
   61  1   -0.330987    1.000000    0.000000   -0.999999    0.000000
   62  1   -0.327307    1.000000    0.000000    0.999999    0.000000
   63  1   -0.304598    1.000000    0.000000    1.000000    0.000000
   64  1   -0.190691    1.000000    0.000000   -1.000000    0.000000
   65  1   -0.119610    1.000000    0.000000    1.000000    0.000000
   66  1   -0.018455    1.000000    0.000000    1.000000    0.000000
   67  1    0.080287    1.000000    0.000000   -1.000000    0.000000
   68  1    0.208274    1.000000    0.000000   -1.000000    0.000000
   69  1    0.263513    1.000000    0.000000   -1.000000    0.000000
   70  1    0.282022    1.000000    0.000000    1.000000    0.000000
   71  1    0.293757    1.000000    0.000000   -1.000000    0.000000
   72  1    0.351827    1.000000    0.000000   -1.000000    0.000000
   73  1    0.443766    1.000000    0.000000    1.000000    0.000000
   74  1    0.482529    1.000000    0.000000    1.000000    0.000000
   75  1    0.595142    1.000000    0.000000    1.000000    0.000000
   76  1    0.640010    1.000000    0.000000   -1.000000    0.000000
   77  1    0.668124    1.000000    0.000000   -1.000000    0.000000
   78  1    0.700678    1.000000    0.000000   -0.999992    0.000000
   79  1    0.703548    1.000000    0.000000    0.999992    0.000000
   80  1    0.753685    1.000000    0.000000   -1.000000    0.000000
   81  1    0.782874    1.000000    0.000000    1.000000    0.000000
   82  1    0.866976    1.000000    0.000000    1.000000    0.000000
   83  1    0.912852    1.000000    0.000000    1.000000    0.000000
   84  1    1.003563    1.000000    0.000000    1.000000    0.000000
   85  1    1.008035    1.000000    0.000000   -1.000000    0.000000
   86  1    1.087382    1.000000    0.000000   -1.000000    0.000000
   87  1    1.124009    1.000000    0.000000    1.000000    0.000000
   88  1    1.153858    1.000000    0.000000    1.000000    0.000000
   89  1    1.259541    1.000000    0.000000   -1.000000    0.000000
   90  1    1.524420    1.000000    0.000000    1.000000    0.000000
   91  1    1.529654    1.000000    0.000000   -1.000000    0.000000
   92  1    1.543347    1.000000    0.000000   -1.000000    0.000000
   93  1    1.549641    1.000000    0.000000    1.000000    0.000000
   94  1    1.609747    1.000000    0.000000   -1.000000    0.000000
   95  1    1.792214    1.000000    0.000000   -1.000000    0.000000
   96  1    1.912229    1.000000    0.000000    1.000000    0.000000
   97  1    1.954149    1.000000    0.000000   -1.000000    0.000000
   98  1    2.083457    1.000000    0.000000    1.000000    0.000000
   99  1    2.117495    1.000000    0.000000    1.000000    0.000000
  100  1    2.166026    1.000000    0.000000    1.000000    0.000000
  101  1    2.174279    1.000000    0.000000   -1.000000    0.000000
  102  1    2.339356    1.000000    0.000000   -1.000000    0.000000
  103  1    2.367469    1.000000    0.000000   -1.000000    0.000000
  104  1    2.394422    1.000000    0.000000    1.000000    0.000000
  105  1    2.524048    1.000000    0.000000    1.000000    0.000000
  106  1    2.564953    1.000000    0.000000   -1.000000    0.000000
  107  1    2.607357    1.000000    0.000000   -1.000000    0.000000
  108  1    3.019067    1.000000    0.000000    1.000000    0.000000
  109  1    4.665838    1.000000    0.000000    1.000000    0.000000
  110  1    4.787145    1.000000    0.000000   -1.000000    0.000000
  111  1    4.944779    1.000000    0.000000    1.000000    0.000000
  112  1    5.128945    1.000000    0.000000   -1.000000    0.000000
  113  1    5.317501    1.000000    0.000000   -1.000000    0.000000
  114  1    5.330365    1.000000    0.000000   -1.000000    0.000000
  115  1    5.392021    1.000000    0.000000    1.000000    0.000000
  116  1    5.450572    1.000000    0.000000    1.000000    0.000000
  117  1    5.463387    1.000000    0.000000    1.000000    0.000000
  118  1    5.917665    1.000000    0.000000   -1.000000    0.000000
  119  1    6.025439    1.000000    0.000000   -1.000000    0.000000
  120  1    6.043689    1.000000    0.000000    1.000000    0.000000
  121  1    6.216151    1.000000    0.000000   -0.999998    0.000000
  122  1    6.260892    1.000000    0.000000    0.999998    0.000000
  123  1    6.331984    1.000000    0.000000    0.999992    0.000000
  124  1    6.369016    1.000000    0.000000    0.999989    0.000000
  125  1    6.377439    1.000000    0.000000    0.999998    0.000000
  126  1    6.381990    1.000000    0.000000   -0.999996    0.000000
  127  1    6.442674    1.000000    0.000000   -0.999992    0.000000
  128  1    6.517053    1.000000    0.000000   -0.999994    0.000000
  129  1    6.565832    1.000000    0.000000    0.999914    0.000000
  130  1    6.601412    1.000000    0.000000   -0.999918    0.000000
  131  1    6.858085    1.000000    0.000000    0.999841    0.000000
  132  1    7.093495    1.000000    0.000000   -0.980775    0.000000
  133  1    7.131380    1.000000    0.000000   -0.995931    0.000000
  134  1    7.280191    1.000000    0.000000    0.770531    0.000000
  135  1    7.359982    1.000000    0.000000    0.691270    0.000000
  136  1    7.401871    1.000000    0.000000    0.906565    0.000000
  2
    1    2
    1  2  -38.601811    2.000000    0.000000    0.000000    0.000000
    3  2  -38.600479    2.000000    0.000000   -0.000000    0.000000
    5  2  -38.315981    2.000000    0.000000    0.000011    0.000000
    7  2  -38.314238    2.000000    0.000000   -0.000011    0.000000
    9  3  -38.312883    3.000000    0.000000    0.242416    0.000000
   12  1  -38.311833    1.000000    0.000000   -0.242416    0.000000
   13  1  -36.309509    1.000000    0.000000    1.000000    0.000000
   14  1  -36.261025    1.000000    0.000000   -1.000000    0.000000
   15  1  -36.196642    1.000000    0.000000    1.000000    0.000000
   16  1  -36.180147    1.000000    0.000000   -1.000000    0.000000
   17  1  -36.016948    1.000000    0.000000   -1.000000    0.000000
   18  1  -35.935484    1.000000    0.000000    1.000000    0.000000
   19  1  -35.903747    1.000000    0.000000   -1.000000    0.000000
   20  1  -35.891586    1.000000    0.000000    1.000000    0.000000
   21  1  -35.600479    1.000000    0.000000    1.000000    0.000000
   22  1  -35.526680    1.000000    0.000000   -1.000000    0.000000
   23  1  -35.445828    1.000000    0.000000    1.000000    0.000000
   24  1  -35.430515    1.000000    0.000000   -1.000000    0.000000
   25  1  -34.521907    1.000000    0.000000    1.000000    0.000000
   26  1  -34.478212    1.000000    0.000000   -1.000000    0.000000
   27  1  -34.287582    1.000000    0.000000    1.000000    0.000000
   28  1  -34.265489    1.000000    0.000000   -1.000000    0.000000
   29  1  -33.967084    1.000000    0.000000    1.000000    0.000000
   30  1  -33.945239    1.000000    0.000000   -1.000000    0.000000
   31  1  -33.782135    1.000000    0.000000   -1.000000    0.000000
   32  1  -33.651021    1.000000    0.000000    1.000000    0.000000
   33  1  -33.463035    1.000000    0.000000    1.000000    0.000000
   34  1  -33.381940    1.000000    0.000000   -1.000000    0.000000
   35  1  -33.141360    1.000000    0.000000    1.000000    0.000000
   36  1  -33.116500    1.000000    0.000000   -1.000000    0.000000
   37  1   -9.085829    1.000000    0.000000   -0.999998    0.000000
   38  1   -9.077292    1.000000    0.000000   -0.999997    0.000000
   39  1   -9.074911    1.000000    0.000000    0.999998    0.000000
   40  1   -9.068428    1.000000    0.000000    0.999997    0.000000
   41  1   -8.516462    1.000000    0.000000    1.000000    0.000000
   42  1   -8.487728    1.000000    0.000000   -1.000000    0.000000
   43  1   -8.466034    1.000000    0.000000    1.000000    0.000000
   44  1   -8.440157    1.000000    0.000000   -1.000000    0.000000
   45  1   -8.372095    1.000000    0.000000   -0.999999    0.000000
   46  1   -8.365068    1.000000    0.000000    0.999999    0.000000
   47  1   -8.338464    1.000000    0.000000   -0.999999    0.000000
   48  1   -8.332547    1.000000    0.000000    0.999999    0.000000
   49  1   -8.143434    1.000000    0.000000   -1.000000    0.000000
   50  1   -8.131950    1.000000    0.000000    1.000000    0.000000
   51  1   -8.105840    1.000000    0.000000   -1.000000    0.000000
   52  1   -8.094350    1.000000    0.000000    1.000000    0.000000
   53  1   -1.156645    1.000000    0.000000    0.999994    0.000000
   54  1   -1.153223    1.000000    0.000000   -0.999993    0.000000
   55  1   -0.713677    1.000000    0.000000   -1.000000    0.000000
   56  1   -0.703134    1.000000    0.000000    1.000000    0.000000
   57  1   -0.686462    1.000000    0.000000    1.000000    0.000000
   58  1   -0.679172    1.000000    0.000000   -1.000000    0.000000
   59  1   -0.586179    1.000000    0.000000   -1.000000    0.000000
   60  1   -0.562790    1.000000    0.000000    1.000000    0.000000
   61  1   -0.335513    1.000000    0.000000    0.999999    0.000000
   62  1   -0.328566    1.000000    0.000000   -0.999999    0.000000
   63  1   -0.285078    1.000000    0.000000   -1.000000    0.000000
   64  1   -0.265908    1.000000    0.000000    1.000000    0.000000
   65  1    0.048780    1.000000    0.000000    1.000000    0.000000
   66  1    0.076977    1.000000    0.000000   -1.000000    0.000000
   67  1    0.090684    1.000000    0.000000   -0.999997    0.000000
   68  1    0.095548    1.000000    0.000000    0.999997    0.000000
   69  1    0.329288    1.000000    0.000000    1.000000    0.000000
   70  2    0.339800    2.000000    0.000000    0.000010    0.000000
   72  1    0.360155    1.000000    0.000000   -1.000000    0.000000
   73  1    0.425726    1.000000    0.000000    1.000000    0.000000
   74  1    0.438074    1.000000    0.000000   -1.000000    0.000000
   75  1    0.502679    1.000000    0.000000   -0.999999    0.000000
   76  1    0.507741    1.000000    0.000000    0.999999    0.000000
   77  1    0.680613    1.000000    0.000000   -1.000000    0.000000
   78  1    0.688222    1.000000    0.000000    1.000000    0.000000
   79  1    0.726299    1.000000    0.000000   -1.000000    0.000000
   80  1    0.745983    1.000000    0.000000    1.000000    0.000000
   81  2    0.782488    2.000000    0.000000    0.000005    0.000000
   83  1    0.796419    1.000000    0.000000   -1.000000    0.000000
   84  1    0.862824    1.000000    0.000000    1.000000    0.000000
   85  1    1.073703    1.000000    0.000000    0.999992    0.000000
   86  1    1.075877    1.000000    0.000000   -0.999992    0.000000
   87  1    1.268725    1.000000    0.000000   -0.999998    0.000000
   88  1    1.275796    1.000000    0.000000    0.999998    0.000000
   89  1    1.357127    1.000000    0.000000    1.000000    0.000000
   90  1    1.365903    1.000000    0.000000   -1.000000    0.000000
   91  1    1.532971    1.000000    0.000000   -1.000000    0.000000
   92  1    1.534493    1.000000    0.000000    1.000000    0.000000
   93  1    1.647607    1.000000    0.000000   -1.000000    0.000000
   94  1    1.680120    1.000000    0.000000    1.000000    0.000000
   95  1    1.829247    1.000000    0.000000    1.000000    0.000000
   96  1    1.853029    1.000000    0.000000   -1.000000    0.000000
   97  1    2.042780    1.000000    0.000000   -1.000000    0.000000
   98  1    2.047314    1.000000    0.000000    1.000000    0.000000
   99  1    2.076534    1.000000    0.000000    1.000000    0.000000
  100  1    2.091166    1.000000    0.000000   -1.000000    0.000000
  101  1    2.338683    1.000000    0.000000    1.000000    0.000000
  102  1    2.351350    1.000000    0.000000   -1.000000    0.000000
  103  1    2.368198    1.000000    0.000000   -1.000000    0.000000
  104  1    2.374545    1.000000    0.000000    1.000000    0.000000
  105  1    2.628027    1.000000    0.000000    1.000000    0.000000
  106  1    2.656607    1.000000    0.000000   -1.000000    0.000000
  107  1    2.730133    1.000000    0.000000    0.999997    0.000000
  108  1    2.735079    1.000000    0.000000   -0.999997    0.000000
  109  1    4.869179    1.000000    0.000000   -1.000000    0.000000
  110  1    4.879894    1.000000    0.000000   -1.000000    0.000000
  111  1    4.887300    1.000000    0.000000    1.000000    0.000000
  112  1    4.915701    1.000000    0.000000    1.000000    0.000000
  113  1    5.296462    1.000000    0.000000    1.000000    0.000000
  114  1    5.349038    1.000000    0.000000   -1.000000    0.000000
  115  1    5.468085    1.000000    0.000000   -1.000000    0.000000
  116  1    5.490393    1.000000    0.000000   -1.000000    0.000000
  117  1    5.492372    1.000000    0.000000    1.000000    0.000000
  118  1    5.546422    1.000000    0.000000    1.000000    0.000000
  119  1    5.983026    1.000000    0.000000   -0.999998    0.000000
  120  1    5.986083    1.000000    0.000000    1.000000    0.000000
  121  1    6.298932    1.000000    0.000000    0.999995    0.000000
  122  1    6.303730    1.000000    0.000000   -0.999990    0.000000
  123  1    6.331188    1.000000    0.000000   -0.999987    0.000000
  124  1    6.338974    1.000000    0.000000    0.999999    0.000000
  125  1    6.378523    1.000000    0.000000   -0.999993    0.000000
  126  1    6.408308    1.000000    0.000000    0.999979    0.000000
  127  1    6.457512    1.000000    0.000000   -0.999989    0.000000
  128  1    6.471574    1.000000    0.000000    0.999997    0.000000
  129  1    6.745346    1.000000    0.000000    0.999732    0.000000
  130  1    6.791514    1.000000    0.000000   -0.999455    0.000000
  131  1    7.041101    1.000000    0.000000    0.993137    0.000000
  132  1    7.052487    1.000000    0.000000   -0.988653    0.000000
  133  1    7.204589    1.000000    0.000000   -0.883712    0.000000
  134  1    7.227375    1.000000    0.000000    0.904425    0.000000
  135  1    7.313902    1.000000    0.000000   -0.573868    0.000000
  136  1    7.383824    1.000000    0.000000   -0.529262    0.000000
  2
    1    2
    1  2  -38.601811    2.000000    0.000000    0.000000    0.000000
    3  2  -38.600479    2.000000    0.000000    0.000000    0.000000
    5  2  -38.315980    2.000000    0.000000    0.000001    0.000000
    7  2  -38.314236    2.000000    0.000000    0.000000    0.000000
    9  3  -38.312880    3.000000    0.000000    0.039507    0.000000
   12  1  -38.311836    1.000000    0.000000   -0.039507    0.000000
   13  1  -36.309536    1.000000    0.000000    1.000000    0.000000
   14  1  -36.260996    1.000000    0.000000   -1.000000    0.000000
   15  1  -36.196690    1.000000    0.000000   -1.000000    0.000000
   16  1  -36.180177    1.000000    0.000000    1.000000    0.000000
   17  1  -36.017011    1.000000    0.000000   -1.000000    0.000000
   18  1  -35.933976    1.000000    0.000000   -1.000000    0.000000
   19  1  -35.904047    1.000000    0.000000    1.000000    0.000000
   20  1  -35.892748    1.000000    0.000000    1.000000    0.000000
   21  1  -35.600473    1.000000    0.000000    1.000000    0.000000
   22  1  -35.526602    1.000000    0.000000   -1.000000    0.000000
   23  1  -35.445722    1.000000    0.000000   -1.000000    0.000000
   24  1  -35.430608    1.000000    0.000000    1.000000    0.000000
   25  1  -34.521913    1.000000    0.000000    1.000000    0.000000
   26  1  -34.478218    1.000000    0.000000   -1.000000    0.000000
   27  1  -34.287648    1.000000    0.000000   -1.000000    0.000000
   28  1  -34.265440    1.000000    0.000000    1.000000    0.000000
   29  1  -33.966943    1.000000    0.000000   -1.000000    0.000000
   30  1  -33.945315    1.000000    0.000000    1.000000    0.000000
   31  1  -33.782069    1.000000    0.000000   -1.000000    0.000000
   32  1  -33.651193    1.000000    0.000000    1.000000    0.000000
   33  1  -33.462969    1.000000    0.000000    1.000000    0.000000
   34  1  -33.381948    1.000000    0.000000   -1.000000    0.000000
   35  1  -33.141340    1.000000    0.000000   -1.000000    0.000000
   36  1  -33.116513    1.000000    0.000000    1.000000    0.000000
   37  1   -9.087771    1.000000    0.000000    0.999999    0.000000
   38  1   -9.078986    1.000000    0.000000    0.999999    0.000000
   39  1   -9.072890    1.000000    0.000000   -0.999999    0.000000
   40  1   -9.066704    1.000000    0.000000   -0.999998    0.000000
   41  1   -8.516607    1.000000    0.000000   -1.000000    0.000000
   42  1   -8.487480    1.000000    0.000000    1.000000    0.000000
   43  1   -8.466130    1.000000    0.000000   -1.000000    0.000000
   44  1   -8.440053    1.000000    0.000000    1.000000    0.000000
   45  1   -8.370226    1.000000    0.000000   -0.999995    0.000000
   46  1   -8.366991    1.000000    0.000000    0.999995    0.000000
   47  1   -8.336633    1.000000    0.000000   -0.999988    0.000000
   48  1   -8.334473    1.000000    0.000000    0.999989    0.000000
   49  1   -8.146937    1.000000    0.000000    1.000000    0.000000
   50  1   -8.128599    1.000000    0.000000   -1.000000    0.000000
   51  1   -8.108287    1.000000    0.000000    1.000000    0.000000
   52  1   -8.091821    1.000000    0.000000   -1.000000    0.000000
   53  1   -1.166915    1.000000    0.000000    1.000000    0.000000
   54  1   -1.144294    1.000000    0.000000   -1.000000    0.000000
   55  1   -0.715002    1.000000    0.000000    1.000000    0.000000
   56  1   -0.701652    1.000000    0.000000   -1.000000    0.000000
   57  1   -0.694003    1.000000    0.000000   -1.000000    0.000000
   58  1   -0.671325    1.000000    0.000000    1.000000    0.000000
   59  1   -0.582493    1.000000    0.000000   -1.000000    0.000000
   60  1   -0.565631    1.000000    0.000000    1.000000    0.000000
   61  1   -0.332935    1.000000    0.000000   -0.999989    0.000000
   62  1   -0.330913    1.000000    0.000000    0.999989    0.000000
   63  1   -0.285234    1.000000    0.000000    1.000000    0.000000
   64  1   -0.265112    1.000000    0.000000   -1.000000    0.000000
   65  1    0.044883    1.000000    0.000000    1.000000    0.000000
   66  1    0.080196    1.000000    0.000000   -1.000000    0.000000
   67  1    0.090658    1.000000    0.000000    0.999990    0.000000
   68  1    0.093565    1.000000    0.000000   -0.999990    0.000000
   69  1    0.327851    1.000000    0.000000    1.000000    0.000000
   70  1    0.331414    1.000000    0.000000   -1.000000    0.000000
   71  1    0.353763    1.000000    0.000000   -0.999999    0.000000
   72  1    0.358633    1.000000    0.000000    0.999999    0.000000
   73  1    0.420856    1.000000    0.000000   -1.000000    0.000000
   74  1    0.442290    1.000000    0.000000    1.000000    0.000000
   75  1    0.491159    1.000000    0.000000   -1.000000    0.000000
   76  1    0.520046    1.000000    0.000000    1.000000    0.000000
   77  1    0.680326    1.000000    0.000000    1.000000    0.000000
   78  1    0.686163    1.000000    0.000000   -1.000000    0.000000
   79  1    0.729050    1.000000    0.000000    1.000000    0.000000
   80  1    0.742217    1.000000    0.000000   -1.000000    0.000000
   81  1    0.780228    1.000000    0.000000   -0.999999    0.000000
   82  1    0.787417    1.000000    0.000000    1.000000    0.000000
   83  1    0.830514    1.000000    0.000000   -0.999997    0.000000
   84  1    0.833344    1.000000    0.000000    0.999998    0.000000
   85  1    1.069863    1.000000    0.000000    1.000000    0.000000
   86  1    1.078020    1.000000    0.000000   -0.999999    0.000000
   87  1    1.246755    1.000000    0.000000    1.000000    0.000000
   88  1    1.308506    1.000000    0.000000   -1.000000    0.000000
   89  1    1.354311    1.000000    0.000000    1.000000    0.000000
   90  1    1.359282    1.000000    0.000000   -1.000000    0.000000
   91  1    1.531722    1.000000    0.000000    1.000000    0.000000
   92  1    1.537348    1.000000    0.000000   -1.000000    0.000000
   93  1    1.645183    1.000000    0.000000    1.000000    0.000000
   94  1    1.683742    1.000000    0.000000   -1.000000    0.000000
   95  1    1.824245    1.000000    0.000000   -1.000000    0.000000
   96  1    1.851903    1.000000    0.000000    1.000000    0.000000
   97  1    2.047086    1.000000    0.000000   -1.000000    0.000000
   98  1    2.054163    1.000000    0.000000    1.000000    0.000000
   99  1    2.066850    1.000000    0.000000   -1.000000    0.000000
  100  1    2.090127    1.000000    0.000000    1.000000    0.000000
  101  1    2.327293    1.000000    0.000000    1.000000    0.000000
  102  1    2.360222    1.000000    0.000000   -1.000000    0.000000
  103  2    2.372194    2.000000    0.000000    0.000000    0.000000
  105  1    2.619550    1.000000    0.000000   -1.000000    0.000000
  106  1    2.658430    1.000000    0.000000    1.000000    0.000000
  107  1    2.720309    1.000000    0.000000   -1.000000    0.000000
  108  1    2.750654    1.000000    0.000000    1.000000    0.000000
  109  1    4.841395    1.000000    0.000000    1.000000    0.000000
  110  1    4.868155    1.000000    0.000000   -1.000000    0.000000
  111  1    4.898912    1.000000    0.000000    1.000000    0.000000
  112  1    4.947785    1.000000    0.000000   -1.000000    0.000000
  113  1    5.288086    1.000000    0.000000   -1.000000    0.000000
  114  1    5.349571    1.000000    0.000000    1.000000    0.000000
  115  1    5.473757    1.000000    0.000000    0.999999    0.000000
  116  1    5.477870    1.000000    0.000000   -0.999999    0.000000
  117  1    5.490003    1.000000    0.000000    1.000000    0.000000
  118  1    5.555255    1.000000    0.000000   -1.000000    0.000000
  119  1    5.971001    1.000000    0.000000   -1.000000    0.000000
  120  1    5.997920    1.000000    0.000000    1.000000    0.000000
  121  1    6.294099    1.000000    0.000000   -0.999997    0.000000
  122  1    6.306462    1.000000    0.000000    0.999994    0.000000
  123  1    6.334636    1.000000    0.000000    0.999996    0.000000
  124  1    6.344424    1.000000    0.000000   -0.999990    0.000000
  125  1    6.378123    1.000000    0.000000    0.999986    0.000000
  126  1    6.415472    1.000000    0.000000   -0.999990    0.000000
  127  1    6.458212    1.000000    0.000000    0.999993    0.000000
  128  1    6.469266    1.000000    0.000000   -0.999995    0.000000
  129  1    6.747138    1.000000    0.000000    0.999703    0.000000
  130  1    6.780391    1.000000    0.000000   -0.999385    0.000000
  131  1    7.043725    1.000000    0.000000    0.500206    0.000000
  132  1    7.048396    1.000000    0.000000   -0.492388    0.000000
  133  1    7.223470    1.000000    0.000000   -0.682506    0.000000
  134  1    7.235382    1.000000    0.000000    0.681393    0.000000
  135  1    7.331902    1.000000    0.000000   -0.093546    0.000000
  136  1    7.360154    1.000000    0.000000   -0.098158    0.000000
  2
    1    2
    1  2  -38.601797    2.000000    0.000000    0.000001    0.000000
    3  2  -38.600465    2.000000    0.000000    0.000002    0.000000
    5  2  -38.315967    2.000000    0.000000   -0.000003    0.000000
    7  2  -38.314219    2.000000    0.000000    0.000006    0.000000
    9  3  -38.312864    3.000000    0.000000   -0.167944    0.000000
   12  1  -38.311823    1.000000    0.000000    0.167948    0.000000
   13  1  -36.309546    1.000000    0.000000    1.000000    0.000000
   14  1  -36.260933    1.000000    0.000000   -1.000000    0.000000
   15  1  -36.196655    1.000000    0.000000    1.000000    0.000000
   16  1  -36.180189    1.000000    0.000000    1.000000    0.000000
   17  1  -36.016979    1.000000    0.000000   -1.000000    0.000000
   18  1  -35.935501    1.000000    0.000000    1.000000    0.000000
   19  1  -35.904042    1.000000    0.000000    1.000000    0.000000
   20  1  -35.891325    1.000000    0.000000    1.000000    0.000000
   21  1  -35.600480    1.000000    0.000000    1.000000    0.000000
   22  1  -35.526557    1.000000    0.000000   -1.000000    0.000000
   23  1  -35.447777    1.000000    0.000000    1.000000    0.000000
   24  1  -35.428594    1.000000    0.000000    1.000000    0.000000
   25  1  -34.521911    1.000000    0.000000    1.000000    0.000000
   26  1  -34.478211    1.000000    0.000000   -1.000000    0.000000
   27  1  -34.287587    1.000000    0.000000    1.000000    0.000000
   28  1  -34.265435    1.000000    0.000000    1.000000    0.000000
   29  1  -33.967131    1.000000    0.000000    1.000000    0.000000
   30  1  -33.945271    1.000000    0.000000    1.000000    0.000000
   31  1  -33.782166    1.000000    0.000000   -1.000000    0.000000
   32  1  -33.651019    1.000000    0.000000    1.000000    0.000000
   33  1  -33.462974    1.000000    0.000000    1.000000    0.000000
   34  1  -33.381939    1.000000    0.000000   -1.000000    0.000000
   35  1  -33.144666    1.000000    0.000000    1.000000    0.000000
   36  1  -33.113173    1.000000    0.000000    1.000000    0.000000
   37  1   -9.315617    1.000000    0.000000   -1.000000    0.000000
   38  1   -9.312190    1.000000    0.000000   -1.000000    0.000000
   39  1   -8.985330    1.000000    0.000000    1.000000    0.000000
   40  1   -8.958024    1.000000    0.000000    1.000000    0.000000
   41  1   -8.415507    1.000000    0.000000   -1.000000    0.000000
   42  1   -8.373339    1.000000    0.000000   -1.000000    0.000000
   43  1   -8.332553    1.000000    0.000000    1.000000    0.000000
   44  1   -8.321555    1.000000    0.000000    1.000000    0.000000
   45  1   -8.312799    1.000000    0.000000   -1.000000    0.000000
   46  1   -8.297807    1.000000    0.000000    1.000000    0.000000
   47  1   -8.281053    1.000000    0.000000   -1.000000    0.000000
   48  1   -8.266315    1.000000    0.000000    1.000000    0.000000
   49  1   -8.229162    1.000000    0.000000   -1.000000    0.000000
   50  1   -8.209547    1.000000    0.000000    1.000000    0.000000
   51  1   -8.198996    1.000000    0.000000   -1.000000    0.000000
   52  1   -8.168077    1.000000    0.000000    1.000000    0.000000
   53  1   -1.645538    1.000000    0.000000   -1.000000    0.000000
   54  1   -1.187497    1.000000    0.000000    1.000000    0.000000
   55  1   -1.138756    1.000000    0.000000   -1.000000    0.000000
   56  1   -1.089634    1.000000    0.000000   -1.000000    0.000000
   57  1   -1.020728    1.000000    0.000000   -1.000000    0.000000
   58  1   -0.923359    1.000000    0.000000    1.000000    0.000000
   59  1   -0.671522    1.000000    0.000000   -1.000000    0.000000
   60  1   -0.625486    1.000000    0.000000   -1.000000    0.000000
   61  1   -0.487026    1.000000    0.000000    1.000000    0.000000
   62  1   -0.375537    1.000000    0.000000    1.000000    0.000000
   63  1   -0.279023    1.000000    0.000000    1.000000    0.000000
   64  1   -0.252506    1.000000    0.000000   -1.000000    0.000000
   65  1   -0.215492    1.000000    0.000000    1.000000    0.000000
   66  1    0.018999    1.000000    0.000000   -1.000000    0.000000
   67  1    0.137276    1.000000    0.000000   -1.000000    0.000000
   68  1    0.192934    1.000000    0.000000    1.000000    0.000000
   69  1    0.269308    1.000000    0.000000   -1.000000    0.000000
   70  1    0.405587    1.000000    0.000000    1.000000    0.000000
   71  1    0.478614    1.000000    0.000000    1.000000    0.000000
   72  1    0.518414    1.000000    0.000000   -1.000000    0.000000
   73  1    0.546653    1.000000    0.000000   -1.000000    0.000000
   74  1    0.613465    1.000000    0.000000   -1.000000    0.000000
   75  1    0.622475    1.000000    0.000000   -1.000000    0.000000
   76  1    0.677946    1.000000    0.000000   -1.000000    0.000000
   77  1    0.756299    1.000000    0.000000   -1.000000    0.000000
   78  1    0.764914    1.000000    0.000000    1.000000    0.000000
   79  1    0.827430    1.000000    0.000000    1.000000    0.000000
   80  1    0.896830    1.000000    0.000000    1.000000    0.000000
   81  1    0.983014    1.000000    0.000000   -1.000000    0.000000
   82  1    0.993869    1.000000    0.000000    1.000000    0.000000
   83  1    1.072588    1.000000    0.000000    1.000000    0.000000
   84  1    1.235506    1.000000    0.000000   -1.000000    0.000000
   85  1    1.257204    1.000000    0.000000    1.000000    0.000000
   86  1    1.299644    1.000000    0.000000    1.000000    0.000000
   87  1    1.326017    1.000000    0.000000   -1.000000    0.000000
   88  1    1.362877    1.000000    0.000000   -1.000000    0.000000
   89  1    1.369402    1.000000    0.000000   -1.000000    0.000000
   90  1    1.395248    1.000000    0.000000    1.000000    0.000000
   91  1    1.467468    1.000000    0.000000    1.000000    0.000000
   92  1    1.482433    1.000000    0.000000   -1.000000    0.000000
   93  1    1.596963    1.000000    0.000000   -1.000000    0.000000
   94  1    1.856153    1.000000    0.000000   -1.000000    0.000000
   95  1    1.915623    1.000000    0.000000    1.000000    0.000000
   96  1    1.964854    1.000000    0.000000    1.000000    0.000000
   97  1    2.011911    1.000000    0.000000   -1.000000    0.000000
   98  1    2.072767    1.000000    0.000000   -1.000000    0.000000
   99  1    2.113109    1.000000    0.000000   -1.000000    0.000000
  100  1    2.165624    1.000000    0.000000    1.000000    0.000000
  101  1    2.174275    1.000000    0.000000    1.000000    0.000000
  102  1    2.351341    1.000000    0.000000   -1.000000    0.000000
  103  1    2.427239    1.000000    0.000000   -1.000000    0.000000
  104  1    2.490725    1.000000    0.000000   -1.000000    0.000000
  105  1    2.664774    1.000000    0.000000    1.000000    0.000000
  106  1    2.688515    1.000000    0.000000    1.000000    0.000000
  107  1    2.720629    1.000000    0.000000    1.000000    0.000000
  108  1    2.973985    1.000000    0.000000    1.000000    0.000000
  109  1    4.650823    1.000000    0.000000   -1.000000    0.000000
  110  1    4.751680    1.000000    0.000000   -1.000000    0.000000
  111  1    4.848931    1.000000    0.000000    1.000000    0.000000
  112  1    5.015350    1.000000    0.000000   -1.000000    0.000000
  113  1    5.504285    1.000000    0.000000   -1.000000    0.000000
  114  1    5.600539    1.000000    0.000000   -1.000000    0.000000
  115  1    5.818041    1.000000    0.000000   -1.000000    0.000000
  116  1    5.853868    1.000000    0.000000    0.999999    0.000000
  117  1    5.884187    1.000000    0.000000    1.000000    0.000000
  118  1    5.975373    1.000000    0.000000   -1.000000    0.000000
  119  1    5.998533    1.000000    0.000000   -1.000000    0.000000
  120  1    6.003874    1.000000    0.000000    0.999999    0.000000
  121  1    6.029591    1.000000    0.000000   -1.000000    0.000000
  122  1    6.201615    1.000000    0.000000   -0.999999    0.000000
  123  1    6.257682    1.000000    0.000000   -1.000000    0.000000
  124  1    6.362765    1.000000    0.000000   -0.999995    0.000000
  125  1    6.435454    1.000000    0.000000    0.999952    0.000000
  126  1    6.484794    1.000000    0.000000   -0.999945    0.000000
  127  1    6.523848    1.000000    0.000000   -0.999989    0.000000
  128  1    6.656931    1.000000    0.000000   -0.999949    0.000000
  129  1    6.813659    1.000000    0.000000    0.997914    0.000000
  130  1    6.858842    1.000000    0.000000   -0.999464    0.000000
  131  1    6.869676    1.000000    0.000000   -0.999841    0.000000
  132  1    6.936822    1.000000    0.000000   -0.989284    0.000000
  133  1    7.056346    1.000000    0.000000    0.948185    0.000000
  134  1    7.087997    1.000000    0.000000    0.989721    0.000000
  135  1    7.331139    1.000000    0.000000   -0.999106    0.000000
  136  1    7.485171    1.000000    0.000000   -0.998363    0.000000
  2
    1    2
    1  2  -38.601801    2.000000    0.000000   -0.000002    0.000000
    3  2  -38.600470    2.000000    0.000000   -0.000001    0.000000
    5  2  -38.315970    2.000000    0.000000   -0.000009    0.000000
    7  2  -38.314229    2.000000    0.000000    0.000005    0.000000
    9  3  -38.312873    3.000000    0.000000   -0.076443    0.000000
   12  1  -38.311824    1.000000    0.000000    0.076439    0.000000
   13  1  -36.310116    1.000000    0.000000   -1.000000    0.000000
   14  1  -36.260531    1.000000    0.000000   -1.000000    0.000000
   15  1  -36.196629    1.000000    0.000000    1.000000    0.000000
   16  1  -36.180177    1.000000    0.000000   -1.000000    0.000000
   17  1  -36.016946    1.000000    0.000000   -1.000000    0.000000
   18  1  -35.934055    1.000000    0.000000    1.000000    0.000000
   19  1  -35.904041    1.000000    0.000000   -1.000000    0.000000
   20  1  -35.892736    1.000000    0.000000   -1.000000    0.000000
   21  1  -35.600483    1.000000    0.000000   -1.000000    0.000000
   22  1  -35.526603    1.000000    0.000000   -1.000000    0.000000
   23  1  -35.445846    1.000000    0.000000    1.000000    0.000000
   24  1  -35.430404    1.000000    0.000000   -1.000000    0.000000
   25  1  -34.523019    1.000000    0.000000   -1.000000    0.000000
   26  1  -34.477146    1.000000    0.000000   -1.000000    0.000000
   27  1  -34.287572    1.000000    0.000000    1.000000    0.000000
   28  1  -34.265522    1.000000    0.000000   -1.000000    0.000000
   29  1  -33.966902    1.000000    0.000000    1.000000    0.000000
   30  1  -33.945336    1.000000    0.000000   -1.000000    0.000000
   31  1  -33.782160    1.000000    0.000000   -1.000000    0.000000
   32  1  -33.651166    1.000000    0.000000   -1.000000    0.000000
   33  1  -33.463048    1.000000    0.000000   -1.000000    0.000000
   34  1  -33.381812    1.000000    0.000000   -1.000000    0.000000
   35  1  -33.141433    1.000000    0.000000    1.000000    0.000000
   36  1  -33.116417    1.000000    0.000000   -1.000000    0.000000
   37  1   -9.331572    1.000000    0.000000    1.000000    0.000000
   38  1   -9.329687    1.000000    0.000000    1.000000    0.000000
   39  1   -8.956196    1.000000    0.000000   -1.000000    0.000000
   40  1   -8.935750    1.000000    0.000000   -1.000000    0.000000
   41  1   -8.454876    1.000000    0.000000   -1.000000    0.000000
   42  1   -8.403242    1.000000    0.000000   -1.000000    0.000000
   43  1   -8.391403    1.000000    0.000000    1.000000    0.000000
   44  1   -8.349010    1.000000    0.000000    1.000000    0.000000
   45  1   -8.290469    1.000000    0.000000    1.000000    0.000000
   46  1   -8.274090    1.000000    0.000000   -1.000000    0.000000
   47  1   -8.258873    1.000000    0.000000    1.000000    0.000000
   48  1   -8.254327    1.000000    0.000000    1.000000    0.000000
   49  2   -8.226702    2.000000    0.000000   -0.000002    0.000000
   51  1   -8.161368    1.000000    0.000000   -1.000000    0.000000
   52  1   -8.121925    1.000000    0.000000   -1.000000    0.000000
   53  1   -1.595499    1.000000    0.000000    1.000000    0.000000
   54  1   -1.175803    1.000000    0.000000   -1.000000    0.000000
   55  1   -1.118479    1.000000    0.000000    1.000000    0.000000
   56  1   -1.023199    1.000000    0.000000    1.000000    0.000000
   57  1   -0.908000    1.000000    0.000000   -1.000000    0.000000
   58  1   -0.885128    1.000000    0.000000    1.000000    0.000000
   59  1   -0.693081    1.000000    0.000000    1.000000    0.000000
   60  1   -0.674615    1.000000    0.000000    1.000000    0.000000
   61  1   -0.612623    1.000000    0.000000    1.000000    0.000000
   62  1   -0.468981    1.000000    0.000000   -1.000000    0.000000
   63  1   -0.333502    1.000000    0.000000   -1.000000    0.000000
   64  1   -0.271520    1.000000    0.000000   -1.000000    0.000000
   65  1   -0.225371    1.000000    0.000000   -1.000000    0.000000
   66  1   -0.030994    1.000000    0.000000    1.000000    0.000000
   67  1    0.005053    1.000000    0.000000    1.000000    0.000000
   68  1    0.142984    1.000000    0.000000    1.000000    0.000000
   69  1    0.190480    1.000000    0.000000   -1.000000    0.000000
   70  1    0.374806    1.000000    0.000000    1.000000    0.000000
   71  1    0.379439    1.000000    0.000000   -1.000000    0.000000
   72  1    0.455272    1.000000    0.000000   -1.000000    0.000000
   73  1    0.549540    1.000000    0.000000    1.000000    0.000000
   74  1    0.658070    1.000000    0.000000    1.000000    0.000000
   75  1    0.678676    1.000000    0.000000   -1.000000    0.000000
   76  1    0.742963    1.000000    0.000000    1.000000    0.000000
   77  1    0.769328    1.000000    0.000000   -1.000000    0.000000
   78  1    0.819544    1.000000    0.000000    1.000000    0.000000
   79  1    0.943542    1.000000    0.000000   -1.000000    0.000000
   80  1    0.964905    1.000000    0.000000    1.000000    0.000000
   81  1    1.012441    1.000000    0.000000    1.000000    0.000000
   82  1    1.017549    1.000000    0.000000   -1.000000    0.000000
   83  1    1.063299    1.000000    0.000000    1.000000    0.000000
   84  1    1.095995    1.000000    0.000000   -1.000000    0.000000
   85  1    1.103424    1.000000    0.000000    1.000000    0.000000
   86  1    1.228725    1.000000    0.000000   -1.000000    0.000000
   87  1    1.276710    1.000000    0.000000    1.000000    0.000000
   88  1    1.325914    1.000000    0.000000    1.000000    0.000000
   89  1    1.366647    1.000000    0.000000   -1.000000    0.000000
   90  1    1.376854    1.000000    0.000000   -1.000000    0.000000
   91  1    1.419696    1.000000    0.000000    1.000000    0.000000
   92  1    1.485794    1.000000    0.000000   -1.000000    0.000000
   93  1    1.797678    1.000000    0.000000    1.000000    0.000000
   94  1    1.920358    1.000000    0.000000   -1.000000    0.000000
   95  1    1.950250    1.000000    0.000000    1.000000    0.000000
   96  1    2.009247    1.000000    0.000000   -1.000000    0.000000
   97  1    2.054844    1.000000    0.000000    1.000000    0.000000
   98  1    2.109249    1.000000    0.000000    1.000000    0.000000
   99  1    2.144907    1.000000    0.000000    1.000000    0.000000
  100  1    2.226443    1.000000    0.000000   -1.000000    0.000000
  101  1    2.232615    1.000000    0.000000   -1.000000    0.000000
  102  1    2.368221    1.000000    0.000000    1.000000    0.000000
  103  1    2.524248    1.000000    0.000000    1.000000    0.000000
  104  1    2.653627    1.000000    0.000000   -1.000000    0.000000
  105  1    2.670417    1.000000    0.000000    1.000000    0.000000
  106  1    2.701657    1.000000    0.000000   -1.000000    0.000000
  107  1    2.721744    1.000000    0.000000   -1.000000    0.000000
  108  1    2.988450    1.000000    0.000000   -1.000000    0.000000
  109  1    4.511078    1.000000    0.000000    1.000000    0.000000
  110  1    4.731623    1.000000    0.000000    1.000000    0.000000
  111  1    4.926607    1.000000    0.000000   -1.000000    0.000000
  112  1    4.932680    1.000000    0.000000    1.000000    0.000000
  113  1    5.411590    1.000000    0.000000    1.000000    0.000000
  114  1    5.581285    1.000000    0.000000    1.000000    0.000000
  115  1    5.822346    1.000000    0.000000   -1.000000    0.000000
  116  1    5.829199    1.000000    0.000000    1.000000    0.000000
  117  1    5.919590    1.000000    0.000000    1.000000    0.000000
  118  1    5.967619    1.000000    0.000000   -1.000000    0.000000
  119  1    6.087977    1.000000    0.000000    1.000000    0.000000
  120  1    6.098244    1.000000    0.000000    1.000000    0.000000
  121  1    6.132893    1.000000    0.000000    0.999999    0.000000
  122  1    6.164370    1.000000    0.000000   -0.999982    0.000000
  123  1    6.169974    1.000000    0.000000    0.999996    0.000000
  124  1    6.274608    1.000000    0.000000    0.999999    0.000000
  125  1    6.418736    1.000000    0.000000    0.999994    0.000000
  126  1    6.483721    1.000000    0.000000   -0.999913    0.000000
  127  1    6.660620    1.000000    0.000000    0.999984    0.000000
  128  1    6.751117    1.000000    0.000000    0.999989    0.000000
  129  1    6.791671    1.000000    0.000000    0.999799    0.000000
  130  1    6.865542    1.000000    0.000000   -0.993605    0.000000
  131  1    6.885061    1.000000    0.000000    0.997590    0.000000
  132  1    6.982826    1.000000    0.000000    0.998768    0.000000
  133  1    7.085921    1.000000    0.000000   -0.986600    0.000000
  134  1    7.223951    1.000000    0.000000   -0.421400    0.000000
  135  1    7.233028    1.000000    0.000000    0.481050    0.000000
  136  1    7.306134    1.000000    0.000000    0.990979    0.000000
  2
    1    2
    1  2  -38.601804    2.000000    0.000000    0.000000    0.000000
    3  2  -38.600473    2.000000    0.000000    0.000000    0.000000
    5  2  -38.315977    2.000000    0.000000    0.000006    0.000000
    7  2  -38.314226    2.000000    0.000000   -0.000008    0.000000
    9  3  -38.312873    3.000000    0.000000    0.348831    0.000000
   12  1  -38.311827    1.000000    0.000000   -0.348831    0.000000
   13  1  -36.310097    1.000000    0.000000   -1.000000    0.000000
   14  1  -36.260485    1.000000    0.000000   -1.000000    0.000000
   15  1  -36.196702    1.000000    0.000000   -1.000000    0.000000
   16  1  -36.180141    1.000000    0.000000    1.000000    0.000000
   17  1  -36.017009    1.000000    0.000000   -1.000000    0.000000
   18  1  -35.935407    1.000000    0.000000   -1.000000    0.000000
   19  1  -35.903743    1.000000    0.000000    1.000000    0.000000
   20  1  -35.891559    1.000000    0.000000   -1.000000    0.000000
   21  1  -35.600495    1.000000    0.000000   -1.000000    0.000000
   22  1  -35.526519    1.000000    0.000000   -1.000000    0.000000
   23  1  -35.445704    1.000000    0.000000   -1.000000    0.000000
   24  1  -35.430716    1.000000    0.000000    1.000000    0.000000
   25  1  -34.523016    1.000000    0.000000   -1.000000    0.000000
   26  1  -34.477150    1.000000    0.000000   -1.000000    0.000000
   27  1  -34.287669    1.000000    0.000000   -1.000000    0.000000
   28  1  -34.265417    1.000000    0.000000    1.000000    0.000000
   29  1  -33.967142    1.000000    0.000000   -1.000000    0.000000
   30  1  -33.945235    1.000000    0.000000    1.000000    0.000000
   31  1  -33.782097    1.000000    0.000000   -1.000000    0.000000
   32  1  -33.650997    1.000000    0.000000   -1.000000    0.000000
   33  1  -33.463113    1.000000    0.000000   -1.000000    0.000000
   34  1  -33.381820    1.000000    0.000000   -1.000000    0.000000
   35  1  -33.141277    1.000000    0.000000   -1.000000    0.000000
   36  1  -33.116604    1.000000    0.000000    1.000000    0.000000
   37  1   -9.337404    1.000000    0.000000    1.000000    0.000000
   38  1   -9.336149    1.000000    0.000000    1.000000    0.000000
   39  1   -8.948438    1.000000    0.000000   -1.000000    0.000000
   40  1   -8.930322    1.000000    0.000000   -1.000000    0.000000
   41  1   -8.486477    1.000000    0.000000   -1.000000    0.000000
   42  1   -8.430537    1.000000    0.000000   -1.000000    0.000000
   43  1   -8.372651    1.000000    0.000000    1.000000    0.000000
   44  1   -8.329744    1.000000    0.000000    1.000000    0.000000
   45  1   -8.302257    1.000000    0.000000    1.000000    0.000000
   46  1   -8.271416    1.000000    0.000000    1.000000    0.000000
   47  1   -8.253541    1.000000    0.000000    0.999999    0.000000
   48  1   -8.247448    1.000000    0.000000   -0.999999    0.000000
   49  1   -8.225539    1.000000    0.000000    1.000000    0.000000
   50  1   -8.202372    1.000000    0.000000   -1.000000    0.000000
   51  1   -8.161870    1.000000    0.000000   -1.000000    0.000000
   52  1   -8.122431    1.000000    0.000000   -1.000000    0.000000
   53  1   -1.596361    1.000000    0.000000    1.000000    0.000000
   54  1   -1.174559    1.000000    0.000000   -1.000000    0.000000
   55  1   -1.112360    1.000000    0.000000    1.000000    0.000000
   56  1   -1.000965    1.000000    0.000000    1.000000    0.000000
   57  1   -0.905083    1.000000    0.000000   -1.000000    0.000000
   58  1   -0.894320    1.000000    0.000000    1.000000    0.000000
   59  1   -0.700849    1.000000    0.000000    1.000000    0.000000
   60  1   -0.693670    1.000000    0.000000    1.000000    0.000000
   61  1   -0.656020    1.000000    0.000000    1.000000    0.000000
   62  1   -0.474027    1.000000    0.000000   -1.000000    0.000000
   63  1   -0.336002    1.000000    0.000000   -1.000000    0.000000
   64  1   -0.271884    1.000000    0.000000   -1.000000    0.000000
   65  1   -0.238722    1.000000    0.000000   -1.000000    0.000000
   66  1   -0.055048    1.000000    0.000000    1.000000    0.000000
   67  1    0.022599    1.000000    0.000000    1.000000    0.000000
   68  1    0.140951    1.000000    0.000000    1.000000    0.000000
   69  1    0.195623    1.000000    0.000000   -1.000000    0.000000
   70  1    0.341705    1.000000    0.000000    1.000000    0.000000
   71  1    0.394706    1.000000    0.000000   -1.000000    0.000000
   72  1    0.446633    1.000000    0.000000   -1.000000    0.000000
   73  1    0.573431    1.000000    0.000000    1.000000    0.000000
   74  1    0.652966    1.000000    0.000000    1.000000    0.000000
   75  1    0.654167    1.000000    0.000000   -1.000000    0.000000
   76  1    0.717916    1.000000    0.000000    1.000000    0.000000
   77  1    0.753852    1.000000    0.000000   -1.000000    0.000000
   78  1    0.866846    1.000000    0.000000    1.000000    0.000000
   79  1    0.941660    1.000000    0.000000   -1.000000    0.000000
   80  1    0.954045    1.000000    0.000000    1.000000    0.000000
   81  1    1.026533    1.000000    0.000000    1.000000    0.000000
   82  1    1.029889    1.000000    0.000000   -1.000000    0.000000
   83  1    1.041040    1.000000    0.000000    1.000000    0.000000
   84  1    1.069568    1.000000    0.000000    1.000000    0.000000
   85  1    1.090976    1.000000    0.000000   -1.000000    0.000000
   86  1    1.238770    1.000000    0.000000   -1.000000    0.000000
   87  1    1.274340    1.000000    0.000000    1.000000    0.000000
   88  1    1.303472    1.000000    0.000000    1.000000    0.000000
   89  1    1.362993    1.000000    0.000000   -1.000000    0.000000
   90  1    1.395883    1.000000    0.000000   -1.000000    0.000000
   91  1    1.440575    1.000000    0.000000    1.000000    0.000000
   92  1    1.483296    1.000000    0.000000   -1.000000    0.000000
   93  1    1.760186    1.000000    0.000000    1.000000    0.000000
   94  2    1.942229    2.000000    0.000000   -0.000000    0.000000
   96  1    2.014970    1.000000    0.000000   -1.000000    0.000000
   97  1    2.076895    1.000000    0.000000    1.000000    0.000000
   98  1    2.097407    1.000000    0.000000    1.000000    0.000000
   99  1    2.159139    1.000000    0.000000    1.000000    0.000000
  100  1    2.249852    1.000000    0.000000   -1.000000    0.000000
  101  1    2.256496    1.000000    0.000000   -1.000000    0.000000
  102  1    2.445851    1.000000    0.000000    1.000000    0.000000
  103  1    2.579539    1.000000    0.000000    1.000000    0.000000
  104  1    2.662870    1.000000    0.000000   -1.000000    0.000000
  105  1    2.684828    1.000000    0.000000    1.000000    0.000000
  106  1    2.697321    1.000000    0.000000   -1.000000    0.000000
  107  1    2.722045    1.000000    0.000000   -1.000000    0.000000
  108  1    3.000850    1.000000    0.000000   -1.000000    0.000000
  109  1    4.486124    1.000000    0.000000    1.000000    0.000000
  110  1    4.682314    1.000000    0.000000    1.000000    0.000000
  111  2    4.948126    2.000000    0.000000   -0.000001    0.000000
  113  1    5.398416    1.000000    0.000000    1.000000    0.000000
  114  1    5.537083    1.000000    0.000000    1.000000    0.000000
  115  1    5.834885    1.000000    0.000000    1.000000    0.000000
  116  1    5.850295    1.000000    0.000000   -0.999999    0.000000
  117  1    5.909898    1.000000    0.000000    1.000000    0.000000
  118  1    5.989929    1.000000    0.000000   -0.999999    0.000000
  119  1    6.060617    1.000000    0.000000    0.999999    0.000000
  120  1    6.115512    1.000000    0.000000    1.000000    0.000000
  121  1    6.131670    1.000000    0.000000    1.000000    0.000000
  122  1    6.172301    1.000000    0.000000   -0.999992    0.000000
  123  1    6.226668    1.000000    0.000000    0.999993    0.000000
  124  1    6.253800    1.000000    0.000000    0.999998    0.000000
  125  1    6.395164    1.000000    0.000000    0.999971    0.000000
  126  1    6.502748    1.000000    0.000000   -0.999985    0.000000
  127  1    6.717389    1.000000    0.000000    0.999832    0.000000
  128  1    6.759930    1.000000    0.000000    0.999782    0.000000
  129  1    6.792419    1.000000    0.000000    0.999886    0.000000
  130  1    6.893810    1.000000    0.000000   -0.838922    0.000000
  131  1    6.904710    1.000000    0.000000    0.858314    0.000000
  132  1    6.962986    1.000000    0.000000    0.996619    0.000000
  133  1    7.114467    1.000000    0.000000   -0.899159    0.000000
  134  1    7.211597    1.000000    0.000000    0.918841    0.000000
  135  1    7.230284    1.000000    0.000000   -0.516519    0.000000
  136  1    7.358725    1.000000    0.000000    0.975404    0.000000
