  110  168
  1
  2
  1  0  0  0  1  0  0  0  1    0.000000    0.000000    0.000000    1.000000    0.000000    0.000000    0.000000    0.000000    0.000000    1.000000    0.000000  1
 -1  0  0  0 -1  0  0  0 -1    0.000000    0.000000    0.000000    1.000000    0.000000    0.000000    0.000000    0.000000    0.000000    1.000000    0.000000 -1
  8
    0.000000    0.000000    0.000000
    0.500000    0.500000    0.500000
    0.000000    0.500000    0.500000
    0.500000    0.000000    0.500000
    0.500000    0.500000    0.000000
    0.500000    0.000000    0.000000
    0.000000    0.500000    0.000000
    0.000000    0.000000    0.500000
  1
    1
    1  2  -51.678140    2.000000    0.000000
    3  2  -51.676979    2.000000    0.000000
    5  4  -51.096427    4.000000    0.000000
    9  2  -50.437359    2.000000    0.000000
   11  2  -50.433836    2.000000    0.000000
   13  2  -48.473283    2.000000    0.000000
   15  2  -48.471580    2.000000    0.000000
   17  4  -47.995883    4.000000    0.000000
   21  4  -47.675541    4.000000    0.000000
   25  2  -18.197727    2.000000    0.000000
   27  2  -18.194828    2.000000    0.000000
   29  2   -8.293877    2.000000    0.000000
   31  2   -7.600254    2.000000    0.000000
   33  2   -7.223962    2.000000    0.000000
   35  2   -6.995854    2.000000    0.000000
   37  2   -6.856939    2.000000    0.000000
   39  2   -6.742397    2.000000    0.000000
   41  2   -6.051174    2.000000    0.000000
   43  2   -6.039629    2.000000    0.000000
   45  2   -4.598446    2.000000    0.000000
   47  2   -4.550256    2.000000    0.000000
   49  2   -4.511025    2.000000    0.000000
   51  2   -4.507615    2.000000    0.000000
   53  1   -1.118883    1.000000    0.000000
   54  1   -1.116964    1.000000    0.000000
   55  1   -1.020704    1.000000    0.000000
   56  1   -1.019678    1.000000    0.000000
   57  2   -0.907045    2.000000    0.000000
   59  1   -0.186056    1.000000    0.000000
   60  1   -0.183317    1.000000    0.000000
   61  2    0.087305    2.000000    0.000000
   63  2    0.172814    2.000000    0.000000
   65  2    0.277345    2.000000    0.000000
   67  2    0.324721    2.000000    0.000000
   69  2    0.374051    2.000000    0.000000
   71  2    0.496645    2.000000    0.000000
   73  2    0.721958    2.000000    0.000000
   75  2    0.793011    2.000000    0.000000
   77  2    1.004757    2.000000    0.000000
   79  2    1.216031    2.000000    0.000000
   81  2    1.279725    2.000000    0.000000
   83  2    1.347237    2.000000    0.000000
   85  2    1.431491    2.000000    0.000000
   87  2    1.625838    2.000000    0.000000
   89  2    1.809402    2.000000    0.000000
   91  1    1.962426    1.000000    0.000000
   92  1    1.963729    1.000000    0.000000
   93  2    2.071525    2.000000    0.000000
   95  2    2.109092    2.000000    0.000000
   97  2    2.424535    2.000000    0.000000
   99  2    2.515220    2.000000    0.000000
  101  2    2.821984    2.000000    0.000000
  103  2    2.977276    2.000000    0.000000
  105  2    3.040909    2.000000    0.000000
  107  2    3.158003    2.000000    0.000000
  109  2    3.414325    2.000000    0.000000
  111  2    3.940637    2.000000    0.000000
  113  2    4.166967    2.000000    0.000000
  115  2    4.238596    2.000000    0.000000
  117  2    4.255858    2.000000    0.000000
  119  2    4.282383    2.000000    0.000000
  121  2    4.419122    2.000000    0.000000
  123  2    4.830867    2.000000    0.000000
  125  2    5.253883    2.000000    0.000000
  127  2    5.517782    2.000000    0.000000
  129  1    6.476615    1.000000    0.000000
  130  1    6.479113    1.000000    0.000000
  131  1    6.911133    1.000000    0.000000
  132  1    6.912597    1.000000    0.000000
  133  2    7.183956    2.000000    0.000000
  135  1    7.356563    1.000000    0.000000
  136  1    7.357668    1.000000    0.000000
  137  1    7.434495    1.000000    0.000000
  138  1    7.435611    1.000000    0.000000
  139  2    7.557661    2.000000    0.000000
  141  1    7.756970    1.000000    0.000000
  142  1    7.758285    1.000000    0.000000
  143  2    7.765968    2.000000    0.000000
  145  2    7.886415    2.000000    0.000000
  147  2    8.560195    2.000000    0.000000
  149  1    8.936740    1.000000    0.000000
  150  1    8.938719    1.000000    0.000000
  151  2    9.178341    2.000000    0.000000
  153  2    9.272187    2.000000    0.000000
  155  2    9.346743    2.000000    0.000000
  157  2    9.405946    2.000000    0.000000
  159  1    9.924392    1.000000    0.000000
  160  1    9.931584    1.000000    0.000000
  161  1    9.990450    1.000000    0.000000
  162  1    9.995959    1.000000    0.000000
  163  1   10.027003    1.000000    0.000000
  164  1   10.032834    1.000000    0.000000
  165  1   10.098418    1.000000    0.000000
  166  1   10.109009    1.000000    0.000000
  167  1   10.167113    1.000000    0.000000
  168  1   10.193313    1.000000    0.000000
  1
    1
    1  4  -51.677499    4.000000    0.000000
    5  4  -51.096003    4.000000    0.000000
    9  4  -50.435542    4.000000    0.000000
   13  4  -48.472609    4.000000    0.000000
   17  4  -47.995679    4.000000    0.000000
   21  4  -47.675401    4.000000    0.000000
   25  4  -18.194785    4.000000    0.000000
   29  2   -7.858388    2.000000    0.000000
   31  2   -7.856344    2.000000    0.000000
   33  4   -7.084678    4.000000    0.000000
   37  4   -6.988227    4.000000    0.000000
   41  4   -6.028503    4.000000    0.000000
   45  2   -4.561818    2.000000    0.000000
   47  2   -4.560785    2.000000    0.000000
   49  4   -4.518566    4.000000    0.000000
   53  1   -0.836577    1.000000    0.000000
   54  1   -0.833742    1.000000    0.000000
   55  1   -0.823432    1.000000    0.000000
   56  1   -0.820469    1.000000    0.000000
   57  1   -0.439463    1.000000    0.000000
   58  1   -0.437409    1.000000    0.000000
   59  1   -0.435040    1.000000    0.000000
   60  1   -0.433597    1.000000    0.000000
   61  1   -0.004527    1.000000    0.000000
   62  1   -0.002970    1.000000    0.000000
   63  1    0.016689    1.000000    0.000000
   64  1    0.017703    1.000000    0.000000
   65  1    0.238290    1.000000    0.000000
   66  2    0.240284    2.000000    0.000000
   68  1    0.242233    1.000000    0.000000
   69  2    0.352931    2.000000    0.000000
   71  2    0.405589    2.000000    0.000000
   73  2    0.551004    2.000000    0.000000
   75  2    0.557095    2.000000    0.000000
   77  1    0.721956    1.000000    0.000000
   78  1    0.723131    1.000000    0.000000
   79  1    0.726373    1.000000    0.000000
   80  1    0.727413    1.000000    0.000000
   81  2    1.107414    2.000000    0.000000
   83  2    1.108779    2.000000    0.000000
   85  2    1.555421    2.000000    0.000000
   87  2    1.557506    2.000000    0.000000
   89  2    1.898940    2.000000    0.000000
   91  2    1.915332    2.000000    0.000000
   93  2    2.005648    2.000000    0.000000
   95  2    2.031967    2.000000    0.000000
   97  1    2.466130    1.000000    0.000000
   98  1    2.468554    1.000000    0.000000
   99  1    2.481088    1.000000    0.000000
  100  1    2.483476    1.000000    0.000000
  101  2    2.742647    2.000000    0.000000
  103  2    2.782699    2.000000    0.000000
  105  2    3.122187    2.000000    0.000000
  107  2    3.206321    2.000000    0.000000
  109  2    4.053791    2.000000    0.000000
  111  2    4.057863    2.000000    0.000000
  113  2    4.227773    2.000000    0.000000
  115  2    4.232361    2.000000    0.000000
  117  2    4.460952    2.000000    0.000000
  119  2    4.463036    2.000000    0.000000
  121  2    4.722055    2.000000    0.000000
  123  2    4.761219    2.000000    0.000000
  125  2    5.003079    2.000000    0.000000
  127  2    5.024091    2.000000    0.000000
  129  1    7.750440    1.000000    0.000000
  130  1    7.752086    1.000000    0.000000
  131  1    7.753362    1.000000    0.000000
  132  1    7.754962    1.000000    0.000000
  133  2    8.009859    2.000000    0.000000
  135  2    8.012009    2.000000    0.000000
  137  2    8.483261    2.000000    0.000000
  139  2    8.488785    2.000000    0.000000
  141  4    8.726595    4.000000    0.000000
  145  1    8.843348    1.000000    0.000000
  146  1    8.844675    1.000000    0.000000
  147  1    8.846183    1.000000    0.000000
  148  1    8.847452    1.000000    0.000000
  149  2    9.457436    2.000000    0.000000
  151  2    9.464041    2.000000    0.000000
  153  2    9.544824    2.000000    0.000000
  155  2    9.548273    2.000000    0.000000
  157  3    9.678219    3.000000    0.000000
  160  1    9.679480    1.000000    0.000000
  161  1   10.041417    1.000000    0.000000
  162  1   10.044027    1.000000    0.000000
  163  1   10.053671    1.000000    0.000000
  164  1   10.055028    1.000000    0.000000
  165  1   10.574410    1.000000    0.000000
  166  1   10.594853    1.000000    0.000000
  167  1   10.627907    1.000000    0.000000
  168  1   10.686761    1.000000    0.000000
  1
    1
    1  2  -51.678142    2.000000    0.000000
    3  2  -51.676981    2.000000    0.000000
    5  4  -51.096431    4.000000    0.000000
    9  2  -50.437360    2.000000    0.000000
   11  2  -50.433837    2.000000    0.000000
   13  2  -48.473285    2.000000    0.000000
   15  2  -48.471581    2.000000    0.000000
   17  4  -47.995887    4.000000    0.000000
   21  4  -47.675543    4.000000    0.000000
   25  2  -18.196802    2.000000    0.000000
   27  2  -18.195710    2.000000    0.000000
   29  2   -8.257289    2.000000    0.000000
   31  2   -7.625184    2.000000    0.000000
   33  2   -7.344838    2.000000    0.000000
   35  2   -7.029905    2.000000    0.000000
   37  2   -6.767704    2.000000    0.000000
   39  2   -6.706508    2.000000    0.000000
   41  2   -6.061985    2.000000    0.000000
   43  2   -6.030842    2.000000    0.000000
   45  2   -4.565849    2.000000    0.000000
   47  2   -4.553114    2.000000    0.000000
   49  2   -4.524560    2.000000    0.000000
   51  2   -4.476944    2.000000    0.000000
   53  2   -0.991842    2.000000    0.000000
   55  1   -0.870096    1.000000    0.000000
   56  1   -0.869032    1.000000    0.000000
   57  1   -0.606246    1.000000    0.000000
   58  1   -0.603880    1.000000    0.000000
   59  1   -0.312792    1.000000    0.000000
   60  1   -0.311043    1.000000    0.000000
   61  2   -0.110966    2.000000    0.000000
   63  2    0.103615    2.000000    0.000000
   65  2    0.184259    2.000000    0.000000
   67  2    0.323424    2.000000    0.000000
   69  2    0.479456    2.000000    0.000000
   71  2    0.589011    2.000000    0.000000
   73  2    0.669937    2.000000    0.000000
   75  2    0.755808    2.000000    0.000000
   77  2    1.032693    2.000000    0.000000
   79  2    1.121512    2.000000    0.000000
   81  2    1.201420    2.000000    0.000000
   83  2    1.336510    2.000000    0.000000
   85  2    1.427327    2.000000    0.000000
   87  2    1.688945    2.000000    0.000000
   89  2    1.817263    2.000000    0.000000
   91  2    1.895804    2.000000    0.000000
   93  2    1.964995    2.000000    0.000000
   95  2    2.090327    2.000000    0.000000
   97  2    2.184556    2.000000    0.000000
   99  2    2.284338    2.000000    0.000000
  101  2    2.569383    2.000000    0.000000
  103  2    2.913503    2.000000    0.000000
  105  2    3.038104    2.000000    0.000000
  107  2    3.160130    2.000000    0.000000
  109  2    3.486135    2.000000    0.000000
  111  2    4.086214    2.000000    0.000000
  113  2    4.109931    2.000000    0.000000
  115  2    4.167696    2.000000    0.000000
  117  2    4.237620    2.000000    0.000000
  119  2    4.296402    2.000000    0.000000
  121  2    4.328834    2.000000    0.000000
  123  2    4.449152    2.000000    0.000000
  125  2    5.065618    2.000000    0.000000
  127  2    5.279414    2.000000    0.000000
  129  1    7.629766    1.000000    0.000000
  130  1    7.632274    1.000000    0.000000
  131  2    7.676673    2.000000    0.000000
  133  2    7.710813    2.000000    0.000000
  135  1    7.803707    1.000000    0.000000
  136  1    7.805909    1.000000    0.000000
  137  1    7.905284    1.000000    0.000000
  138  1    7.906500    1.000000    0.000000
  139  2    8.150563    2.000000    0.000000
  141  2    8.253637    2.000000    0.000000
  143  1    8.469370    1.000000    0.000000
  144  1    8.470415    1.000000    0.000000
  145  2    8.476165    2.000000    0.000000
  147  1    8.620361    1.000000    0.000000
  148  1    8.622823    1.000000    0.000000
  149  2    8.839160    2.000000    0.000000
  151  2    8.922405    2.000000    0.000000
  153  2    9.242812    2.000000    0.000000
  155  2    9.348968    2.000000    0.000000
  157  1    9.531708    1.000000    0.000000
  158  1    9.534257    1.000000    0.000000
  159  1    9.624653    1.000000    0.000000
  160  1    9.626651    1.000000    0.000000
  161  1    9.646420    1.000000    0.000000
  162  1    9.648175    1.000000    0.000000
  163  1    9.792360    1.000000    0.000000
  164  1    9.793404    1.000000    0.000000
  165  1   10.391228    1.000000    0.000000
  166  1   10.427455    1.000000    0.000000
  167  1   10.512594    1.000000    0.000000
  168  1   10.618655    1.000000    0.000000
  1
    1
    1  4  -51.677501    4.000000    0.000000
    5  4  -51.096005    4.000000    0.000000
    9  4  -50.435543    4.000000    0.000000
   13  4  -48.472611    4.000000    0.000000
   17  4  -47.995681    4.000000    0.000000
   21  4  -47.675403    4.000000    0.000000
   25  4  -18.194799    4.000000    0.000000
   29  2   -7.879390    2.000000    0.000000
   31  2   -7.877570    2.000000    0.000000
   33  3   -7.072079    3.000000    0.000000
   36  1   -7.070929    1.000000    0.000000
   37  2   -6.944766    2.000000    0.000000
   39  2   -6.942887    2.000000    0.000000
   41  4   -6.047687    4.000000    0.000000
   45  2   -4.573889    2.000000    0.000000
   47  2   -4.572157    2.000000    0.000000
   49  4   -4.540570    4.000000    0.000000
   53  1   -0.900951    1.000000    0.000000
   54  1   -0.897575    1.000000    0.000000
   55  1   -0.884275    1.000000    0.000000
   56  1   -0.880727    1.000000    0.000000
   57  1   -0.576856    1.000000    0.000000
   58  1   -0.575401    1.000000    0.000000
   59  2   -0.565510    2.000000    0.000000
   61  1    0.017767    1.000000    0.000000
   62  1    0.019151    1.000000    0.000000
   63  2    0.026558    2.000000    0.000000
   65  1    0.274160    1.000000    0.000000
   66  1    0.276474    1.000000    0.000000
   67  1    0.285386    1.000000    0.000000
   68  1    0.287844    1.000000    0.000000
   69  2    0.401290    2.000000    0.000000
   71  2    0.436267    2.000000    0.000000
   73  2    0.642911    2.000000    0.000000
   75  2    0.646942    2.000000    0.000000
   77  2    0.762906    2.000000    0.000000
   79  2    0.786415    2.000000    0.000000
   81  2    1.195099    2.000000    0.000000
   83  2    1.198316    2.000000    0.000000
   85  2    1.488467    2.000000    0.000000
   87  2    1.489528    2.000000    0.000000
   89  2    1.924366    2.000000    0.000000
   91  2    1.965056    2.000000    0.000000
   93  2    2.049057    2.000000    0.000000
   95  2    2.057986    2.000000    0.000000
   97  1    2.424878    1.000000    0.000000
   98  1    2.427304    1.000000    0.000000
   99  1    2.461191    1.000000    0.000000
  100  1    2.463707    1.000000    0.000000
  101  2    2.805082    2.000000    0.000000
  103  2    2.814891    2.000000    0.000000
  105  2    3.148797    2.000000    0.000000
  107  2    3.205009    2.000000    0.000000
  109  2    4.043627    2.000000    0.000000
  111  2    4.050037    2.000000    0.000000
  113  2    4.357897    2.000000    0.000000
  115  2    4.359597    2.000000    0.000000
  117  2    4.528224    2.000000    0.000000
  119  2    4.557115    2.000000    0.000000
  121  2    4.717690    2.000000    0.000000
  123  2    4.779389    2.000000    0.000000
  125  2    4.946793    2.000000    0.000000
  127  2    4.976484    2.000000    0.000000
  129  1    7.630970    1.000000    0.000000
  130  1    7.632192    1.000000    0.000000
  131  1    7.633408    1.000000    0.000000
  132  1    7.634676    1.000000    0.000000
  133  1    7.874219    1.000000    0.000000
  134  2    7.876281    2.000000    0.000000
  136  1    7.879363    1.000000    0.000000
  137  1    8.030301    1.000000    0.000000
  138  1    8.031378    1.000000    0.000000
  139  2    8.033527    2.000000    0.000000
  141  4    8.655896    4.000000    0.000000
  145  2    8.855933    2.000000    0.000000
  147  2    8.857910    2.000000    0.000000
  149  4    8.999184    4.000000    0.000000
  153  2    9.348955    2.000000    0.000000
  155  2    9.357516    2.000000    0.000000
  157  1    9.506178    1.000000    0.000000
  158  1    9.507654    1.000000    0.000000
  159  1    9.508664    1.000000    0.000000
  160  1    9.511431    1.000000    0.000000
  161  2    9.773459    2.000000    0.000000
  163  1    9.775967    1.000000    0.000000
  164  1    9.786009    1.000000    0.000000
  165  1   10.367104    1.000000    0.000000
  166  1   10.384230    1.000000    0.000000
  167  1   10.435819    1.000000    0.000000
  168  1   10.475625    1.000000    0.000000
  1
    1
    1  4  -51.677502    4.000000    0.000000
    5  4  -51.096005    4.000000    0.000000
    9  4  -50.435543    4.000000    0.000000
   13  4  -48.472611    4.000000    0.000000
   17  4  -47.995680    4.000000    0.000000
   21  4  -47.675403    4.000000    0.000000
   25  4  -18.194799    4.000000    0.000000
   29  2   -7.879503    2.000000    0.000000
   31  2   -7.877402    2.000000    0.000000
   33  2   -7.072244    2.000000    0.000000
   35  2   -7.070395    2.000000    0.000000
   37  4   -6.944382    4.000000    0.000000
   41  4   -6.047725    4.000000    0.000000
   45  4   -4.573246    4.000000    0.000000
   49  2   -4.541349    2.000000    0.000000
   51  2   -4.539709    2.000000    0.000000
   53  1   -0.898153    1.000000    0.000000
   54  1   -0.896165    1.000000    0.000000
   55  1   -0.886012    1.000000    0.000000
   56  1   -0.883981    1.000000    0.000000
   57  1   -0.574036    1.000000    0.000000
   58  1   -0.572118    1.000000    0.000000
   59  1   -0.568493    1.000000    0.000000
   60  1   -0.566964    1.000000    0.000000
   61  1    0.001473    1.000000    0.000000
   62  1    0.003162    1.000000    0.000000
   63  1    0.044906    1.000000    0.000000
   64  1    0.046020    1.000000    0.000000
   65  1    0.264399    1.000000    0.000000
   66  1    0.266464    1.000000    0.000000
   67  1    0.290620    1.000000    0.000000
   68  1    0.292771    1.000000    0.000000
   69  2    0.399101    2.000000    0.000000
   71  2    0.439721    2.000000    0.000000
   73  1    0.635931    1.000000    0.000000
   74  1    0.637011    1.000000    0.000000
   75  2    0.664017    2.000000    0.000000
   77  2    0.760527    2.000000    0.000000
   79  2    0.784079    2.000000    0.000000
   81  2    1.178273    2.000000    0.000000
   83  2    1.204216    2.000000    0.000000
   85  2    1.485759    2.000000    0.000000
   87  1    1.498874    1.000000    0.000000
   88  1    1.500009    1.000000    0.000000
   89  2    1.905379    2.000000    0.000000
   91  2    1.970203    2.000000    0.000000
   93  2    2.050047    2.000000    0.000000
   95  2    2.076335    2.000000    0.000000
   97  1    2.435543    1.000000    0.000000
   98  1    2.437847    1.000000    0.000000
   99  1    2.448513    1.000000    0.000000
  100  1    2.450861    1.000000    0.000000
  101  1    2.791545    1.000000    0.000000
  102  1    2.792584    1.000000    0.000000
  103  2    2.824820    2.000000    0.000000
  105  2    3.147564    2.000000    0.000000
  107  2    3.205334    2.000000    0.000000
  109  2    4.041721    2.000000    0.000000
  111  2    4.049553    2.000000    0.000000
  113  2    4.344013    2.000000    0.000000
  115  2    4.379630    2.000000    0.000000
  117  2    4.523980    2.000000    0.000000
  119  2    4.560887    2.000000    0.000000
  121  2    4.743267    2.000000    0.000000
  123  2    4.746045    2.000000    0.000000
  125  3    4.963755    3.000000    0.000000
  128  1    4.964793    1.000000    0.000000
  129  1    7.629579    1.000000    0.000000
  130  1    7.631231    1.000000    0.000000
  131  1    7.634621    1.000000    0.000000
  132  1    7.636267    1.000000    0.000000
  133  1    7.869188    1.000000    0.000000
  134  1    7.870262    1.000000    0.000000
  135  2    7.883237    2.000000    0.000000
  137  2    8.026426    2.000000    0.000000
  139  1    8.037021    1.000000    0.000000
  140  1    8.038040    1.000000    0.000000
  141  2    8.652966    2.000000    0.000000
  143  2    8.659343    2.000000    0.000000
  145  2    8.855862    2.000000    0.000000
  147  2    8.858472    2.000000    0.000000
  149  2    8.995487    2.000000    0.000000
  151  2    9.003687    2.000000    0.000000
  153  2    9.352264    2.000000    0.000000
  155  2    9.354023    2.000000    0.000000
  157  1    9.504445    1.000000    0.000000
  158  1    9.507230    1.000000    0.000000
  159  2    9.510159    2.000000    0.000000
  161  2    9.772126    2.000000    0.000000
  163  1    9.775587    1.000000    0.000000
  164  1    9.781820    1.000000    0.000000
  165  1   10.346642    1.000000    0.000000
  166  1   10.374515    1.000000    0.000000
  167  1   10.401913    1.000000    0.000000
  168  1   10.470658    1.000000    0.000000
  1
    1
    1  4  -51.677503    4.000000    0.000000
    5  4  -51.096007    4.000000    0.000000
    9  4  -50.435544    4.000000    0.000000
   13  4  -48.472612    4.000000    0.000000
   17  4  -47.995682    4.000000    0.000000
   21  4  -47.675404    4.000000    0.000000
   25  4  -18.194811    4.000000    0.000000
   29  2   -7.902350    2.000000    0.000000
   31  2   -7.900472    2.000000    0.000000
   33  4   -6.987279    4.000000    0.000000
   37  2   -6.969390    2.000000    0.000000
   39  2   -6.967991    2.000000    0.000000
   41  4   -6.068031    4.000000    0.000000
   45  2   -4.600804    2.000000    0.000000
   47  2   -4.599577    2.000000    0.000000
   49  4   -4.551306    4.000000    0.000000
   53  1   -0.953160    1.000000    0.000000
   54  1   -0.950407    1.000000    0.000000
   55  1   -0.936450    1.000000    0.000000
   56  1   -0.933591    1.000000    0.000000
   57  1   -0.645789    1.000000    0.000000
   58  1   -0.643995    1.000000    0.000000
   59  1   -0.632921    1.000000    0.000000
   60  1   -0.631523    1.000000    0.000000
   61  1   -0.038380    1.000000    0.000000
   62  1   -0.036919    1.000000    0.000000
   63  2   -0.013404    2.000000    0.000000
   65  2    0.370294    2.000000    0.000000
   67  1    0.379943    1.000000    0.000000
   68  1    0.381019    1.000000    0.000000
   69  2    0.402425    2.000000    0.000000
   71  2    0.438910    2.000000    0.000000
   73  1    0.677874    1.000000    0.000000
   74  1    0.679292    1.000000    0.000000
   75  1    0.686468    1.000000    0.000000
   76  1    0.687497    1.000000    0.000000
   77  2    0.825506    2.000000    0.000000
   79  2    0.831745    2.000000    0.000000
   81  2    1.224800    2.000000    0.000000
   83  2    1.226550    2.000000    0.000000
   85  2    1.609551    2.000000    0.000000
   87  1    1.618155    1.000000    0.000000
   88  1    1.619222    1.000000    0.000000
   89  2    1.940548    2.000000    0.000000
   91  2    1.987406    2.000000    0.000000
   93  2    2.064975    2.000000    0.000000
   95  2    2.088351    2.000000    0.000000
   97  1    2.367231    1.000000    0.000000
   98  1    2.369774    1.000000    0.000000
   99  1    2.390488    1.000000    0.000000
  100  1    2.393207    1.000000    0.000000
  101  2    2.863633    2.000000    0.000000
  103  2    2.885095    2.000000    0.000000
  105  2    3.082449    2.000000    0.000000
  107  2    3.135319    2.000000    0.000000
  109  2    4.064950    2.000000    0.000000
  111  2    4.068032    2.000000    0.000000
  113  2    4.418483    2.000000    0.000000
  115  2    4.457249    2.000000    0.000000
  117  2    4.554342    2.000000    0.000000
  119  2    4.610542    2.000000    0.000000
  121  2    4.800708    2.000000    0.000000
  123  2    4.819425    2.000000    0.000000
  125  2    4.942397    2.000000    0.000000
  127  2    4.945519    2.000000    0.000000
  129  1    7.073828    1.000000    0.000000
  130  2    7.074981    2.000000    0.000000
  132  1    7.076663    1.000000    0.000000
  133  2    7.574133    2.000000    0.000000
  135  2    7.576585    2.000000    0.000000
  137  1    7.994894    1.000000    0.000000
  138  2    7.997856    2.000000    0.000000
  140  1    8.001514    1.000000    0.000000
  141  2    8.338413    2.000000    0.000000
  143  2    8.340018    2.000000    0.000000
  145  2    8.614321    2.000000    0.000000
  147  2    8.615690    2.000000    0.000000
  149  1    8.890416    1.000000    0.000000
  150  2    8.892430    2.000000    0.000000
  152  1    8.895270    1.000000    0.000000
  153  2    9.450784    2.000000    0.000000
  155  2    9.451966    2.000000    0.000000
  157  3    9.634004    3.000000    0.000000
  160  1    9.635414    1.000000    0.000000
  161  2    9.965588    2.000000    0.000000
  163  1    9.971089    1.000000    0.000000
  164  1    9.975356    1.000000    0.000000
  165  1   10.364220    1.000000    0.000000
  166  1   10.377584    1.000000    0.000000
  167  1   10.472884    1.000000    0.000000
  168  1   10.682527    1.000000    0.000000
  1
    1
    1  2  -51.678143    2.000000    0.000000
    3  2  -51.676980    2.000000    0.000000
    5  4  -51.096430    4.000000    0.000000
    9  2  -50.437360    2.000000    0.000000
   11  2  -50.433837    2.000000    0.000000
   13  2  -48.473284    2.000000    0.000000
   15  2  -48.471581    2.000000    0.000000
   17  4  -47.995887    4.000000    0.000000
   21  4  -47.675543    4.000000    0.000000
   25  2  -18.197264    2.000000    0.000000
   27  2  -18.195273    2.000000    0.000000
   29  2   -8.276896    2.000000    0.000000
   31  2   -7.614917    2.000000    0.000000
   33  2   -7.279680    2.000000    0.000000
   35  2   -7.020846    2.000000    0.000000
   37  2   -6.768986    2.000000    0.000000
   39  2   -6.765438    2.000000    0.000000
   41  2   -6.046267    2.000000    0.000000
   43  2   -6.040073    2.000000    0.000000
   45  2   -4.573822    2.000000    0.000000
   47  2   -4.551809    2.000000    0.000000
   49  2   -4.521682    2.000000    0.000000
   51  2   -4.496261    2.000000    0.000000
   53  1   -1.050391    1.000000    0.000000
   54  1   -1.048844    1.000000    0.000000
   55  2   -0.972805    2.000000    0.000000
   57  2   -0.808432    2.000000    0.000000
   59  1   -0.259204    1.000000    0.000000
   60  1   -0.257013    1.000000    0.000000
   61  2    0.101854    2.000000    0.000000
   63  2    0.143674    2.000000    0.000000
   65  2    0.213358    2.000000    0.000000
   67  2    0.354672    2.000000    0.000000
   69  2    0.403915    2.000000    0.000000
   71  2    0.616963    2.000000    0.000000
   73  2    0.652406    2.000000    0.000000
   75  2    0.720356    2.000000    0.000000
   77  2    1.078234    2.000000    0.000000
   79  2    1.179634    2.000000    0.000000
   81  2    1.232252    2.000000    0.000000
   83  2    1.342912    2.000000    0.000000
   85  2    1.417506    2.000000    0.000000
   87  2    1.588874    2.000000    0.000000
   89  2    1.773850    2.000000    0.000000
   91  2    1.863752    2.000000    0.000000
   93  2    1.946767    2.000000    0.000000
   95  1    2.081395    1.000000    0.000000
   96  1    2.082627    1.000000    0.000000
   97  2    2.495066    2.000000    0.000000
   99  2    2.564130    2.000000    0.000000
  101  2    2.722060    2.000000    0.000000
  103  2    2.914565    2.000000    0.000000
  105  2    2.959979    2.000000    0.000000
  107  2    3.009768    2.000000    0.000000
  109  2    3.467095    2.000000    0.000000
  111  2    4.024633    2.000000    0.000000
  113  2    4.121821    2.000000    0.000000
  115  2    4.190660    2.000000    0.000000
  117  2    4.256387    2.000000    0.000000
  119  2    4.307477    2.000000    0.000000
  121  2    4.482709    2.000000    0.000000
  123  2    4.641931    2.000000    0.000000
  125  2    5.022681    2.000000    0.000000
  127  2    5.290478    2.000000    0.000000
  129  2    7.305072    2.000000    0.000000
  131  1    7.450411    1.000000    0.000000
  132  1    7.452666    1.000000    0.000000
  133  2    7.628073    2.000000    0.000000
  135  2    7.689422    2.000000    0.000000
  137  1    7.734301    1.000000    0.000000
  138  1    7.735580    1.000000    0.000000
  139  1    7.874152    1.000000    0.000000
  140  1    7.875866    1.000000    0.000000
  141  1    7.970157    1.000000    0.000000
  142  1    7.971378    1.000000    0.000000
  143  2    8.133848    2.000000    0.000000
  145  1    8.217801    1.000000    0.000000
  146  1    8.219298    1.000000    0.000000
  147  1    8.497283    1.000000    0.000000
  148  1    8.498295    1.000000    0.000000
  149  2    8.663796    2.000000    0.000000
  151  2    8.776641    2.000000    0.000000
  153  1    9.080656    1.000000    0.000000
  154  1    9.082338    1.000000    0.000000
  155  2    9.201331    2.000000    0.000000
  157  2    9.294054    2.000000    0.000000
  159  1    9.593299    1.000000    0.000000
  160  1    9.595949    1.000000    0.000000
  161  2    9.659085    2.000000    0.000000
  163  1   10.097097    1.000000    0.000000
  164  1   10.112797    1.000000    0.000000
  165  1   10.160883    1.000000    0.000000
  166  1   10.213645    1.000000    0.000000
  167  1   10.394573    1.000000    0.000000
  168  1   10.553783    1.000000    0.000000
  1
    1
    1  2  -51.678143    2.000000    0.000000
    3  2  -51.676980    2.000000    0.000000
    5  4  -51.096429    4.000000    0.000000
    9  2  -50.437360    2.000000    0.000000
   11  2  -50.433837    2.000000    0.000000
   13  2  -48.473285    2.000000    0.000000
   15  2  -48.471581    2.000000    0.000000
   17  4  -47.995886    4.000000    0.000000
   21  4  -47.675544    4.000000    0.000000
   25  2  -18.197265    2.000000    0.000000
   27  2  -18.195273    2.000000    0.000000
   29  2   -8.276891    2.000000    0.000000
   31  2   -7.615019    2.000000    0.000000
   33  2   -7.279853    2.000000    0.000000
   35  2   -7.020665    2.000000    0.000000
   37  2   -6.768993    2.000000    0.000000
   39  2   -6.765574    2.000000    0.000000
   41  2   -6.046262    2.000000    0.000000
   43  2   -6.040050    2.000000    0.000000
   45  2   -4.573830    2.000000    0.000000
   47  2   -4.551807    2.000000    0.000000
   49  2   -4.521677    2.000000    0.000000
   51  2   -4.496253    2.000000    0.000000
   53  2   -1.049400    2.000000    0.000000
   55  2   -0.972893    2.000000    0.000000
   57  1   -0.809198    1.000000    0.000000
   58  1   -0.806782    1.000000    0.000000
   59  1   -0.257426    1.000000    0.000000
   60  1   -0.255709    1.000000    0.000000
   61  2    0.094816    2.000000    0.000000
   63  2    0.140771    2.000000    0.000000
   65  2    0.222756    2.000000    0.000000
   67  1    0.351761    1.000000    0.000000
   68  1    0.352800    1.000000    0.000000
   69  2    0.409676    2.000000    0.000000
   71  1    0.610134    1.000000    0.000000
   72  1    0.611494    1.000000    0.000000
   73  2    0.652474    2.000000    0.000000
   75  2    0.721939    2.000000    0.000000
   77  2    1.080328    2.000000    0.000000
   79  2    1.170513    2.000000    0.000000
   81  2    1.249961    2.000000    0.000000
   83  2    1.338853    2.000000    0.000000
   85  2    1.405110    2.000000    0.000000
   87  2    1.607493    2.000000    0.000000
   89  2    1.762542    2.000000    0.000000
   91  2    1.860775    2.000000    0.000000
   93  2    1.950484    2.000000    0.000000
   95  1    2.077192    1.000000    0.000000
   96  1    2.078330    1.000000    0.000000
   97  2    2.497914    2.000000    0.000000
   99  2    2.568664    2.000000    0.000000
  101  2    2.730499    2.000000    0.000000
  103  2    2.879530    2.000000    0.000000
  105  2    2.956799    2.000000    0.000000
  107  2    3.035652    2.000000    0.000000
  109  2    3.467314    2.000000    0.000000
  111  2    4.025658    2.000000    0.000000
  113  2    4.118597    2.000000    0.000000
  115  2    4.188791    2.000000    0.000000
  117  2    4.256619    2.000000    0.000000
  119  2    4.309333    2.000000    0.000000
  121  2    4.486811    2.000000    0.000000
  123  2    4.640972    2.000000    0.000000
  125  2    5.018099    2.000000    0.000000
  127  2    5.292735    2.000000    0.000000
  129  1    7.304676    1.000000    0.000000
  130  1    7.306515    1.000000    0.000000
  131  1    7.449695    1.000000    0.000000
  132  1    7.453604    1.000000    0.000000
  133  2    7.627683    2.000000    0.000000
  135  2    7.689653    2.000000    0.000000
  137  1    7.733957    1.000000    0.000000
  138  1    7.735889    1.000000    0.000000
  139  1    7.874193    1.000000    0.000000
  140  1    7.875908    1.000000    0.000000
  141  2    7.970904    2.000000    0.000000
  143  1    8.132434    1.000000    0.000000
  144  1    8.135104    1.000000    0.000000
  145  2    8.218145    2.000000    0.000000
  147  2    8.497510    2.000000    0.000000
  149  2    8.663973    2.000000    0.000000
  151  2    8.776339    2.000000    0.000000
  153  1    9.080834    1.000000    0.000000
  154  1    9.082341    1.000000    0.000000
  155  2    9.201668    2.000000    0.000000
  157  2    9.294237    2.000000    0.000000
  159  1    9.593954    1.000000    0.000000
  160  1    9.599259    1.000000    0.000000
  161  2    9.659455    2.000000    0.000000
  163  1   10.100871    1.000000    0.000000
  164  1   10.113211    1.000000    0.000000
  165  1   10.169574    1.000000    0.000000
  166  1   10.266445    1.000000    0.000000
  167  1   10.404116    1.000000    0.000000
  168  1   10.484035    1.000000    0.000000
