   54   80
  1
 16
  1  0  0  0  1  0  0  0  1    0.000000    0.000000    0.000000    1.000000    0.000000    0.000000    0.000000    0.000000    0.000000    1.000000    0.000000  1
 -1  0  0  0 -1  0  0  0  1    0.500000    0.500000    0.000000    0.000000   -1.000000    0.000000    0.000000    0.000000    0.000000    0.000000    1.000000  1
 -1  0  0  0  1  0  0  0 -1    0.000000    0.500000    0.000000    0.000000    0.000000   -1.000000    0.000000    1.000000    0.000000    0.000000    0.000000  1
  1  0  0  0 -1  0  0  0 -1    0.500000    0.000000    0.000000    0.000000    0.000000    0.000000   -1.000000    0.000000   -1.000000    0.000000    0.000000  1
  0  1  0 -1  0  0  0  0 -1    0.500000    0.000000    0.000000    0.707107   -0.707107    0.000000    0.000000    0.000000    0.000000    0.707107    0.707107  1
  0 -1  0  1  0  0  0  0 -1    0.000000    0.500000    0.000000    0.707107    0.707107    0.000000    0.000000    0.000000    0.000000    0.707107   -0.707107  1
  0 -1  0 -1  0  0  0  0  1    0.500000    0.500000    0.000000    0.000000    0.000000   -0.707107   -0.707107    0.707107   -0.707107    0.000000    0.000000  1
  0  1  0  1  0  0  0  0  1    0.000000    0.000000    0.000000    0.000000    0.000000   -0.707107    0.707107    0.707107    0.707107    0.000000    0.000000  1
  0 -1  0  1  0  0  0  0  1    0.500000    0.000000    0.000000    0.707107   -0.707107    0.000000    0.000000    0.000000    0.000000    0.707107    0.707107 -1
  0  1  0 -1  0  0  0  0  1    0.000000    0.500000    0.000000    0.707107    0.707107    0.000000    0.000000    0.000000    0.000000    0.707107   -0.707107 -1
  0  1  0  1  0  0  0  0 -1    0.500000    0.500000    0.000000    0.000000    0.000000   -0.707107   -0.707107    0.707107   -0.707107    0.000000    0.000000 -1
  0 -1  0 -1  0  0  0  0 -1    0.000000    0.000000    0.000000    0.000000    0.000000   -0.707107    0.707107    0.707107    0.707107    0.000000    0.000000 -1
 -1  0  0  0 -1  0  0  0 -1    0.000000    0.000000    0.000000    1.000000    0.000000    0.000000    0.000000    0.000000    0.000000    1.000000    0.000000 -1
  1  0  0  0  1  0  0  0 -1    0.500000    0.500000    0.000000    0.000000   -1.000000    0.000000    0.000000    0.000000    0.000000    0.000000    1.000000 -1
  1  0  0  0 -1  0  0  0  1    0.000000    0.500000    0.000000    0.000000    0.000000   -1.000000    0.000000    1.000000    0.000000    0.000000    0.000000 -1
 -1  0  0  0  1  0  0  0  1    0.500000    0.000000    0.000000    0.000000    0.000000    0.000000   -1.000000    0.000000   -1.000000    0.000000    0.000000 -1
  6
    0.000000    0.000000    0.000000
    0.500000    0.500000    0.500000
    0.500000    0.500000    0.000000
    0.000000    0.500000    0.500000
    0.000000    0.500000    0.000000
    0.000000    0.000000    0.500000
  8
    1    2    3    4    5    6    7    8
    1  2  -47.204969    2.000000    0.000000    0.000000    0.000001    0.000000    0.000005    0.000000   -0.000003   -1.414213   -0.000001   -1.414213    0.000001    0.000000   -0.000001    0.000000   -0.000005
    3  2  -46.870036    2.000000    0.000000    0.000000    0.000001    0.000000    0.000002    0.000000    0.000005   -1.414213   -0.000000   -1.414213    0.000001    0.000000   -0.000005    0.000000    0.000002
    5  2  -46.296082    2.000000    0.000000    0.000000    0.000002    0.000000    0.000001    0.000000    0.000003    1.414214    0.000001    1.414214   -0.000001    0.000000    0.000003    0.000000   -0.000002
    7  2  -42.911071    2.000000    0.000000    0.000000    0.000001    0.000000    0.000001    0.000000    0.000005   -1.414213   -0.000000   -1.414213    0.000001    0.000000   -0.000004    0.000000    0.000003
    9  2  -42.538327    2.000000    0.000000    0.000000    0.000000    0.000000    0.000000    0.000000    0.000000   -1.414213    0.000000   -1.414213    0.000000    0.000000    0.000000    0.000000   -0.000000
   11  2  -42.172932    2.000000    0.000000    0.000000    0.000000    0.000000    0.000000    0.000000    0.000000    1.414214    0.000000    1.414214    0.000000    0.000000    0.000000    0.000000   -0.000000
   13  2  -27.679818    2.000000    0.000000    0.000000    0.000000    0.000000    0.000001    0.000000    0.000002    1.414214    0.000000    1.414214    0.000000    0.000000    0.000002    0.000000   -0.000001
   15  2  -27.668518    2.000000    0.000000    0.000000    0.000000    0.000000   -0.000004    0.000000   -0.000003   -1.414213    0.000000   -1.414213    0.000000    0.000000    0.000005    0.000000    0.000001
   17  2  -11.393291    2.000000    0.000000    0.000000    0.000000    0.000000    0.000000    0.000000    0.000000    1.414214    0.000000    1.414214    0.000000    0.000000    0.000000    0.000000    0.000000
   19  2  -11.341891    2.000000    0.000000    0.000000    0.000000    0.000000    0.000000    0.000000    0.000000   -1.414213    0.000000   -1.414213    0.000000    0.000000    0.000000    0.000000    0.000000
   21  2  -11.138494    2.000000    0.000000    0.000000    0.000000    0.000000    0.000000    0.000000    0.000000    1.414214    0.000000    1.414214    0.000000    0.000000    0.000000    0.000000   -0.000000
   23  2  -11.124890    2.000000    0.000000    0.000000    0.000000    0.000000    0.000000    0.000000    0.000000   -1.414213    0.000000   -1.414213    0.000000    0.000000   -0.000000    0.000000    0.000000
   25  2  -11.081281    2.000000    0.000000    0.000000    0.000000    0.000000    0.000001    0.000000    0.000000   -1.414213    0.000000   -1.414213    0.000000    0.000000   -0.000000    0.000000   -0.000000
   27  2  -11.073556    2.000000    0.000000    0.000000    0.000000    0.000000    0.000000    0.000000   -0.000000    1.414214    0.000000    1.414214    0.000000    0.000000    0.000000    0.000000    0.000000
   29  2   -7.354462    2.000000    0.000000    0.000000    0.000000    0.000000   -0.000002    0.000000   -0.000009    1.414214    0.000000    1.414214    0.000000    0.000000   -0.000008    0.000000    0.000005
   31  2   -6.719903    2.000000    0.000000    0.000000    0.000000    0.000000   -0.000000    0.000000   -0.000000   -1.414213    0.000000   -1.414213    0.000000    0.000000    0.000001    0.000000    0.000000
   33  2   -0.473015    2.000000    0.000000    0.000000    0.000000    0.000000   -0.000004    0.000000   -0.000004    1.414214    0.000000    1.414214    0.000000    0.000000   -0.000006    0.000000   -0.000000
   35  2    0.076045    2.000000    0.000000    0.000000    0.000000    0.000000    0.000003    0.000000    0.000003   -1.414213    0.000000   -1.414213    0.000000    0.000000   -0.000004    0.000000    0.000000
   37  2    0.365892    2.000000    0.000000    0.000000    0.000000    0.000000   -0.000000    0.000000   -0.000000    1.414214    0.000000    1.414214    0.000000    0.000000   -0.000000    0.000000    0.000000
   39  2    0.397924    2.000000    0.000000    0.000000    0.000000    0.000000    0.000000    0.000000    0.000005   -1.414213    0.000000   -1.414213    0.000000    0.000000   -0.000004    0.000000    0.000004
   41  2    0.719212    2.000000    0.000000    0.000000    0.000000    0.000000   -0.000000    0.000000   -0.000001   -1.414213    0.000000   -1.414213    0.000000    0.000000    0.000001    0.000000   -0.000000
   43  2    1.000588    2.000000    0.000000    0.000000    0.000000    0.000000    0.000001    0.000000   -0.000002    1.414214    0.000000    1.414214    0.000000    0.000000   -0.000001    0.000000    0.000002
   45  2    1.664439    2.000000    0.000000    0.000000    0.000000    0.000000    0.000003    0.000000   -0.000002    1.414214    0.000000    1.414214    0.000000    0.000000    0.000000    0.000000    0.000003
   47  2    2.106396    2.000000    0.000000    0.000000    0.000000    0.000000    0.000001    0.000000    0.000001   -1.414213    0.000000   -1.414213    0.000000    0.000000   -0.000001    0.000000    0.000000
   49  2    2.665119    2.000000    0.000000    0.000000    0.000000    0.000000    0.000001    0.000000   -0.000000   -1.414213    0.000000   -1.414213    0.000000    0.000000   -0.000000    0.000000   -0.000001
   51  2    3.314109    2.000000    0.000000    0.000000    0.000000    0.000000   -0.000004    0.000000   -0.000004   -1.414213    0.000000   -1.414213    0.000000    0.000000    0.000006    0.000000    0.000000
   53  2    3.429394    2.000000    0.000000    0.000000    0.000000    0.000000   -0.000000    0.000000    0.000000    1.414214    0.000000    1.414214    0.000000    0.000000   -0.000000    0.000000   -0.000000
   55  2    3.800185    2.000000    0.000000    0.000000   -0.000040    0.000000   -0.000028    0.000000   -0.000069    1.414213   -0.000029    1.414213    0.000029    0.000000   -0.000069    0.000000    0.000029
   57  2    4.217582    2.000000    0.000000    0.000000   -0.000006    0.000000   -0.000032    0.000000   -0.000004    1.414213   -0.000004    1.414213    0.000004    0.000000   -0.000026    0.000000   -0.000020
   59  2    4.533964    2.000000    0.000000    0.000000   -0.000000    0.000000   -0.000000    0.000000   -0.000009   -1.414213    0.000000   -1.414213   -0.000000    0.000000    0.000007    0.000000   -0.000006
   61  2    4.571483    2.000000    0.000000    0.000000   -0.000000    0.000000    0.000003    0.000000   -0.000021   -1.414213    0.000001   -1.414213   -0.000000    0.000000    0.000012    0.000000   -0.000017
   63  2    5.587298    2.000000    0.000000    0.000000    0.000000    0.000000    0.000002    0.000000   -0.000001   -1.414213    0.000000   -1.414213    0.000000    0.000000   -0.000001    0.000000   -0.000002
   65  2    5.667777    2.000000    0.000000    0.000000   -0.000002    0.000000   -0.000005    0.000000    0.000001    1.414214   -0.000001    1.414214    0.000001    0.000000   -0.000003    0.000000   -0.000004
   67  2    6.013521    2.000000    0.000000    0.000000   -0.000000    0.000000   -0.000001    0.000000    0.000002    1.414214   -0.000000    1.414214    0.000000    0.000000    0.000001    0.000000   -0.000002
   69  2    6.344103    2.000000    0.000000    0.000000   -0.000021    0.000000   -0.000070    0.000000   -0.000108   -1.414213    0.000015   -1.414213   -0.000015    0.000000    0.000126    0.000000   -0.000026
   71  2    6.489225    2.000000    0.000000    0.000000   -0.000008    0.000000   -0.000051    0.000000   -0.000067   -1.414213    0.000005   -1.414213   -0.000005    0.000000    0.000084    0.000000   -0.000011
   73  2    7.575025    2.000000    0.000000    0.000000   -0.000010    0.000000   -0.000006    0.000000   -0.000025    1.414210   -0.000006    1.414210    0.000007    0.000000   -0.000019    0.000000    0.000011
   75  2    7.655310    2.000000    0.000000    0.000000   -0.000002    0.000000    0.000011    0.000000   -0.000003    1.414205    0.000004    1.414205   -0.000004    0.000000    0.000007    0.000000    0.000006
   77  2    7.779897    2.000000    0.000000    0.000000   -0.000019    0.000000   -0.000019    0.000000   -0.000005   -1.414210    0.000014   -1.414210   -0.000013    0.000000    0.000016    0.000000    0.000010
   79  1    8.816764    1.000000    0.000000    0.000000   -0.748403    0.000000    0.599824    0.000000   -0.273004    0.702250   -0.527782    0.702250    0.527782    0.000000    0.231869    0.000000    0.616916
   80  1    8.869639    1.000000    0.000000    0.000000    0.733561    0.000000   -0.398231    0.000000    0.399696    0.264607    0.216883    0.264607   -0.216882    0.000000   -0.328175    0.000000   -0.268657
  8
    1    2    3    4    5    6    7    8
    1  2  -47.205250    2.000000    0.000000    0.000000    0.000001    0.000002    0.000000   -0.000000    0.000000   -0.000000    1.414214    0.000000    1.414214    0.000000   -0.000001    0.000000   -0.000001
    3  2  -46.869993    2.000000    0.000000    0.000000    0.000000    0.000002    0.000000   -0.000001    0.000000    0.000000   -1.414213   -0.000000   -1.414213    0.000000    0.000001    0.000000    0.000002
    5  2  -46.296411    2.000000    0.000000    0.000000    0.000002    0.000001    0.000000    0.000002    0.000000    0.000002   -1.414213   -0.000001   -1.414213    0.000000    0.000002    0.000000   -0.000001
    7  2  -42.911469    2.000000    0.000000    0.000000    0.000002    0.000001    0.000000    0.000002    0.000000    0.000002   -1.414213   -0.000001   -1.414213    0.000000    0.000002    0.000000   -0.000001
    9  2  -42.538266    2.000000    0.000000    0.000000   -0.000001    0.000000    0.000000    0.000001    0.000000    0.000001    1.414214   -0.000001    1.414214    0.000000   -0.000001    0.000000    0.000001
   11  2  -42.173389    2.000000    0.000000    0.000000    0.000000   -0.000000    0.000000    0.000000    0.000000    0.000000    1.414214    0.000000    1.414214    0.000000    0.000000    0.000000    0.000000
   13  4  -27.671220    4.000000    0.000000    0.000000    0.000000   -0.000004    0.000000   -0.000003    0.000000    0.000004   -0.000007   -0.000004   -0.000007    0.000000   -0.000001    0.000000   -0.000003
   17  4  -11.391738    4.000000    0.000000    0.000000    0.000000    0.000000    0.000000   -0.000000    0.000000    0.000000    0.000000    0.000000    0.000000    0.000000    0.000000    0.000000    0.000000
   21  2  -11.147474    2.000000    0.000000    0.000000    0.000000   -0.000000    0.000000    0.000000    0.000000    0.000000    1.414214    0.000000    1.414214    0.000000    0.000000    0.000000    0.000000
   23  2  -11.145154    2.000000    0.000000    0.000000    0.000000    0.000000    0.000000    0.000001    0.000000    0.000000   -1.414213    0.000000   -1.414213    0.000000    0.000001    0.000000   -0.000000
   25  2  -11.100987    2.000000    0.000000    0.000000    0.000000    0.000000    0.000000   -0.000000    0.000000    0.000000   -1.414212    0.000000   -1.414212    0.000000   -0.000000    0.000000    0.000000
   27  2  -11.098442    2.000000    0.000000    0.000000    0.000000    0.000000    0.000000    0.000000    0.000000    0.000000    1.414212    0.000000    1.414212    0.000000   -0.000000    0.000000    0.000000
   29  4   -6.644333    4.000000    0.000000    0.000000    0.000000   -0.000002    0.000000    0.000000    0.000000    0.000000    0.000000    0.000000    0.000000    0.000000   -0.000001    0.000000    0.000001
   33  2   -0.704847    2.000000    0.000000    0.000000    0.000000    0.000001    0.000000   -0.000000    0.000000    0.000000    1.414214    0.000000    1.414214    0.000000   -0.000000    0.000000   -0.000000
   35  2   -0.611571    2.000000    0.000000    0.000000    0.000000    0.000001    0.000000   -0.000001    0.000000    0.000000   -1.414213    0.000000   -1.414213    0.000000    0.000001    0.000000    0.000002
   37  2    0.513625    2.000000    0.000000    0.000000    0.000000    0.000001    0.000000    0.000000    0.000000    0.000000   -1.414213    0.000000   -1.414213    0.000000    0.000001    0.000000    0.000001
   39  2    0.732221    2.000000    0.000000    0.000000    0.000000   -0.000001    0.000000    0.000000    0.000000    0.000000    1.414214    0.000000    1.414214    0.000000    0.000001    0.000000    0.000001
   41  2    0.799566    2.000000    0.000000    0.000000    0.000000    0.000001    0.000000   -0.000000    0.000000    0.000000   -1.414213    0.000000   -1.414213    0.000000    0.000000    0.000000    0.000001
   43  2    0.828940    2.000000    0.000000    0.000000    0.000000    0.000001    0.000000   -0.000000    0.000000    0.000000    1.414214    0.000000    1.414214    0.000000    0.000000    0.000000   -0.000001
   45  2    1.245034    2.000000    0.000000    0.000000    0.000000   -0.000001    0.000000   -0.000001    0.000000    0.000000    1.414214    0.000000    1.414214    0.000000    0.000001    0.000000    0.000000
   47  2    1.278208    2.000000    0.000000    0.000000    0.000000    0.000001    0.000000   -0.000002    0.000000    0.000000   -1.414213    0.000000   -1.414213    0.000000   -0.000001    0.000000    0.000002
   49  2    1.765566    2.000000    0.000000    0.000000    0.000000    0.000001    0.000000    0.000000    0.000000    0.000000   -1.414213    0.000000   -1.414213    0.000000    0.000001    0.000000    0.000001
   51  2    1.919278    2.000000    0.000000    0.000000    0.000000   -0.000000    0.000000    0.000000    0.000000    0.000000    1.414214    0.000000    1.414214    0.000000   -0.000000    0.000000    0.000000
   53  2    2.036087    2.000000    0.000000    0.000000    0.000000    0.000000    0.000000    0.000002    0.000000    0.000000   -1.414213    0.000000   -1.414213    0.000000    0.000001    0.000000   -0.000001
   55  2    4.081781    2.000000    0.000000    0.000000    0.000000    0.000001    0.000000    0.000001    0.000000    0.000000    1.414214    0.000000    1.414214    0.000000   -0.000001    0.000000    0.000000
   57  2    4.101875    2.000000    0.000000    0.000000    0.000000   -0.000001    0.000000    0.000003    0.000000    0.000000   -1.414213    0.000000   -1.414213    0.000000    0.000001    0.000000   -0.000002
   59  2    4.519583    2.000000    0.000000    0.000000    0.000000    0.000001    0.000000    0.000001    0.000000    0.000000    1.414214    0.000000    1.414214    0.000000   -0.000001    0.000000    0.000000
   61  2    4.530179    2.000000    0.000000    0.000000   -0.000000    0.000000    0.000000    0.000001    0.000000   -0.000000   -1.414213    0.000000   -1.414213    0.000000    0.000000    0.000000   -0.000000
   63  2    4.900049    2.000000    0.000000    0.000000    0.000000    0.000000    0.000000    0.000001    0.000000    0.000000    1.414214    0.000000    1.414214    0.000000   -0.000000    0.000000    0.000001
   65  2    5.961887    2.000000    0.000000    0.000000    0.000000    0.000000    0.000000    0.000000    0.000000    0.000000   -1.414213    0.000000   -1.414213    0.000000    0.000000    0.000000    0.000000
   67  2    5.995882    2.000000    0.000000    0.000000    0.000000    0.000000    0.000000   -0.000000    0.000000    0.000000    1.414214    0.000000    1.414214    0.000000    0.000000    0.000000   -0.000000
   69  2    7.304259    2.000000    0.000000    0.000000   -0.000000    0.000005    0.000000   -0.000024    0.000000    0.000000    1.414213   -0.000000    1.414213    0.000000    0.000013    0.000000   -0.000020
   71  2    7.328331    2.000000    0.000000    0.000000   -0.000000    0.000012    0.000000    0.000005    0.000000   -0.000000   -1.414213    0.000000   -1.414213    0.000000    0.000012    0.000000    0.000005
   73  2    7.535445    2.000000    0.000000    0.000000    0.000000   -0.000000    0.000000   -0.000000    0.000000    0.000000    1.414214    0.000000    1.414214    0.000000    0.000000    0.000000    0.000000
   75  2    7.988193    2.000000    0.000000    0.000000   -0.000015    0.000013    0.000000   -0.000013    0.000000   -0.000010   -1.414211    0.000010   -1.414211    0.000000    0.000001    0.000000    0.000019
   77  2    8.079612    2.000000    0.000000    0.000000   -0.000005   -0.000066    0.000000   -0.000211    0.000000    0.000002    1.414209   -0.000002    1.414209    0.000000    0.000200    0.000000   -0.000104
   79  2    8.137560    2.000000    0.000000    0.000000   -0.000043    0.000078    0.000000   -0.000037    0.000000   -0.000031   -1.414209    0.000031   -1.414209    0.000000    0.000030    0.000000    0.000084
  8
    1    2    3    4    5    6    7    8
    1  2  -47.205247    2.000000    0.000000    0.000000   -0.000001   -0.000000    0.000000   -0.000002    0.000000    0.000001    1.414214   -0.000001    1.414214    0.000000    0.000002    0.000000   -0.000001
    3  2  -46.869997    2.000000    0.000000    0.000000    0.000005    0.000001    0.000000    0.000002    0.000000    0.000004   -1.414213   -0.000004   -1.414213    0.000000    0.000002    0.000000   -0.000001
    5  2  -46.296409    2.000000    0.000000    0.000000   -0.000000   -0.000000    0.000000   -0.000001    0.000000   -0.000000   -1.414213    0.000000   -1.414213    0.000000   -0.000001    0.000000    0.000000
    7  2  -42.911464    2.000000    0.000000    0.000000   -0.000002   -0.000001    0.000000    0.000000    0.000000   -0.000001   -1.414213    0.000001   -1.414213    0.000000   -0.000001    0.000000   -0.000001
    9  2  -42.538271    2.000000    0.000000    0.000000    0.000000   -0.000000    0.000000    0.000000    0.000000    0.000000    1.414214    0.000000    1.414214    0.000000    0.000000    0.000000    0.000000
   11  2  -42.173385    2.000000    0.000000    0.000000    0.000000    0.000000    0.000000    0.000000    0.000000    0.000000    1.414214    0.000000    1.414214    0.000000    0.000000    0.000000    0.000000
   13  4  -27.671219    4.000000    0.000000    0.000000    0.000000    0.000002    0.000000    0.000001    0.000000    0.000000    0.000001   -0.000000    0.000001    0.000000    0.000002    0.000000   -0.000000
   17  4  -11.391787    4.000000    0.000000    0.000000    0.000000    0.000000    0.000000    0.000000    0.000000    0.000000    0.000000    0.000000    0.000000    0.000000    0.000000    0.000000    0.000000
   21  2  -11.147695    2.000000    0.000000    0.000000    0.000000    0.000000    0.000000   -0.000000    0.000000    0.000000   -1.414213    0.000000   -1.414213    0.000000   -0.000000    0.000000    0.000000
   23  2  -11.145549    2.000000    0.000000    0.000000    0.000000    0.000000    0.000000    0.000000    0.000000    0.000000    1.414214    0.000000    1.414214    0.000000    0.000000    0.000000    0.000000
   25  2  -11.100091    2.000000    0.000000    0.000000    0.000000   -0.000000    0.000000   -0.000000    0.000000    0.000000    1.414213    0.000000    1.414213    0.000000    0.000001    0.000000    0.000000
   27  2  -11.097418    2.000000    0.000000    0.000000    0.000000   -0.000000    0.000000    0.000000    0.000000    0.000000   -1.414212    0.000000   -1.414212    0.000000   -0.000000    0.000000   -0.000000
   29  4   -6.649676    4.000000    0.000000    0.000000    0.000000    0.000005    0.000000    0.000005    0.000000   -0.000000    0.000000    0.000000    0.000000    0.000000    0.000003    0.000000    0.000000
   33  2   -0.699667    2.000000    0.000000    0.000000    0.000000    0.000000    0.000000    0.000001    0.000000    0.000000    1.414214    0.000000    1.414214    0.000000   -0.000000    0.000000    0.000000
   35  2   -0.607713    2.000000    0.000000    0.000000    0.000000    0.000000    0.000000    0.000000    0.000000    0.000000   -1.414213    0.000000   -1.414213    0.000000    0.000000    0.000000   -0.000000
   37  2    0.519460    2.000000    0.000000    0.000000    0.000000    0.000002    0.000000    0.000000    0.000000    0.000000   -1.414213    0.000000   -1.414213    0.000000    0.000001    0.000000    0.000001
   39  2    0.731666    2.000000    0.000000    0.000000    0.000000    0.000000    0.000000   -0.000001    0.000000    0.000000    1.414214    0.000000    1.414214    0.000000    0.000000    0.000000   -0.000001
   41  2    0.776415    2.000000    0.000000    0.000000   -0.000000    0.000010    0.000000   -0.000004    0.000000    0.000000   -1.414213    0.000000   -1.414213    0.000000    0.000005    0.000000    0.000010
   43  2    0.801418    2.000000    0.000000    0.000000    0.000000    0.000006    0.000000   -0.000003    0.000000    0.000000    1.414214    0.000000    1.414214    0.000000   -0.000001    0.000000   -0.000006
   45  2    1.325994    2.000000    0.000000    0.000000    0.000000    0.000001    0.000000    0.000000    0.000000    0.000000    1.414206    0.000000    1.414206    0.000000   -0.000000    0.000000   -0.000000
   47  2    1.327789    2.000000    0.000000    0.000000    0.000000   -0.000000    0.000000    0.000000    0.000000    0.000000   -1.414195   -0.000000   -1.414195    0.000000    0.000000    0.000000   -0.000000
   49  2    1.809168    2.000000    0.000000    0.000000    0.000000    0.000000    0.000000    0.000000    0.000000    0.000000   -1.414213    0.000000   -1.414213    0.000000    0.000000    0.000000    0.000000
   51  2    2.060502    2.000000    0.000000    0.000000    0.000000   -0.000000    0.000000    0.000000    0.000000    0.000000    1.414214    0.000000    1.414214    0.000000   -0.000000    0.000000    0.000000
   53  2    2.136086    2.000000    0.000000    0.000000    0.000000    0.000000    0.000000    0.000000    0.000000    0.000000   -1.414213    0.000000   -1.414213    0.000000    0.000000    0.000000    0.000000
   55  2    3.960900    2.000000    0.000000    0.000000    0.000000    0.000006    0.000000   -0.000003    0.000000    0.000000    1.414213    0.000000    1.414213    0.000000   -0.000002    0.000000   -0.000006
   57  2    3.973924    2.000000    0.000000    0.000000    0.000000    0.000007    0.000000    0.000003    0.000000    0.000000   -1.414213    0.000000   -1.414213    0.000000    0.000007    0.000000    0.000003
   59  2    4.522720    2.000000    0.000000    0.000000    0.000000    0.000000    0.000000    0.000000    0.000000    0.000000   -1.414213    0.000000   -1.414213    0.000000    0.000000    0.000000    0.000000
   61  2    4.527439    2.000000    0.000000    0.000000    0.000000   -0.000000    0.000000    0.000001    0.000000    0.000000    1.414214    0.000000    1.414214    0.000000   -0.000000    0.000000    0.000001
   63  2    4.754167    2.000000    0.000000    0.000000    0.000000    0.000000    0.000000    0.000000    0.000000    0.000000    1.414214    0.000000    1.414214    0.000000   -0.000000    0.000000   -0.000000
   65  2    5.602678    2.000000    0.000000    0.000000    0.000000    0.000000    0.000000   -0.000000    0.000000    0.000000   -1.414213    0.000000   -1.414213    0.000000   -0.000000    0.000000    0.000001
   67  2    5.674950    2.000000    0.000000    0.000000   -0.000000   -0.000000    0.000000   -0.000001    0.000000    0.000000    1.414214   -0.000000    1.414214    0.000000    0.000001    0.000000   -0.000000
   69  2    6.337822    2.000000    0.000000    0.000000   -0.000082    0.000146    0.000000   -0.000064    0.000000    0.000059    1.414210   -0.000059    1.414210    0.000000   -0.000062    0.000000   -0.000149
   71  2    6.356420    2.000000    0.000000    0.000000   -0.000087    0.000159    0.000000    0.000066    0.000000   -0.000063   -1.414210    0.000063   -1.414210    0.000000    0.000160    0.000000    0.000069
   73  2    8.795742    2.000000    0.000000    0.000000   -0.000008    0.000004    0.000000   -0.000013    0.000000    0.000003    1.414181   -0.000003    1.414181    0.000000   -0.000017    0.000000   -0.000023
   75  1    9.351909    1.000000    0.000000    0.000000   -0.616507    0.649659    0.000000    0.443369    0.000000   -0.435993   -0.706813    0.435993   -0.706813    0.000000    0.773041    0.000000    0.145959
   76  1    9.355999    1.000000    0.000000    0.000000    0.612156   -0.650324    0.000000   -0.435940    0.000000    0.429960   -0.695985   -0.429960   -0.695985    0.000000   -0.764381    0.000000   -0.136994
   77  1    9.534152    1.000000    0.000000    0.000000    0.208032    0.758879    0.000000   -0.310275    0.000000   -0.229906    0.591092    0.229906    0.591092    0.000000   -0.337971    0.000000   -0.868124
   78  1    9.539352    1.000000    0.000000    0.000000   -0.282571   -0.753235    0.000000    0.358102    0.000000    0.361926    0.190635   -0.361926    0.190635    0.000000    0.063611    0.000000    0.127313
   79  1    9.553095    1.000000    0.000000    0.000000   -0.164910    0.694625    0.000000    0.225229    0.000000   -0.188637   -0.529627    0.188637   -0.529627    0.000000    0.863270    0.000000    0.413782
   80  1    9.641452    1.000000    0.000000    0.000000    0.313980   -0.558515    0.000000   -0.246985    0.000000    0.113819   -0.269958   -0.113819   -0.269958    0.000000   -0.426810    0.000000    0.327951
  4
    1    2    3    4
    1  2  -47.205106    2.000000    0.000000    0.000000    2.000000    0.000000    0.000000    0.000000    0.000000
    3  2  -46.870010    2.000000    0.000000    0.000000   -2.000000    0.000001    0.000000    0.000000    0.000001
    5  2  -46.296243    2.000000    0.000000    0.000000    2.000000    0.000000    0.000000    0.000000    0.000000
    7  2  -42.911298    2.000000    0.000000    0.000000   -2.000000    0.000000    0.000000    0.000000    0.000000
    9  2  -42.538289    2.000000    0.000000    0.000000    2.000000    0.000000    0.000000    0.000000    0.000000
   11  2  -42.173193    2.000000    0.000000    0.000000   -2.000000    0.000000    0.000000    0.000000    0.000000
   13  4  -27.672691    4.000000    0.000000    0.000000   -0.000000   -0.000004    0.000000    0.000000    0.000004
   17  4  -11.392245    4.000000    0.000000    0.000000    0.000000    0.000000    0.000000    0.000000    0.000000
   21  2  -11.147616    2.000000    0.000000    0.000000    2.000000    0.000000    0.000000    0.000000    0.000000
   23  2  -11.146391    2.000000    0.000000    0.000000   -2.000000    0.000000    0.000000    0.000000    0.000000
   25  2  -11.084607    2.000000    0.000000    0.000000   -2.000000    0.000000    0.000000    0.000000    0.000000
   27  2  -11.083145    2.000000    0.000000    0.000000    2.000000    0.000000    0.000000    0.000000   -0.000000
   29  2   -6.797474    2.000000    0.000000    0.000000   -2.000000    0.000000    0.000000    0.000000    0.000000
   31  2   -6.774791    2.000000    0.000000    0.000000    2.000000    0.000000    0.000000    0.000000   -0.000000
   33  1   -0.572313    1.000000    0.000000    0.000000   -1.000000    0.999928    0.000000    0.000000    0.999928
   34  1   -0.569837    1.000000    0.000000    0.000000   -1.000000   -0.999928    0.000000    0.000000   -0.999928
   35  1   -0.379601    1.000000    0.000000    0.000000    1.000000   -0.999922    0.000000    0.000000    0.999923
   36  1   -0.377205    1.000000    0.000000    0.000000    1.000000    0.999923    0.000000    0.000000   -0.999922
   37  2    0.344731    2.000000    0.000000    0.000000   -2.000000   -0.000002    0.000000    0.000000   -0.000002
   39  1    0.396004    1.000000    0.000000    0.000000    1.000000    0.999998    0.000000    0.000000   -0.999998
   40  1    0.397118    1.000000    0.000000    0.000000    1.000000   -0.999998    0.000000    0.000000    0.999998
   41  1    0.551458    1.000000    0.000000    0.000000   -1.000000   -1.000000    0.000000    0.000000   -1.000000
   42  1    0.556463    1.000000    0.000000    0.000000   -1.000000    1.000000    0.000000    0.000000    1.000000
   43  1    0.814440    1.000000    0.000000    0.000000   -1.000000    0.999999    0.000000    0.000000    0.999999
   44  1    0.815800    1.000000    0.000000    0.000000   -1.000000   -0.999999    0.000000    0.000000   -0.999999
   45  2    0.880884    2.000000    0.000000    0.000000    2.000000    0.000000    0.000000    0.000000    0.000000
   47  2    2.007937    2.000000    0.000000    0.000000    2.000000   -0.000274    0.000000    0.000000    0.000274
   49  2    2.294365    2.000000    0.000000    0.000000   -2.000000    0.000005    0.000000    0.000000    0.000005
   51  1    2.807661    1.000000    0.000000    0.000000    1.000000    0.999999    0.000000    0.000000   -0.999999
   52  1    2.812261    1.000000    0.000000    0.000000    1.000000   -0.999999    0.000000    0.000000    0.999999
   53  2    3.054069    2.000000    0.000000    0.000000   -2.000000    0.000000    0.000000    0.000000    0.000000
   55  1    4.293546    1.000000    0.000000    0.000000    1.000000   -1.000000    0.000000    0.000000    1.000000
   56  1    4.295605    1.000000    0.000000    0.000000    1.000000    1.000000    0.000000    0.000000   -1.000000
   57  2    4.398349    2.000000    0.000000    0.000000   -2.000000   -0.000000    0.000000    0.000000   -0.000000
   59  2    4.850155    2.000000    0.000000    0.000000    2.000000   -0.000000    0.000000    0.000000    0.000000
   61  2    5.066529    2.000000    0.000000    0.000000    2.000000    0.000000    0.000000    0.000000   -0.000000
   63  2    5.084385    2.000000    0.000000    0.000000   -2.000000    0.000000    0.000000    0.000000    0.000000
   65  2    5.222714    2.000000    0.000000    0.000000   -1.999997    0.000002    0.000000    0.000000   -0.000000
   67  2    5.231840    2.000000    0.000000    0.000000    1.999998   -0.000003    0.000000    0.000000    0.000002
   69  1    6.324095    1.000000    0.000000    0.000000   -1.000000    0.999956    0.000000    0.000000    0.999956
   70  1    6.329168    1.000000    0.000000    0.000000   -1.000000   -0.999956    0.000000    0.000000   -0.999956
   71  1    7.106281    1.000000    0.000000    0.000000    0.999998   -0.999973    0.000000    0.000000    0.999974
   72  1    7.109454    1.000000    0.000000    0.000000    0.999999    0.999975    0.000000    0.000000   -0.999975
   73  1    8.216545    1.000000    0.000000    0.000000    0.999775    0.986426    0.000000    0.000000   -0.986478
   74  1    8.219881    1.000000    0.000000    0.000000    0.999659   -0.986159    0.000000    0.000000    0.986352
   75  1    8.357902    1.000000    0.000000    0.000000   -0.999520   -0.983532    0.000000    0.000000   -0.983214
   76  1    8.363588    1.000000    0.000000    0.000000   -0.997411    0.981496    0.000000    0.000000    0.982344
   77  1    8.816337    1.000000    0.000000    0.000000    0.951810    0.160865    0.000000    0.000000   -0.127098
   78  1    8.834622    1.000000    0.000000    0.000000    0.929108   -0.185678    0.000000    0.000000    0.192584
   79  1    9.010295    1.000000    0.000000    0.000000   -0.471186   -0.702222    0.000000    0.000000   -0.716269
   80  1    9.023721    1.000000    0.000000    0.000000   -0.409762    0.616985    0.000000    0.000000    0.326462
  4
    1    2    3    4
    1  2  -47.205106    2.000000    0.000000    0.000000    2.000000    0.000000    0.000000    0.000000    0.000000
    3  2  -46.870015    2.000000    0.000000    0.000000   -2.000000    0.000000    0.000000    0.000000    0.000000
    5  2  -46.296242    2.000000    0.000000    0.000000    2.000000    0.000000    0.000000    0.000000    0.000000
    7  2  -42.911296    2.000000    0.000000    0.000000   -2.000000    0.000000    0.000000    0.000000    0.000000
    9  2  -42.538295    2.000000    0.000000    0.000000    2.000000    0.000000    0.000000    0.000000    0.000000
   11  2  -42.173191    2.000000    0.000000    0.000000   -2.000000    0.000000    0.000000    0.000000    0.000000
   13  4  -27.672690    4.000000    0.000000    0.000000    0.000000   -0.000006    0.000000    0.000000   -0.000000
   17  4  -11.391115    4.000000    0.000000    0.000000    0.000000    0.000000    0.000000    0.000000    0.000000
   21  2  -11.146578    2.000000    0.000000    0.000000    2.000000    0.000000    0.000000    0.000000    0.000000
   23  2  -11.145103    2.000000    0.000000    0.000000   -2.000000    0.000000    0.000000    0.000000    0.000000
   25  2  -11.086548    2.000000    0.000000    0.000000   -2.000000    0.000000    0.000000    0.000000    0.000000
   27  2  -11.084779    2.000000    0.000000    0.000000    2.000000    0.000000    0.000000    0.000000   -0.000000
   29  2   -6.805155    2.000000    0.000000    0.000000   -2.000000    0.000000    0.000000    0.000000    0.000000
   31  2   -6.781790    2.000000    0.000000    0.000000    2.000000    0.000000    0.000000    0.000000    0.000000
   33  1   -0.457785    1.000000    0.000000    0.000000   -1.000000    0.999946    0.000000    0.000000    0.999946
   34  1   -0.455391    1.000000    0.000000    0.000000   -1.000000   -0.999946    0.000000    0.000000   -0.999946
   35  1   -0.281262    1.000000    0.000000    0.000000    1.000000   -0.999942    0.000000    0.000000    0.999943
   36  1   -0.279010    1.000000    0.000000    0.000000    1.000000    0.999943    0.000000    0.000000   -0.999942
   37  2    0.331728    2.000000    0.000000    0.000000   -2.000000   -0.000001    0.000000    0.000000   -0.000001
   39  1    0.395431    1.000000    0.000000    0.000000    1.000000    0.999997    0.000000    0.000000   -0.999997
   40  1    0.396541    1.000000    0.000000    0.000000    1.000000   -0.999997    0.000000    0.000000    0.999997
   41  1    0.554589    1.000000    0.000000    0.000000   -1.000000   -1.000000    0.000000    0.000000   -1.000000
   42  1    0.559789    1.000000    0.000000    0.000000   -1.000000    1.000000    0.000000    0.000000    1.000000
   43  1    0.822996    1.000000    0.000000    0.000000   -1.000000    0.999999    0.000000    0.000000    0.999999
   44  1    0.824317    1.000000    0.000000    0.000000   -1.000000   -0.999999    0.000000    0.000000   -0.999999
   45  2    0.905883    2.000000    0.000000    0.000000    2.000000    0.000000    0.000000    0.000000   -0.000000
   47  2    1.829193    2.000000    0.000000    0.000000    2.000000   -0.000005    0.000000    0.000000    0.000005
   49  2    2.159616    2.000000    0.000000    0.000000   -2.000000    0.000001    0.000000    0.000000    0.000001
   51  2    2.759998    2.000000    0.000000    0.000000   -2.000000    0.000000    0.000000    0.000000    0.000000
   53  1    2.791651    1.000000    0.000000    0.000000    1.000000    1.000000    0.000000    0.000000   -1.000000
   54  1    2.796847    1.000000    0.000000    0.000000    1.000000   -1.000000    0.000000    0.000000    1.000000
   55  1    4.332664    1.000000    0.000000    0.000000    1.000000   -0.999998    0.000000    0.000000    0.999998
   56  1    4.335352    1.000000    0.000000    0.000000    1.000000    0.999998    0.000000    0.000000   -0.999998
   57  2    4.475433    2.000000    0.000000    0.000000   -2.000000    0.000000    0.000000    0.000000    0.000000
   59  1    4.481332    1.000000    0.000000    0.000000    1.000000   -0.999942    0.000000    0.000000    0.999943
   60  1    4.482389    1.000000    0.000000    0.000000    1.000000    0.999943    0.000000    0.000000   -0.999943
   61  1    4.952777    1.000000    0.000000    0.000000    1.000000    1.000000    0.000000    0.000000   -0.999999
   62  1    4.954047    1.000000    0.000000    0.000000    1.000000   -0.999999    0.000000    0.000000    1.000000
   63  2    5.124582    2.000000    0.000000    0.000000   -2.000000    0.000000    0.000000    0.000000    0.000000
   65  1    5.944837    1.000000    0.000000    0.000000   -1.000000    0.999977    0.000000    0.000000    0.999977
   66  1    5.948181    1.000000    0.000000    0.000000   -1.000000   -0.999977    0.000000    0.000000   -0.999977
   67  2    6.561265    2.000000    0.000000    0.000000    2.000000    0.000000    0.000000    0.000000    0.000000
   69  2    6.663765    2.000000    0.000000    0.000000   -1.999999    0.000013    0.000000    0.000000    0.000014
   71  2    6.853452    2.000000    0.000000    0.000000    1.999999    0.000001    0.000000    0.000000   -0.000001
   73  1    7.294349    1.000000    0.000000    0.000000   -1.000000    0.998747    0.000000    0.000000    0.998747
   74  1    7.296363    1.000000    0.000000    0.000000   -1.000000   -0.998748    0.000000    0.000000   -0.998748
   75  1    7.504891    1.000000    0.000000    0.000000    1.000000   -0.999218    0.000000    0.000000    0.999218
   76  1    7.507224    1.000000    0.000000    0.000000    1.000000    0.999218    0.000000    0.000000   -0.999218
   77  1    7.757556    1.000000    0.000000    0.000000    0.999998    0.999961    0.000000    0.000000   -0.999961
   78  1    7.758795    1.000000    0.000000    0.000000    0.999999   -0.999962    0.000000    0.000000    0.999962
   79  1    7.835509    1.000000    0.000000    0.000000   -0.999999   -0.999988    0.000000    0.000000   -0.999989
   80  1    7.838178    1.000000    0.000000    0.000000   -0.999999    0.999988    0.000000    0.000000    0.999988
  8
    1    2    3    4    5    6    7    8
    1  2  -47.204964    2.000000    0.000000    0.000000   -0.000002    0.000000    0.000001    0.000000    0.000002   -1.414213    0.000002   -1.414213   -0.000001    0.000000   -0.000002    0.000000    0.000001
    3  2  -46.870034    2.000000    0.000000    0.000000   -0.000000    0.000000    0.000002    0.000000    0.000004   -1.414213    0.000001   -1.414213   -0.000000    0.000000   -0.000004    0.000000    0.000002
    5  2  -46.296079    2.000000    0.000000    0.000000   -0.000001    0.000000   -0.000002    0.000000    0.000001    1.414214   -0.000001    1.414214    0.000001    0.000000   -0.000001    0.000000   -0.000002
    7  2  -42.911065    2.000000    0.000000    0.000000    0.000000    0.000000    0.000001    0.000000    0.000001   -1.414213   -0.000000   -1.414213    0.000000    0.000000   -0.000001    0.000000    0.000000
    9  2  -42.538322    2.000000    0.000000    0.000000    0.000000    0.000000    0.000000    0.000000    0.000000   -1.414213    0.000000   -1.414213    0.000000    0.000000    0.000000    0.000000   -0.000000
   11  2  -42.172928    2.000000    0.000000    0.000000   -0.000000    0.000000    0.000000    0.000000   -0.000000    1.414214   -0.000000    1.414214    0.000000    0.000000    0.000000    0.000000    0.000001
   13  2  -27.679776    2.000000    0.000000    0.000000    0.000000    0.000000   -0.000003    0.000000    0.000000   -1.414213    0.000000   -1.414213    0.000000    0.000000    0.000002    0.000000    0.000003
   15  2  -27.668560    2.000000    0.000000    0.000000    0.000000    0.000000    0.000000    0.000000   -0.000004    1.414214    0.000000    1.414214    0.000000    0.000000   -0.000003    0.000000    0.000003
   17  2  -11.391130    2.000000    0.000000    0.000000    0.000000    0.000000    0.000000    0.000000    0.000000   -1.414213    0.000000   -1.414213    0.000000    0.000000    0.000000    0.000000    0.000000
   19  2  -11.345024    2.000000    0.000000    0.000000    0.000000    0.000000    0.000000    0.000000    0.000000    1.414214    0.000000    1.414214    0.000000    0.000000    0.000000    0.000000    0.000000
   21  2  -11.133828    2.000000    0.000000    0.000000    0.000000    0.000000    0.000000    0.000000    0.000000   -1.414213    0.000000   -1.414213    0.000000    0.000000    0.000000    0.000000    0.000000
   23  2  -11.124789    2.000000    0.000000    0.000000    0.000000    0.000000    0.000000    0.000000    0.000000    1.414214    0.000000    1.414214    0.000000    0.000000    0.000000    0.000000    0.000000
   25  2  -11.088099    2.000000    0.000000    0.000000    0.000000    0.000000    0.000000    0.000000    0.000000    1.414214    0.000000    1.414214    0.000000    0.000000    0.000000    0.000000    0.000000
   27  2  -11.073646    2.000000    0.000000    0.000000    0.000000    0.000000   -0.000000    0.000000   -0.000000   -1.414213    0.000000   -1.414213    0.000000    0.000000    0.000000    0.000000    0.000000
   29  2   -7.298064    2.000000    0.000000    0.000000   -0.000000    0.000000    0.000016    0.000000    0.000009    1.414214   -0.000000    1.414214    0.000000    0.000000    0.000018    0.000000    0.000005
   31  2   -6.772238    2.000000    0.000000    0.000000    0.000000    0.000000   -0.000000    0.000000   -0.000004   -1.414213    0.000000   -1.414213    0.000000    0.000000    0.000003    0.000000   -0.000003
   33  2   -0.350659    2.000000    0.000000    0.000000    0.000000    0.000000   -0.000000    0.000000   -0.000001    1.414214    0.000000    1.414214    0.000000    0.000000   -0.000001    0.000000    0.000001
   35  2   -0.043985    2.000000    0.000000    0.000000    0.000000    0.000000   -0.000001    0.000000   -0.000004   -1.414213    0.000000   -1.414213    0.000000    0.000000    0.000004    0.000000   -0.000002
   37  2    0.343628    2.000000    0.000000    0.000000    0.000000    0.000000    0.000004    0.000000   -0.000002   -1.414213    0.000000   -1.414213    0.000000    0.000000   -0.000001    0.000000   -0.000004
   39  2    0.370408    2.000000    0.000000    0.000000    0.000000    0.000000   -0.000001    0.000000   -0.000002    1.414214    0.000000    1.414214    0.000000    0.000000   -0.000002    0.000000    0.000000
   41  2    0.717872    2.000000    0.000000    0.000000    0.000000    0.000000    0.000001    0.000000   -0.000001   -1.414213    0.000000   -1.414213    0.000000    0.000000    0.000000    0.000000   -0.000001
   43  2    1.029432    2.000000    0.000000    0.000000    0.000000    0.000000    0.000002    0.000000   -0.000003    1.414214    0.000000    1.414214    0.000000    0.000000   -0.000001    0.000000    0.000003
   45  2    1.681590    2.000000    0.000000    0.000000    0.000000    0.000000   -0.000002    0.000000   -0.000000    1.414214    0.000000    1.414214    0.000000    0.000000   -0.000001    0.000000   -0.000001
   47  2    2.020039    2.000000    0.000000    0.000000   -0.000000    0.000000    0.000016    0.000000    0.000015   -1.414213    0.000001   -1.414213   -0.000000    0.000000   -0.000021    0.000000   -0.000001
   49  2    2.340358    2.000000    0.000000    0.000000    0.000000    0.000000   -0.000005    0.000000    0.000012   -1.414213    0.000000   -1.414213    0.000000    0.000000   -0.000005    0.000000    0.000012
   51  2    3.086473    2.000000    0.000000    0.000000    0.000000    0.000000    0.000001    0.000000    0.000005   -1.414213    0.000000   -1.414213    0.000000    0.000000   -0.000004    0.000000    0.000003
   53  2    3.433051    2.000000    0.000000    0.000000    0.000000    0.000000    0.000000    0.000000    0.000001    1.414214    0.000000    1.414214    0.000000    0.000000    0.000001    0.000000   -0.000000
   55  2    4.208194    2.000000    0.000000    0.000000   -0.000032    0.000000    0.000008    0.000000   -0.000018    1.414214   -0.000023    1.414214    0.000023    0.000000   -0.000007    0.000000    0.000018
   57  2    4.333938    2.000000    0.000000    0.000000    0.000000    0.000000   -0.000004    0.000000   -0.000000   -1.414213    0.000000   -1.414213    0.000000    0.000000    0.000003    0.000000    0.000003
   59  2    4.546647    2.000000    0.000000    0.000000    0.000000    0.000000   -0.000001    0.000000   -0.000002   -1.414213    0.000000   -1.414213    0.000000    0.000000    0.000002    0.000000   -0.000000
   61  2    5.353516    2.000000    0.000000    0.000000   -0.000002    0.000000    0.000006    0.000000   -0.000002   -1.414213    0.000002   -1.414213   -0.000002    0.000000   -0.000003    0.000000   -0.000006
   63  2    5.532901    2.000000    0.000000    0.000000   -0.000009    0.000000   -0.000004    0.000000    0.000012    1.414213   -0.000006    1.414213    0.000007    0.000000    0.000006    0.000000   -0.000011
   65  2    5.610795    2.000000    0.000000    0.000000   -0.000001    0.000000   -0.000000    0.000000    0.000000   -1.414213    0.000001   -1.414213   -0.000000    0.000000    0.000000    0.000000    0.000001
   67  2    5.941360    2.000000    0.000000    0.000000    0.000000    0.000000   -0.000000    0.000000   -0.000001    1.414214    0.000000    1.414214    0.000000    0.000000   -0.000001    0.000000    0.000000
   69  2    6.152927    2.000000    0.000000    0.000000   -0.000020    0.000000    0.000011    0.000000   -0.000089   -1.414213    0.000014   -1.414213   -0.000014    0.000000    0.000056    0.000000   -0.000070
   71  2    6.338134    2.000000    0.000000    0.000000   -0.000063    0.000000    0.000022    0.000000    0.000029    1.414213   -0.000045    1.414213    0.000045    0.000000    0.000036    0.000000   -0.000005
   73  2    7.760967    2.000000    0.000000    0.000000   -0.000088    0.000000   -0.000034    0.000000   -0.000006   -1.414095    0.000091   -1.414095   -0.000091    0.000000    0.000098    0.000000    0.000047
   75  2    8.286702    2.000000    0.000000    0.000000   -0.028879    0.000000    0.027360    0.000000    0.021598   -1.327359    0.006936   -1.327359   -0.006936    0.000000    0.009893    0.000000   -0.008813
   77  1    8.294398    1.000000    0.000000    0.000000   -0.170417    0.000000   -0.943305    0.000000   -0.125470    0.674478   -0.125217    0.674478    0.125218    0.000000   -0.794424    0.000000   -0.554812
   78  1    8.295471    1.000000    0.000000    0.000000    0.197951    0.000000    0.916020    0.000000    0.103399    0.655290    0.118398    0.655290   -0.118398    0.000000    0.785304    0.000000    0.563155
   79  1    8.848573    1.000000    0.000000    0.000000    0.647987    0.000000   -0.417471    0.000000   -0.305005    0.706462    0.457827    0.706462   -0.457827    0.000000   -0.510853    0.000000   -0.079441
   80  1    8.930775    1.000000    0.000000    0.000000   -0.278702    0.000000   -0.326896    0.000000   -0.613619    0.660873   -0.189498    0.660873    0.189498    0.000000   -0.605590    0.000000    0.187206
