  162  240
  1
  2
  1  0  0  0  1  0  0  0  1    0.000000    0.000000    0.000000    1.000000    0.000000    0.000000    0.000000    0.000000    0.000000    1.000000    0.000000  1
 -1  0  0  0 -1  0  0  0 -1    0.000000    0.000000    0.000000    1.000000    0.000000    0.000000    0.000000    0.000000    0.000000    1.000000    0.000000 -1
  8
    0.000000    0.000000    0.000000
    0.500000    0.500000    0.500000
    0.000000    0.500000    0.500000
    0.500000    0.000000    0.500000
    0.500000    0.500000    0.000000
    0.500000    0.000000    0.000000
    0.000000    0.500000    0.000000
    0.000000    0.000000    0.500000
  1
    1
    1  2  -46.948119    2.000000    0.000000
    3  2  -46.786571    2.000000    0.000000
    5  2  -46.767851    2.000000    0.000000
    7  2  -46.561103    2.000000    0.000000
    9  2  -46.395238    2.000000    0.000000
   11  2  -46.358458    2.000000    0.000000
   13  2  -46.036383    2.000000    0.000000
   15  2  -45.872155    2.000000    0.000000
   17  2  -45.853645    2.000000    0.000000
   19  2  -42.697280    2.000000    0.000000
   21  2  -42.682425    2.000000    0.000000
   23  2  -42.602821    2.000000    0.000000
   25  2  -42.290805    2.000000    0.000000
   27  2  -42.261643    2.000000    0.000000
   29  2  -42.221091    2.000000    0.000000
   31  2  -41.962946    2.000000    0.000000
   33  2  -41.947266    2.000000    0.000000
   35  2  -41.863150    2.000000    0.000000
   37  2  -23.747461    2.000000    0.000000
   39  2  -23.722598    2.000000    0.000000
   41  2  -23.710875    2.000000    0.000000
   43  2  -23.686837    2.000000    0.000000
   45  2   -9.777328    2.000000    0.000000
   47  2   -9.535858    2.000000    0.000000
   49  2   -9.275695    2.000000    0.000000
   51  2   -9.265600    2.000000    0.000000
   53  2   -9.179550    2.000000    0.000000
   55  2   -9.130921    2.000000    0.000000
   57  2   -8.978043    2.000000    0.000000
   59  2   -8.926189    2.000000    0.000000
   61  2   -8.554589    2.000000    0.000000
   63  2   -8.361719    2.000000    0.000000
   65  2   -8.332660    2.000000    0.000000
   67  2   -8.215877    2.000000    0.000000
   69  2   -7.813059    2.000000    0.000000
   71  2   -7.600954    2.000000    0.000000
   73  4   -7.552633    4.000000    0.000000
   77  2   -7.490807    2.000000    0.000000
   79  2   -7.485229    2.000000    0.000000
   81  2   -7.397367    2.000000    0.000000
   83  2   -7.381563    2.000000    0.000000
   85  2   -1.660693    2.000000    0.000000
   87  2   -1.625281    2.000000    0.000000
   89  2   -1.277350    2.000000    0.000000
   91  2   -1.258995    2.000000    0.000000
   93  2   -0.932272    2.000000    0.000000
   95  2   -0.736869    2.000000    0.000000
   97  2   -0.641577    2.000000    0.000000
   99  2   -0.595633    2.000000    0.000000
  101  2   -0.528064    2.000000    0.000000
  103  2   -0.510403    2.000000    0.000000
  105  2   -0.491497    2.000000    0.000000
  107  2   -0.426171    2.000000    0.000000
  109  2   -0.203343    2.000000    0.000000
  111  2   -0.189714    2.000000    0.000000
  113  2   -0.055556    2.000000    0.000000
  115  2   -0.040373    2.000000    0.000000
  117  2    0.026208    2.000000    0.000000
  119  2    0.183051    2.000000    0.000000
  121  2    0.251513    2.000000    0.000000
  123  2    0.355107    2.000000    0.000000
  125  2    0.425706    2.000000    0.000000
  127  2    0.590412    2.000000    0.000000
  129  2    0.858936    2.000000    0.000000
  131  2    1.043796    2.000000    0.000000
  133  2    1.140719    2.000000    0.000000
  135  2    1.261411    2.000000    0.000000
  137  2    1.471659    2.000000    0.000000
  139  2    1.591861    2.000000    0.000000
  141  2    1.678959    2.000000    0.000000
  143  2    1.720873    2.000000    0.000000
  145  2    1.835968    2.000000    0.000000
  147  2    1.970592    2.000000    0.000000
  149  2    2.140124    2.000000    0.000000
  151  2    2.357259    2.000000    0.000000
  153  2    2.556734    2.000000    0.000000
  155  2    2.669904    2.000000    0.000000
  157  2    2.980841    2.000000    0.000000
  159  2    3.095742    2.000000    0.000000
  161  2    3.142789    2.000000    0.000000
  163  2    4.469801    2.000000    0.000000
  165  2    4.569797    2.000000    0.000000
  167  2    4.670989    2.000000    0.000000
  169  2    4.987730    2.000000    0.000000
  171  2    5.027354    2.000000    0.000000
  173  2    5.111235    2.000000    0.000000
  175  2    5.166911    2.000000    0.000000
  177  2    5.204026    2.000000    0.000000
  179  2    5.236121    2.000000    0.000000
  181  2    5.299187    2.000000    0.000000
  183  2    5.311571    2.000000    0.000000
  185  2    5.509636    2.000000    0.000000
  187  2    5.568963    2.000000    0.000000
  189  2    5.732284    2.000000    0.000000
  191  2    6.002265    2.000000    0.000000
  193  2    6.084783    2.000000    0.000000
  195  1    7.197284    1.000000    0.000000
  196  1    7.198463    1.000000    0.000000
  197  2    7.509958    2.000000    0.000000
  199  2    7.619198    2.000000    0.000000
  201  1    7.965880    1.000000    0.000000
  202  1    7.968360    1.000000    0.000000
  203  2    8.122046    2.000000    0.000000
  205  1    8.261348    1.000000    0.000000
  206  1    8.262664    1.000000    0.000000
  207  2    8.512379    2.000000    0.000000
  209  2    8.629937    2.000000    0.000000
  211  2    8.729487    2.000000    0.000000
  213  1    8.811658    1.000000    0.000000
  214  1    8.813173    1.000000    0.000000
  215  2    8.827284    2.000000    0.000000
  217  2    8.968895    2.000000    0.000000
  219  1    9.002031    1.000000    0.000000
  220  1    9.004290    1.000000    0.000000
  221  2    9.133500    2.000000    0.000000
  223  2    9.236661    2.000000    0.000000
  225  2    9.259963    2.000000    0.000000
  227  2    9.597509    2.000000    0.000000
  229  2    9.854415    2.000000    0.000000
  231  1    9.934346    1.000000    0.000000
  232  1    9.936126    1.000000    0.000000
  233  1   10.056852    1.000000    0.000000
  234  1   10.059841    1.000000    0.000000
  235  1   10.140701    1.000000    0.000000
  236  1   10.150551    1.000000    0.000000
  237  1   10.235737    1.000000    0.000000
  238  1   10.264352    1.000000    0.000000
  239  1   10.417798    1.000000    0.000000
  240  1   10.463168    1.000000    0.000000
  1
    1
    1  2  -46.948120    2.000000    0.000000
    3  2  -46.786339    2.000000    0.000000
    5  2  -46.767608    2.000000    0.000000
    7  2  -46.561106    2.000000    0.000000
    9  2  -46.395177    2.000000    0.000000
   11  2  -46.358389    2.000000    0.000000
   13  2  -46.036382    2.000000    0.000000
   15  2  -45.871856    2.000000    0.000000
   17  2  -45.853350    2.000000    0.000000
   19  2  -42.697723    2.000000    0.000000
   21  2  -42.682874    2.000000    0.000000
   23  2  -42.602825    2.000000    0.000000
   25  2  -42.290898    2.000000    0.000000
   27  2  -42.261721    2.000000    0.000000
   29  2  -42.221093    2.000000    0.000000
   31  2  -41.963397    2.000000    0.000000
   33  2  -41.947695    2.000000    0.000000
   35  2  -41.863154    2.000000    0.000000
   37  4  -23.722350    4.000000    0.000000
   41  4  -23.710984    4.000000    0.000000
   45  2   -9.514574    2.000000    0.000000
   47  2   -9.484506    2.000000    0.000000
   49  2   -9.396700    2.000000    0.000000
   51  2   -9.376087    2.000000    0.000000
   53  2   -9.148208    2.000000    0.000000
   55  2   -9.122843    2.000000    0.000000
   57  2   -9.097955    2.000000    0.000000
   59  2   -9.094302    2.000000    0.000000
   61  2   -8.363571    2.000000    0.000000
   63  2   -8.361576    2.000000    0.000000
   65  2   -8.337342    2.000000    0.000000
   67  2   -8.334950    2.000000    0.000000
   69  4   -7.628382    4.000000    0.000000
   73  3   -7.574357    3.000000    0.000000
   76  1   -7.573245    1.000000    0.000000
   77  2   -7.492825    2.000000    0.000000
   79  2   -7.491653    2.000000    0.000000
   81  4   -7.416883    4.000000    0.000000
   85  2   -1.424724    2.000000    0.000000
   87  2   -1.377891    2.000000    0.000000
   89  2   -1.263327    2.000000    0.000000
   91  2   -1.188247    2.000000    0.000000
   93  2   -1.128044    2.000000    0.000000
   95  2   -0.995011    2.000000    0.000000
   97  2   -0.645165    2.000000    0.000000
   99  2   -0.617198    2.000000    0.000000
  101  2   -0.540885    2.000000    0.000000
  103  2   -0.480921    2.000000    0.000000
  105  2   -0.449943    2.000000    0.000000
  107  2   -0.360800    2.000000    0.000000
  109  2   -0.356116    2.000000    0.000000
  111  2   -0.304855    2.000000    0.000000
  113  2   -0.153198    2.000000    0.000000
  115  2   -0.084188    2.000000    0.000000
  117  2   -0.046113    2.000000    0.000000
  119  2    0.154156    2.000000    0.000000
  121  2    0.185203    2.000000    0.000000
  123  2    0.291249    2.000000    0.000000
  125  2    0.390176    2.000000    0.000000
  127  2    0.440207    2.000000    0.000000
  129  2    0.620432    2.000000    0.000000
  131  2    0.665805    2.000000    0.000000
  133  2    1.262589    2.000000    0.000000
  135  2    1.419828    2.000000    0.000000
  137  2    1.597832    2.000000    0.000000
  139  2    1.770566    2.000000    0.000000
  141  2    1.791513    2.000000    0.000000
  143  2    1.959446    2.000000    0.000000
  145  2    2.024008    2.000000    0.000000
  147  2    2.278095    2.000000    0.000000
  149  2    2.356509    2.000000    0.000000
  151  2    2.416402    2.000000    0.000000
  153  2    2.441555    2.000000    0.000000
  155  2    2.713471    2.000000    0.000000
  157  2    2.790028    2.000000    0.000000
  159  2    2.798660    2.000000    0.000000
  161  2    3.245495    2.000000    0.000000
  163  2    4.693488    2.000000    0.000000
  165  2    4.737819    2.000000    0.000000
  167  2    4.858921    2.000000    0.000000
  169  2    5.040700    2.000000    0.000000
  171  2    5.125359    2.000000    0.000000
  173  2    5.155369    2.000000    0.000000
  175  2    5.196175    2.000000    0.000000
  177  2    5.214408    2.000000    0.000000
  179  2    5.399891    2.000000    0.000000
  181  2    5.424626    2.000000    0.000000
  183  2    5.532216    2.000000    0.000000
  185  2    5.640140    2.000000    0.000000
  187  2    5.645427    2.000000    0.000000
  189  2    5.683301    2.000000    0.000000
  191  2    5.935538    2.000000    0.000000
  193  2    7.149190    2.000000    0.000000
  195  2    7.201559    2.000000    0.000000
  197  2    7.737039    2.000000    0.000000
  199  2    7.764301    2.000000    0.000000
  201  2    8.039155    2.000000    0.000000
  203  2    8.070010    2.000000    0.000000
  205  2    8.178244    2.000000    0.000000
  207  2    8.323681    2.000000    0.000000
  209  2    8.408095    2.000000    0.000000
  211  2    8.550301    2.000000    0.000000
  213  2    8.877034    2.000000    0.000000
  215  2    8.924466    2.000000    0.000000
  217  2    8.940674    2.000000    0.000000
  219  2    9.137264    2.000000    0.000000
  221  2    9.473554    2.000000    0.000000
  223  2    9.478649    2.000000    0.000000
  225  2    9.599803    2.000000    0.000000
  227  2    9.603179    2.000000    0.000000
  229  2    9.731859    2.000000    0.000000
  231  1    9.817128    1.000000    0.000000
  232  1    9.820906    1.000000    0.000000
  233  1    9.932212    1.000000    0.000000
  234  1    9.949446    1.000000    0.000000
  235  1   10.003607    1.000000    0.000000
  236  1   10.023320    1.000000    0.000000
  237  1   10.044680    1.000000    0.000000
  238  1   10.072546    1.000000    0.000000
  239  1   10.085779    1.000000    0.000000
  240  1   10.144418    1.000000    0.000000
  1
    1
    1  2  -46.948123    2.000000    0.000000
    3  2  -46.786575    2.000000    0.000000
    5  2  -46.767855    2.000000    0.000000
    7  2  -46.561107    2.000000    0.000000
    9  2  -46.395242    2.000000    0.000000
   11  2  -46.358462    2.000000    0.000000
   13  2  -46.036385    2.000000    0.000000
   15  2  -45.872157    2.000000    0.000000
   17  2  -45.853648    2.000000    0.000000
   19  2  -42.697284    2.000000    0.000000
   21  2  -42.682429    2.000000    0.000000
   23  2  -42.602825    2.000000    0.000000
   25  2  -42.290810    2.000000    0.000000
   27  2  -42.261647    2.000000    0.000000
   29  2  -42.221095    2.000000    0.000000
   31  2  -41.962949    2.000000    0.000000
   33  2  -41.947269    2.000000    0.000000
   35  2  -41.863153    2.000000    0.000000
   37  2  -23.747394    2.000000    0.000000
   39  2  -23.722620    2.000000    0.000000
   41  2  -23.710912    2.000000    0.000000
   43  2  -23.686837    2.000000    0.000000
   45  2   -9.873678    2.000000    0.000000
   47  2   -9.589647    2.000000    0.000000
   49  2   -9.353509    2.000000    0.000000
   51  2   -9.117157    2.000000    0.000000
   53  2   -9.082617    2.000000    0.000000
   55  2   -9.015323    2.000000    0.000000
   57  2   -8.973432    2.000000    0.000000
   59  2   -8.926944    2.000000    0.000000
   61  2   -8.554181    2.000000    0.000000
   63  2   -8.371766    2.000000    0.000000
   65  2   -8.359624    2.000000    0.000000
   67  2   -8.251455    2.000000    0.000000
   69  2   -7.812463    2.000000    0.000000
   71  2   -7.608024    2.000000    0.000000
   73  2   -7.560117    2.000000    0.000000
   75  2   -7.553499    2.000000    0.000000
   77  2   -7.516651    2.000000    0.000000
   79  2   -7.497847    2.000000    0.000000
   81  2   -7.407031    2.000000    0.000000
   83  2   -7.397507    2.000000    0.000000
   85  2   -1.669441    2.000000    0.000000
   87  2   -1.542915    2.000000    0.000000
   89  2   -1.416657    2.000000    0.000000
   91  2   -0.996661    2.000000    0.000000
   93  2   -0.974601    2.000000    0.000000
   95  2   -0.908706    2.000000    0.000000
   97  2   -0.867938    2.000000    0.000000
   99  2   -0.633062    2.000000    0.000000
  101  2   -0.593791    2.000000    0.000000
  103  2   -0.454682    2.000000    0.000000
  105  2   -0.324017    2.000000    0.000000
  107  2   -0.301945    2.000000    0.000000
  109  2   -0.237497    2.000000    0.000000
  111  2   -0.210822    2.000000    0.000000
  113  2   -0.102672    2.000000    0.000000
  115  2   -0.080480    2.000000    0.000000
  117  2   -0.059566    2.000000    0.000000
  119  2    0.052733    2.000000    0.000000
  121  2    0.368928    2.000000    0.000000
  123  2    0.444374    2.000000    0.000000
  125  2    0.575307    2.000000    0.000000
  127  2    0.764715    2.000000    0.000000
  129  2    0.886169    2.000000    0.000000
  131  2    0.904536    2.000000    0.000000
  133  2    1.060005    2.000000    0.000000
  135  2    1.322435    2.000000    0.000000
  137  2    1.465425    2.000000    0.000000
  139  2    1.652151    2.000000    0.000000
  141  2    1.658037    2.000000    0.000000
  143  2    1.679668    2.000000    0.000000
  145  2    1.854589    2.000000    0.000000
  147  2    2.042727    2.000000    0.000000
  149  2    2.119659    2.000000    0.000000
  151  2    2.371925    2.000000    0.000000
  153  2    2.620679    2.000000    0.000000
  155  2    2.826575    2.000000    0.000000
  157  2    2.870600    2.000000    0.000000
  159  2    2.975916    2.000000    0.000000
  161  2    3.101414    2.000000    0.000000
  163  2    4.528491    2.000000    0.000000
  165  2    4.568647    2.000000    0.000000
  167  2    4.604905    2.000000    0.000000
  169  2    4.779491    2.000000    0.000000
  171  2    5.053785    2.000000    0.000000
  173  2    5.079743    2.000000    0.000000
  175  2    5.092260    2.000000    0.000000
  177  2    5.107306    2.000000    0.000000
  179  2    5.239258    2.000000    0.000000
  181  2    5.276924    2.000000    0.000000
  183  2    5.425085    2.000000    0.000000
  185  2    5.460115    2.000000    0.000000
  187  2    5.659006    2.000000    0.000000
  189  2    6.047689    2.000000    0.000000
  191  2    6.065031    2.000000    0.000000
  193  2    7.034733    2.000000    0.000000
  195  2    7.094607    2.000000    0.000000
  197  2    7.419220    2.000000    0.000000
  199  2    7.454100    2.000000    0.000000
  201  2    7.538358    2.000000    0.000000
  203  2    7.594734    2.000000    0.000000
  205  1    8.259413    1.000000    0.000000
  206  1    8.261042    1.000000    0.000000
  207  2    8.711313    2.000000    0.000000
  209  2    8.839841    2.000000    0.000000
  211  1    8.859558    1.000000    0.000000
  212  1    8.860835    1.000000    0.000000
  213  2    8.927101    2.000000    0.000000
  215  2    8.982809    2.000000    0.000000
  217  2    9.014059    2.000000    0.000000
  219  1    9.051994    1.000000    0.000000
  220  1    9.053215    1.000000    0.000000
  221  1    9.076536    1.000000    0.000000
  222  1    9.079216    1.000000    0.000000
  223  2    9.203610    2.000000    0.000000
  225  2    9.287794    2.000000    0.000000
  227  1    9.379674    1.000000    0.000000
  228  1    9.380933    1.000000    0.000000
  229  1    9.539798    1.000000    0.000000
  230  1    9.542401    1.000000    0.000000
  231  2    9.639827    2.000000    0.000000
  233  2    9.691981    2.000000    0.000000
  235  2    9.712406    2.000000    0.000000
  237  2    9.841270    2.000000    0.000000
  239  2    9.974844    2.000000    0.000000
  1
    1
    1  2  -46.948119    2.000000    0.000000
    3  2  -46.786338    2.000000    0.000000
    5  2  -46.767607    2.000000    0.000000
    7  2  -46.561106    2.000000    0.000000
    9  2  -46.395177    2.000000    0.000000
   11  2  -46.358389    2.000000    0.000000
   13  2  -46.036381    2.000000    0.000000
   15  2  -45.871855    2.000000    0.000000
   17  2  -45.853349    2.000000    0.000000
   19  2  -42.697722    2.000000    0.000000
   21  2  -42.682873    2.000000    0.000000
   23  2  -42.602824    2.000000    0.000000
   25  2  -42.290898    2.000000    0.000000
   27  2  -42.261721    2.000000    0.000000
   29  2  -42.221094    2.000000    0.000000
   31  2  -41.963396    2.000000    0.000000
   33  2  -41.947694    2.000000    0.000000
   35  2  -41.863154    2.000000    0.000000
   37  4  -23.722351    4.000000    0.000000
   41  4  -23.710982    4.000000    0.000000
   45  2   -9.544985    2.000000    0.000000
   47  2   -9.431273    2.000000    0.000000
   49  2   -9.410939    2.000000    0.000000
   51  2   -9.287295    2.000000    0.000000
   53  2   -9.250555    2.000000    0.000000
   55  2   -9.212746    2.000000    0.000000
   57  2   -9.074696    2.000000    0.000000
   59  2   -9.034428    2.000000    0.000000
   61  2   -8.370779    2.000000    0.000000
   63  2   -8.355214    2.000000    0.000000
   65  2   -8.340808    2.000000    0.000000
   67  2   -8.315788    2.000000    0.000000
   69  2   -7.622816    2.000000    0.000000
   71  2   -7.602580    2.000000    0.000000
   73  2   -7.599071    2.000000    0.000000
   75  2   -7.569344    2.000000    0.000000
   77  2   -7.469073    2.000000    0.000000
   79  2   -7.460577    2.000000    0.000000
   81  2   -7.454213    2.000000    0.000000
   83  2   -7.448419    2.000000    0.000000
   85  2   -1.427152    2.000000    0.000000
   87  2   -1.330863    2.000000    0.000000
   89  2   -1.319131    2.000000    0.000000
   91  2   -1.179247    2.000000    0.000000
   93  2   -1.055688    2.000000    0.000000
   95  2   -1.044052    2.000000    0.000000
   97  2   -0.631515    2.000000    0.000000
   99  2   -0.622879    2.000000    0.000000
  101  2   -0.515405    2.000000    0.000000
  103  2   -0.497779    2.000000    0.000000
  105  2   -0.440425    2.000000    0.000000
  107  2   -0.373515    2.000000    0.000000
  109  2   -0.291635    2.000000    0.000000
  111  2   -0.288484    2.000000    0.000000
  113  2   -0.215953    2.000000    0.000000
  115  2   -0.204815    2.000000    0.000000
  117  2   -0.025333    2.000000    0.000000
  119  2    0.067019    2.000000    0.000000
  121  2    0.199056    2.000000    0.000000
  123  2    0.278291    2.000000    0.000000
  125  2    0.499242    2.000000    0.000000
  127  2    0.521392    2.000000    0.000000
  129  2    0.583421    2.000000    0.000000
  131  2    0.605150    2.000000    0.000000
  133  2    1.296121    2.000000    0.000000
  135  2    1.532404    2.000000    0.000000
  137  2    1.591989    2.000000    0.000000
  139  2    1.665304    2.000000    0.000000
  141  2    1.781036    2.000000    0.000000
  143  2    1.957236    2.000000    0.000000
  145  2    2.011983    2.000000    0.000000
  147  2    2.273791    2.000000    0.000000
  149  2    2.334328    2.000000    0.000000
  151  2    2.454097    2.000000    0.000000
  153  2    2.550193    2.000000    0.000000
  155  2    2.709285    2.000000    0.000000
  157  2    2.740207    2.000000    0.000000
  159  2    2.819719    2.000000    0.000000
  161  2    3.199667    2.000000    0.000000
  163  2    4.717225    2.000000    0.000000
  165  2    4.778506    2.000000    0.000000
  167  2    4.887913    2.000000    0.000000
  169  2    5.023790    2.000000    0.000000
  171  2    5.103600    2.000000    0.000000
  173  2    5.128256    2.000000    0.000000
  175  2    5.158676    2.000000    0.000000
  177  2    5.196702    2.000000    0.000000
  179  2    5.305961    2.000000    0.000000
  181  2    5.402932    2.000000    0.000000
  183  2    5.528246    2.000000    0.000000
  185  2    5.618571    2.000000    0.000000
  187  2    5.732089    2.000000    0.000000
  189  2    5.778575    2.000000    0.000000
  191  2    5.906793    2.000000    0.000000
  193  2    7.220386    2.000000    0.000000
  195  2    7.237545    2.000000    0.000000
  197  2    7.613987    2.000000    0.000000
  199  1    7.703861    1.000000    0.000000
  200  1    7.706430    1.000000    0.000000
  201  2    7.923023    2.000000    0.000000
  203  2    8.011291    2.000000    0.000000
  205  1    8.215786    1.000000    0.000000
  206  1    8.217891    1.000000    0.000000
  207  2    8.262650    2.000000    0.000000
  209  2    8.464580    2.000000    0.000000
  211  2    8.549635    2.000000    0.000000
  213  2    8.696786    2.000000    0.000000
  215  1    8.942916    1.000000    0.000000
  216  1    8.944082    1.000000    0.000000
  217  1    9.212884    1.000000    0.000000
  218  1    9.214898    1.000000    0.000000
  219  2    9.224088    2.000000    0.000000
  221  2    9.388505    2.000000    0.000000
  223  2    9.489354    2.000000    0.000000
  225  2    9.557977    2.000000    0.000000
  227  2    9.686346    2.000000    0.000000
  229  2    9.789853    2.000000    0.000000
  231  1    9.810446    1.000000    0.000000
  232  1    9.811704    1.000000    0.000000
  233  1    9.847088    1.000000    0.000000
  234  1    9.849597    1.000000    0.000000
  235  1   10.088051    1.000000    0.000000
  236  1   10.103064    1.000000    0.000000
  237  1   10.115628    1.000000    0.000000
  238  1   10.137970    1.000000    0.000000
  239  1   10.164386    1.000000    0.000000
  240  1   10.233154    1.000000    0.000000
  1
    1
    1  2  -46.948119    2.000000    0.000000
    3  2  -46.786339    2.000000    0.000000
    5  2  -46.767607    2.000000    0.000000
    7  2  -46.561105    2.000000    0.000000
    9  2  -46.395175    2.000000    0.000000
   11  2  -46.358387    2.000000    0.000000
   13  2  -46.036382    2.000000    0.000000
   15  2  -45.871856    2.000000    0.000000
   17  2  -45.853349    2.000000    0.000000
   19  2  -42.697723    2.000000    0.000000
   21  2  -42.682874    2.000000    0.000000
   23  2  -42.602825    2.000000    0.000000
   25  2  -42.290896    2.000000    0.000000
   27  2  -42.261720    2.000000    0.000000
   29  2  -42.221092    2.000000    0.000000
   31  2  -41.963397    2.000000    0.000000
   33  2  -41.947695    2.000000    0.000000
   35  2  -41.863154    2.000000    0.000000
   37  4  -23.722335    4.000000    0.000000
   41  4  -23.711001    4.000000    0.000000
   45  2   -9.544978    2.000000    0.000000
   47  2   -9.431249    2.000000    0.000000
   49  2   -9.411037    2.000000    0.000000
   51  2   -9.286939    2.000000    0.000000
   53  2   -9.251077    2.000000    0.000000
   55  2   -9.212507    2.000000    0.000000
   57  2   -9.074664    2.000000    0.000000
   59  2   -9.034457    2.000000    0.000000
   61  2   -8.370760    2.000000    0.000000
   63  2   -8.355222    2.000000    0.000000
   65  2   -8.340791    2.000000    0.000000
   67  2   -8.315805    2.000000    0.000000
   69  2   -7.622883    2.000000    0.000000
   71  2   -7.602534    2.000000    0.000000
   73  2   -7.598961    2.000000    0.000000
   75  2   -7.569441    2.000000    0.000000
   77  2   -7.469197    2.000000    0.000000
   79  2   -7.460463    2.000000    0.000000
   81  2   -7.454138    2.000000    0.000000
   83  2   -7.448484    2.000000    0.000000
   85  2   -1.427131    2.000000    0.000000
   87  2   -1.330903    2.000000    0.000000
   89  2   -1.319113    2.000000    0.000000
   91  2   -1.179235    2.000000    0.000000
   93  2   -1.055697    2.000000    0.000000
   95  2   -1.044068    2.000000    0.000000
   97  2   -0.631477    2.000000    0.000000
   99  2   -0.622889    2.000000    0.000000
  101  2   -0.515301    2.000000    0.000000
  103  2   -0.497870    2.000000    0.000000
  105  2   -0.440434    2.000000    0.000000
  107  2   -0.373534    2.000000    0.000000
  109  2   -0.291501    2.000000    0.000000
  111  2   -0.288683    2.000000    0.000000
  113  2   -0.215775    2.000000    0.000000
  115  2   -0.204918    2.000000    0.000000
  117  2   -0.025384    2.000000    0.000000
  119  2    0.067031    2.000000    0.000000
  121  2    0.199071    2.000000    0.000000
  123  2    0.278193    2.000000    0.000000
  125  2    0.499435    2.000000    0.000000
  127  2    0.520864    2.000000    0.000000
  129  2    0.584275    2.000000    0.000000
  131  2    0.604716    2.000000    0.000000
  133  2    1.296032    2.000000    0.000000
  135  2    1.532408    2.000000    0.000000
  137  2    1.592440    2.000000    0.000000
  139  2    1.664902    2.000000    0.000000
  141  2    1.781126    2.000000    0.000000
  143  2    1.957422    2.000000    0.000000
  145  2    2.011846    2.000000    0.000000
  147  2    2.273924    2.000000    0.000000
  149  2    2.334100    2.000000    0.000000
  151  2    2.454276    2.000000    0.000000
  153  2    2.549953    2.000000    0.000000
  155  2    2.709235    2.000000    0.000000
  157  2    2.740336    2.000000    0.000000
  159  2    2.819697    2.000000    0.000000
  161  2    3.199699    2.000000    0.000000
  163  2    4.717057    2.000000    0.000000
  165  2    4.778582    2.000000    0.000000
  167  2    4.887713    2.000000    0.000000
  169  2    5.024008    2.000000    0.000000
  171  2    5.103195    2.000000    0.000000
  173  2    5.129446    2.000000    0.000000
  175  2    5.158719    2.000000    0.000000
  177  2    5.196037    2.000000    0.000000
  179  2    5.306247    2.000000    0.000000
  181  2    5.402627    2.000000    0.000000
  183  2    5.527894    2.000000    0.000000
  185  2    5.619710    2.000000    0.000000
  187  2    5.731299    2.000000    0.000000
  189  2    5.778243    2.000000    0.000000
  191  2    5.907150    2.000000    0.000000
  193  1    7.219749    1.000000    0.000000
  194  1    7.222143    1.000000    0.000000
  195  1    7.236396    1.000000    0.000000
  196  1    7.238909    1.000000    0.000000
  197  2    7.614104    2.000000    0.000000
  199  2    7.704916    2.000000    0.000000
  201  2    7.923085    2.000000    0.000000
  203  2    8.010946    2.000000    0.000000
  205  2    8.216532    2.000000    0.000000
  207  2    8.262710    2.000000    0.000000
  209  2    8.464679    2.000000    0.000000
  211  2    8.549648    2.000000    0.000000
  213  2    8.696837    2.000000    0.000000
  215  1    8.942903    1.000000    0.000000
  216  1    8.944085    1.000000    0.000000
  217  2    9.213648    2.000000    0.000000
  219  2    9.224051    2.000000    0.000000
  221  2    9.388441    2.000000    0.000000
  223  2    9.489433    2.000000    0.000000
  225  2    9.558106    2.000000    0.000000
  227  1    9.685730    1.000000    0.000000
  228  1    9.687244    1.000000    0.000000
  229  2    9.789945    2.000000    0.000000
  231  2    9.809499    2.000000    0.000000
  233  2    9.847384    2.000000    0.000000
  235  1   10.089240    1.000000    0.000000
  236  1   10.095256    1.000000    0.000000
  237  1   10.115623    1.000000    0.000000
  238  1   10.129703    1.000000    0.000000
  239  1   10.158612    1.000000    0.000000
  240  1   10.179422    1.000000    0.000000
  1
    1
    1  2  -46.948120    2.000000    0.000000
    3  2  -46.786339    2.000000    0.000000
    5  2  -46.767608    2.000000    0.000000
    7  2  -46.561107    2.000000    0.000000
    9  2  -46.395177    2.000000    0.000000
   11  2  -46.358389    2.000000    0.000000
   13  2  -46.036382    2.000000    0.000000
   15  2  -45.871856    2.000000    0.000000
   17  2  -45.853350    2.000000    0.000000
   19  2  -42.697723    2.000000    0.000000
   21  2  -42.682874    2.000000    0.000000
   23  2  -42.602825    2.000000    0.000000
   25  2  -42.290898    2.000000    0.000000
   27  2  -42.261722    2.000000    0.000000
   29  2  -42.221094    2.000000    0.000000
   31  2  -41.963397    2.000000    0.000000
   33  2  -41.947695    2.000000    0.000000
   35  2  -41.863154    2.000000    0.000000
   37  4  -23.722350    4.000000    0.000000
   41  4  -23.710984    4.000000    0.000000
   45  2   -9.514667    2.000000    0.000000
   47  2   -9.484421    2.000000    0.000000
   49  2   -9.396556    2.000000    0.000000
   51  2   -9.376161    2.000000    0.000000
   53  2   -9.148653    2.000000    0.000000
   55  2   -9.122525    2.000000    0.000000
   57  2   -9.097862    2.000000    0.000000
   59  2   -9.094323    2.000000    0.000000
   61  2   -8.363492    2.000000    0.000000
   63  2   -8.361730    2.000000    0.000000
   65  2   -8.337319    2.000000    0.000000
   67  2   -8.334981    2.000000    0.000000
   69  4   -7.628453    4.000000    0.000000
   73  4   -7.574154    4.000000    0.000000
   77  2   -7.492827    2.000000    0.000000
   79  2   -7.491669    2.000000    0.000000
   81  4   -7.416880    4.000000    0.000000
   85  2   -1.424558    2.000000    0.000000
   87  2   -1.377991    2.000000    0.000000
   89  2   -1.263286    2.000000    0.000000
   91  2   -1.188540    2.000000    0.000000
   93  2   -1.127918    2.000000    0.000000
   95  2   -0.994883    2.000000    0.000000
   97  2   -0.645149    2.000000    0.000000
   99  2   -0.617348    2.000000    0.000000
  101  2   -0.541330    2.000000    0.000000
  103  2   -0.480337    2.000000    0.000000
  105  2   -0.449873    2.000000    0.000000
  107  2   -0.360343    2.000000    0.000000
  109  2   -0.356124    2.000000    0.000000
  111  2   -0.305548    2.000000    0.000000
  113  2   -0.153174    2.000000    0.000000
  115  2   -0.083937    2.000000    0.000000
  117  2   -0.046310    2.000000    0.000000
  119  2    0.154011    2.000000    0.000000
  121  2    0.185361    2.000000    0.000000
  123  2    0.291288    2.000000    0.000000
  125  2    0.389754    2.000000    0.000000
  127  2    0.440567    2.000000    0.000000
  129  2    0.620547    2.000000    0.000000
  131  2    0.665691    2.000000    0.000000
  133  2    1.262706    2.000000    0.000000
  135  2    1.419553    2.000000    0.000000
  137  2    1.598276    2.000000    0.000000
  139  2    1.769539    2.000000    0.000000
  141  2    1.792584    2.000000    0.000000
  143  2    1.959230    2.000000    0.000000
  145  2    2.023908    2.000000    0.000000
  147  2    2.278317    2.000000    0.000000
  149  2    2.356503    2.000000    0.000000
  151  2    2.415815    2.000000    0.000000
  153  2    2.442042    2.000000    0.000000
  155  2    2.713683    2.000000    0.000000
  157  2    2.789134    2.000000    0.000000
  159  2    2.799205    2.000000    0.000000
  161  2    3.245535    2.000000    0.000000
  163  2    4.693923    2.000000    0.000000
  165  2    4.737119    2.000000    0.000000
  167  2    4.859093    2.000000    0.000000
  169  2    5.040951    2.000000    0.000000
  171  2    5.125236    2.000000    0.000000
  173  2    5.156236    2.000000    0.000000
  175  2    5.195585    2.000000    0.000000
  177  2    5.214232    2.000000    0.000000
  179  2    5.399532    2.000000    0.000000
  181  2    5.424813    2.000000    0.000000
  183  2    5.532944    2.000000    0.000000
  185  2    5.634866    2.000000    0.000000
  187  2    5.649846    2.000000    0.000000
  189  2    5.683285    2.000000    0.000000
  191  2    5.935616    2.000000    0.000000
  193  2    7.149134    2.000000    0.000000
  195  2    7.201557    2.000000    0.000000
  197  2    7.736974    2.000000    0.000000
  199  2    7.764644    2.000000    0.000000
  201  2    8.039057    2.000000    0.000000
  203  2    8.069949    2.000000    0.000000
  205  2    8.178169    2.000000    0.000000
  207  2    8.323714    2.000000    0.000000
  209  2    8.407919    2.000000    0.000000
  211  2    8.550408    2.000000    0.000000
  213  2    8.876950    2.000000    0.000000
  215  2    8.924486    2.000000    0.000000
  217  2    8.940730    2.000000    0.000000
  219  2    9.137152    2.000000    0.000000
  221  2    9.473651    2.000000    0.000000
  223  2    9.478581    2.000000    0.000000
  225  2    9.599666    2.000000    0.000000
  227  2    9.602920    2.000000    0.000000
  229  1    9.731593    1.000000    0.000000
  230  1    9.732684    1.000000    0.000000
  231  1    9.816933    1.000000    0.000000
  232  1    9.818776    1.000000    0.000000
  233  1    9.934722    1.000000    0.000000
  234  1    9.953497    1.000000    0.000000
  235  1   10.000790    1.000000    0.000000
  236  1   10.034277    1.000000    0.000000
  237  1   10.044588    1.000000    0.000000
  238  1   10.057872    1.000000    0.000000
  239  1   10.116094    1.000000    0.000000
  240  1   10.185498    1.000000    0.000000
  1
    1
    1  2  -46.948119    2.000000    0.000000
    3  2  -46.786572    2.000000    0.000000
    5  2  -46.767852    2.000000    0.000000
    7  2  -46.561104    2.000000    0.000000
    9  2  -46.395239    2.000000    0.000000
   11  2  -46.358460    2.000000    0.000000
   13  2  -46.036383    2.000000    0.000000
   15  2  -45.872155    2.000000    0.000000
   17  2  -45.853646    2.000000    0.000000
   19  2  -42.697280    2.000000    0.000000
   21  2  -42.682425    2.000000    0.000000
   23  2  -42.602821    2.000000    0.000000
   25  2  -42.290806    2.000000    0.000000
   27  2  -42.261643    2.000000    0.000000
   29  2  -42.221091    2.000000    0.000000
   31  2  -41.962946    2.000000    0.000000
   33  2  -41.947266    2.000000    0.000000
   35  2  -41.863150    2.000000    0.000000
   37  4  -23.738886    4.000000    0.000000
   41  4  -23.695241    4.000000    0.000000
   45  2   -9.747454    2.000000    0.000000
   47  2   -9.715037    2.000000    0.000000
   49  2   -9.183319    2.000000    0.000000
   51  2   -9.167916    2.000000    0.000000
   53  2   -9.131894    2.000000    0.000000
   55  2   -9.118873    2.000000    0.000000
   57  2   -8.987293    2.000000    0.000000
   59  2   -8.971468    2.000000    0.000000
   61  2   -8.475035    2.000000    0.000000
   63  2   -8.473995    2.000000    0.000000
   65  2   -8.266183    2.000000    0.000000
   67  2   -8.263872    2.000000    0.000000
   69  4   -7.727636    4.000000    0.000000
   73  4   -7.555258    4.000000    0.000000
   77  4   -7.458732    4.000000    0.000000
   81  2   -7.416535    2.000000    0.000000
   83  2   -7.415104    2.000000    0.000000
   85  2   -1.643836    2.000000    0.000000
   87  2   -1.493930    2.000000    0.000000
   89  2   -1.430164    2.000000    0.000000
   91  2   -1.291244    2.000000    0.000000
   93  2   -0.862490    2.000000    0.000000
   95  2   -0.857360    2.000000    0.000000
   97  2   -0.650755    2.000000    0.000000
   99  2   -0.643713    2.000000    0.000000
  101  2   -0.583830    2.000000    0.000000
  103  2   -0.541955    2.000000    0.000000
  105  2   -0.468626    2.000000    0.000000
  107  2   -0.341339    2.000000    0.000000
  109  2   -0.161888    2.000000    0.000000
  111  2   -0.130594    2.000000    0.000000
  113  2   -0.101847    2.000000    0.000000
  115  2    0.002113    2.000000    0.000000
  117  2    0.035262    2.000000    0.000000
  119  2    0.268658    2.000000    0.000000
  121  2    0.313370    2.000000    0.000000
  123  2    0.341677    2.000000    0.000000
  125  2    0.455231    2.000000    0.000000
  127  2    0.467329    2.000000    0.000000
  129  2    0.794330    2.000000    0.000000
  131  2    1.006289    2.000000    0.000000
  133  2    1.219852    2.000000    0.000000
  135  2    1.234641    2.000000    0.000000
  137  2    1.537614    2.000000    0.000000
  139  2    1.580442    2.000000    0.000000
  141  2    1.624404    2.000000    0.000000
  143  2    1.836265    2.000000    0.000000
  145  2    1.857811    2.000000    0.000000
  147  2    1.898679    2.000000    0.000000
  149  2    2.070906    2.000000    0.000000
  151  2    2.503834    2.000000    0.000000
  153  2    2.611151    2.000000    0.000000
  155  2    2.803523    2.000000    0.000000
  157  2    2.881799    2.000000    0.000000
  159  2    2.972501    2.000000    0.000000
  161  2    3.044384    2.000000    0.000000
  163  2    4.509450    2.000000    0.000000
  165  2    4.549808    2.000000    0.000000
  167  2    4.597215    2.000000    0.000000
  169  2    5.004809    2.000000    0.000000
  171  2    5.062732    2.000000    0.000000
  173  2    5.091155    2.000000    0.000000
  175  2    5.148273    2.000000    0.000000
  177  2    5.212262    2.000000    0.000000
  179  2    5.243636    2.000000    0.000000
  181  2    5.265517    2.000000    0.000000
  183  2    5.306796    2.000000    0.000000
  185  2    5.446587    2.000000    0.000000
  187  2    5.677032    2.000000    0.000000
  189  2    5.890850    2.000000    0.000000
  191  2    6.002724    2.000000    0.000000
  193  2    6.717290    2.000000    0.000000
  195  2    6.845447    2.000000    0.000000
  197  2    7.753936    2.000000    0.000000
  199  2    7.784381    2.000000    0.000000
  201  2    7.858854    2.000000    0.000000
  203  2    8.049405    2.000000    0.000000
  205  2    8.074302    2.000000    0.000000
  207  2    8.091747    2.000000    0.000000
  209  2    8.313489    2.000000    0.000000
  211  2    8.351375    2.000000    0.000000
  213  2    8.451969    2.000000    0.000000
  215  2    8.539616    2.000000    0.000000
  217  2    8.861442    2.000000    0.000000
  219  2    9.152075    2.000000    0.000000
  221  2    9.241674    2.000000    0.000000
  223  2    9.288314    2.000000    0.000000
  225  2    9.658462    2.000000    0.000000
  227  2    9.724037    2.000000    0.000000
  229  2    9.951886    2.000000    0.000000
  231  1    9.956480    1.000000    0.000000
  232  1    9.958142    1.000000    0.000000
  233  1   10.161616    1.000000    0.000000
  234  1   10.169039    1.000000    0.000000
  235  1   10.250661    1.000000    0.000000
  236  1   10.256512    1.000000    0.000000
  237  1   10.312320    1.000000    0.000000
  238  1   10.355600    1.000000    0.000000
  239  1   10.371580    1.000000    0.000000
  240  1   10.403000    1.000000    0.000000
  1
    1
    1  2  -46.948120    2.000000    0.000000
    3  2  -46.786572    2.000000    0.000000
    5  2  -46.767852    2.000000    0.000000
    7  2  -46.561104    2.000000    0.000000
    9  2  -46.395239    2.000000    0.000000
   11  2  -46.358459    2.000000    0.000000
   13  2  -46.036383    2.000000    0.000000
   15  2  -45.872155    2.000000    0.000000
   17  2  -45.853646    2.000000    0.000000
   19  2  -42.697281    2.000000    0.000000
   21  2  -42.682425    2.000000    0.000000
   23  2  -42.602821    2.000000    0.000000
   25  2  -42.290806    2.000000    0.000000
   27  2  -42.261643    2.000000    0.000000
   29  2  -42.221091    2.000000    0.000000
   31  2  -41.962946    2.000000    0.000000
   33  2  -41.947266    2.000000    0.000000
   35  2  -41.863150    2.000000    0.000000
   37  4  -23.738886    4.000000    0.000000
   41  4  -23.695241    4.000000    0.000000
   45  2   -9.747452    2.000000    0.000000
   47  2   -9.715038    2.000000    0.000000
   49  2   -9.183344    2.000000    0.000000
   51  2   -9.167848    2.000000    0.000000
   53  2   -9.131873    2.000000    0.000000
   55  2   -9.118920    2.000000    0.000000
   57  2   -8.987285    2.000000    0.000000
   59  2   -8.971469    2.000000    0.000000
   61  4   -8.474891    4.000000    0.000000
   65  2   -8.266231    2.000000    0.000000
   67  2   -8.263815    2.000000    0.000000
   69  4   -7.727568    4.000000    0.000000
   73  4   -7.555242    4.000000    0.000000
   77  3   -7.458840    3.000000    0.000000
   80  1   -7.457764    1.000000    0.000000
   81  2   -7.416544    2.000000    0.000000
   83  2   -7.415055    2.000000    0.000000
   85  2   -1.643834    2.000000    0.000000
   87  2   -1.493962    2.000000    0.000000
   89  2   -1.430150    2.000000    0.000000
   91  2   -1.291249    2.000000    0.000000
   93  2   -0.862389    2.000000    0.000000
   95  2   -0.857472    2.000000    0.000000
   97  2   -0.651316    2.000000    0.000000
   99  2   -0.642642    2.000000    0.000000
  101  2   -0.584664    2.000000    0.000000
  103  2   -0.542119    2.000000    0.000000
  105  2   -0.468424    2.000000    0.000000
  107  2   -0.341020    2.000000    0.000000
  109  2   -0.162250    2.000000    0.000000
  111  2   -0.128894    2.000000    0.000000
  113  2   -0.103016    2.000000    0.000000
  115  2    0.001997    2.000000    0.000000
  117  2    0.035322    2.000000    0.000000
  119  2    0.268806    2.000000    0.000000
  121  2    0.313389    2.000000    0.000000
  123  2    0.341505    2.000000    0.000000
  125  2    0.452789    2.000000    0.000000
  127  2    0.469787    2.000000    0.000000
  129  2    0.794197    2.000000    0.000000
  131  2    1.005857    2.000000    0.000000
  133  2    1.223370    2.000000    0.000000
  135  2    1.231598    2.000000    0.000000
  137  2    1.538052    2.000000    0.000000
  139  2    1.579745    2.000000    0.000000
  141  2    1.624683    2.000000    0.000000
  143  2    1.837819    2.000000    0.000000
  145  2    1.855335    2.000000    0.000000
  147  2    1.899699    2.000000    0.000000
  149  2    2.070707    2.000000    0.000000
  151  2    2.503589    2.000000    0.000000
  153  2    2.612250    2.000000    0.000000
  155  2    2.800559    2.000000    0.000000
  157  2    2.883295    2.000000    0.000000
  159  2    2.972942    2.000000    0.000000
  161  2    3.044686    2.000000    0.000000
  163  2    4.510078    2.000000    0.000000
  165  2    4.547823    2.000000    0.000000
  167  2    4.598857    2.000000    0.000000
  169  2    5.003988    2.000000    0.000000
  171  2    5.062592    2.000000    0.000000
  173  2    5.091203    2.000000    0.000000
  175  2    5.146527    2.000000    0.000000
  177  2    5.217544    2.000000    0.000000
  179  2    5.245112    2.000000    0.000000
  181  2    5.259107    2.000000    0.000000
  183  2    5.309028    2.000000    0.000000
  185  2    5.446371    2.000000    0.000000
  187  2    5.676610    2.000000    0.000000
  189  2    5.891780    2.000000    0.000000
  191  2    6.002054    2.000000    0.000000
  193  2    6.717360    2.000000    0.000000
  195  2    6.845476    2.000000    0.000000
  197  2    7.754422    2.000000    0.000000
  199  2    7.783955    2.000000    0.000000
  201  2    7.858811    2.000000    0.000000
  203  2    8.049634    2.000000    0.000000
  205  2    8.074150    2.000000    0.000000
  207  2    8.091735    2.000000    0.000000
  209  2    8.313469    2.000000    0.000000
  211  2    8.351477    2.000000    0.000000
  213  2    8.452108    2.000000    0.000000
  215  2    8.539506    2.000000    0.000000
  217  2    8.861427    2.000000    0.000000
  219  2    9.152515    2.000000    0.000000
  221  2    9.241251    2.000000    0.000000
  223  2    9.288334    2.000000    0.000000
  225  2    9.658623    2.000000    0.000000
  227  2    9.724047    2.000000    0.000000
  229  1    9.948790    1.000000    0.000000
  230  1    9.951470    1.000000    0.000000
  231  1    9.959732    1.000000    0.000000
  232  1    9.962807    1.000000    0.000000
  233  1   10.161082    1.000000    0.000000
  234  1   10.189070    1.000000    0.000000
  235  1   10.249759    1.000000    0.000000
  236  1   10.254520    1.000000    0.000000
  237  1   10.261765    1.000000    0.000000
  238  1   10.314387    1.000000    0.000000
  239  1   10.360372    1.000000    0.000000
  240  1   10.373649    1.000000    0.000000
