  114  176
  1
  4
  1  0  0  0  1  0  0  0  1    0.000000    0.000000    0.000000    1.000000    0.000000    0.000000    0.000000    0.000000    0.000000    1.000000    0.000000  1
 -1  0  0  0 -1  0  0  0 -1    0.000000    0.000000    0.000000    1.000000    0.000000    0.000000    0.000000    0.000000    0.000000    1.000000    0.000000  1
  0 -1  0 -1  0  0  0  0 -1    0.000000    0.000000    0.000000    0.000000    0.707107    0.707107    0.000000   -0.707107    0.000000    0.000000   -0.707107 -1
  0  1  0  1  0  0  0  0  1    0.000000    0.000000    0.000000    0.000000    0.707107    0.707107    0.000000   -0.707107    0.000000    0.000000   -0.707107 -1
  8
    0.000000    0.000000    0.000000
    0.000000    0.000000    0.500000
    0.000000    0.500000    0.500000
    0.500000    0.000000    0.500000
    0.500000    0.500000    0.500000
    0.000000    0.500000    0.000000
    0.500000    0.000000    0.000000
    0.500000    0.500000    0.000000
  2
    1    2
    1  1  -41.227889    1.000000    0.000000   -1.000000    0.000000
    2  1  -41.225617    1.000000    0.000000   -1.000000    0.000000
    3  2  -41.220108    2.000000    0.000000   -2.000000    0.000000
    5  1  -40.911608    1.000000    0.000000   -1.000000    0.000000
    6  1  -40.904883    1.000000    0.000000   -1.000000    0.000000
    7  2  -40.891731    2.000000    0.000000   -2.000000    0.000000
    9  1  -40.478623    1.000000    0.000000   -1.000000    0.000000
   10  1  -40.475717    1.000000    0.000000   -1.000000    0.000000
   11  2  -40.466280    2.000000    0.000000   -2.000000    0.000000
   13  1  -38.251343    1.000000    0.000000   -1.000000    0.000000
   14  1  -38.246346    1.000000    0.000000   -1.000000    0.000000
   15  1  -38.173728    1.000000    0.000000   -1.000000    0.000000
   16  1  -38.171794    1.000000    0.000000   -1.000000    0.000000
   17  1  -37.916121    1.000000    0.000000   -1.000000    0.000000
   18  1  -37.909004    1.000000    0.000000   -1.000000    0.000000
   19  1  -37.750581    1.000000    0.000000   -1.000000    0.000000
   20  1  -37.749374    1.000000    0.000000   -1.000000    0.000000
   21  1  -37.594370    1.000000    0.000000   -1.000000    0.000000
   22  1  -37.590627    1.000000    0.000000   -1.000000    0.000000
   23  1  -37.505724    1.000000    0.000000   -1.000000    0.000000
   24  1  -37.504460    1.000000    0.000000   -1.000000    0.000000
   25  1  -25.856773    1.000000    0.000000    1.000000    0.000000
   26  1  -25.853604    1.000000    0.000000   -1.000000    0.000000
   27  1  -25.839803    1.000000    0.000000    1.000000    0.000000
   28  1  -25.836648    1.000000    0.000000   -1.000000    0.000000
   29  1  -10.376385    1.000000    0.000000    1.000000    0.000000
   30  1  -10.240903    1.000000    0.000000    1.000000    0.000000
   31  1   -9.833882    1.000000    0.000000    1.000000    0.000000
   32  1   -9.831688    1.000000    0.000000   -1.000000    0.000000
   33  1   -9.818731    1.000000    0.000000    1.000000    0.000000
   34  1   -9.815521    1.000000    0.000000   -1.000000    0.000000
   35  1   -9.641459    1.000000    0.000000   -1.000000    0.000000
   36  1   -9.640233    1.000000    0.000000    1.000000    0.000000
   37  2   -9.618529    2.000000    0.000000    0.000000    0.000000
   39  1   -9.599955    1.000000    0.000000    1.000000    0.000000
   40  1   -9.597811    1.000000    0.000000   -1.000000    0.000000
   41  2   -9.583705    2.000000    0.000000    0.000000    0.000000
   43  1   -9.580234    1.000000    0.000000   -1.000000    0.000000
   44  1   -9.365046    1.000000    0.000000   -1.000000    0.000000
   45  1   -8.398890    1.000000    0.000000    1.000000    0.000000
   46  1   -8.382611    1.000000    0.000000    1.000000    0.000000
   47  1   -8.362783    1.000000    0.000000    1.000000    0.000000
   48  1   -8.314318    1.000000    0.000000   -1.000000    0.000000
   49  1   -8.296978    1.000000    0.000000   -1.000000    0.000000
   50  1   -8.276402    1.000000    0.000000   -1.000000    0.000000
   51  1   -8.229915    1.000000    0.000000    1.000000    0.000000
   52  1   -8.216652    1.000000    0.000000    1.000000    0.000000
   53  1   -8.205867    1.000000    0.000000    1.000000    0.000000
   54  1   -8.112279    1.000000    0.000000   -1.000000    0.000000
   55  1   -8.098240    1.000000    0.000000   -1.000000    0.000000
   56  1   -8.086643    1.000000    0.000000   -1.000000    0.000000
   57  1   -1.728079    1.000000    0.000000    1.000000    0.000000
   58  2   -1.601015    2.000000    0.000000    2.000000    0.000000
   60  1   -1.599269    1.000000    0.000000    1.000000    0.000000
   61  1   -1.594293    1.000000    0.000000    1.000000    0.000000
   62  1   -1.345608    1.000000    0.000000    1.000000    0.000000
   63  1   -1.343886    1.000000    0.000000    1.000000    0.000000
   64  1   -1.342783    1.000000    0.000000    1.000000    0.000000
   65  1   -0.689160    1.000000    0.000000   -1.000000    0.000000
   66  2   -0.648086    2.000000    0.000000    2.000000    0.000000
   68  2   -0.644064    2.000000    0.000000   -2.000000    0.000000
   70  2   -0.633156    2.000000    0.000000   -2.000000    0.000000
   72  1   -0.498503    1.000000    0.000000   -1.000000    0.000000
   73  2   -0.046091    2.000000    0.000000    2.000000    0.000000
   75  1    0.333402    1.000000    0.000000    1.000000    0.000000
   76  1    0.338837    1.000000    0.000000    1.000000    0.000000
   77  1    0.344375    1.000000    0.000000    1.000000    0.000000
   78  1    0.807674    1.000000    0.000000   -1.000000    0.000000
   79  1    0.814962    1.000000    0.000000   -1.000000    0.000000
   80  1    0.822638    1.000000    0.000000   -1.000000    0.000000
   81  1    0.925129    1.000000    0.000000   -1.000000    0.000000
   82  1    0.933236    1.000000    0.000000   -1.000000    0.000000
   83  1    0.940642    1.000000    0.000000   -1.000000    0.000000
   84  1    1.045083    1.000000    0.000000    1.000000    0.000000
   85  1    1.054525    1.000000    0.000000    1.000000    0.000000
   86  1    1.063800    1.000000    0.000000    1.000000    0.000000
   87  2    1.163189    2.000000    0.000000    2.000000    0.000000
   89  1    1.165357    1.000000    0.000000    1.000000    0.000000
   90  1    1.739581    1.000000    0.000000   -1.000000    0.000000
   91  1    1.754095    1.000000    0.000000   -1.000000    0.000000
   92  2    1.779015    2.000000    0.000000    0.000000    0.000000
   94  1    1.788426    1.000000    0.000000    1.000000    0.000000
   95  1    1.797537    1.000000    0.000000    1.000000    0.000000
   96  1    1.835567    1.000000    0.000000   -1.000000    0.000000
   97  1    1.850390    1.000000    0.000000   -1.000000    0.000000
   98  1    1.861773    1.000000    0.000000   -1.000000    0.000000
   99  2    1.889241    2.000000    0.000000    2.000000    0.000000
  101  1    2.201492    1.000000    0.000000    1.000000    0.000000
  102  1    2.221395    1.000000    0.000000    1.000000    0.000000
  103  1    2.241082    1.000000    0.000000    1.000000    0.000000
  104  1    2.376720    1.000000    0.000000    1.000000    0.000000
  105  1    2.381896    1.000000    0.000000    1.000000    0.000000
  106  1    2.388031    1.000000    0.000000    1.000000    0.000000
  107  1    2.706088    1.000000    0.000000    1.000000    0.000000
  108  1    2.720056    1.000000    0.000000    1.000000    0.000000
  109  1    2.734110    1.000000    0.000000    1.000000    0.000000
  110  1    2.838871    1.000000    0.000000   -1.000000    0.000000
  111  1    2.867258    1.000000    0.000000   -1.000000    0.000000
  112  1    2.901766    1.000000    0.000000   -1.000000    0.000000
  113  1    3.121402    1.000000    0.000000    1.000000    0.000000
  114  1    3.141898    1.000000    0.000000   -1.000000    0.000000
  115  1    3.168771    1.000000    0.000000   -1.000000    0.000000
  116  1    3.192236    1.000000    0.000000   -1.000000    0.000000
  117  2    4.343648    2.000000    0.000000    2.000000    0.000000
  119  1    4.740832    1.000000    0.000000    1.000000    0.000000
  120  1    4.758426    1.000000    0.000000    1.000000    0.000000
  121  1    4.775675    1.000000    0.000000    1.000000    0.000000
  122  1    5.116855    1.000000    0.000000    1.000000    0.000000
  123  2    5.118742    2.000000    0.000000    2.000000    0.000000
  125  1    5.255890    1.000000    0.000000    1.000000    0.000000
  126  1    5.263953    1.000000    0.000000    1.000000    0.000000
  127  1    5.270167    1.000000    0.000000    1.000000    0.000000
  128  1    5.285719    1.000000    0.000000    1.000000    0.000000
  129  2    5.319540    2.000000    0.000000    2.000000    0.000000
  131  1    5.323144    1.000000    0.000000    1.000000    0.000000
  132  2    5.535133    2.000000    0.000000    2.000000    0.000000
  134  1    5.593062    1.000000    0.000000    1.000000    0.000000
  135  1    5.599729    1.000000    0.000000    1.000000    0.000000
  136  1    5.605602    1.000000    0.000000    1.000000    0.000000
  137  1    6.603161    1.000000    0.000000    1.000000    0.000000
  138  1    6.609681    1.000000    0.000000    1.000000    0.000000
  139  1    6.615804    1.000000    0.000000    1.000000    0.000000
  140  2    6.921437    2.000000    0.000000    2.000000    0.000000
  142  1    6.923120    1.000000    0.000000    1.000000    0.000000
  143  2    6.980128    2.000000    0.000000    2.000000    0.000000
  145  1    7.582629    1.000000    0.000000    1.000000    0.000000
  146  1    7.885546    1.000000    0.000000    1.000000    0.000000
  147  1    8.008922    1.000000    0.000000    1.000000    0.000000
  148  1    8.013148    1.000000    0.000000    1.000000    0.000000
  149  1    8.017341    1.000000    0.000000    1.000000    0.000000
  150  1    8.334651    1.000000    0.000000    1.000000    0.000000
  151  1    8.340522    1.000000    0.000000    1.000000    0.000000
  152  1    8.346425    1.000000    0.000000    1.000000    0.000000
  153  1    8.487056    1.000000    0.000000   -1.000000    0.000000
  154  1    8.497154    1.000000    0.000000   -1.000000    0.000000
  155  1    8.507926    1.000000    0.000000   -1.000000    0.000000
  156  1    8.813305    1.000000    0.000000   -1.000000    0.000000
  157  1    8.821510    1.000000    0.000000   -1.000000    0.000000
  158  1    8.829249    1.000000    0.000000   -0.999999    0.000000
  159  1    9.116586    1.000000    0.000000    0.999476    0.000000
  160  1    9.119120    1.000000    0.000000    0.999590    0.000000
  161  1    9.127224    1.000000    0.000000    0.997415    0.000000
  162  1    9.136617    1.000000    0.000000    0.997813    0.000000
  163  2    9.576823    2.000000    0.000000   -1.999994    0.000000
  165  2    9.651896    2.000000    0.000000   -1.999990    0.000000
  167  2    9.835214    2.000000    0.000000    1.999983    0.000000
  169  1    9.883066    1.000000    0.000000    0.999818    0.000000
  170  1   10.245108    1.000000    0.000000   -0.999943    0.000000
  171  2   10.265413    2.000000    0.000000    1.999955    0.000000
  173  1   10.319164    1.000000    0.000000   -0.999994    0.000000
  174  1   10.499499    1.000000    0.000000    0.999898    0.000000
  175  1   11.748332    1.000000    0.000000   -0.994651    0.000000
  176  1   11.790494    1.000000    0.000000   -0.978215    0.000000
  2
    1    2
    1  1  -41.227875    1.000000    0.000000    1.000000    0.000000
    2  1  -41.225167    1.000000    0.000000    1.000000    0.000000
    3  2  -41.220360    2.000000    0.000000    0.000000    0.000000
    5  2  -40.908236    2.000000    0.000000    0.000000    0.000000
    7  2  -40.891818    2.000000    0.000000    2.000000    0.000000
    9  1  -40.478637    1.000000    0.000000    1.000000    0.000000
   10  1  -40.475442    1.000000    0.000000    1.000000    0.000000
   11  2  -40.466502    2.000000    0.000000    0.000000    0.000000
   13  1  -38.251261    1.000000    0.000000    1.000000    0.000000
   14  1  -38.246263    1.000000    0.000000    1.000000    0.000000
   15  2  -38.172881    2.000000    0.000000    0.000000    0.000000
   17  2  -37.912578    2.000000    0.000000    0.000000    0.000000
   19  1  -37.750579    1.000000    0.000000    1.000000    0.000000
   20  1  -37.749388    1.000000    0.000000    1.000000    0.000000
   21  1  -37.594375    1.000000    0.000000    1.000000    0.000000
   22  1  -37.590632    1.000000    0.000000    1.000000    0.000000
   23  2  -37.505134    2.000000    0.000000    0.000000    0.000000
   25  1  -25.855970    1.000000    0.000000    1.000000    0.000000
   26  1  -25.854391    1.000000    0.000000   -1.000000    0.000000
   27  1  -25.839004    1.000000    0.000000    1.000000    0.000000
   28  1  -25.837432    1.000000    0.000000   -1.000000    0.000000
   29  1  -10.382000    1.000000    0.000000   -1.000000    0.000000
   30  1  -10.255014    1.000000    0.000000   -1.000000    0.000000
   31  1  -10.013008    1.000000    0.000000    1.000000    0.000000
   32  1   -9.902920    1.000000    0.000000    1.000000    0.000000
   33  1   -9.782478    1.000000    0.000000   -1.000000    0.000000
   34  1   -9.762324    1.000000    0.000000    1.000000    0.000000
   35  1   -9.746625    1.000000    0.000000   -1.000000    0.000000
   36  1   -9.743434    1.000000    0.000000    1.000000    0.000000
   37  1   -9.643814    1.000000    0.000000    1.000000    0.000000
   38  1   -9.630932    1.000000    0.000000   -1.000000    0.000000
   39  1   -9.597161    1.000000    0.000000    1.000000    0.000000
   40  1   -9.582258    1.000000    0.000000   -1.000000    0.000000
   41  1   -9.382910    1.000000    0.000000    1.000000    0.000000
   42  1   -9.317139    1.000000    0.000000   -1.000000    0.000000
   43  1   -9.299327    1.000000    0.000000    1.000000    0.000000
   44  1   -9.271467    1.000000    0.000000   -1.000000    0.000000
   45  1   -8.546765    1.000000    0.000000    1.000000    0.000000
   46  1   -8.475982    1.000000    0.000000   -1.000000    0.000000
   47  1   -8.405061    1.000000    0.000000   -1.000000    0.000000
   48  1   -8.372664    1.000000    0.000000   -1.000000    0.000000
   49  1   -8.352335    1.000000    0.000000    1.000000    0.000000
   50  1   -8.284840    1.000000    0.000000    1.000000    0.000000
   51  1   -8.273760    1.000000    0.000000   -1.000000    0.000000
   52  1   -8.264419    1.000000    0.000000    1.000000    0.000000
   53  1   -8.236383    1.000000    0.000000   -1.000000    0.000000
   54  1   -8.211408    1.000000    0.000000   -1.000000    0.000000
   55  1   -8.095712    1.000000    0.000000    1.000000    0.000000
   56  1   -8.076750    1.000000    0.000000    1.000000    0.000000
   57  1   -1.373843    1.000000    0.000000   -1.000000    0.000000
   58  1   -1.371048    1.000000    0.000000   -1.000000    0.000000
   59  1   -1.281819    1.000000    0.000000   -1.000000    0.000000
   60  1   -1.166555    1.000000    0.000000   -1.000000    0.000000
   61  1   -1.132126    1.000000    0.000000   -1.000000    0.000000
   62  1   -1.129640    1.000000    0.000000   -1.000000    0.000000
   63  1   -0.768800    1.000000    0.000000    1.000000    0.000000
   64  1   -0.747983    1.000000    0.000000    1.000000    0.000000
   65  1   -0.653378    1.000000    0.000000    1.000000    0.000000
   66  1   -0.648996    1.000000    0.000000   -1.000000    0.000000
   67  1   -0.647778    1.000000    0.000000    1.000000    0.000000
   68  1   -0.645942    1.000000    0.000000   -1.000000    0.000000
   69  1   -0.639393    1.000000    0.000000   -1.000000    0.000000
   70  1   -0.481300    1.000000    0.000000    1.000000    0.000000
   71  1   -0.480291    1.000000    0.000000    1.000000    0.000000
   72  1   -0.459986    1.000000    0.000000    1.000000    0.000000
   73  1   -0.421941    1.000000    0.000000   -1.000000    0.000000
   74  1   -0.366126    1.000000    0.000000    1.000000    0.000000
   75  1   -0.191087    1.000000    0.000000   -1.000000    0.000000
   76  1   -0.185908    1.000000    0.000000   -1.000000    0.000000
   77  1    0.279775    1.000000    0.000000   -1.000000    0.000000
   78  1    0.289483    1.000000    0.000000    1.000000    0.000000
   79  1    0.304473    1.000000    0.000000    1.000000    0.000000
   80  1    0.487862    1.000000    0.000000    1.000000    0.000000
   81  1    0.496662    1.000000    0.000000    1.000000    0.000000
   82  1    0.526348    1.000000    0.000000   -1.000000    0.000000
   83  1    0.536810    1.000000    0.000000   -1.000000    0.000000
   84  1    0.920218    1.000000    0.000000    1.000000    0.000000
   85  1    0.944647    1.000000    0.000000    1.000000    0.000000
   86  1    0.949342    1.000000    0.000000   -1.000000    0.000000
   87  1    1.107274    1.000000    0.000000   -1.000000    0.000000
   88  1    1.120298    1.000000    0.000000   -1.000000    0.000000
   89  1    1.144578    1.000000    0.000000    1.000000    0.000000
   90  1    1.168174    1.000000    0.000000    1.000000    0.000000
   91  1    1.497085    1.000000    0.000000   -1.000000    0.000000
   92  1    1.517161    1.000000    0.000000   -1.000000    0.000000
   93  1    1.518645    1.000000    0.000000   -1.000000    0.000000
   94  1    1.792953    1.000000    0.000000    1.000000    0.000000
   95  1    1.915476    1.000000    0.000000    1.000000    0.000000
   96  1    1.936041    1.000000    0.000000    1.000000    0.000000
   97  1    1.953695    1.000000    0.000000   -1.000000    0.000000
   98  1    2.009691    1.000000    0.000000    1.000000    0.000000
   99  1    2.128894    1.000000    0.000000   -1.000000    0.000000
  100  1    2.147090    1.000000    0.000000   -1.000000    0.000000
  101  1    2.209207    1.000000    0.000000   -1.000000    0.000000
  102  1    2.213764    1.000000    0.000000   -1.000000    0.000000
  103  1    2.292193    1.000000    0.000000   -1.000000    0.000000
  104  1    2.313324    1.000000    0.000000   -1.000000    0.000000
  105  1    2.380751    1.000000    0.000000   -1.000000    0.000000
  106  1    2.703259    1.000000    0.000000    1.000000    0.000000
  107  1    2.725934    1.000000    0.000000    1.000000    0.000000
  108  1    2.831085    1.000000    0.000000   -1.000000    0.000000
  109  1    2.876511    1.000000    0.000000    1.000000    0.000000
  110  1    2.923051    1.000000    0.000000    1.000000    0.000000
  111  1    3.030102    1.000000    0.000000   -1.000000    0.000000
  112  1    3.067989    1.000000    0.000000    1.000000    0.000000
  113  1    3.100749    1.000000    0.000000    1.000000    0.000000
  114  1    3.118758    1.000000    0.000000    1.000000    0.000000
  115  1    3.174636    1.000000    0.000000   -1.000000    0.000000
  116  1    3.189257    1.000000    0.000000   -1.000000    0.000000
  117  1    4.726301    1.000000    0.000000   -1.000000    0.000000
  118  1    4.736771    1.000000    0.000000   -1.000000    0.000000
  119  1    4.807453    1.000000    0.000000   -1.000000    0.000000
  120  1    4.809646    1.000000    0.000000    1.000000    0.000000
  121  1    4.812693    1.000000    0.000000   -1.000000    0.000000
  122  1    4.820223    1.000000    0.000000    1.000000    0.000000
  123  1    4.822482    1.000000    0.000000   -1.000000    0.000000
  124  1    4.853645    1.000000    0.000000   -1.000000    0.000000
  125  1    5.051116    1.000000    0.000000   -1.000000    0.000000
  126  1    5.166495    1.000000    0.000000   -1.000000    0.000000
  127  1    5.182403    1.000000    0.000000    1.000000    0.000000
  128  1    5.296491    1.000000    0.000000   -1.000000    0.000000
  129  1    5.298290    1.000000    0.000000    1.000000    0.000000
  130  1    5.317513    1.000000    0.000000    1.000000    0.000000
  131  1    5.325050    1.000000    0.000000   -1.000000    0.000000
  132  1    5.413699    1.000000    0.000000   -1.000000    0.000000
  133  1    5.427385    1.000000    0.000000   -1.000000    0.000000
  134  1    5.479626    1.000000    0.000000   -1.000000    0.000000
  135  1    5.516331    1.000000    0.000000   -1.000000    0.000000
  136  1    5.523624    1.000000    0.000000   -1.000000    0.000000
  137  1    6.199082    1.000000    0.000000    1.000000    0.000000
  138  1    6.204367    1.000000    0.000000    1.000000    0.000000
  139  1    6.373516    1.000000    0.000000   -1.000000    0.000000
  140  1    6.383765    1.000000    0.000000   -1.000000    0.000000
  141  1    6.538468    1.000000    0.000000   -1.000000    0.000000
  142  1    6.674715    1.000000    0.000000   -1.000000    0.000000
  143  1    6.841966    1.000000    0.000000   -1.000000    0.000000
  144  1    6.845436    1.000000    0.000000   -1.000000    0.000000
  145  1    8.080663    1.000000    0.000000    1.000000    0.000000
  146  1    8.320319    1.000000    0.000000    1.000000    0.000000
  147  1    8.434293    1.000000    0.000000   -1.000000    0.000000
  148  1    8.493031    1.000000    0.000000   -1.000000    0.000000
  149  1    8.757196    1.000000    0.000000    1.000000    0.000000
  150  1    8.762682    1.000000    0.000000    1.000000    0.000000
  151  1    8.787831    1.000000    0.000000    1.000000    0.000000
  152  1    8.793777    1.000000    0.000000    1.000000    0.000000
  153  1    8.968834    1.000000    0.000000   -0.999798    0.000000
  154  1    9.100507    1.000000    0.000000   -0.983234    0.000000
  155  1    9.107207    1.000000    0.000000   -0.934617    0.000000
  156  1    9.124384    1.000000    0.000000    0.903152    0.000000
  157  1    9.149902    1.000000    0.000000   -0.973523    0.000000
  158  1    9.303423    1.000000    0.000000   -0.999830    0.000000
  159  1    9.309059    1.000000    0.000000   -0.999460    0.000000
  160  1    9.739982    1.000000    0.000000   -0.999955    0.000000
  161  1    9.744477    1.000000    0.000000   -0.999975    0.000000
  162  1    9.753101    1.000000    0.000000   -0.999965    0.000000
  163  1    9.960720    1.000000    0.000000    0.999988    0.000000
  164  1    9.970564    1.000000    0.000000    0.999983    0.000000
  165  1   10.100526    1.000000    0.000000    0.999975    0.000000
  166  1   10.108531    1.000000    0.000000    0.999953    0.000000
  167  1   10.496490    1.000000    0.000000    0.997486    0.000000
  168  1   10.707719    1.000000    0.000000    0.997047    0.000000
  169  1   10.783234    1.000000    0.000000    0.970754    0.000000
  170  1   11.007445    1.000000    0.000000    0.969046    0.000000
  171  1   11.205058    1.000000    0.000000    0.815684    0.000000
  172  1   11.245384    1.000000    0.000000    0.229248    0.000000
  173  1   11.329907    1.000000    0.000000   -0.858861    0.000000
  174  1   11.368600    1.000000    0.000000   -0.439994    0.000000
  175  1   11.408365    1.000000    0.000000   -0.292558    0.000000
  176  1   11.491822    1.000000    0.000000    0.036452    0.000000
  2
    1    2
    1  2  -41.226459    2.000000    0.000000    0.000000    0.000000
    3  2  -41.220150    2.000000    0.000000    0.000000    0.000000
    5  2  -40.908202    2.000000    0.000000    0.000000    0.000000
    7  2  -40.891458    2.000000    0.000000    0.000000    0.000000
    9  2  -40.477021    2.000000    0.000000    0.000000    0.000000
   11  2  -40.466367    2.000000    0.000000    0.000000    0.000000
   13  2  -38.248752    2.000000    0.000000    0.000000    0.000000
   15  2  -38.172812    2.000000    0.000000    0.000000    0.000000
   17  2  -37.912571    2.000000    0.000000    0.000000    0.000000
   19  2  -37.749987    2.000000    0.000000    0.000000    0.000000
   21  2  -37.592512    2.000000    0.000000    0.000000    0.000000
   23  2  -37.505108    2.000000    0.000000    0.000000    0.000000
   25  2  -25.855177    2.000000    0.000000   -0.000001    0.000000
   27  2  -25.838215    2.000000    0.000000    0.000001    0.000000
   29  2  -10.241132    2.000000    0.000000    0.000000    0.000000
   31  2  -10.111182    2.000000    0.000000    0.000000    0.000000
   33  2   -9.797593    2.000000    0.000000    0.000000    0.000000
   35  2   -9.759777    2.000000    0.000000    0.000000    0.000000
   37  2   -9.627632    2.000000    0.000000    0.000000    0.000000
   39  2   -9.585547    2.000000    0.000000    0.000000    0.000000
   41  2   -9.219198    2.000000    0.000000    0.000000    0.000000
   43  2   -9.173195    2.000000    0.000000    0.000000    0.000000
   45  2   -8.615572    2.000000    0.000000    0.000000    0.000000
   47  2   -8.396203    2.000000    0.000000    0.000000    0.000000
   49  2   -8.388798    2.000000    0.000000    0.000000    0.000000
   51  2   -8.268695    2.000000    0.000000    0.000000    0.000000
   53  2   -8.219346    2.000000    0.000000    0.000000    0.000000
   55  2   -8.081338    2.000000    0.000000    0.000000    0.000000
   57  2   -1.103339    2.000000    0.000000    0.000000    0.000000
   59  2   -0.966776    2.000000    0.000000    0.000000    0.000000
   61  2   -0.893756    2.000000    0.000000    0.000000    0.000000
   63  2   -0.890754    2.000000    0.000000    0.000000    0.000000
   65  2   -0.850477    2.000000    0.000000    0.000000    0.000000
   67  2   -0.586498    2.000000    0.000000    0.000000    0.000000
   69  2   -0.557564    2.000000    0.000000    0.000000    0.000000
   71  2   -0.439193    2.000000    0.000000    0.000000    0.000000
   73  2   -0.249218    2.000000    0.000000    0.000000    0.000000
   75  2   -0.225407    2.000000    0.000000    0.000000    0.000000
   77  2   -0.054368    2.000000    0.000000    0.000000    0.000000
   79  2    0.166049    2.000000    0.000000    0.000000    0.000000
   81  2    0.402886    2.000000    0.000000    0.000000    0.000000
   83  2    0.627902    2.000000    0.000000    0.000000    0.000000
   85  2    0.911428    2.000000    0.000000    0.000000    0.000000
   87  2    1.052365    2.000000    0.000000    0.000000    0.000000
   89  2    1.122556    2.000000    0.000000    0.000000    0.000000
   91  2    1.458303    2.000000    0.000000    0.000000    0.000000
   93  2    1.581155    2.000000    0.000000    0.000000    0.000000
   95  2    1.983005    2.000000    0.000000    0.000000    0.000000
   97  2    2.063280    2.000000    0.000000    0.000000    0.000000
   99  2    2.189523    2.000000    0.000000    0.000000    0.000000
  101  2    2.331568    2.000000    0.000000    0.000000    0.000000
  103  2    2.401541    2.000000    0.000000    0.000000    0.000000
  105  2    2.537383    2.000000    0.000000    0.000000    0.000000
  107  2    2.692136    2.000000    0.000000    0.000000    0.000000
  109  2    2.768423    2.000000    0.000000    0.000000    0.000000
  111  2    3.047313    2.000000    0.000000    0.000000    0.000000
  113  2    3.086836    2.000000    0.000000    0.000000    0.000000
  115  2    3.420855    2.000000    0.000000    0.000000    0.000000
  117  2    4.411985    2.000000    0.000000    0.000000    0.000000
  119  2    4.777030    2.000000    0.000000    0.000000    0.000000
  121  2    4.907148    2.000000    0.000000    0.000000    0.000000
  123  2    4.926924    2.000000    0.000000    0.000000    0.000000
  125  2    5.103285    2.000000    0.000000    0.000000    0.000000
  127  2    5.202013    2.000000    0.000000    0.000000    0.000000
  129  2    5.245869    2.000000    0.000000    0.000000    0.000000
  131  2    5.387977    2.000000    0.000000    0.000000    0.000000
  133  2    5.409075    2.000000    0.000000    0.000000    0.000000
  135  2    5.521428    2.000000    0.000000    0.000000    0.000000
  137  2    5.918270    2.000000    0.000000    0.000000    0.000000
  139  2    6.240015    2.000000    0.000000    0.000000    0.000000
  141  2    6.508632    2.000000    0.000000    0.000000    0.000000
  143  2    6.672605    2.000000    0.000000    0.000000    0.000000
  145  2    9.029866    2.000000    0.000000    0.002274    0.000000
  147  2    9.032724    2.000000    0.000000   -0.001553    0.000000
  149  2    9.137744    2.000000    0.000000    0.152336    0.000000
  151  1    9.139527    1.000000    0.000000   -0.400363    0.000000
  152  1    9.143075    1.000000    0.000000    0.249216    0.000000
  153  2    9.223052    2.000000    0.000000   -0.000013    0.000000
  155  2    9.385988    2.000000    0.000000    0.000002    0.000000
  157  2    9.599058    2.000000    0.000000   -0.000051    0.000000
  159  2    9.796012    2.000000    0.000000   -0.000014    0.000000
  161  1    9.956535    1.000000    0.000000   -0.465078    0.000000
  162  1    9.958908    1.000000    0.000000    0.463834    0.000000
  163  2    9.994006    2.000000    0.000000    0.000368    0.000000
  165  2   10.292605    2.000000    0.000000   -0.000160    0.000000
  167  2   10.429770    2.000000    0.000000   -0.000263    0.000000
  169  2   10.465288    2.000000    0.000000   -0.001190    0.000000
  171  1   10.475738    1.000000    0.000000    0.254977    0.000000
  172  1   10.477467    1.000000    0.000000   -0.253718    0.000000
  173  1   11.083112    1.000000    0.000000   -0.400888    0.000000
  174  1   11.097126    1.000000    0.000000    0.372580    0.000000
  175  1   11.342859    1.000000    0.000000    0.423062    0.000000
  176  1   11.459087    1.000000    0.000000   -0.352655    0.000000
  2
    1    2
    1  2  -41.226459    2.000000    0.000000    0.000000    0.000000
    3  2  -41.220150    2.000000    0.000000    0.000000    0.000000
    5  2  -40.908202    2.000000    0.000000    0.000000    0.000000
    7  2  -40.891458    2.000000    0.000000    0.000000    0.000000
    9  2  -40.477021    2.000000    0.000000    0.000000    0.000000
   11  2  -40.466367    2.000000    0.000000    0.000000    0.000000
   13  2  -38.248752    2.000000    0.000000    0.000000    0.000000
   15  2  -38.172812    2.000000    0.000000    0.000000    0.000000
   17  2  -37.912571    2.000000    0.000000    0.000000    0.000000
   19  2  -37.749987    2.000000    0.000000    0.000000    0.000000
   21  2  -37.592512    2.000000    0.000000    0.000000    0.000000
   23  2  -37.505108    2.000000    0.000000    0.000000    0.000000
   25  2  -25.855177    2.000000    0.000000    0.000000    0.000000
   27  2  -25.838215    2.000000    0.000000    0.000001    0.000000
   29  2  -10.241131    2.000000    0.000000    0.000000    0.000000
   31  2  -10.111182    2.000000    0.000000    0.000000    0.000000
   33  2   -9.797585    2.000000    0.000000    0.000000    0.000000
   35  2   -9.759769    2.000000    0.000000    0.000000    0.000000
   37  2   -9.627636    2.000000    0.000000    0.000000    0.000000
   39  2   -9.585548    2.000000    0.000000    0.000000    0.000000
   41  2   -9.219195    2.000000    0.000000    0.000000    0.000000
   43  2   -9.173194    2.000000    0.000000    0.000000    0.000000
   45  2   -8.615573    2.000000    0.000000    0.000000    0.000000
   47  2   -8.396196    2.000000    0.000000    0.000000    0.000000
   49  2   -8.388788    2.000000    0.000000    0.000000    0.000000
   51  2   -8.268704    2.000000    0.000000    0.000000    0.000000
   53  2   -8.219337    2.000000    0.000000    0.000000    0.000000
   55  2   -8.081336    2.000000    0.000000    0.000000    0.000000
   57  2   -1.103335    2.000000    0.000000    0.000000    0.000000
   59  2   -0.966775    2.000000    0.000000    0.000000    0.000000
   61  2   -0.893739    2.000000    0.000000    0.000000    0.000000
   63  2   -0.890750    2.000000    0.000000    0.000000    0.000000
   65  2   -0.850452    2.000000    0.000000    0.000000    0.000000
   67  2   -0.586452    2.000000    0.000000    0.000000    0.000000
   69  2   -0.557582    2.000000    0.000000    0.000000    0.000000
   71  2   -0.439188    2.000000    0.000000    0.000000    0.000000
   73  2   -0.249213    2.000000    0.000000    0.000000    0.000000
   75  2   -0.225410    2.000000    0.000000    0.000000    0.000000
   77  2   -0.054369    2.000000    0.000000    0.000000    0.000000
   79  2    0.166051    2.000000    0.000000    0.000000    0.000000
   81  2    0.402884    2.000000    0.000000    0.000000    0.000000
   83  2    0.627906    2.000000    0.000000    0.000000    0.000000
   85  2    0.911432    2.000000    0.000000    0.000000    0.000000
   87  2    1.052378    2.000000    0.000000    0.000000    0.000000
   89  2    1.122539    2.000000    0.000000    0.000000    0.000000
   91  2    1.458307    2.000000    0.000000    0.000000    0.000000
   93  2    1.581155    2.000000    0.000000    0.000000    0.000000
   95  2    1.983010    2.000000    0.000000    0.000000    0.000000
   97  2    2.063280    2.000000    0.000000    0.000000    0.000000
   99  2    2.189526    2.000000    0.000000    0.000000    0.000000
  101  2    2.331564    2.000000    0.000000    0.000000    0.000000
  103  2    2.401545    2.000000    0.000000    0.000000    0.000000
  105  2    2.537378    2.000000    0.000000    0.000000    0.000000
  107  2    2.692131    2.000000    0.000000    0.000000    0.000000
  109  2    2.768423    2.000000    0.000000    0.000000    0.000000
  111  2    3.047315    2.000000    0.000000    0.000000    0.000000
  113  2    3.086838    2.000000    0.000000    0.000000    0.000000
  115  2    3.420854    2.000000    0.000000    0.000000    0.000000
  117  2    4.411981    2.000000    0.000000    0.000000    0.000000
  119  2    4.777023    2.000000    0.000000    0.000000    0.000000
  121  2    4.907146    2.000000    0.000000    0.000000    0.000000
  123  2    4.926930    2.000000    0.000000    0.000000    0.000000
  125  2    5.103285    2.000000    0.000000    0.000000    0.000000
  127  2    5.202021    2.000000    0.000000    0.000000    0.000000
  129  2    5.245871    2.000000    0.000000    0.000000    0.000000
  131  2    5.387996    2.000000    0.000000    0.000000    0.000000
  133  2    5.409070    2.000000    0.000000    0.000000    0.000000
  135  2    5.521433    2.000000    0.000000    0.000000    0.000000
  137  2    5.918275    2.000000    0.000000    0.000000    0.000000
  139  2    6.240019    2.000000    0.000000    0.000000    0.000000
  141  2    6.508624    2.000000    0.000000    0.000000    0.000000
  143  2    6.672600    2.000000    0.000000    0.000000    0.000000
  145  1    9.029803    1.000000    0.000000   -0.491880    0.000000
  146  1    9.031105    1.000000    0.000000    0.568783    0.000000
  147  1    9.032663    1.000000    0.000000   -0.891599    0.000000
  148  1    9.034345    1.000000    0.000000    0.814436    0.000000
  149  1    9.137236    1.000000    0.000000   -0.709804    0.000000
  150  2    9.138826    2.000000    0.000000    0.237447    0.000000
  152  1    9.154777    1.000000    0.000000    0.472670    0.000000
  153  2    9.223049    2.000000    0.000000    0.000105    0.000000
  155  2    9.385999    2.000000    0.000000   -0.000005    0.000000
  157  2    9.599052    2.000000    0.000000    0.000025    0.000000
  159  2    9.796013    2.000000    0.000000    0.000292    0.000000
  161  1    9.956695    1.000000    0.000000   -0.736406    0.000000
  162  1    9.982528    1.000000    0.000000    0.621441    0.000000
  163  1    9.994039    1.000000    0.000000    0.075449    0.000000
  164  1    9.996715    1.000000    0.000000    0.028417    0.000000
  165  1   10.292567    1.000000    0.000000    0.359726    0.000000
  166  1   10.295837    1.000000    0.000000   -0.353897    0.000000
  167  1   10.430261    1.000000    0.000000    0.205219    0.000000
  168  1   10.437884    1.000000    0.000000   -0.132353    0.000000
  169  1   10.467372    1.000000    0.000000   -0.698128    0.000000
  170  1   10.475238    1.000000    0.000000   -0.468903    0.000000
  171  1   10.477649    1.000000    0.000000    0.504721    0.000000
  172  1   10.536198    1.000000    0.000000    0.584934    0.000000
  173  1   11.080059    1.000000    0.000000   -0.514741    0.000000
  174  1   11.148867    1.000000    0.000000    0.410042    0.000000
  175  1   11.340179    1.000000    0.000000    0.741323    0.000000
  176  1   11.390929    1.000000    0.000000   -0.492281    0.000000
  2
    1    2
    1  1  -41.227875    1.000000    0.000000   -1.000000    0.000000
    2  1  -41.225167    1.000000    0.000000   -1.000000    0.000000
    3  2  -41.220357    2.000000    0.000000    0.000000    0.000000
    5  2  -40.908240    2.000000    0.000000    0.000000    0.000000
    7  2  -40.891818    2.000000    0.000000   -2.000000    0.000000
    9  1  -40.478637    1.000000    0.000000   -1.000000    0.000000
   10  1  -40.475442    1.000000    0.000000   -1.000000    0.000000
   11  2  -40.466498    2.000000    0.000000    0.000000    0.000000
   13  1  -38.251261    1.000000    0.000000   -1.000000    0.000000
   14  1  -38.246263    1.000000    0.000000   -1.000000    0.000000
   15  2  -38.172886    2.000000    0.000000    0.000000    0.000000
   17  2  -37.912579    2.000000    0.000000    0.000000    0.000000
   19  1  -37.750579    1.000000    0.000000   -1.000000    0.000000
   20  1  -37.749388    1.000000    0.000000   -1.000000    0.000000
   21  1  -37.594375    1.000000    0.000000   -1.000000    0.000000
   22  1  -37.590632    1.000000    0.000000   -1.000000    0.000000
   23  2  -37.505133    2.000000    0.000000    0.000000    0.000000
   25  1  -25.855970    1.000000    0.000000   -1.000000    0.000000
   26  1  -25.854391    1.000000    0.000000    1.000000    0.000000
   27  1  -25.839004    1.000000    0.000000   -1.000000    0.000000
   28  1  -25.837432    1.000000    0.000000    1.000000    0.000000
   29  1  -10.382129    1.000000    0.000000    1.000000    0.000000
   30  1  -10.254885    1.000000    0.000000    1.000000    0.000000
   31  1  -10.013000    1.000000    0.000000   -1.000000    0.000000
   32  1   -9.902918    1.000000    0.000000   -1.000000    0.000000
   33  1   -9.782414    1.000000    0.000000    1.000000    0.000000
   34  1   -9.762241    1.000000    0.000000   -1.000000    0.000000
   35  1   -9.746677    1.000000    0.000000    1.000000    0.000000
   36  1   -9.743505    1.000000    0.000000   -1.000000    0.000000
   37  1   -9.643773    1.000000    0.000000   -1.000000    0.000000
   38  1   -9.630883    1.000000    0.000000    1.000000    0.000000
   39  1   -9.597186    1.000000    0.000000   -1.000000    0.000000
   40  1   -9.582293    1.000000    0.000000    1.000000    0.000000
   41  1   -9.382750    1.000000    0.000000   -1.000000    0.000000
   42  1   -9.317058    1.000000    0.000000    1.000000    0.000000
   43  1   -9.299533    1.000000    0.000000   -1.000000    0.000000
   44  1   -9.271538    1.000000    0.000000    1.000000    0.000000
   45  1   -8.547403    1.000000    0.000000   -1.000000    0.000000
   46  1   -8.476427    1.000000    0.000000    1.000000    0.000000
   47  1   -8.404840    1.000000    0.000000    1.000000    0.000000
   48  1   -8.372484    1.000000    0.000000    1.000000    0.000000
   49  1   -8.351670    1.000000    0.000000   -1.000000    0.000000
   50  1   -8.284640    1.000000    0.000000   -1.000000    0.000000
   51  1   -8.273367    1.000000    0.000000    1.000000    0.000000
   52  1   -8.264225    1.000000    0.000000   -1.000000    0.000000
   53  1   -8.236552    1.000000    0.000000    1.000000    0.000000
   54  1   -8.211622    1.000000    0.000000    1.000000    0.000000
   55  1   -8.095913    1.000000    0.000000   -1.000000    0.000000
   56  1   -8.076962    1.000000    0.000000   -1.000000    0.000000
   57  1   -1.373494    1.000000    0.000000    1.000000    0.000000
   58  1   -1.370722    1.000000    0.000000    1.000000    0.000000
   59  1   -1.281836    1.000000    0.000000    1.000000    0.000000
   60  1   -1.166481    1.000000    0.000000    1.000000    0.000000
   61  1   -1.132457    1.000000    0.000000    1.000000    0.000000
   62  1   -1.129996    1.000000    0.000000    1.000000    0.000000
   63  1   -0.768655    1.000000    0.000000   -1.000000    0.000000
   64  1   -0.748183    1.000000    0.000000   -1.000000    0.000000
   65  1   -0.653450    1.000000    0.000000   -1.000000    0.000000
   66  1   -0.649004    1.000000    0.000000    1.000000    0.000000
   67  1   -0.647828    1.000000    0.000000   -1.000000    0.000000
   68  1   -0.646090    1.000000    0.000000    1.000000    0.000000
   69  1   -0.639568    1.000000    0.000000    1.000000    0.000000
   70  1   -0.481531    1.000000    0.000000   -1.000000    0.000000
   71  1   -0.480261    1.000000    0.000000   -1.000000    0.000000
   72  1   -0.460108    1.000000    0.000000   -1.000000    0.000000
   73  1   -0.421709    1.000000    0.000000    1.000000    0.000000
   74  1   -0.365757    1.000000    0.000000   -1.000000    0.000000
   75  1   -0.190950    1.000000    0.000000    1.000000    0.000000
   76  1   -0.185800    1.000000    0.000000    1.000000    0.000000
   77  1    0.279847    1.000000    0.000000    1.000000    0.000000
   78  1    0.289237    1.000000    0.000000   -1.000000    0.000000
   79  1    0.304235    1.000000    0.000000   -1.000000    0.000000
   80  1    0.487899    1.000000    0.000000   -1.000000    0.000000
   81  1    0.496692    1.000000    0.000000   -1.000000    0.000000
   82  1    0.526263    1.000000    0.000000    1.000000    0.000000
   83  1    0.536742    1.000000    0.000000    1.000000    0.000000
   84  1    0.920765    1.000000    0.000000   -1.000000    0.000000
   85  1    0.945156    1.000000    0.000000   -1.000000    0.000000
   86  1    0.949264    1.000000    0.000000    1.000000    0.000000
   87  1    1.107262    1.000000    0.000000    1.000000    0.000000
   88  1    1.120286    1.000000    0.000000    1.000000    0.000000
   89  1    1.144431    1.000000    0.000000   -1.000000    0.000000
   90  1    1.168007    1.000000    0.000000   -1.000000    0.000000
   91  1    1.496932    1.000000    0.000000    1.000000    0.000000
   92  1    1.517036    1.000000    0.000000    1.000000    0.000000
   93  1    1.518530    1.000000    0.000000    1.000000    0.000000
   94  1    1.793166    1.000000    0.000000   -1.000000    0.000000
   95  1    1.915347    1.000000    0.000000   -1.000000    0.000000
   96  1    1.935958    1.000000    0.000000   -1.000000    0.000000
   97  1    1.953817    1.000000    0.000000    1.000000    0.000000
   98  1    2.009755    1.000000    0.000000   -1.000000    0.000000
   99  1    2.129037    1.000000    0.000000    1.000000    0.000000
  100  1    2.147244    1.000000    0.000000    1.000000    0.000000
  101  1    2.209204    1.000000    0.000000    1.000000    0.000000
  102  1    2.213754    1.000000    0.000000    1.000000    0.000000
  103  1    2.292172    1.000000    0.000000    1.000000    0.000000
  104  1    2.313296    1.000000    0.000000    1.000000    0.000000
  105  1    2.380749    1.000000    0.000000    1.000000    0.000000
  106  1    2.703308    1.000000    0.000000   -1.000000    0.000000
  107  1    2.725998    1.000000    0.000000   -1.000000    0.000000
  108  1    2.831045    1.000000    0.000000    1.000000    0.000000
  109  1    2.876387    1.000000    0.000000   -1.000000    0.000000
  110  1    2.922901    1.000000    0.000000   -1.000000    0.000000
  111  1    3.030066    1.000000    0.000000    1.000000    0.000000
  112  1    3.068080    1.000000    0.000000   -1.000000    0.000000
  113  1    3.100806    1.000000    0.000000   -1.000000    0.000000
  114  1    3.118757    1.000000    0.000000   -1.000000    0.000000
  115  1    3.174540    1.000000    0.000000    1.000000    0.000000
  116  1    3.189164    1.000000    0.000000    1.000000    0.000000
  117  1    4.726237    1.000000    0.000000    1.000000    0.000000
  118  1    4.736699    1.000000    0.000000    1.000000    0.000000
  119  1    4.807397    1.000000    0.000000    1.000000    0.000000
  120  1    4.809566    1.000000    0.000000   -1.000000    0.000000
  121  1    4.812593    1.000000    0.000000    1.000000    0.000000
  122  1    4.820138    1.000000    0.000000   -1.000000    0.000000
  123  1    4.822447    1.000000    0.000000    1.000000    0.000000
  124  1    4.853651    1.000000    0.000000    1.000000    0.000000
  125  1    5.051171    1.000000    0.000000    1.000000    0.000000
  126  1    5.166493    1.000000    0.000000    1.000000    0.000000
  127  1    5.182404    1.000000    0.000000   -1.000000    0.000000
  128  1    5.296490    1.000000    0.000000    1.000000    0.000000
  129  1    5.298307    1.000000    0.000000   -1.000000    0.000000
  130  1    5.317526    1.000000    0.000000   -1.000000    0.000000
  131  1    5.325037    1.000000    0.000000    1.000000    0.000000
  132  1    5.413725    1.000000    0.000000    1.000000    0.000000
  133  1    5.427412    1.000000    0.000000    1.000000    0.000000
  134  1    5.479641    1.000000    0.000000    1.000000    0.000000
  135  1    5.516629    1.000000    0.000000    1.000000    0.000000
  136  1    5.523888    1.000000    0.000000    1.000000    0.000000
  137  1    6.199079    1.000000    0.000000   -1.000000    0.000000
  138  1    6.204370    1.000000    0.000000   -1.000000    0.000000
  139  1    6.373588    1.000000    0.000000    1.000000    0.000000
  140  1    6.383838    1.000000    0.000000    1.000000    0.000000
  141  1    6.538467    1.000000    0.000000    1.000000    0.000000
  142  1    6.674756    1.000000    0.000000    1.000000    0.000000
  143  1    6.841831    1.000000    0.000000    1.000000    0.000000
  144  1    6.845298    1.000000    0.000000    1.000000    0.000000
  145  1    8.080635    1.000000    0.000000   -1.000000    0.000000
  146  1    8.320391    1.000000    0.000000   -1.000000    0.000000
  147  1    8.434399    1.000000    0.000000    1.000000    0.000000
  148  1    8.492901    1.000000    0.000000    1.000000    0.000000
  149  1    8.757155    1.000000    0.000000   -1.000000    0.000000
  150  1    8.762669    1.000000    0.000000   -1.000000    0.000000
  151  1    8.787869    1.000000    0.000000   -1.000000    0.000000
  152  1    8.793831    1.000000    0.000000   -1.000000    0.000000
  153  1    8.968348    1.000000    0.000000    0.999963    0.000000
  154  1    9.099655    1.000000    0.000000    0.996935    0.000000
  155  1    9.100945    1.000000    0.000000    0.988924    0.000000
  156  1    9.118659    1.000000    0.000000   -0.986230    0.000000
  157  1    9.144746    1.000000    0.000000    0.997403    0.000000
  158  1    9.303378    1.000000    0.000000    0.999749    0.000000
  159  1    9.307799    1.000000    0.000000    0.999819    0.000000
  160  1    9.739929    1.000000    0.000000    0.999989    0.000000
  161  1    9.744487    1.000000    0.000000    0.999995    0.000000
  162  1    9.753088    1.000000    0.000000    0.999998    0.000000
  163  1    9.960763    1.000000    0.000000   -0.999922    0.000000
  164  1    9.970537    1.000000    0.000000   -0.999947    0.000000
  165  1   10.100539    1.000000    0.000000   -0.999986    0.000000
  166  1   10.108558    1.000000    0.000000   -0.999966    0.000000
  167  1   10.495323    1.000000    0.000000   -0.999345    0.000000
  168  1   10.707214    1.000000    0.000000   -0.998211    0.000000
  169  1   10.773233    1.000000    0.000000   -0.992720    0.000000
  170  1   11.010264    1.000000    0.000000   -0.959724    0.000000
  171  1   11.213456    1.000000    0.000000   -0.777176    0.000000
  172  1   11.225625    1.000000    0.000000   -0.873478    0.000000
  173  1   11.321326    1.000000    0.000000    0.911805    0.000000
  174  1   11.367490    1.000000    0.000000    0.846761    0.000000
  175  1   11.411232    1.000000    0.000000    0.247455    0.000000
  176  1   11.449458    1.000000    0.000000    0.026791    0.000000
  2
    1    2
    1  2  -41.226683    2.000000    0.000000    0.000000    0.000000
    3  2  -41.220213    2.000000    0.000000    2.000000    0.000000
    5  1  -40.911622    1.000000    0.000000    1.000000    0.000000
    6  1  -40.904809    1.000000    0.000000    1.000000    0.000000
    7  2  -40.891482    2.000000    0.000000    0.000000    0.000000
    9  2  -40.477148    2.000000    0.000000    0.000000    0.000000
   11  2  -40.466610    2.000000    0.000000    2.000000    0.000000
   13  2  -38.248848    2.000000    0.000000    0.000000    0.000000
   15  1  -38.173873    1.000000    0.000000    1.000000    0.000000
   16  1  -38.171786    1.000000    0.000000    1.000000    0.000000
   17  1  -37.916131    1.000000    0.000000    1.000000    0.000000
   18  1  -37.908998    1.000000    0.000000    1.000000    0.000000
   19  2  -37.749990    2.000000    0.000000    0.000000    0.000000
   21  2  -37.592519    2.000000    0.000000    0.000000    0.000000
   23  1  -37.505749    1.000000    0.000000    1.000000    0.000000
   24  1  -37.504480    1.000000    0.000000    1.000000    0.000000
   25  1  -25.855970    1.000000    0.000000    1.000000    0.000000
   26  1  -25.854391    1.000000    0.000000   -1.000000    0.000000
   27  1  -25.839004    1.000000    0.000000    1.000000    0.000000
   28  1  -25.837432    1.000000    0.000000   -1.000000    0.000000
   29  1  -10.382078    1.000000    0.000000   -1.000000    0.000000
   30  1  -10.254909    1.000000    0.000000   -1.000000    0.000000
   31  1  -10.013800    1.000000    0.000000    1.000000    0.000000
   32  1   -9.899228    1.000000    0.000000    1.000000    0.000000
   33  1   -9.771827    1.000000    0.000000    1.000000    0.000000
   34  1   -9.769472    1.000000    0.000000   -1.000000    0.000000
   35  1   -9.765175    1.000000    0.000000   -1.000000    0.000000
   36  1   -9.742353    1.000000    0.000000    1.000000    0.000000
   37  2   -9.617926    2.000000    0.000000    2.000000    0.000000
   39  2   -9.603897    2.000000    0.000000   -2.000000    0.000000
   41  1   -9.384065    1.000000    0.000000    1.000000    0.000000
   42  1   -9.318526    1.000000    0.000000   -1.000000    0.000000
   43  1   -9.298439    1.000000    0.000000    1.000000    0.000000
   44  1   -9.270138    1.000000    0.000000   -1.000000    0.000000
   45  1   -8.547226    1.000000    0.000000    1.000000    0.000000
   46  1   -8.476806    1.000000    0.000000   -1.000000    0.000000
   47  1   -8.390631    1.000000    0.000000   -1.000000    0.000000
   48  1   -8.388085    1.000000    0.000000   -1.000000    0.000000
   49  1   -8.350653    1.000000    0.000000    1.000000    0.000000
   50  1   -8.276732    1.000000    0.000000    1.000000    0.000000
   51  2   -8.275059    2.000000    0.000000    0.000000    0.000000
   53  2   -8.222872    2.000000    0.000000   -2.000000    0.000000
   55  2   -8.085799    2.000000    0.000000    2.000000    0.000000
   57  2   -1.372711    2.000000    0.000000   -2.000000    0.000000
   59  1   -1.281767    1.000000    0.000000   -1.000000    0.000000
   60  1   -1.166618    1.000000    0.000000   -1.000000    0.000000
   61  2   -1.131025    2.000000    0.000000   -2.000000    0.000000
   63  1   -0.768773    1.000000    0.000000    1.000000    0.000000
   64  1   -0.747997    1.000000    0.000000    1.000000    0.000000
   65  2   -0.650747    2.000000    0.000000    2.000000    0.000000
   67  1   -0.649493    1.000000    0.000000   -1.000000    0.000000
   68  1   -0.646885    1.000000    0.000000   -1.000000    0.000000
   69  1   -0.637620    1.000000    0.000000   -1.000000    0.000000
   70  1   -0.481121    1.000000    0.000000    1.000000    0.000000
   71  1   -0.477653    1.000000    0.000000    1.000000    0.000000
   72  1   -0.462858    1.000000    0.000000    1.000000    0.000000
   73  1   -0.422463    1.000000    0.000000   -1.000000    0.000000
   74  1   -0.365848    1.000000    0.000000    1.000000    0.000000
   75  2   -0.188536    2.000000    0.000000   -2.000000    0.000000
   77  1    0.279686    1.000000    0.000000   -1.000000    0.000000
   78  2    0.296834    2.000000    0.000000    2.000000    0.000000
   80  2    0.492276    2.000000    0.000000    2.000000    0.000000
   82  2    0.531485    2.000000    0.000000   -2.000000    0.000000
   84  2    0.931561    2.000000    0.000000    2.000000    0.000000
   86  1    0.948935    1.000000    0.000000   -1.000000    0.000000
   87  2    1.113656    2.000000    0.000000   -2.000000    0.000000
   89  2    1.157057    2.000000    0.000000    2.000000    0.000000
   91  1    1.497032    1.000000    0.000000   -1.000000    0.000000
   92  2    1.517848    2.000000    0.000000   -2.000000    0.000000
   94  1    1.793002    1.000000    0.000000    1.000000    0.000000
   95  1    1.916045    1.000000    0.000000    1.000000    0.000000
   96  1    1.935096    1.000000    0.000000    1.000000    0.000000
   97  1    1.953088    1.000000    0.000000   -1.000000    0.000000
   98  1    2.009830    1.000000    0.000000    1.000000    0.000000
   99  2    2.138089    2.000000    0.000000   -2.000000    0.000000
  101  2    2.210268    2.000000    0.000000   -2.000000    0.000000
  103  2    2.303108    2.000000    0.000000   -2.000000    0.000000
  105  1    2.381218    1.000000    0.000000   -1.000000    0.000000
  106  2    2.713800    2.000000    0.000000    2.000000    0.000000
  108  1    2.830782    1.000000    0.000000   -1.000000    0.000000
  109  2    2.898234    2.000000    0.000000    2.000000    0.000000
  111  1    3.030358    1.000000    0.000000   -1.000000    0.000000
  112  1    3.083325    1.000000    0.000000    1.000000    0.000000
  113  1    3.086681    1.000000    0.000000    1.000000    0.000000
  114  1    3.120796    1.000000    0.000000    1.000000    0.000000
  115  2    3.181803    2.000000    0.000000   -2.000000    0.000000
  117  2    4.731036    2.000000    0.000000   -2.000000    0.000000
  119  2    4.807725    2.000000    0.000000   -2.000000    0.000000
  121  2    4.814552    2.000000    0.000000    2.000000    0.000000
  123  2    4.840561    2.000000    0.000000   -2.000000    0.000000
  125  1    5.049380    1.000000    0.000000   -1.000000    0.000000
  126  1    5.165997    1.000000    0.000000   -1.000000    0.000000
  127  1    5.180179    1.000000    0.000000    1.000000    0.000000
  128  1    5.298574    1.000000    0.000000   -1.000000    0.000000
  129  1    5.308114    1.000000    0.000000    1.000000    0.000000
  130  1    5.310054    1.000000    0.000000    1.000000    0.000000
  131  1    5.325472    1.000000    0.000000   -1.000000    0.000000
  132  2    5.419453    2.000000    0.000000   -2.000000    0.000000
  134  1    5.480086    1.000000    0.000000   -1.000000    0.000000
  135  2    5.519999    2.000000    0.000000   -2.000000    0.000000
  137  2    6.201633    2.000000    0.000000    2.000000    0.000000
  139  2    6.378391    2.000000    0.000000   -2.000000    0.000000
  141  1    6.538386    1.000000    0.000000   -1.000000    0.000000
  142  1    6.674734    1.000000    0.000000   -1.000000    0.000000
  143  2    6.843668    2.000000    0.000000   -2.000000    0.000000
  145  1    8.080666    1.000000    0.000000    1.000000    0.000000
  146  1    8.320287    1.000000    0.000000    1.000000    0.000000
  147  1    8.434288    1.000000    0.000000   -1.000000    0.000000
  148  1    8.493053    1.000000    0.000000   -1.000000    0.000000
  149  2    8.759604    2.000000    0.000000    1.999999    0.000000
  151  2    8.790951    2.000000    0.000000    1.999999    0.000000
  153  1    8.968379    1.000000    0.000000   -0.999967    0.000000
  154  1    9.099209    1.000000    0.000000   -0.997305    0.000000
  155  1    9.102716    1.000000    0.000000   -0.997591    0.000000
  156  1    9.119011    1.000000    0.000000    0.990775    0.000000
  157  1    9.144515    1.000000    0.000000   -0.995279    0.000000
  158  2    9.305016    2.000000    0.000000   -1.999695    0.000000
  160  1    9.739534    1.000000    0.000000   -0.999990    0.000000
  161  2    9.748566    2.000000    0.000000   -1.999982    0.000000
  163  2    9.965413    2.000000    0.000000    1.999923    0.000000
  165  2   10.104554    2.000000    0.000000    1.999956    0.000000
  167  1   10.495146    1.000000    0.000000    0.998275    0.000000
  168  1   10.711733    1.000000    0.000000    0.994420    0.000000
  169  1   10.804880    1.000000    0.000000    0.935494    0.000000
  170  1   11.012733    1.000000    0.000000    0.940660    0.000000
  171  1   11.200065    1.000000    0.000000    0.891781    0.000000
  172  1   11.232323    1.000000    0.000000    0.565146    0.000000
  173  1   11.324575    1.000000    0.000000   -0.785214    0.000000
  174  1   11.364719    1.000000    0.000000   -0.837095    0.000000
  175  1   11.389324    1.000000    0.000000   -0.447776    0.000000
  176  1   11.494910    1.000000    0.000000    0.055560    0.000000
  2
    1    2
    1  2  -41.226673    2.000000    0.000000    0.000000    0.000000
    3  2  -41.220213    2.000000    0.000000    2.000000    0.000000
    5  1  -40.911622    1.000000    0.000000    1.000000    0.000000
    6  1  -40.904809    1.000000    0.000000    1.000000    0.000000
    7  2  -40.891497    2.000000    0.000000    0.000000    0.000000
    9  2  -40.477138    2.000000    0.000000    0.000000    0.000000
   11  2  -40.466609    2.000000    0.000000    2.000000    0.000000
   13  2  -38.248833    2.000000    0.000000    0.000000    0.000000
   15  1  -38.173873    1.000000    0.000000    1.000000    0.000000
   16  1  -38.171786    1.000000    0.000000    1.000000    0.000000
   17  1  -37.916131    1.000000    0.000000    1.000000    0.000000
   18  1  -37.908998    1.000000    0.000000    1.000000    0.000000
   19  2  -37.749996    2.000000    0.000000    0.000000    0.000000
   21  2  -37.592524    2.000000    0.000000    0.000000    0.000000
   23  1  -37.505749    1.000000    0.000000    1.000000    0.000000
   24  1  -37.504480    1.000000    0.000000    1.000000    0.000000
   25  1  -25.855970    1.000000    0.000000    1.000000    0.000000
   26  1  -25.854391    1.000000    0.000000   -1.000000    0.000000
   27  1  -25.839004    1.000000    0.000000    1.000000    0.000000
   28  1  -25.837432    1.000000    0.000000   -1.000000    0.000000
   29  1  -10.382078    1.000000    0.000000   -1.000000    0.000000
   30  1  -10.254908    1.000000    0.000000   -1.000000    0.000000
   31  1  -10.013796    1.000000    0.000000    1.000000    0.000000
   32  1   -9.899237    1.000000    0.000000    1.000000    0.000000
   33  1   -9.771824    1.000000    0.000000    1.000000    0.000000
   34  1   -9.769468    1.000000    0.000000   -1.000000    0.000000
   35  1   -9.765178    1.000000    0.000000   -1.000000    0.000000
   36  1   -9.742349    1.000000    0.000000    1.000000    0.000000
   37  2   -9.617943    2.000000    0.000000    2.000000    0.000000
   39  2   -9.603906    2.000000    0.000000   -2.000000    0.000000
   41  1   -9.384056    1.000000    0.000000    1.000000    0.000000
   42  1   -9.318519    1.000000    0.000000   -1.000000    0.000000
   43  1   -9.298446    1.000000    0.000000    1.000000    0.000000
   44  1   -9.270144    1.000000    0.000000   -1.000000    0.000000
   45  1   -8.547222    1.000000    0.000000    1.000000    0.000000
   46  1   -8.476807    1.000000    0.000000   -1.000000    0.000000
   47  1   -8.390625    1.000000    0.000000   -1.000000    0.000000
   48  1   -8.388087    1.000000    0.000000   -1.000000    0.000000
   49  1   -8.350662    1.000000    0.000000    1.000000    0.000000
   50  1   -8.276733    1.000000    0.000000    1.000000    0.000000
   51  2   -8.275050    2.000000    0.000000    0.000000    0.000000
   53  2   -8.222871    2.000000    0.000000   -2.000000    0.000000
   55  2   -8.085799    2.000000    0.000000    2.000000    0.000000
   57  2   -1.372707    2.000000    0.000000   -2.000000    0.000000
   59  1   -1.281767    1.000000    0.000000   -1.000000    0.000000
   60  1   -1.166618    1.000000    0.000000   -1.000000    0.000000
   61  2   -1.131028    2.000000    0.000000   -2.000000    0.000000
   63  1   -0.768774    1.000000    0.000000    1.000000    0.000000
   64  1   -0.747998    1.000000    0.000000    1.000000    0.000000
   65  2   -0.650748    2.000000    0.000000    2.000000    0.000000
   67  1   -0.649497    1.000000    0.000000   -1.000000    0.000000
   68  1   -0.646878    1.000000    0.000000   -1.000000    0.000000
   69  1   -0.637617    1.000000    0.000000   -1.000000    0.000000
   70  1   -0.481161    1.000000    0.000000    1.000000    0.000000
   71  1   -0.477640    1.000000    0.000000    1.000000    0.000000
   72  1   -0.462836    1.000000    0.000000    1.000000    0.000000
   73  1   -0.422465    1.000000    0.000000   -1.000000    0.000000
   74  1   -0.365849    1.000000    0.000000    1.000000    0.000000
   75  2   -0.188534    2.000000    0.000000   -2.000000    0.000000
   77  1    0.279689    1.000000    0.000000   -1.000000    0.000000
   78  2    0.296825    2.000000    0.000000    2.000000    0.000000
   80  2    0.492281    2.000000    0.000000    2.000000    0.000000
   82  2    0.531483    2.000000    0.000000   -2.000000    0.000000
   84  2    0.931558    2.000000    0.000000    2.000000    0.000000
   86  1    0.948936    1.000000    0.000000   -1.000000    0.000000
   87  2    1.113656    2.000000    0.000000   -2.000000    0.000000
   89  2    1.157050    2.000000    0.000000    2.000000    0.000000
   91  1    1.497034    1.000000    0.000000   -1.000000    0.000000
   92  2    1.517848    2.000000    0.000000   -2.000000    0.000000
   94  1    1.793004    1.000000    0.000000    1.000000    0.000000
   95  1    1.916041    1.000000    0.000000    1.000000    0.000000
   96  1    1.935093    1.000000    0.000000    1.000000    0.000000
   97  1    1.953086    1.000000    0.000000   -1.000000    0.000000
   98  1    2.009839    1.000000    0.000000    1.000000    0.000000
   99  2    2.138097    2.000000    0.000000   -2.000000    0.000000
  101  2    2.210269    2.000000    0.000000   -2.000000    0.000000
  103  2    2.303108    2.000000    0.000000   -2.000000    0.000000
  105  1    2.381223    1.000000    0.000000   -1.000000    0.000000
  106  2    2.713790    2.000000    0.000000    2.000000    0.000000
  108  1    2.830784    1.000000    0.000000   -1.000000    0.000000
  109  2    2.898225    2.000000    0.000000    2.000000    0.000000
  111  1    3.030358    1.000000    0.000000   -1.000000    0.000000
  112  1    3.083337    1.000000    0.000000    1.000000    0.000000
  113  1    3.086672    1.000000    0.000000    1.000000    0.000000
  114  1    3.120792    1.000000    0.000000    1.000000    0.000000
  115  2    3.181805    2.000000    0.000000   -2.000000    0.000000
  117  2    4.731041    2.000000    0.000000   -2.000000    0.000000
  119  2    4.807815    2.000000    0.000000   -2.000000    0.000000
  121  2    4.814556    2.000000    0.000000    2.000000    0.000000
  123  2    4.840561    2.000000    0.000000   -2.000000    0.000000
  125  1    5.049384    1.000000    0.000000   -1.000000    0.000000
  126  1    5.165992    1.000000    0.000000   -1.000000    0.000000
  127  1    5.180161    1.000000    0.000000    1.000000    0.000000
  128  1    5.298587    1.000000    0.000000   -1.000000    0.000000
  129  1    5.308112    1.000000    0.000000    1.000000    0.000000
  130  1    5.310040    1.000000    0.000000    1.000000    0.000000
  131  1    5.325483    1.000000    0.000000   -1.000000    0.000000
  132  2    5.419461    2.000000    0.000000   -2.000000    0.000000
  134  1    5.480091    1.000000    0.000000   -1.000000    0.000000
  135  2    5.519996    2.000000    0.000000   -2.000000    0.000000
  137  2    6.201624    2.000000    0.000000    2.000000    0.000000
  139  2    6.378393    2.000000    0.000000   -2.000000    0.000000
  141  1    6.538392    1.000000    0.000000   -1.000000    0.000000
  142  1    6.674736    1.000000    0.000000   -1.000000    0.000000
  143  2    6.843674    2.000000    0.000000   -2.000000    0.000000
  145  1    8.080669    1.000000    0.000000    1.000000    0.000000
  146  1    8.320275    1.000000    0.000000    1.000000    0.000000
  147  1    8.434284    1.000000    0.000000   -1.000000    0.000000
  148  1    8.493049    1.000000    0.000000   -1.000000    0.000000
  149  2    8.759619    2.000000    0.000000    2.000000    0.000000
  151  2    8.790998    2.000000    0.000000    2.000000    0.000000
  153  1    8.968543    1.000000    0.000000   -0.999924    0.000000
  154  1    9.098431    1.000000    0.000000   -0.996380    0.000000
  155  1    9.103354    1.000000    0.000000   -0.951588    0.000000
  156  1    9.120326    1.000000    0.000000    0.945713    0.000000
  157  1    9.148119    1.000000    0.000000   -0.988302    0.000000
  158  1    9.305262    1.000000    0.000000   -0.999820    0.000000
  159  1    9.307498    1.000000    0.000000   -0.999258    0.000000
  160  1    9.739748    1.000000    0.000000   -0.999925    0.000000
  161  2    9.748854    2.000000    0.000000   -1.999851    0.000000
  163  1    9.965584    1.000000    0.000000    0.999977    0.000000
  164  1    9.970476    1.000000    0.000000    0.997477    0.000000
  165  2   10.104532    2.000000    0.000000    1.999953    0.000000
  167  1   10.494802    1.000000    0.000000    0.999203    0.000000
  168  1   10.711758    1.000000    0.000000    0.995833    0.000000
  169  1   10.775463    1.000000    0.000000    0.993567    0.000000
  170  1   11.007229    1.000000    0.000000    0.962489    0.000000
  171  1   11.204888    1.000000    0.000000    0.910042    0.000000
  172  1   11.267088    1.000000    0.000000   -0.089805    0.000000
  173  1   11.304575    1.000000    0.000000   -0.877507    0.000000
  174  1   11.362785    1.000000    0.000000   -0.630001    0.000000
  175  1   11.425657    1.000000    0.000000   -0.408537    0.000000
  176  1   11.498563    1.000000    0.000000   -0.267459    0.000000
  2
    1    2
    1  1  -41.227849    1.000000    0.000000    1.000000    0.000000
    2  1  -41.224645    1.000000    0.000000    1.000000    0.000000
    3  2  -41.220598    2.000000    0.000000   -2.000000    0.000000
    5  1  -40.911616    1.000000    0.000000   -1.000000    0.000000
    6  1  -40.904726    1.000000    0.000000   -1.000000    0.000000
    7  2  -40.891859    2.000000    0.000000    2.000000    0.000000
    9  1  -40.478639    1.000000    0.000000    1.000000    0.000000
   10  1  -40.475156    1.000000    0.000000    1.000000    0.000000
   11  2  -40.466848    2.000000    0.000000   -2.000000    0.000000
   13  1  -38.251174    1.000000    0.000000    1.000000    0.000000
   14  1  -38.246166    1.000000    0.000000    1.000000    0.000000
   15  1  -38.174000    1.000000    0.000000   -1.000000    0.000000
   16  1  -38.171772    1.000000    0.000000   -1.000000    0.000000
   17  1  -37.916127    1.000000    0.000000   -1.000000    0.000000
   18  1  -37.908980    1.000000    0.000000   -1.000000    0.000000
   19  1  -37.750565    1.000000    0.000000    1.000000    0.000000
   20  1  -37.749382    1.000000    0.000000    1.000000    0.000000
   21  1  -37.594376    1.000000    0.000000    1.000000    0.000000
   22  1  -37.590627    1.000000    0.000000    1.000000    0.000000
   23  1  -37.505762    1.000000    0.000000   -1.000000    0.000000
   24  1  -37.504492    1.000000    0.000000   -1.000000    0.000000
   25  2  -25.855177    2.000000    0.000000    0.000000    0.000000
   27  2  -25.838215    2.000000    0.000000    0.000000    0.000000
   29  2  -10.241255    2.000000    0.000000    0.000000    0.000000
   31  2  -10.111001    2.000000    0.000000    0.000000    0.000000
   33  1   -9.797469    1.000000    0.000000   -1.000000    0.000000
   34  1   -9.791692    1.000000    0.000000    1.000000    0.000000
   35  1   -9.769113    1.000000    0.000000    1.000000    0.000000
   36  1   -9.762602    1.000000    0.000000   -1.000000    0.000000
   37  2   -9.615599    2.000000    0.000000    0.000000    0.000000
   39  1   -9.595158    1.000000    0.000000   -1.000000    0.000000
   40  1   -9.594092    1.000000    0.000000    1.000000    0.000000
   41  2   -9.220116    2.000000    0.000000    0.000000    0.000000
   43  2   -9.172477    2.000000    0.000000    0.000000    0.000000
   45  2   -8.615545    2.000000    0.000000    0.000000    0.000000
   47  2   -8.395968    2.000000    0.000000    0.000000    0.000000
   49  2   -8.387989    2.000000    0.000000    0.000000    0.000000
   51  2   -8.272310    2.000000    0.000000    0.000000    0.000000
   53  2   -8.216200    2.000000    0.000000    0.000000    0.000000
   55  2   -8.081708    2.000000    0.000000    0.000000    0.000000
   57  2   -1.103414    2.000000    0.000000    0.000000    0.000000
   59  2   -0.966782    2.000000    0.000000    0.000000    0.000000
   61  1   -0.894849    1.000000    0.000000   -1.000000    0.000000
   62  2   -0.892298    2.000000    0.000000    2.000000    0.000000
   64  1   -0.888968    1.000000    0.000000   -1.000000    0.000000
   65  2   -0.850997    2.000000    0.000000    0.000000    0.000000
   67  2   -0.588093    2.000000    0.000000    0.000000    0.000000
   69  2   -0.555662    2.000000    0.000000    0.000000    0.000000
   71  2   -0.439426    2.000000    0.000000    0.000000    0.000000
   73  2   -0.248229    2.000000    0.000000    0.000000    0.000000
   75  2   -0.226358    2.000000    0.000000    0.000000    0.000000
   77  2   -0.054358    2.000000    0.000000    0.000000    0.000000
   79  2    0.165986    2.000000    0.000000    0.000000    0.000000
   81  2    0.402686    2.000000    0.000000    0.000000    0.000000
   83  1    0.627653    1.000000    0.000000   -1.000000    0.000000
   84  1    0.628669    1.000000    0.000000    1.000000    0.000000
   85  2    0.910589    2.000000    0.000000    0.000000    0.000000
   87  2    1.052700    2.000000    0.000000    0.000000    0.000000
   89  1    1.121786    1.000000    0.000000   -1.000000    0.000000
   90  1    1.123154    1.000000    0.000000    1.000000    0.000000
   91  2    1.457836    2.000000    0.000000    0.000000    0.000000
   93  2    1.581283    2.000000    0.000000    0.000000    0.000000
   95  2    1.983179    2.000000    0.000000    0.000000    0.000000
   97  1    2.062307    1.000000    0.000000   -1.000000    0.000000
   98  1    2.063546    1.000000    0.000000    1.000000    0.000000
   99  2    2.189417    2.000000    0.000000    0.000000    0.000000
  101  2    2.330957    2.000000    0.000000    0.000000    0.000000
  103  1    2.401082    1.000000    0.000000    1.000000    0.000000
  104  1    2.402733    1.000000    0.000000   -1.000000    0.000000
  105  2    2.536903    2.000000    0.000000    0.000000    0.000000
  107  2    2.692729    2.000000    0.000000    0.000000    0.000000
  109  2    2.768370    2.000000    0.000000    0.000000    0.000000
  111  2    3.046970    2.000000    0.000000    0.000000    0.000000
  113  1    3.086615    1.000000    0.000000   -1.000000    0.000000
  114  1    3.087873    1.000000    0.000000    1.000000    0.000000
  115  2    3.420521    2.000000    0.000000    0.000000    0.000000
  117  2    4.412100    2.000000    0.000000    0.000000    0.000000
  119  2    4.777233    2.000000    0.000000    0.000000    0.000000
  121  2    4.905840    2.000000    0.000000    0.000000    0.000000
  123  2    4.926070    2.000000    0.000000    0.000000    0.000000
  125  1    5.103692    1.000000    0.000000    1.000000    0.000000
  126  1    5.105348    1.000000    0.000000   -1.000000    0.000000
  127  2    5.203155    2.000000    0.000000    0.000000    0.000000
  129  1    5.243124    1.000000    0.000000    1.000000    0.000000
  130  1    5.244232    1.000000    0.000000   -1.000000    0.000000
  131  1    5.386252    1.000000    0.000000   -1.000000    0.000000
  132  1    5.394964    1.000000    0.000000    1.000000    0.000000
  133  1    5.404044    1.000000    0.000000    1.000000    0.000000
  134  1    5.411535    1.000000    0.000000   -1.000000    0.000000
  135  2    5.520241    2.000000    0.000000    0.000000    0.000000
  137  2    5.918482    2.000000    0.000000    0.000000    0.000000
  139  2    6.240391    2.000000    0.000000    0.000000    0.000000
  141  2    6.508291    2.000000    0.000000    0.000000    0.000000
  143  2    6.672609    2.000000    0.000000    0.000000    0.000000
  145  1    9.028912    1.000000    0.000000   -0.965289    0.000000
  146  2    9.031348    2.000000    0.000000    1.926785    0.000000
  148  1    9.035816    1.000000    0.000000   -0.960507    0.000000
  149  2    9.137863    2.000000    0.000000    0.812770    0.000000
  151  1    9.140312    1.000000    0.000000   -0.078488    0.000000
  152  1    9.151116    1.000000    0.000000   -0.735288    0.000000
  153  2    9.222899    2.000000    0.000000    0.000000    0.000000
  155  2    9.385979    2.000000    0.000000    0.000004    0.000000
  157  2    9.599083    2.000000    0.000000   -0.000022    0.000000
  159  2    9.796009    2.000000    0.000000    0.000022    0.000000
  161  1    9.956802    1.000000    0.000000    0.935702    0.000000
  162  1    9.970446    1.000000    0.000000   -0.855236    0.000000
  163  1    9.994335    1.000000    0.000000   -0.033427    0.000000
  164  1    9.999643    1.000000    0.000000   -0.036950    0.000000
  165  2   10.292919    2.000000    0.000000   -0.000679    0.000000
  167  1   10.430855    1.000000    0.000000    0.413706    0.000000
  168  1   10.443653    1.000000    0.000000   -0.341966    0.000000
  169  1   10.465976    1.000000    0.000000    0.010009    0.000000
  170  1   10.470006    1.000000    0.000000   -0.141876    0.000000
  171  1   10.476083    1.000000    0.000000    0.328846    0.000000
  172  1   10.521217    1.000000    0.000000   -0.261709    0.000000
  173  1   11.080673    1.000000    0.000000    0.852483    0.000000
  174  1   11.098787    1.000000    0.000000   -0.819448    0.000000
  175  1   11.337384    1.000000    0.000000    0.438285    0.000000
  176  1   11.436873    1.000000    0.000000   -0.294618    0.000000
