  114  176
  1
  8
  1  0  0  0  1  0  0  0  1    0.000000    0.000000    0.000000    1.000000    0.000000    0.000000    0.000000    0.000000    0.000000    1.000000    0.000000  1
 -1  0  0 -1  0  1 -1  1  0    0.000000    0.000000    0.000000    0.000000   -0.707107    0.707107    0.000000   -0.707107    0.000000    0.000000    0.707107  1
 -1  0  0  0 -1  0  0  0 -1    0.000000    0.000000    0.000000    1.000000    0.000000    0.000000    0.000000    0.000000    0.000000    1.000000    0.000000  1
  1  0  0  1  0 -1  1 -1  0    0.000000    0.000000    0.000000    0.000000   -0.707107    0.707107    0.000000   -0.707107    0.000000    0.000000    0.707107  1
  0  1 -1  1  0 -1  0  0 -1    0.500000    0.000000    0.500000    0.000000    0.000000    0.000000   -1.000000    0.000000   -1.000000    0.000000    0.000000 -1
  0 -1  1  0 -1  0  1 -1  0    0.500000    0.000000    0.500000    0.000000    0.707107    0.707107    0.000000   -0.707107    0.000000    0.000000   -0.707107 -1
  0 -1  1 -1  0  1  0  0  1    0.500000    0.000000    0.500000    0.000000    0.000000    0.000000   -1.000000    0.000000   -1.000000    0.000000    0.000000 -1
  0  1 -1  0  1  0 -1  1  0    0.500000    0.000000    0.500000    0.000000    0.707107    0.707107    0.000000   -0.707107    0.000000    0.000000   -0.707107 -1
  7
    0.000000    0.000000    0.000000
    0.000000    0.500000    0.000000
    0.500000    0.000000    0.000000
    0.000000    0.500000    0.500000
    0.500000    0.500000    0.000000
    0.250000    0.250000    0.250000
    0.500000    0.500000    0.500000
  4
    1    2    3    4
    1  2  -41.024406    2.000000    0.000000    0.000000    2.000000   -2.000000    0.000000    0.000000   -1.999999
    3  1  -41.022272    1.000000    0.000000    0.000000   -0.999999   -1.000000    0.000000    0.000000    1.000000
    4  1  -41.020200    1.000000    0.000000    0.000000    1.000000   -1.000000    0.000000    0.000000   -1.000000
    5  1  -40.700686    1.000000    0.000000    0.000000    0.999999   -1.000000    0.000000    0.000000   -0.999999
    6  2  -40.698954    2.000000    0.000000    0.000000   -1.999999   -2.000000    0.000000    0.000000    2.000000
    8  1  -40.694403    1.000000    0.000000    0.000000   -0.999999   -1.000000    0.000000    0.000000    1.000000
    9  1  -40.280891    1.000000    0.000000    0.000000    1.000000   -1.000000    0.000000    0.000000   -1.000000
   10  1  -40.278932    1.000000    0.000000    0.000000    1.000000   -1.000000    0.000000    0.000000   -1.000000
   11  2  -40.274632    2.000000    0.000000    0.000000    0.000000   -2.000000    0.000000    0.000000    0.000000
   13  1  -37.841482    1.000000    0.000000    0.000000   -1.000000   -1.000000    0.000000    0.000000    1.000000
   14  1  -37.836955    1.000000    0.000000    0.000000   -1.000000   -1.000000    0.000000    0.000000    1.000000
   15  1  -37.760997    1.000000    0.000000    0.000000   -0.999999   -1.000000    0.000000    0.000000    0.999999
   16  1  -37.759118    1.000000    0.000000    0.000000    0.999999   -1.000000    0.000000    0.000000   -0.999999
   17  1  -37.499537    1.000000    0.000000    0.000000   -1.000000   -1.000000    0.000000    0.000000    1.000000
   18  1  -37.493314    1.000000    0.000000    0.000000    1.000000   -1.000000    0.000000    0.000000   -1.000000
   19  1  -37.332794    1.000000    0.000000    0.000000    1.000000   -1.000000    0.000000    0.000000   -1.000000
   20  1  -37.331739    1.000000    0.000000    0.000000    1.000000   -1.000000    0.000000    0.000000   -1.000000
   21  1  -37.174394    1.000000    0.000000    0.000000   -1.000000   -1.000000    0.000000    0.000000    1.000000
   22  1  -37.171095    1.000000    0.000000    0.000000   -1.000000   -1.000000    0.000000    0.000000    1.000000
   23  1  -37.082388    1.000000    0.000000    0.000000   -0.999999   -1.000000    0.000000    0.000000    0.999999
   24  1  -37.081300    1.000000    0.000000    0.000000    0.999999   -1.000000    0.000000    0.000000   -0.999999
   25  1  -22.748847    1.000000    0.000000    0.000000    0.999996    1.000000    0.000000    0.000000    0.999996
   26  1  -22.741622    1.000000    0.000000    0.000000   -0.999996   -1.000000    0.000000    0.000000    0.999996
   27  1  -22.726753    1.000000    0.000000    0.000000   -0.999996    1.000000    0.000000    0.000000   -0.999996
   28  1  -22.719612    1.000000    0.000000    0.000000    0.999996   -1.000000    0.000000    0.000000   -0.999996
   29  1  -10.431792    1.000000    0.000000    0.000000    1.000000    1.000000    0.000000    0.000000    1.000000
   30  1  -10.173647    1.000000    0.000000    0.000000   -1.000000    1.000000    0.000000    0.000000   -1.000000
   31  1   -9.730672    1.000000    0.000000    0.000000   -1.000000   -1.000000    0.000000    0.000000    1.000000
   32  1   -9.372244    1.000000    0.000000    0.000000    1.000000   -1.000000    0.000000    0.000000   -1.000000
   33  1   -8.906923    1.000000    0.000000    0.000000    0.999945    1.000000    0.000000    0.000000    0.999945
   34  1   -8.892117    1.000000    0.000000    0.000000   -0.999956   -1.000000    0.000000    0.000000    0.999956
   35  1   -8.889397    1.000000    0.000000    0.000000   -0.999941    1.000000    0.000000    0.000000   -0.999941
   36  1   -8.872135    1.000000    0.000000    0.000000    0.999952   -1.000000    0.000000    0.000000   -0.999952
   37  1   -8.845520    1.000000    0.000000    0.000000    0.999995    1.000000    0.000000    0.000000    0.999995
   38  1   -8.824462    1.000000    0.000000    0.000000   -0.999995   -1.000000    0.000000    0.000000    0.999995
   39  1   -8.604171    1.000000    0.000000    0.000000   -0.999987    1.000000    0.000000    0.000000   -0.999987
   40  1   -8.573529    1.000000    0.000000    0.000000    0.999974    1.000000    0.000000    0.000000    0.999974
   41  1   -8.569653    1.000000    0.000000    0.000000    0.999990   -1.000000    0.000000    0.000000   -0.999990
   42  1   -8.536413    1.000000    0.000000    0.000000   -0.999986    1.000000    0.000000    0.000000   -0.999986
   43  1   -8.533917    1.000000    0.000000    0.000000   -0.999979   -1.000000    0.000000    0.000000    0.999979
   44  1   -8.492359    1.000000    0.000000    0.000000    0.999988   -1.000000    0.000000    0.000000   -0.999988
   45  1   -7.309360    1.000000    0.000000    0.000000    0.999997    1.000000    0.000000    0.000000    0.999997
   46  1   -7.282319    1.000000    0.000000    0.000000   -0.999997    1.000000    0.000000    0.000000   -0.999997
   47  1   -7.187053    1.000000    0.000000    0.000000   -0.999998   -1.000000    0.000000    0.000000    0.999998
   48  1   -7.151915    1.000000    0.000000    0.000000    0.999998   -1.000000    0.000000    0.000000   -0.999998
   49  1   -6.604555    1.000000    0.000000    0.000000    0.999996    1.000000    0.000000    0.000000    0.999996
   50  1   -6.586462    1.000000    0.000000    0.000000   -0.999983    1.000000    0.000000    0.000000   -0.999983
   51  1   -6.567378    1.000000    0.000000    0.000000    0.999982    1.000000    0.000000    0.000000    0.999982
   52  1   -6.549579    1.000000    0.000000    0.000000   -0.999994    1.000000    0.000000    0.000000   -0.999994
   53  1   -6.480933    1.000000    0.000000    0.000000   -0.999997   -1.000000    0.000000    0.000000    0.999997
   54  1   -6.456110    1.000000    0.000000    0.000000    0.999990   -1.000000    0.000000    0.000000   -0.999990
   55  1   -6.431129    1.000000    0.000000    0.000000   -0.999988   -1.000000    0.000000    0.000000    0.999989
   56  1   -6.407952    1.000000    0.000000    0.000000    0.999996   -1.000000    0.000000    0.000000   -0.999996
   57  1   -1.604859    1.000000    0.000000    0.000000   -0.999834    1.000000    0.000000    0.000000   -0.999834
   58  1   -1.603095    1.000000    0.000000    0.000000    0.999852    1.000000    0.000000    0.000000    0.999852
   59  1   -1.466642    1.000000    0.000000    0.000000   -0.999809    1.000000    0.000000    0.000000   -0.999809
   60  1   -1.456018    1.000000    0.000000    0.000000    0.999340    1.000000    0.000000    0.000000    0.999340
   61  1   -1.449241    1.000000    0.000000    0.000000   -0.999525    1.000000    0.000000    0.000000   -0.999525
   62  1   -1.234455    1.000000    0.000000    0.000000    0.999829    1.000000    0.000000    0.000000    0.999829
   63  1   -1.223159    1.000000    0.000000    0.000000   -0.999365    1.000000    0.000000    0.000000   -0.999365
   64  1   -1.215985    1.000000    0.000000    0.000000    0.999533    1.000000    0.000000    0.000000    0.999533
   65  1   -0.777781    1.000000    0.000000    0.000000   -1.000000   -1.000000    0.000000    0.000000    1.000000
   66  1   -0.602697    1.000000    0.000000    0.000000    0.999877   -1.000000    0.000000    0.000000   -0.999877
   67  1   -0.600828    1.000000    0.000000    0.000000   -0.999868   -1.000000    0.000000    0.000000    0.999868
   68  2   -0.576591    2.000000    0.000000    0.000000   -0.000001    2.000000    0.000000    0.000000   -0.000001
   70  2   -0.572712    2.000000    0.000000    0.000000   -0.000009   -2.000000    0.000000    0.000000    0.000009
   72  1   -0.428796    1.000000    0.000000    0.000000    1.000000   -1.000000    0.000000    0.000000   -0.999999
   73  1   -0.044202    1.000000    0.000000    0.000000   -0.999828    1.000000    0.000000    0.000000   -0.999828
   74  1   -0.042168    1.000000    0.000000    0.000000    0.999828    1.000000    0.000000    0.000000    0.999828
   75  1    0.455569    1.000000    0.000000    0.000000    0.999969    1.000000    0.000000    0.000000    0.999969
   76  1    0.462939    1.000000    0.000000    0.000000   -0.999885    1.000000    0.000000    0.000000   -0.999885
   77  1    0.466815    1.000000    0.000000    0.000000    0.999916    1.000000    0.000000    0.000000    0.999916
   78  1    0.717072    1.000000    0.000000    0.000000   -0.997222   -1.000000    0.000000    0.000000    0.997222
   79  1    0.720255    1.000000    0.000000    0.000000    0.994473   -1.000000    0.000000    0.000000   -0.994473
   80  1    0.722277    1.000000    0.000000    0.000000   -0.997244   -1.000000    0.000000    0.000000    0.997244
   81  1    0.925710    1.000000    0.000000    0.000000    0.997590   -1.000000    0.000000    0.000000   -0.997589
   82  2    0.927511    2.000000    0.000000    0.000000    0.002405   -2.000000    0.000000    0.000000   -0.002405
   84  1    1.153618    1.000000    0.000000    0.000000   -0.999987    1.000000    0.000000    0.000000   -0.999987
   85  1    1.168680    1.000000    0.000000    0.000000    0.999888    1.000000    0.000000    0.000000    0.999888
   86  1    1.173702    1.000000    0.000000    0.000000   -0.999900    1.000000    0.000000    0.000000   -0.999900
   87  2    1.337320    2.000000    0.000000    0.000000   -0.001225    2.000000    0.000000    0.000000   -0.001225
   89  1    1.339702    1.000000    0.000000    0.000000   -0.999970    1.000000    0.000000    0.000000   -0.999970
   90  1    1.742551    1.000000    0.000000    0.000000    0.999981   -1.000000    0.000000    0.000000   -0.999981
   91  1    1.764313    1.000000    0.000000    0.000000   -0.999981   -1.000000    0.000000    0.000000    0.999981
   92  1    1.779306    1.000000    0.000000    0.000000    0.999996   -1.000000    0.000000    0.000000   -0.999995
   93  1    1.851098    1.000000    0.000000    0.000000    0.999462    1.000000    0.000000    0.000000    0.999462
   94  1    1.852248    1.000000    0.000000    0.000000   -0.999461    1.000000    0.000000    0.000000   -0.999461
   95  1    1.880744    1.000000    0.000000    0.000000    0.999999    1.000000    0.000000    0.000000    0.999999
   96  1    1.899820    1.000000    0.000000    0.000000   -0.999996   -1.000000    0.000000    0.000000    0.999996
   97  1    1.918525    1.000000    0.000000    0.000000    0.999971   -1.000000    0.000000    0.000000   -0.999971
   98  1    1.928979    1.000000    0.000000    0.000000   -0.999970   -1.000000    0.000000    0.000000    0.999971
   99  2    2.030627    2.000000    0.000000    0.000000   -0.000000    2.000000    0.000000    0.000000   -0.000000
  101  1    2.309879    1.000000    0.000000    0.000000   -1.000000    1.000000    0.000000    0.000000   -1.000000
  102  1    2.330552    1.000000    0.000000    0.000000    1.000000    1.000000    0.000000    0.000000    1.000000
  103  1    2.348380    1.000000    0.000000    0.000000   -1.000000    1.000000    0.000000    0.000000   -1.000000
  104  1    2.526099    1.000000    0.000000    0.000000    1.000000    1.000000    0.000000    0.000000    1.000000
  105  1    2.530143    1.000000    0.000000    0.000000   -1.000000    1.000000    0.000000    0.000000   -1.000000
  106  1    2.538164    1.000000    0.000000    0.000000    1.000000    1.000000    0.000000    0.000000    1.000000
  107  1    2.777402    1.000000    0.000000    0.000000   -0.999970   -1.000000    0.000000    0.000000    0.999970
  108  1    2.794527    1.000000    0.000000    0.000000    0.999966   -1.000000    0.000000    0.000000   -0.999966
  109  1    2.846380    1.000000    0.000000    0.000000   -0.999996   -1.000000    0.000000    0.000000    0.999996
  110  1    2.851399    1.000000    0.000000    0.000000   -0.999998    1.000000    0.000000    0.000000   -0.999998
  111  1    2.860239    1.000000    0.000000    0.000000    0.999996    1.000000    0.000000    0.000000    0.999996
  112  1    2.871618    1.000000    0.000000    0.000000   -0.999998    1.000000    0.000000    0.000000   -0.999998
  113  1    3.245842    1.000000    0.000000    0.000000    0.999991   -1.000000    0.000000    0.000000   -0.999991
  114  1    3.258882    1.000000    0.000000    0.000000   -1.000000    1.000000    0.000000    0.000000   -1.000000
  115  1    3.276593    1.000000    0.000000    0.000000   -0.999982   -1.000000    0.000000    0.000000    0.999982
  116  1    3.304033    1.000000    0.000000    0.000000    0.999991   -1.000000    0.000000    0.000000   -0.999991
  117  2    4.677581    2.000000    0.000000    0.000000    0.000000    2.000000    0.000000    0.000000    0.000000
  119  1    5.024100    1.000000    0.000000    0.000000    1.000000    1.000000    0.000000    0.000000    1.000000
  120  1    5.044304    1.000000    0.000000    0.000000   -0.999999    1.000000    0.000000    0.000000   -0.999999
  121  1    5.064291    1.000000    0.000000    0.000000    0.999999    1.000000    0.000000    0.000000    0.999999
  122  2    5.109976    2.000000    0.000000    0.000000   -0.000869    2.000000    0.000000    0.000000   -0.000869
  124  1    5.111673    1.000000    0.000000    0.000000   -0.999994    1.000000    0.000000    0.000000   -0.999994
  125  1    5.542228    1.000000    0.000000    0.000000    0.999992    1.000000    0.000000    0.000000    0.999992
  126  1    5.552004    1.000000    0.000000    0.000000   -0.999983    1.000000    0.000000    0.000000   -0.999983
  127  1    5.576438    1.000000    0.000000    0.000000    0.999942    1.000000    0.000000    0.000000    0.999942
  128  1    5.579624    1.000000    0.000000    0.000000    0.999969    1.000000    0.000000    0.000000    0.999969
  129  1    5.580999    1.000000    0.000000    0.000000   -0.999903    1.000000    0.000000    0.000000   -0.999903
  130  1    5.588417    1.000000    0.000000    0.000000    0.999994    1.000000    0.000000    0.000000    0.999994
  131  1    5.602461    1.000000    0.000000    0.000000   -0.999995    1.000000    0.000000    0.000000   -0.999995
  132  1    5.607481    1.000000    0.000000    0.000000   -0.999998    1.000000    0.000000    0.000000   -0.999998
  133  1    5.613399    1.000000    0.000000    0.000000    0.999999    1.000000    0.000000    0.000000    0.999999
  134  1    5.631415    1.000000    0.000000    0.000000    0.999986    1.000000    0.000000    0.000000    0.999986
  135  1    5.635565    1.000000    0.000000    0.000000    0.999884    1.000000    0.000000    0.000000    0.999884
  136  1    5.638353    1.000000    0.000000    0.000000   -0.999860    1.000000    0.000000    0.000000   -0.999860
  137  1    6.755039    1.000000    0.000000    0.000000    0.999993    1.000000    0.000000    0.000000    0.999993
  138  1    6.758816    1.000000    0.000000    0.000000   -0.999992    1.000000    0.000000    0.000000   -0.999992
  139  1    6.771336    1.000000    0.000000    0.000000    0.999999    1.000000    0.000000    0.000000    0.999999
  140  1    7.124867    1.000000    0.000000    0.000000   -0.999991    1.000000    0.000000    0.000000   -0.999991
  141  2    7.128992    2.000000    0.000000    0.000000    0.000001    2.000000    0.000000    0.000000    0.000001
  143  2    7.157870    2.000000    0.000000    0.000000   -0.000007    2.000000    0.000000    0.000000   -0.000007
  145  1    7.300726    1.000000    0.000000    0.000000   -1.000000    1.000000    0.000000    0.000000   -1.000000
  146  1    7.665346    1.000000    0.000000    0.000000    1.000000    1.000000    0.000000    0.000000    1.000000
  147  1    8.020100    1.000000    0.000000    0.000000   -0.999998    1.000000    0.000000    0.000000   -0.999998
  148  1    8.038248    1.000000    0.000000    0.000000    0.999993    1.000000    0.000000    0.000000    0.999993
  149  1    8.054522    1.000000    0.000000    0.000000   -0.999995    1.000000    0.000000    0.000000   -0.999995
  150  1    8.341750    1.000000    0.000000    0.000000    0.999983   -1.000000    0.000000    0.000000   -0.999983
  151  1    8.351985    1.000000    0.000000    0.000000    0.999998    1.000000    0.000000    0.000000    0.999998
  152  1    8.353755    1.000000    0.000000    0.000000   -0.999967   -1.000000    0.000000    0.000000    0.999967
  153  1    8.366521    1.000000    0.000000    0.000000    0.999983   -1.000000    0.000000    0.000000   -0.999983
  154  1    8.371306    1.000000    0.000000    0.000000   -0.999997    1.000000    0.000000    0.000000   -0.999997
  155  1    8.387615    1.000000    0.000000    0.000000    0.999998    1.000000    0.000000    0.000000    0.999998
  156  1    8.733656    1.000000    0.000000    0.000000   -0.999962   -0.999999    0.000000    0.000000    0.999961
  157  1    8.742047    1.000000    0.000000    0.000000    0.999944   -1.000000    0.000000    0.000000   -0.999944
  158  1    8.753634    1.000000    0.000000    0.000000   -0.999982   -1.000000    0.000000    0.000000    0.999982
  159  2    9.152526    2.000000    0.000000    0.000000   -0.000000   -1.999968    0.000000    0.000000   -0.000020
  161  1    9.275875    1.000000    0.000000    0.000000    0.999977   -0.999984    0.000000    0.000000   -0.999987
  162  1    9.277752    1.000000    0.000000    0.000000   -0.999971   -0.999898    0.000000    0.000000    0.999906
  163  1    9.384138    1.000000    0.000000    0.000000   -0.912274    0.999710    0.000000    0.000000   -0.912329
  164  1    9.387507    1.000000    0.000000    0.000000    0.083545    0.999873    0.000000    0.000000    0.083561
  165  1    9.388820    1.000000    0.000000    0.000000   -0.593319    0.999682    0.000000    0.000000   -0.593460
  166  1    9.459258    1.000000    0.000000    0.000000   -0.564673    0.983348    0.000000    0.000000   -0.559548
  167  2    9.661955    2.000000    0.000000    0.000000   -0.000437    1.999970    0.000000    0.000000   -0.000428
  169  1    9.717443    1.000000    0.000000    0.000000   -0.995322    0.996517    0.000000    0.000000   -0.994394
  170  1   10.117379    1.000000    0.000000    0.000000    0.999378    0.999981    0.000000    0.000000    0.999387
  171  1   10.119322    1.000000    0.000000    0.000000   -0.999395    0.999970    0.000000    0.000000   -0.999381
  172  1   10.309091    1.000000    0.000000    0.000000   -0.999502   -0.999373    0.000000    0.000000    0.999349
  173  1   10.340776    1.000000    0.000000    0.000000    0.999643    0.999641    0.000000    0.000000    0.999916
  174  1   10.425485    1.000000    0.000000    0.000000    0.999434   -0.999759    0.000000    0.000000   -0.999570
  175  1   11.596642    1.000000    0.000000    0.000000    0.364503   -0.988987    0.000000    0.000000   -0.369240
  176  1   11.635182    1.000000    0.000000    0.000000   -0.643088   -0.877989    0.000000    0.000000    0.578001
  2
    1    3
    1  2  -41.024304    2.000000    0.000000   -2.000000    0.000000
    3  1  -41.022473    1.000000    0.000000    1.000000    0.000000
    4  1  -41.020638    1.000000    0.000000   -1.000000    0.000000
    5  1  -40.699121    1.000000    0.000000   -1.000000    0.000000
    6  3  -40.697956    3.000000    0.000000   -1.000000    0.000000
    9  1  -40.280890    1.000000    0.000000   -1.000000    0.000000
   10  1  -40.278426    1.000000    0.000000   -1.000000    0.000000
   11  2  -40.274941    2.000000    0.000000    0.000000    0.000000
   13  1  -37.841407    1.000000    0.000000   -1.000000    0.000000
   14  1  -37.836892    1.000000    0.000000   -1.000000    0.000000
   15  2  -37.760148    2.000000    0.000000    0.000000    0.000000
   17  2  -37.496434    2.000000    0.000000    0.000000    0.000000
   19  1  -37.332809    1.000000    0.000000   -1.000000    0.000000
   20  1  -37.331725    1.000000    0.000000   -1.000000    0.000000
   21  1  -37.174392    1.000000    0.000000   -1.000000    0.000000
   22  1  -37.171097    1.000000    0.000000   -1.000000    0.000000
   23  2  -37.081875    2.000000    0.000000    0.000000    0.000000
   25  1  -22.747003    1.000000    0.000000   -1.000000    0.000000
   26  1  -22.743407    1.000000    0.000000    1.000000    0.000000
   27  1  -22.724933    1.000000    0.000000   -1.000000    0.000000
   28  1  -22.721377    1.000000    0.000000    1.000000    0.000000
   29  1  -10.342035    1.000000    0.000000    1.000000    0.000000
   30  1  -10.068970    1.000000    0.000000    1.000000    0.000000
   31  1   -9.974302    1.000000    0.000000   -1.000000    0.000000
   32  1   -9.652582    1.000000    0.000000   -1.000000    0.000000
   33  1   -8.933787    1.000000    0.000000    1.000000    0.000000
   34  1   -8.887020    1.000000    0.000000    1.000000    0.000000
   35  1   -8.863797    1.000000    0.000000   -1.000000    0.000000
   36  1   -8.814331    1.000000    0.000000   -1.000000    0.000000
   37  1   -8.794916    1.000000    0.000000   -1.000000    0.000000
   38  1   -8.652335    1.000000    0.000000    1.000000    0.000000
   39  1   -8.606711    1.000000    0.000000    1.000000    0.000000
   40  1   -8.574679    1.000000    0.000000    1.000000    0.000000
   41  1   -8.552840    1.000000    0.000000   -1.000000    0.000000
   42  1   -8.484391    1.000000    0.000000   -1.000000    0.000000
   43  1   -8.458012    1.000000    0.000000   -1.000000    0.000000
   44  1   -8.281011    1.000000    0.000000    1.000000    0.000000
   45  1   -7.322886    1.000000    0.000000    1.000000    0.000000
   46  1   -7.300020    1.000000    0.000000    1.000000    0.000000
   47  1   -7.290690    1.000000    0.000000   -1.000000    0.000000
   48  1   -7.255737    1.000000    0.000000   -1.000000    0.000000
   49  1   -6.612596    1.000000    0.000000    1.000000    0.000000
   50  1   -6.596849    1.000000    0.000000    1.000000    0.000000
   51  1   -6.584677    1.000000    0.000000   -1.000000    0.000000
   52  1   -6.565621    1.000000    0.000000   -1.000000    0.000000
   53  1   -6.534322    1.000000    0.000000   -1.000000    0.000000
   54  1   -6.509910    1.000000    0.000000    1.000000    0.000000
   55  1   -6.478844    1.000000    0.000000   -1.000000    0.000000
   56  1   -6.463212    1.000000    0.000000    1.000000    0.000000
   57  1   -1.311261    1.000000    0.000000    1.000000    0.000000
   58  1   -1.303775    1.000000    0.000000    1.000000    0.000000
   59  1   -1.113724    1.000000    0.000000    1.000000    0.000000
   60  1   -1.111142    1.000000    0.000000    1.000000    0.000000
   61  1   -1.095327    1.000000    0.000000    1.000000    0.000000
   62  1   -1.091934    1.000000    0.000000    1.000000    0.000000
   63  1   -0.810907    1.000000    0.000000   -1.000000    0.000000
   64  1   -0.641238    1.000000    0.000000   -1.000000    0.000000
   65  1   -0.591608    1.000000    0.000000    1.000000    0.000000
   66  1   -0.574604    1.000000    0.000000    1.000000    0.000000
   67  1   -0.570169    1.000000    0.000000    1.000000    0.000000
   68  2   -0.538496    2.000000    0.000000   -2.000000    0.000000
   70  1   -0.494100    1.000000    0.000000   -1.000000    0.000000
   71  1   -0.465049    1.000000    0.000000    1.000000    0.000000
   72  1   -0.438857    1.000000    0.000000   -1.000000    0.000000
   73  1   -0.414964    1.000000    0.000000   -1.000000    0.000000
   74  1   -0.412419    1.000000    0.000000   -1.000000    0.000000
   75  1   -0.180657    1.000000    0.000000    1.000000    0.000000
   76  1   -0.175554    1.000000    0.000000    1.000000    0.000000
   77  1    0.354969    1.000000    0.000000   -1.000000    0.000000
   78  1    0.363947    1.000000    0.000000   -1.000000    0.000000
   79  1    0.407511    1.000000    0.000000    1.000000    0.000000
   80  1    0.425905    1.000000    0.000000   -1.000000    0.000000
   81  1    0.431103    1.000000    0.000000   -1.000000    0.000000
   82  1    0.682113    1.000000    0.000000    1.000000    0.000000
   83  1    0.697571    1.000000    0.000000    1.000000    0.000000
   84  1    0.984049    1.000000    0.000000   -1.000000    0.000000
   85  1    1.008143    1.000000    0.000000   -1.000000    0.000000
   86  1    1.064825    1.000000    0.000000    1.000000    0.000000
   87  1    1.192105    1.000000    0.000000   -1.000000    0.000000
   88  1    1.215247    1.000000    0.000000   -1.000000    0.000000
   89  1    1.231852    1.000000    0.000000    1.000000    0.000000
   90  1    1.251426    1.000000    0.000000    1.000000    0.000000
   91  1    1.652131    1.000000    0.000000    1.000000    0.000000
   92  1    1.653403    1.000000    0.000000    1.000000    0.000000
   93  1    1.713376    1.000000    0.000000    1.000000    0.000000
   94  1    1.924383    1.000000    0.000000   -1.000000    0.000000
   95  1    1.991646    1.000000    0.000000   -1.000000    0.000000
   96  1    2.010344    1.000000    0.000000   -1.000000    0.000000
   97  1    2.065791    1.000000    0.000000   -1.000000    0.000000
   98  1    2.094551    1.000000    0.000000    1.000000    0.000000
   99  1    2.160070    1.000000    0.000000    1.000000    0.000000
  100  1    2.189244    1.000000    0.000000    1.000000    0.000000
  101  1    2.337660    1.000000    0.000000    1.000000    0.000000
  102  1    2.342317    1.000000    0.000000    1.000000    0.000000
  103  1    2.403856    1.000000    0.000000    1.000000    0.000000
  104  1    2.423627    1.000000    0.000000    1.000000    0.000000
  105  1    2.529603    1.000000    0.000000    1.000000    0.000000
  106  1    2.798804    1.000000    0.000000   -1.000000    0.000000
  107  1    2.817306    1.000000    0.000000   -1.000000    0.000000
  108  1    2.883128    1.000000    0.000000   -1.000000    0.000000
  109  1    2.918553    1.000000    0.000000    1.000000    0.000000
  110  1    2.938955    1.000000    0.000000   -1.000000    0.000000
  111  1    3.130088    1.000000    0.000000    1.000000    0.000000
  112  1    3.247529    1.000000    0.000000   -1.000000    0.000000
  113  1    3.283804    1.000000    0.000000   -1.000000    0.000000
  114  1    3.291155    1.000000    0.000000   -1.000000    0.000000
  115  1    3.304755    1.000000    0.000000    1.000000    0.000000
  116  1    3.325426    1.000000    0.000000    1.000000    0.000000
  117  1    4.825157    1.000000    0.000000   -1.000000    0.000000
  118  1    4.836875    1.000000    0.000000   -1.000000    0.000000
  119  1    4.848016    1.000000    0.000000    1.000000    0.000000
  120  1    4.849962    1.000000    0.000000    1.000000    0.000000
  121  1    5.019092    1.000000    0.000000    1.000000    0.000000
  122  1    5.043481    1.000000    0.000000    1.000000    0.000000
  123  1    5.093847    1.000000    0.000000    1.000000    0.000000
  124  1    5.123855    1.000000    0.000000    1.000000    0.000000
  125  1    5.126501    1.000000    0.000000    1.000000    0.000000
  126  1    5.375579    1.000000    0.000000    1.000000    0.000000
  127  1    5.452112    1.000000    0.000000    1.000000    0.000000
  128  1    5.510287    1.000000    0.000000   -1.000000    0.000000
  129  1    5.553120    1.000000    0.000000    1.000000    0.000000
  130  1    5.554175    1.000000    0.000000   -1.000000    0.000000
  131  1    5.564348    1.000000    0.000000    1.000000    0.000000
  132  1    5.568786    1.000000    0.000000   -1.000000    0.000000
  133  1    5.585147    1.000000    0.000000    1.000000    0.000000
  134  1    5.703971    1.000000    0.000000    1.000000    0.000000
  135  1    5.711501    1.000000    0.000000    1.000000    0.000000
  136  1    5.723442    1.000000    0.000000    1.000000    0.000000
  137  1    6.398688    1.000000    0.000000   -1.000000    0.000000
  138  1    6.409097    1.000000    0.000000   -1.000000    0.000000
  139  1    6.568177    1.000000    0.000000    1.000000    0.000000
  140  1    6.579266    1.000000    0.000000    1.000000    0.000000
  141  1    6.733207    1.000000    0.000000    1.000000    0.000000
  142  1    6.904297    1.000000    0.000000    1.000000    0.000000
  143  1    7.042298    1.000000    0.000000    1.000000    0.000000
  144  1    7.046846    1.000000    0.000000    1.000000    0.000000
  145  1    7.832075    1.000000    0.000000   -1.000000    0.000000
  146  1    8.057981    1.000000    0.000000   -1.000000    0.000000
  147  1    8.312401    1.000000    0.000000    1.000000    0.000000
  148  1    8.381575    1.000000    0.000000    1.000000    0.000000
  149  1    8.622865    1.000000    0.000000   -0.999999    0.000000
  150  1    8.624468    1.000000    0.000000   -1.000000    0.000000
  151  1    8.644853    1.000000    0.000000   -1.000000    0.000000
  152  1    8.649043    1.000000    0.000000   -0.999999    0.000000
  153  1    8.705735    1.000000    0.000000    1.000000    0.000000
  154  1    9.071322    1.000000    0.000000    0.999996    0.000000
  155  1    9.077478    1.000000    0.000000    0.999994    0.000000
  156  1    9.391750    1.000000    0.000000   -0.698557    0.000000
  157  1    9.398878    1.000000    0.000000    0.850063    0.000000
  158  1    9.409372    1.000000    0.000000    0.898665    0.000000
  159  1    9.414568    1.000000    0.000000    0.963496    0.000000
  160  1    9.534560    1.000000    0.000000    0.999939    0.000000
  161  1    9.545179    1.000000    0.000000    0.999949    0.000000
  162  1    9.551431    1.000000    0.000000    0.999985    0.000000
  163  1    9.721281    1.000000    0.000000   -0.999919    0.000000
  164  1    9.740035    1.000000    0.000000   -0.999924    0.000000
  165  1    9.862893    1.000000    0.000000   -0.999933    0.000000
  166  1    9.877868    1.000000    0.000000   -0.999940    0.000000
  167  1   10.194653    1.000000    0.000000   -0.999605    0.000000
  168  1   10.495614    1.000000    0.000000   -0.998944    0.000000
  169  1   10.645859    1.000000    0.000000   -0.971485    0.000000
  170  1   10.877172    1.000000    0.000000   -0.856522    0.000000
  171  1   11.026716    1.000000    0.000000   -0.097188    0.000000
  172  1   11.056479    1.000000    0.000000   -0.446843    0.000000
  173  1   11.115741    1.000000    0.000000   -0.020049    0.000000
  174  1   11.216668    1.000000    0.000000    0.715787    0.000000
  175  1   11.297544    1.000000    0.000000    0.587450    0.000000
  176  1   11.358397    1.000000    0.000000   -0.003711    0.000000
  4
    1    2    3    4
    1  1  -41.024137    1.000000    0.000000    0.000000    1.000000   -1.000000    0.000000    0.000000   -1.000000
    2  2  -41.022849    2.000000    0.000000    0.000000   -1.999998    0.000000    0.000000    0.000000   -0.000002
    4  1  -41.021524    1.000000    0.000000    0.000000    0.999998   -1.000000    0.000000    0.000000   -0.999998
    5  1  -40.700682    1.000000    0.000000    0.000000    0.999999   -1.000000    0.000000    0.000000   -0.999999
    6  2  -40.698521    2.000000    0.000000    0.000000    0.000000    0.000000    0.000000    0.000000    2.000000
    8  1  -40.694551    1.000000    0.000000    0.000000   -0.999999   -1.000000    0.000000    0.000000    1.000000
    9  2  -40.279859    2.000000    0.000000    0.000000    0.000000    0.000000    0.000000    0.000000   -2.000000
   11  2  -40.274805    2.000000    0.000000    0.000000    0.000000   -2.000000    0.000000    0.000000    0.000000
   13  2  -37.839321    2.000000    0.000000    0.000000    0.000000    0.000000    0.000000    0.000000    2.000000
   15  1  -37.761107    1.000000    0.000000    0.000000   -0.999999   -1.000000    0.000000    0.000000    1.000000
   16  1  -37.759107    1.000000    0.000000    0.000000    1.000000   -1.000000    0.000000    0.000000   -0.999999
   17  1  -37.499537    1.000000    0.000000    0.000000   -1.000000   -1.000000    0.000000    0.000000    1.000000
   18  1  -37.493310    1.000000    0.000000    0.000000    1.000000   -1.000000    0.000000    0.000000   -1.000000
   19  2  -37.332361    2.000000    0.000000    0.000000    0.000000    0.000000    0.000000    0.000000   -2.000000
   21  2  -37.172857    2.000000    0.000000    0.000000    0.000000    0.000000    0.000000    0.000000    2.000000
   23  1  -37.082410    1.000000    0.000000    0.000000   -0.999999   -1.000000    0.000000    0.000000    0.999999
   24  1  -37.081304    1.000000    0.000000    0.000000    0.999999   -1.000000    0.000000    0.000000   -0.999999
   25  1  -22.747002    1.000000    0.000000    0.000000   -0.999996   -1.000000    0.000000    0.000000    0.999996
   26  1  -22.743408    1.000000    0.000000    0.000000    0.999996    1.000000    0.000000    0.000000    0.999996
   27  1  -22.724932    1.000000    0.000000    0.000000    0.999996   -1.000000    0.000000    0.000000   -0.999996
   28  1  -22.721378    1.000000    0.000000    0.000000   -0.999996    1.000000    0.000000    0.000000   -0.999996
   29  1  -10.340457    1.000000    0.000000    0.000000    1.000000    1.000000    0.000000    0.000000    1.000000
   30  1  -10.067901    1.000000    0.000000    0.000000   -1.000000    1.000000    0.000000    0.000000   -1.000000
   31  1   -9.975448    1.000000    0.000000    0.000000   -1.000000   -1.000000    0.000000    0.000000    1.000000
   32  1   -9.653332    1.000000    0.000000    0.000000    1.000000   -1.000000    0.000000    0.000000   -1.000000
   33  1   -8.920872    1.000000    0.000000    0.000000   -0.999661    1.000000    0.000000    0.000000   -0.999661
   34  1   -8.913346    1.000000    0.000000    0.000000    0.999661    1.000000    0.000000    0.000000    0.999661
   35  2   -8.847104    2.000000    0.000000    0.000000    0.000057   -2.000000    0.000000    0.000000   -0.000057
   37  1   -8.781548    1.000000    0.000000    0.000000   -0.999997   -1.000000    0.000000    0.000000    0.999997
   38  1   -8.626907    1.000000    0.000000    0.000000    0.999977    1.000000    0.000000    0.000000    0.999977
   39  1   -8.604260    1.000000    0.000000    0.000000   -0.999822    1.000000    0.000000    0.000000   -0.999822
   40  1   -8.596470    1.000000    0.000000    0.000000    0.999855    1.000000    0.000000    0.000000    0.999855
   41  1   -8.524921    1.000000    0.000000    0.000000    0.999491   -1.000000    0.000000    0.000000   -0.999491
   42  1   -8.518789    1.000000    0.000000    0.000000   -0.999492   -1.000000    0.000000    0.000000    0.999492
   43  1   -8.447600    1.000000    0.000000    0.000000    0.999998   -1.000000    0.000000    0.000000   -0.999998
   44  1   -8.275848    1.000000    0.000000    0.000000   -0.999999    1.000000    0.000000    0.000000   -0.999999
   45  1   -7.323931    1.000000    0.000000    0.000000    0.999993    1.000000    0.000000    0.000000    0.999993
   46  1   -7.298007    1.000000    0.000000    0.000000   -0.999993    1.000000    0.000000    0.000000   -0.999993
   47  1   -7.287169    1.000000    0.000000    0.000000   -0.999995   -1.000000    0.000000    0.000000    0.999995
   48  1   -7.258634    1.000000    0.000000    0.000000    0.999995   -1.000000    0.000000    0.000000   -0.999995
   49  1   -6.620198    1.000000    0.000000    0.000000    0.999998    1.000000    0.000000    0.000000    0.999998
   50  1   -6.595405    1.000000    0.000000    0.000000   -0.999998   -1.000000    0.000000    0.000000    0.999999
   51  1   -6.594150    1.000000    0.000000    0.000000   -0.999998    1.000000    0.000000    0.000000   -0.999998
   52  1   -6.564848    1.000000    0.000000    0.000000    0.999998   -1.000000    0.000000    0.000000   -0.999997
   53  1   -6.503494    1.000000    0.000000    0.000000   -0.999380   -1.000000    0.000000    0.000000    0.999380
   54  1   -6.500641    1.000000    0.000000    0.000000    0.999381   -1.000000    0.000000    0.000000   -0.999380
   55  2   -6.484835    2.000000    0.000000    0.000000   -0.000019    2.000000    0.000000    0.000000   -0.000019
   57  1   -1.306680    1.000000    0.000000    0.000000   -0.991413    1.000000    0.000000    0.000000   -0.991413
   58  1   -1.304732    1.000000    0.000000    0.000000    0.991414    1.000000    0.000000    0.000000    0.991414
   59  1   -1.117483    1.000000    0.000000    0.000000    0.999980    1.000000    0.000000    0.000000    0.999980
   60  1   -1.105924    1.000000    0.000000    0.000000   -0.999934    1.000000    0.000000    0.000000   -0.999934
   61  1   -1.095987    1.000000    0.000000    0.000000    0.997474    1.000000    0.000000    0.000000    0.997474
   62  1   -1.092149    1.000000    0.000000    0.000000   -0.997333    1.000000    0.000000    0.000000   -0.997333
   63  1   -0.812265    1.000000    0.000000    0.000000   -1.000000   -1.000000    0.000000    0.000000    1.000000
   64  1   -0.642625    1.000000    0.000000    0.000000    0.999998   -1.000000    0.000000    0.000000   -0.999998
   65  1   -0.593253    1.000000    0.000000    0.000000   -0.999978    1.000000    0.000000    0.000000   -0.999978
   66  1   -0.572722    1.000000    0.000000    0.000000    0.999622    1.000000    0.000000    0.000000    0.999622
   67  1   -0.570693    1.000000    0.000000    0.000000   -0.999641    1.000000    0.000000    0.000000   -0.999641
   68  1   -0.540014    1.000000    0.000000    0.000000    0.995749   -1.000000    0.000000    0.000000   -0.995749
   69  1   -0.538795    1.000000    0.000000    0.000000   -0.995744   -1.000000    0.000000    0.000000    0.995744
   70  1   -0.494592    1.000000    0.000000    0.000000    0.999939   -1.000000    0.000000    0.000000   -0.999938
   71  1   -0.463479    1.000000    0.000000    0.000000    0.999994    1.000000    0.000000    0.000000    0.999994
   72  1   -0.442835    1.000000    0.000000    0.000000   -0.999918   -1.000000    0.000000    0.000000    0.999918
   73  1   -0.415703    1.000000    0.000000    0.000000    0.999430   -1.000000    0.000000    0.000000   -0.999430
   74  1   -0.411847    1.000000    0.000000    0.000000   -0.999446   -1.000000    0.000000    0.000000    0.999446
   75  1   -0.179724    1.000000    0.000000    0.000000   -0.999950    1.000000    0.000000    0.000000   -0.999950
   76  1   -0.176844    1.000000    0.000000    0.000000    0.999951    1.000000    0.000000    0.000000    0.999951
   77  2    0.358146    2.000000    0.000000    0.000000   -0.000000   -2.000000    0.000000    0.000000    0.000000
   79  1    0.405934    1.000000    0.000000    0.000000    1.000000    1.000000    0.000000    0.000000    1.000000
   80  2    0.428368    2.000000    0.000000    0.000000    0.000020   -2.000000    0.000000    0.000000   -0.000020
   82  1    0.690166    1.000000    0.000000    0.000000    0.997763    1.000000    0.000000    0.000000    0.997763
   83  1    0.691405    1.000000    0.000000    0.000000   -0.997766    1.000000    0.000000    0.000000   -0.997766
   84  2    0.998310    2.000000    0.000000    0.000000   -0.000035   -2.000000    0.000000    0.000000    0.000035
   86  1    1.061150    1.000000    0.000000    0.000000   -1.000000    1.000000    0.000000    0.000000   -1.000000
   87  1    1.200269    1.000000    0.000000    0.000000    0.999971   -1.000000    0.000000    0.000000   -0.999971
   88  1    1.208744    1.000000    0.000000    0.000000   -0.999972   -1.000000    0.000000    0.000000    0.999973
   89  1    1.243199    1.000000    0.000000    0.000000   -0.996411    1.000000    0.000000    0.000000   -0.996411
   90  1    1.245186    1.000000    0.000000    0.000000    0.996412    1.000000    0.000000    0.000000    0.996412
   91  2    1.651508    2.000000    0.000000    0.000000   -0.000000    2.000000    0.000000    0.000000   -0.000000
   93  1    1.714454    1.000000    0.000000    0.000000   -1.000000    1.000000    0.000000    0.000000   -1.000000
   94  1    1.920533    1.000000    0.000000    0.000000    0.999997   -1.000000    0.000000    0.000000   -0.999997
   95  1    1.993554    1.000000    0.000000    0.000000    0.999993   -1.000000    0.000000    0.000000   -0.999992
   96  1    2.022492    1.000000    0.000000    0.000000   -0.999995   -1.000000    0.000000    0.000000    0.999995
   97  1    2.063699    1.000000    0.000000    0.000000   -0.999997   -1.000000    0.000000    0.000000    0.999998
   98  1    2.102144    1.000000    0.000000    0.000000    0.999999    1.000000    0.000000    0.000000    0.999999
   99  1    2.160363    1.000000    0.000000    0.000000   -0.999996    1.000000    0.000000    0.000000   -0.999996
  100  1    2.176450    1.000000    0.000000    0.000000    0.999998    1.000000    0.000000    0.000000    0.999998
  101  2    2.339350    2.000000    0.000000    0.000000    0.000154    2.000000    0.000000    0.000000    0.000154
  103  2    2.415469    2.000000    0.000000    0.000000    0.000000    2.000000    0.000000    0.000000    0.000000
  105  1    2.531140    1.000000    0.000000    0.000000    1.000000    1.000000    0.000000    0.000000    1.000000
  106  1    2.803513    1.000000    0.000000    0.000000    0.999810   -1.000000    0.000000    0.000000   -0.999810
  107  1    2.806907    1.000000    0.000000    0.000000   -0.999807   -1.000000    0.000000    0.000000    0.999807
  108  1    2.901836    1.000000    0.000000    0.000000    0.999928   -1.000000    0.000000    0.000000   -0.999928
  109  1    2.914400    1.000000    0.000000    0.000000   -0.999929   -1.000000    0.000000    0.000000    0.999929
  110  1    2.918581    1.000000    0.000000    0.000000   -1.000000    1.000000    0.000000    0.000000   -1.000000
  111  1    3.130799    1.000000    0.000000    0.000000   -1.000000    1.000000    0.000000    0.000000   -1.000000
  112  1    3.266284    1.000000    0.000000    0.000000    0.996810   -1.000000    0.000000    0.000000   -0.996810
  113  1    3.267907    1.000000    0.000000    0.000000   -0.997015   -1.000000    0.000000    0.000000    0.997015
  114  1    3.291080    1.000000    0.000000    0.000000    0.999997   -1.000000    0.000000    0.000000   -0.999997
  115  1    3.313165    1.000000    0.000000    0.000000    0.999227    1.000000    0.000000    0.000000    0.999227
  116  1    3.315082    1.000000    0.000000    0.000000   -0.999227    1.000000    0.000000    0.000000   -0.999227
  117  1    4.827407    1.000000    0.000000    0.000000   -0.999795   -1.000000    0.000000    0.000000    0.999795
  118  1    4.829963    1.000000    0.000000    0.000000    0.999794   -1.000000    0.000000    0.000000   -0.999794
  119  1    4.847460    1.000000    0.000000    0.000000    0.999988    1.000000    0.000000    0.000000    0.999988
  120  1    4.848709    1.000000    0.000000    0.000000   -0.999987    1.000000    0.000000    0.000000   -0.999987
  121  2    5.032468    2.000000    0.000000    0.000000    0.000000    2.000000    0.000000    0.000000    0.000000
  123  1    5.102674    1.000000    0.000000    0.000000   -0.999999    1.000000    0.000000    0.000000   -0.999999
  124  1    5.115062    1.000000    0.000000    0.000000    0.999999    1.000000    0.000000    0.000000    0.999999
  125  1    5.127908    1.000000    0.000000    0.000000   -0.999999    1.000000    0.000000    0.000000   -0.999999
  126  1    5.373388    1.000000    0.000000    0.000000    1.000000    1.000000    0.000000    0.000000    1.000000
  127  1    5.455096    1.000000    0.000000    0.000000    1.000000    1.000000    0.000000    0.000000    1.000000
  128  1    5.504523    1.000000    0.000000    0.000000   -1.000000   -1.000000    0.000000    0.000000    1.000000
  129  2    5.559423    2.000000    0.000000    0.000000    0.000389    0.000000    0.000000    0.000000   -1.999512
  131  1    5.563480    1.000000    0.000000    0.000000   -0.999951   -1.000000    0.000000    0.000000    0.999951
  132  1    5.564878    1.000000    0.000000    0.000000    0.999594    1.000000    0.000000    0.000000    0.999594
  133  1    5.586291    1.000000    0.000000    0.000000   -0.999994    1.000000    0.000000    0.000000   -0.999994
  134  1    5.701312    1.000000    0.000000    0.000000    0.999999    1.000000    0.000000    0.000000    0.999999
  135  1    5.716210    1.000000    0.000000    0.000000   -0.999999    1.000000    0.000000    0.000000   -0.999999
  136  1    5.720578    1.000000    0.000000    0.000000    0.999999    1.000000    0.000000    0.000000    0.999999
  137  1    6.399857    1.000000    0.000000    0.000000    0.999998   -1.000000    0.000000    0.000000   -0.999998
  138  1    6.403353    1.000000    0.000000    0.000000   -0.999998   -1.000000    0.000000    0.000000    0.999998
  139  1    6.571506    1.000000    0.000000    0.000000   -0.999996    1.000000    0.000000    0.000000   -0.999996
  140  1    6.574147    1.000000    0.000000    0.000000    0.999996    1.000000    0.000000    0.000000    0.999996
  141  1    6.737095    1.000000    0.000000    0.000000    1.000000    1.000000    0.000000    0.000000    1.000000
  142  1    6.903179    1.000000    0.000000    0.000000   -1.000000    1.000000    0.000000    0.000000   -1.000000
  143  2    7.047020    2.000000    0.000000    0.000000    0.000038    2.000000    0.000000    0.000000    0.000038
  145  1    7.832298    1.000000    0.000000    0.000000    1.000000   -1.000000    0.000000    0.000000   -1.000000
  146  1    8.059946    1.000000    0.000000    0.000000   -1.000000   -1.000000    0.000000    0.000000    1.000000
  147  1    8.309913    1.000000    0.000000    0.000000   -0.999993    1.000000    0.000000    0.000000   -0.999993
  148  1    8.378798    1.000000    0.000000    0.000000    0.999993    1.000000    0.000000    0.000000    0.999993
  149  2    8.623576    2.000000    0.000000    0.000000    0.000036   -1.999999    0.000000    0.000000   -0.000036
  151  2    8.646906    2.000000    0.000000    0.000000   -0.000076   -2.000000    0.000000    0.000000    0.000076
  153  1    8.705839    1.000000    0.000000    0.000000   -0.999999    1.000000    0.000000    0.000000   -0.999999
  154  1    9.073666    1.000000    0.000000    0.000000   -0.999868    0.999998    0.000000    0.000000   -0.999868
  155  1    9.075261    1.000000    0.000000    0.000000    0.999861    0.999994    0.000000    0.000000    0.999862
  156  1    9.392942    1.000000    0.000000    0.000000    0.324395   -0.263254    0.000000    0.000000   -0.937486
  157  1    9.398713    1.000000    0.000000    0.000000   -0.558143    0.945128    0.000000    0.000000   -0.611905
  158  1    9.400406    1.000000    0.000000    0.000000   -0.058130    0.850295    0.000000    0.000000   -0.206620
  159  1    9.410816    1.000000    0.000000    0.000000    0.267304    0.504328    0.000000    0.000000   -0.224344
  160  1    9.539078    1.000000    0.000000    0.000000    0.999992    0.999996    0.000000    0.000000    0.999990
  161  1    9.541105    1.000000    0.000000    0.000000   -0.999974    0.999993    0.000000    0.000000   -0.999978
  162  1    9.552222    1.000000    0.000000    0.000000    0.999974    0.999973    0.000000    0.000000    0.999953
  163  2    9.730086    2.000000    0.000000    0.000000   -0.000003   -1.999973    0.000000    0.000000    0.000003
  165  2    9.871083    2.000000    0.000000    0.000000   -0.000009   -1.999985    0.000000    0.000000    0.000005
  167  1   10.195432    1.000000    0.000000    0.000000    0.998052   -0.998681    0.000000    0.000000   -0.998560
  168  1   10.495770    1.000000    0.000000    0.000000   -0.999811   -0.999814    0.000000    0.000000    0.999785
  169  1   10.635397    1.000000    0.000000    0.000000    0.988349   -0.996595    0.000000    0.000000   -0.989322
  170  1   10.880983    1.000000    0.000000    0.000000   -0.873213   -0.705821    0.000000    0.000000    0.760821
  171  1   11.022308    1.000000    0.000000    0.000000    0.628011    0.771674    0.000000    0.000000    0.695127
  172  1   11.052666    1.000000    0.000000    0.000000    0.426897   -0.732101    0.000000    0.000000   -0.529245
  173  1   11.061023    1.000000    0.000000    0.000000   -0.510332   -0.806642    0.000000    0.000000    0.499983
  174  1   11.227954    1.000000    0.000000    0.000000   -0.406601    0.936417    0.000000    0.000000   -0.420904
  175  1   11.285153    1.000000    0.000000    0.000000   -0.072538    0.683610    0.000000    0.000000    0.089324
  176  1   11.331100    1.000000    0.000000    0.000000    0.222123   -0.217488    0.000000    0.000000   -0.513283
  4
    1    2    3    4
    1  1  -41.024078    1.000000    0.000000    0.000000   -1.000000    1.000000    0.000000    0.000000   -1.000000
    2  2  -41.022956    2.000000    0.000000    0.000000    1.999998    0.000000    0.000000    0.000000   -0.000002
    4  1  -41.021475    1.000000    0.000000    0.000000   -0.999998    1.000000    0.000000    0.000000   -0.999998
    5  1  -40.700682    1.000000    0.000000    0.000000   -0.999999    1.000000    0.000000    0.000000   -0.999999
    6  2  -40.698435    2.000000    0.000000    0.000000   -0.000000    0.000000    0.000000    0.000000    2.000000
    8  1  -40.694547    1.000000    0.000000    0.000000    1.000000    1.000000    0.000000    0.000000    1.000000
    9  2  -40.279762    2.000000    0.000000    0.000000    0.000000    0.000000    0.000000    0.000000   -2.000000
   11  2  -40.274796    2.000000    0.000000    0.000000    0.000000    2.000000    0.000000    0.000000    0.000000
   13  2  -37.839191    2.000000    0.000000    0.000000    0.000000    0.000000    0.000000    0.000000    2.000000
   15  1  -37.761107    1.000000    0.000000    0.000000    1.000000    1.000000    0.000000    0.000000    1.000000
   16  1  -37.759107    1.000000    0.000000    0.000000   -0.999999    1.000000    0.000000    0.000000   -0.999999
   17  1  -37.499537    1.000000    0.000000    0.000000    1.000000    1.000000    0.000000    0.000000    1.000000
   18  1  -37.493311    1.000000    0.000000    0.000000   -1.000000    1.000000    0.000000    0.000000   -1.000000
   19  2  -37.332368    2.000000    0.000000    0.000000    0.000000    0.000000    0.000000    0.000000   -2.000000
   21  2  -37.172863    2.000000    0.000000    0.000000    0.000000    0.000000    0.000000    0.000000    2.000000
   23  1  -37.082410    1.000000    0.000000    0.000000    0.999999    1.000000    0.000000    0.000000    0.999999
   24  1  -37.081304    1.000000    0.000000    0.000000   -0.999999    1.000000    0.000000    0.000000   -0.999999
   25  1  -22.747002    1.000000    0.000000    0.000000    0.999996    1.000000    0.000000    0.000000    0.999996
   26  1  -22.743408    1.000000    0.000000    0.000000   -0.999996   -1.000000    0.000000    0.000000    0.999996
   27  1  -22.724931    1.000000    0.000000    0.000000   -0.999996    1.000000    0.000000    0.000000   -0.999996
   28  1  -22.721378    1.000000    0.000000    0.000000    0.999996   -1.000000    0.000000    0.000000   -0.999996
   29  1  -10.340458    1.000000    0.000000    0.000000   -1.000000   -1.000000    0.000000    0.000000    1.000000
   30  1  -10.067773    1.000000    0.000000    0.000000    1.000000   -1.000000    0.000000    0.000000   -1.000000
   31  1   -9.975433    1.000000    0.000000    0.000000    1.000000    1.000000    0.000000    0.000000    1.000000
   32  1   -9.653447    1.000000    0.000000    0.000000   -1.000000    1.000000    0.000000    0.000000   -1.000000
   33  1   -8.920857    1.000000    0.000000    0.000000    0.999618   -1.000000    0.000000    0.000000   -0.999618
   34  1   -8.913499    1.000000    0.000000    0.000000   -0.999618   -1.000000    0.000000    0.000000    0.999618
   35  2   -8.847112    2.000000    0.000000    0.000000   -0.000073    2.000000    0.000000    0.000000   -0.000073
   37  1   -8.781440    1.000000    0.000000    0.000000    0.999998    1.000000    0.000000    0.000000    0.999998
   38  1   -8.626849    1.000000    0.000000    0.000000   -0.999977   -1.000000    0.000000    0.000000    0.999977
   39  1   -8.604719    1.000000    0.000000    0.000000    0.999802   -1.000000    0.000000    0.000000   -0.999802
   40  1   -8.596385    1.000000    0.000000    0.000000   -0.999837   -1.000000    0.000000    0.000000    0.999837
   41  1   -8.525263    1.000000    0.000000    0.000000   -0.999575    1.000000    0.000000    0.000000   -0.999575
   42  1   -8.518770    1.000000    0.000000    0.000000    0.999577    1.000000    0.000000    0.000000    0.999577
   43  1   -8.447161    1.000000    0.000000    0.000000   -0.999998    1.000000    0.000000    0.000000   -0.999998
   44  1   -8.275494    1.000000    0.000000    0.000000    1.000000   -1.000000    0.000000    0.000000   -1.000000
   45  1   -7.323928    1.000000    0.000000    0.000000   -0.999996   -1.000000    0.000000    0.000000    0.999996
   46  1   -7.297980    1.000000    0.000000    0.000000    0.999996   -1.000000    0.000000    0.000000   -0.999996
   47  1   -7.287176    1.000000    0.000000    0.000000    0.999997    1.000000    0.000000    0.000000    0.999997
   48  1   -7.258613    1.000000    0.000000    0.000000   -0.999997    1.000000    0.000000    0.000000   -0.999997
   49  1   -6.620188    1.000000    0.000000    0.000000   -0.999992   -1.000000    0.000000    0.000000    0.999992
   50  1   -6.595397    1.000000    0.000000    0.000000    0.999996    1.000000    0.000000    0.000000    0.999996
   51  1   -6.594115    1.000000    0.000000    0.000000    0.999992   -1.000000    0.000000    0.000000   -0.999992
   52  1   -6.564800    1.000000    0.000000    0.000000   -0.999995    1.000000    0.000000    0.000000   -0.999995
   53  1   -6.503514    1.000000    0.000000    0.000000    0.999974    1.000000    0.000000    0.000000    0.999974
   54  1   -6.500713    1.000000    0.000000    0.000000   -0.999975    1.000000    0.000000    0.000000   -0.999975
   55  2   -6.484850    2.000000    0.000000    0.000000    0.000012   -2.000000    0.000000    0.000000   -0.000012
   57  1   -1.306191    1.000000    0.000000    0.000000    0.994479   -1.000000    0.000000    0.000000   -0.994479
   58  1   -1.304591    1.000000    0.000000    0.000000   -0.994481   -1.000000    0.000000    0.000000    0.994482
   59  1   -1.117547    1.000000    0.000000    0.000000   -0.999987   -1.000000    0.000000    0.000000    0.999987
   60  1   -1.105847    1.000000    0.000000    0.000000    0.999985   -1.000000    0.000000    0.000000   -0.999985
   61  1   -1.096293    1.000000    0.000000    0.000000   -0.998606   -1.000000    0.000000    0.000000    0.998606
   62  1   -1.092308    1.000000    0.000000    0.000000    0.998511   -1.000000    0.000000    0.000000   -0.998511
   63  1   -0.812248    1.000000    0.000000    0.000000    1.000000    1.000000    0.000000    0.000000    1.000000
   64  1   -0.642820    1.000000    0.000000    0.000000   -0.999999    1.000000    0.000000    0.000000   -0.999999
   65  1   -0.593458    1.000000    0.000000    0.000000    0.999972   -1.000000    0.000000    0.000000   -0.999972
   66  1   -0.572758    1.000000    0.000000    0.000000   -0.999798   -1.000000    0.000000    0.000000    0.999798
   67  1   -0.570770    1.000000    0.000000    0.000000    0.999821   -1.000000    0.000000    0.000000   -0.999821
   68  1   -0.540045    1.000000    0.000000    0.000000   -0.998377    1.000000    0.000000    0.000000   -0.998377
   69  1   -0.538893    1.000000    0.000000    0.000000    0.998388    1.000000    0.000000    0.000000    0.998388
   70  1   -0.494938    1.000000    0.000000    0.000000   -0.999945    1.000000    0.000000    0.000000   -0.999945
   71  1   -0.463108    1.000000    0.000000    0.000000   -0.999992   -1.000000    0.000000    0.000000    0.999993
   72  1   -0.442613    1.000000    0.000000    0.000000    0.999931    1.000000    0.000000    0.000000    0.999931
   73  1   -0.415771    1.000000    0.000000    0.000000   -0.999757    1.000000    0.000000    0.000000   -0.999757
   74  1   -0.411905    1.000000    0.000000    0.000000    0.999760    1.000000    0.000000    0.000000    0.999760
   75  1   -0.179652    1.000000    0.000000    0.000000    0.999453   -1.000000    0.000000    0.000000   -0.999453
   76  1   -0.176745    1.000000    0.000000    0.000000   -0.999453   -1.000000    0.000000    0.000000    0.999454
   77  2    0.357870    2.000000    0.000000    0.000000    0.000022    2.000000    0.000000    0.000000    0.000022
   79  1    0.405953    1.000000    0.000000    0.000000   -0.999999   -1.000000    0.000000    0.000000    1.000000
   80  1    0.428144    1.000000    0.000000    0.000000    0.996358    1.000000    0.000000    0.000000    0.996358
   81  1    0.429227    1.000000    0.000000    0.000000   -0.996379    1.000000    0.000000    0.000000   -0.996379
   82  1    0.690136    1.000000    0.000000    0.000000   -0.999376   -1.000000    0.000000    0.000000    0.999376
   83  1    0.691348    1.000000    0.000000    0.000000    0.999377   -1.000000    0.000000    0.000000   -0.999377
   84  2    0.998768    2.000000    0.000000    0.000000    0.000019    2.000000    0.000000    0.000000    0.000019
   86  1    1.060900    1.000000    0.000000    0.000000    1.000000   -1.000000    0.000000    0.000000   -1.000000
   87  1    1.200385    1.000000    0.000000    0.000000   -0.999966    1.000000    0.000000    0.000000   -0.999966
   88  1    1.208522    1.000000    0.000000    0.000000    0.999967    1.000000    0.000000    0.000000    0.999967
   89  1    1.243487    1.000000    0.000000    0.000000    0.997871   -1.000000    0.000000    0.000000   -0.997871
   90  1    1.245195    1.000000    0.000000    0.000000   -0.997872   -1.000000    0.000000    0.000000    0.997873
   91  2    1.651491    2.000000    0.000000    0.000000   -0.000000   -2.000000    0.000000    0.000000    0.000000
   93  1    1.714307    1.000000    0.000000    0.000000    0.999999   -1.000000    0.000000    0.000000   -0.999999
   94  1    1.920223    1.000000    0.000000    0.000000   -0.999996    1.000000    0.000000    0.000000   -0.999996
   95  1    1.993683    1.000000    0.000000    0.000000   -0.999995    1.000000    0.000000    0.000000   -0.999995
   96  1    2.023178    1.000000    0.000000    0.000000    0.999997    1.000000    0.000000    0.000000    0.999997
   97  1    2.063718    1.000000    0.000000    0.000000    0.999996    1.000000    0.000000    0.000000    0.999996
   98  1    2.102762    1.000000    0.000000    0.000000   -0.999998   -1.000000    0.000000    0.000000    0.999998
   99  1    2.160395    1.000000    0.000000    0.000000    0.999997   -1.000000    0.000000    0.000000   -0.999996
  100  1    2.175805    1.000000    0.000000    0.000000   -0.999999   -1.000000    0.000000    0.000000    0.999999
  101  2    2.339352    2.000000    0.000000    0.000000   -0.000314   -2.000000    0.000000    0.000000    0.000314
  103  2    2.415558    2.000000    0.000000    0.000000    0.000000   -2.000000    0.000000    0.000000    0.000000
  105  1    2.531203    1.000000    0.000000    0.000000   -1.000000   -1.000000    0.000000    0.000000    1.000000
  106  1    2.803594    1.000000    0.000000    0.000000   -0.999854    1.000000    0.000000    0.000000   -0.999854
  107  1    2.806721    1.000000    0.000000    0.000000    0.999852    1.000000    0.000000    0.000000    0.999852
  108  1    2.901886    1.000000    0.000000    0.000000   -0.999902    1.000000    0.000000    0.000000   -0.999902
  109  1    2.913817    1.000000    0.000000    0.000000    0.999903    1.000000    0.000000    0.000000    0.999903
  110  1    2.918526    1.000000    0.000000    0.000000    1.000000   -1.000000    0.000000    0.000000   -1.000000
  111  1    3.130767    1.000000    0.000000    0.000000    1.000000   -1.000000    0.000000    0.000000   -1.000000
  112  1    3.266320    1.000000    0.000000    0.000000   -0.998389    1.000000    0.000000    0.000000   -0.998389
  113  1    3.268025    1.000000    0.000000    0.000000    0.998496    1.000000    0.000000    0.000000    0.998496
  114  1    3.291024    1.000000    0.000000    0.000000   -0.999998    1.000000    0.000000    0.000000   -0.999998
  115  1    3.313110    1.000000    0.000000    0.000000   -0.999422   -1.000000    0.000000    0.000000    0.999423
  116  1    3.315006    1.000000    0.000000    0.000000    0.999422   -1.000000    0.000000    0.000000   -0.999422
  117  1    4.827396    1.000000    0.000000    0.000000    0.999999    1.000000    0.000000    0.000000    0.999999
  118  1    4.829720    1.000000    0.000000    0.000000   -0.999999    1.000000    0.000000    0.000000   -0.999999
  119  1    4.847384    1.000000    0.000000    0.000000   -0.999990   -1.000000    0.000000    0.000000    0.999990
  120  1    4.848589    1.000000    0.000000    0.000000    0.999990   -1.000000    0.000000    0.000000   -0.999990
  121  2    5.032523    2.000000    0.000000    0.000000    0.000001   -2.000000    0.000000    0.000000   -0.000001
  123  1    5.102776    1.000000    0.000000    0.000000    0.999999   -1.000000    0.000000    0.000000   -0.999999
  124  1    5.115136    1.000000    0.000000    0.000000   -0.999998   -1.000000    0.000000    0.000000    0.999998
  125  1    5.127880    1.000000    0.000000    0.000000    0.999999   -1.000000    0.000000    0.000000   -0.999999
  126  1    5.373366    1.000000    0.000000    0.000000   -0.999999   -1.000000    0.000000    0.000000    1.000000
  127  1    5.455247    1.000000    0.000000    0.000000   -1.000000   -1.000000    0.000000    0.000000    1.000000
  128  1    5.504323    1.000000    0.000000    0.000000    1.000000    1.000000    0.000000    0.000000    1.000000
  129  2    5.559639    2.000000    0.000000    0.000000   -0.000449    0.000000    0.000000    0.000000   -1.999533
  131  1    5.563266    1.000000    0.000000    0.000000    0.999991    1.000000    0.000000    0.000000    0.999991
  132  1    5.565037    1.000000    0.000000    0.000000   -0.999576   -1.000000    0.000000    0.000000    0.999577
  133  1    5.586364    1.000000    0.000000    0.000000    0.999995   -1.000000    0.000000    0.000000   -0.999995
  134  1    5.701364    1.000000    0.000000    0.000000   -0.999999   -1.000000    0.000000    0.000000    0.999999
  135  1    5.716229    1.000000    0.000000    0.000000    0.999999   -1.000000    0.000000    0.000000   -0.999999
  136  1    5.720570    1.000000    0.000000    0.000000   -0.999999   -1.000000    0.000000    0.000000    0.999999
  137  1    6.399607    1.000000    0.000000    0.000000   -0.999988    1.000000    0.000000    0.000000   -0.999988
  138  1    6.403159    1.000000    0.000000    0.000000    0.999989    1.000000    0.000000    0.000000    0.999989
  139  1    6.571656    1.000000    0.000000    0.000000    0.999992   -1.000000    0.000000    0.000000   -0.999992
  140  1    6.574057    1.000000    0.000000    0.000000   -0.999992   -1.000000    0.000000    0.000000    0.999992
  141  1    6.737402    1.000000    0.000000    0.000000   -1.000000   -1.000000    0.000000    0.000000    1.000000
  142  1    6.903140    1.000000    0.000000    0.000000    1.000000   -1.000000    0.000000    0.000000   -1.000000
  143  2    7.047070    2.000000    0.000000    0.000000   -0.000010   -2.000000    0.000000    0.000000    0.000010
  145  1    7.832156    1.000000    0.000000    0.000000   -1.000000    1.000000    0.000000    0.000000   -1.000000
  146  1    8.060178    1.000000    0.000000    0.000000    1.000000    1.000000    0.000000    0.000000    1.000000
  147  1    8.309883    1.000000    0.000000    0.000000    0.999988   -1.000000    0.000000    0.000000   -0.999988
  148  1    8.378641    1.000000    0.000000    0.000000   -0.999988   -1.000000    0.000000    0.000000    0.999988
  149  2    8.623747    2.000000    0.000000    0.000000   -0.000213    2.000000    0.000000    0.000000   -0.000213
  151  2    8.646651    2.000000    0.000000    0.000000    0.000001    1.999999    0.000000    0.000000    0.000001
  153  1    8.705720    1.000000    0.000000    0.000000    0.999999   -0.999999    0.000000    0.000000   -0.999999
  154  1    9.073594    1.000000    0.000000    0.000000    0.999391   -0.999992    0.000000    0.000000   -0.999395
  155  1    9.075303    1.000000    0.000000    0.000000   -0.999370   -0.999994    0.000000    0.000000    0.999368
  156  1    9.383023    1.000000    0.000000    0.000000   -0.917331    0.907397    0.000000    0.000000   -0.989853
  157  1    9.396474    1.000000    0.000000    0.000000    0.526100   -0.987771    0.000000    0.000000   -0.537988
  158  1    9.400271    1.000000    0.000000    0.000000   -0.198171   -0.994276    0.000000    0.000000    0.193011
  159  1    9.432606    1.000000    0.000000    0.000000    0.588339   -0.926081    0.000000    0.000000   -0.657433
  160  1    9.539250    1.000000    0.000000    0.000000   -0.999811   -0.999989    0.000000    0.000000    0.999804
  161  1    9.541085    1.000000    0.000000    0.000000    0.999904   -0.999997    0.000000    0.000000   -0.999905
  162  1    9.552355    1.000000    0.000000    0.000000   -0.999941   -0.999991    0.000000    0.000000    0.999937
  163  2    9.730259    2.000000    0.000000    0.000000    0.000202    1.999607    0.000000    0.000000   -0.000002
  165  2    9.871251    2.000000    0.000000    0.000000   -0.000130    1.999920    0.000000    0.000000   -0.000161
  167  1   10.195282    1.000000    0.000000    0.000000   -0.997980    0.998128    0.000000    0.000000   -0.999282
  168  1   10.501885    1.000000    0.000000    0.000000    0.996308    0.992982    0.000000    0.000000    0.991607
  169  1   10.636324    1.000000    0.000000    0.000000   -0.993937    0.997000    0.000000    0.000000   -0.995407
  170  1   10.840585    1.000000    0.000000    0.000000    0.955869    0.927921    0.000000    0.000000    0.938266
  171  1   11.032666    1.000000    0.000000    0.000000   -0.439409   -0.120780    0.000000    0.000000   -0.287652
  172  1   11.054828    1.000000    0.000000    0.000000    0.791121    0.929737    0.000000    0.000000    0.793377
  173  1   11.113374    1.000000    0.000000    0.000000   -0.453026   -0.550601    0.000000    0.000000    0.065729
  174  1   11.207323    1.000000    0.000000    0.000000   -0.105757   -0.351542    0.000000    0.000000   -0.313346
  175  1   11.264447    1.000000    0.000000    0.000000   -0.492776   -0.771814    0.000000    0.000000    0.489598
  176  1   11.353504    1.000000    0.000000    0.000000    0.240838   -0.229769    0.000000    0.000000    0.384772
  2
    1    3
    1  2  -41.023663    2.000000    0.000000    0.000000    0.000000
    3  2  -41.021772    2.000000    0.000000    0.000000    0.000000
    5  2  -40.698684    2.000000    0.000000    0.000000    0.000000
    7  2  -40.697358    2.000000    0.000000    0.000000    0.000000
    9  2  -40.279641    2.000000    0.000000    0.000000    0.000000
   11  2  -40.274722    2.000000    0.000000    0.000000    0.000000
   13  2  -37.839251    2.000000    0.000000    0.000000    0.000000
   15  2  -37.760097    2.000000    0.000000    0.000000    0.000000
   17  2  -37.496429    2.000000    0.000000    0.000000    0.000000
   19  2  -37.332358    2.000000    0.000000    0.000000    0.000000
   21  2  -37.172856    2.000000    0.000000    0.000000    0.000000
   23  2  -37.081855    2.000000    0.000000    0.000000    0.000000
   25  2  -22.745195    2.000000    0.000000   -0.000000    0.000000
   27  2  -22.723146    2.000000    0.000000    0.000000    0.000000
   29  2  -10.183904    2.000000    0.000000    0.000000    0.000000
   31  2   -9.890431    2.000000    0.000000    0.000000    0.000000
   33  2   -8.973694    2.000000    0.000000    0.000000    0.000000
   35  2   -8.786758    2.000000    0.000000    0.000000    0.000000
   37  2   -8.669055    2.000000    0.000000    0.000000    0.000000
   39  2   -8.640638    2.000000    0.000000    0.000000    0.000000
   41  2   -8.462541    2.000000    0.000000    0.000000    0.000000
   43  2   -8.289110    2.000000    0.000000    0.000000    0.000000
   45  2   -7.338416    2.000000    0.000000    0.000000    0.000000
   47  2   -7.311334    2.000000    0.000000    0.000000    0.000000
   49  2   -6.630398    2.000000    0.000000    0.000000    0.000000
   51  2   -6.610972    2.000000    0.000000    0.000000    0.000000
   53  2   -6.508384    2.000000    0.000000    0.000000    0.000000
   55  2   -6.462747    2.000000    0.000000    0.000000    0.000000
   57  2   -1.086211    2.000000    0.000000    0.000000    0.000000
   59  2   -0.915976    2.000000    0.000000    0.000000    0.000000
   61  2   -0.876158    2.000000    0.000000    0.000000    0.000000
   63  2   -0.808303    2.000000    0.000000    0.000000    0.000000
   65  2   -0.754833    2.000000    0.000000    0.000000    0.000000
   67  2   -0.568656    2.000000    0.000000    0.000000    0.000000
   69  2   -0.493382    2.000000    0.000000    0.000000    0.000000
   71  2   -0.416941    2.000000    0.000000    0.000000    0.000000
   73  2   -0.243671    2.000000    0.000000    0.000000    0.000000
   75  2   -0.234963    2.000000    0.000000    0.000000    0.000000
   77  2    0.004170    2.000000    0.000000    0.000000    0.000000
   79  2    0.113500    2.000000    0.000000    0.000000    0.000000
   81  2    0.576702    2.000000    0.000000    0.000000    0.000000
   83  2    0.749804    2.000000    0.000000    0.000000    0.000000
   85  2    1.073352    2.000000    0.000000    0.000000    0.000000
   87  2    1.174219    2.000000    0.000000    0.000000    0.000000
   89  2    1.213545    2.000000    0.000000    0.000000    0.000000
   91  2    1.505865    2.000000    0.000000    0.000000    0.000000
   93  2    1.723782    2.000000    0.000000    0.000000    0.000000
   95  2    2.100953    2.000000    0.000000    0.000000    0.000000
   97  2    2.141220    2.000000    0.000000    0.000000    0.000000
   99  2    2.242938    2.000000    0.000000    0.000000    0.000000
  101  2    2.463161    2.000000    0.000000    0.000000    0.000000
  103  2    2.515591    2.000000    0.000000    0.000000    0.000000
  105  2    2.663096    2.000000    0.000000    0.000000    0.000000
  107  2    2.800107    2.000000    0.000000    0.000000    0.000000
  109  2    2.857486    2.000000    0.000000    0.000000    0.000000
  111  2    3.194703    2.000000    0.000000    0.000000    0.000000
  113  2    3.201385    2.000000    0.000000    0.000000    0.000000
  115  2    3.548129    2.000000    0.000000    0.000000    0.000000
  117  2    4.489573    2.000000    0.000000    0.000000    0.000000
  119  2    4.912158    2.000000    0.000000    0.000000    0.000000
  121  2    5.108644    2.000000    0.000000    0.000000    0.000000
  123  2    5.177293    2.000000    0.000000    0.000000    0.000000
  125  2    5.229560    2.000000    0.000000    0.000000    0.000000
  127  2    5.424604    2.000000    0.000000    0.000000    0.000000
  129  2    5.485915    2.000000    0.000000    0.000000    0.000000
  131  2    5.505966    2.000000    0.000000    0.000000    0.000000
  133  2    5.698800    2.000000    0.000000    0.000000    0.000000
  135  2    5.741128    2.000000    0.000000    0.000000    0.000000
  137  2    6.143126    2.000000    0.000000    0.000000    0.000000
  139  2    6.522419    2.000000    0.000000    0.000000    0.000000
  141  2    6.694954    2.000000    0.000000    0.000000    0.000000
  143  2    6.863498    2.000000    0.000000    0.000000    0.000000
  145  2    8.792793    2.000000    0.000000    0.000002    0.000000
  147  2    8.872522    2.000000    0.000000   -0.000004    0.000000
  149  2    8.935741    2.000000    0.000000    0.000007    0.000000
  151  2    9.228399    2.000000    0.000000   -0.000012    0.000000
  153  2    9.281285    2.000000    0.000000   -0.000218    0.000000
  155  1    9.387557    1.000000    0.000000    0.709281    0.000000
  156  1    9.389790    1.000000    0.000000   -0.163937    0.000000
  157  1    9.395747    1.000000    0.000000   -0.124751    0.000000
  158  1    9.449710    1.000000    0.000000   -0.418727    0.000000
  159  2    9.513345    2.000000    0.000000    0.000216    0.000000
  161  2    9.756702    2.000000    0.000000    0.001697    0.000000
  163  1    9.789661    1.000000    0.000000    0.563973    0.000000
  164  1    9.821554    1.000000    0.000000   -0.553051    0.000000
  165  1   10.066045    1.000000    0.000000   -0.984025    0.000000
  166  1   10.067847    1.000000    0.000000    0.979215    0.000000
  167  1   10.085899    1.000000    0.000000   -0.731714    0.000000
  168  1   10.087429    1.000000    0.000000    0.730039    0.000000
  169  1   10.133699    1.000000    0.000000   -0.297113    0.000000
  170  1   10.141097    1.000000    0.000000    0.299831    0.000000
  171  1   10.371010    1.000000    0.000000   -0.524445    0.000000
  172  1   10.374755    1.000000    0.000000    0.523212    0.000000
  173  1   10.851310    1.000000    0.000000   -0.453540    0.000000
  174  1   10.862972    1.000000    0.000000    0.450386    0.000000
  175  1   11.107883    1.000000    0.000000   -0.065793    0.000000
  176  1   11.129407    1.000000    0.000000    0.097626    0.000000
  2
    1    2
    1  2  -41.023672    2.000000    0.000000    0.000000    0.000000
    3  2  -41.021771    2.000000    0.000000    0.000000    0.000000
    5  2  -40.698694    2.000000    0.000000    0.000000   -0.000000
    7  2  -40.697358    2.000000    0.000000    0.000000   -0.000000
    9  2  -40.279645    2.000000    0.000000    0.000000    0.000000
   11  2  -40.274724    2.000000    0.000000    0.000000    0.000000
   13  2  -37.839254    2.000000    0.000000    0.000000    0.000000
   15  2  -37.760099    2.000000    0.000000    0.000000    0.000000
   17  2  -37.496434    2.000000    0.000000    0.000000    0.000000
   19  2  -37.332364    2.000000    0.000000    0.000000    0.000000
   21  2  -37.172858    2.000000    0.000000    0.000000    0.000000
   23  2  -37.081858    2.000000    0.000000    0.000000    0.000000
   25  2  -22.745195    2.000000    0.000000    0.000000    0.000001
   27  2  -22.723146    2.000000    0.000000    0.000000   -0.000006
   29  2  -10.185593    2.000000    0.000000    0.000000    0.000001
   31  2   -9.892273    2.000000    0.000000    0.000000    0.000000
   33  2   -8.922951    2.000000    0.000000    0.000000   -0.000007
   35  2   -8.851606    2.000000    0.000000    0.000000   -0.000007
   37  2   -8.632619    2.000000    0.000000    0.000000   -0.000047
   39  2   -8.601390    2.000000    0.000000    0.000000   -0.000035
   41  2   -8.532398    2.000000    0.000000    0.000000    0.000011
   43  2   -8.278239    2.000000    0.000000    0.000000    0.000000
   45  2   -7.417427    2.000000    0.000000    0.000000    0.000001
   47  2   -7.213467    2.000000    0.000000    0.000000    0.000002
   49  2   -6.710870    2.000000    0.000000    0.000000    0.000002
   51  2   -6.554813    2.000000    0.000000    0.000000   -0.000003
   53  2   -6.500985    2.000000    0.000000    0.000000   -0.000000
   55  2   -6.464058    2.000000    0.000000    0.000000    0.000002
   57  2   -1.092243    2.000000    0.000000    0.000000   -0.000001
   59  2   -0.923666    2.000000    0.000000    0.000000   -0.000000
   61  2   -0.872248    2.000000    0.000000    0.000000   -0.000003
   63  2   -0.796210    2.000000    0.000000    0.000000   -0.000001
   65  2   -0.633549    2.000000    0.000000    0.000000   -0.000002
   67  2   -0.583272    2.000000    0.000000    0.000000   -0.000008
   69  2   -0.470433    2.000000    0.000000    0.000000   -0.000043
   71  2   -0.432188    2.000000    0.000000    0.000000   -0.000046
   73  2   -0.376895    2.000000    0.000000    0.000000    0.000002
   75  2   -0.244122    2.000000    0.000000    0.000000    0.000006
   77  2    0.014424    2.000000    0.000000    0.000000   -0.000001
   79  2    0.109104    2.000000    0.000000    0.000000   -0.000002
   81  2    0.532890    2.000000    0.000000    0.000000   -0.000013
   83  2    0.790668    2.000000    0.000000    0.000000    0.000000
   85  2    1.065487    2.000000    0.000000    0.000000   -0.000003
   87  2    1.205276    2.000000    0.000000    0.000000   -0.000006
   89  2    1.233072    2.000000    0.000000    0.000000    0.000010
   91  2    1.506728    2.000000    0.000000    0.000000    0.000002
   93  2    1.666971    2.000000    0.000000    0.000000    0.000001
   95  2    2.041756    2.000000    0.000000    0.000000    0.000000
   97  2    2.210599    2.000000    0.000000    0.000000   -0.000000
   99  2    2.272380    2.000000    0.000000    0.000000   -0.000003
  101  2    2.509022    2.000000    0.000000    0.000000    0.000002
  103  2    2.633933    2.000000    0.000000    0.000000    0.000286
  105  2    2.649254    2.000000    0.000000    0.000000    0.000060
  107  2    2.750508    2.000000    0.000000    0.000000    0.000025
  109  2    2.791443    2.000000    0.000000    0.000000   -0.000009
  111  2    2.915814    2.000000    0.000000    0.000000   -0.000009
  113  2    3.461528    2.000000    0.000000    0.000000   -0.000010
  115  2    3.474925    2.000000    0.000000    0.000000   -0.000007
  117  2    4.676416    2.000000    0.000000    0.000000   -0.000014
  119  2    4.915009    2.000000    0.000000    0.000000   -0.000013
  121  2    5.072084    2.000000    0.000000    0.000000   -0.000021
  123  2    5.260681    2.000000    0.000000    0.000000    0.000001
  125  2    5.290930    2.000000    0.000000    0.000000    0.000002
  127  2    5.389870    2.000000    0.000000    0.000000    0.000042
  129  2    5.404779    2.000000    0.000000    0.000000   -0.000001
  131  2    5.431508    2.000000    0.000000    0.000000    0.000001
  133  2    5.666331    2.000000    0.000000    0.000000   -0.000002
  135  2    5.721704    2.000000    0.000000    0.000000    0.000001
  137  2    6.229321    2.000000    0.000000    0.000000   -0.000002
  139  2    6.571249    2.000000    0.000000    0.000000   -0.000000
  141  2    6.669262    2.000000    0.000000    0.000000    0.000000
  143  2    6.726266    2.000000    0.000000    0.000000    0.000034
  145  2    8.755448    2.000000    0.000000    0.000000   -0.000025
  147  2    8.938171    2.000000    0.000000    0.000000   -0.000018
  149  2    9.116110    2.000000    0.000000    0.000000   -0.000012
  151  1    9.278444    1.000000    0.000000    0.000000    0.872540
  152  1    9.281587    1.000000    0.000000    0.000000   -0.873772
  153  1    9.286389    1.000000    0.000000    0.000000    0.788395
  154  1    9.288705    1.000000    0.000000    0.000000   -0.790331
  155  1    9.343053    1.000000    0.000000    0.000000    0.726977
  156  1    9.349304    1.000000    0.000000    0.000000   -0.723555
  157  1    9.418185    1.000000    0.000000    0.000000   -0.699370
  158  1    9.420032    1.000000    0.000000    0.000000    0.796965
  159  1    9.447705    1.000000    0.000000    0.000000    0.773435
  160  1    9.592905    1.000000    0.000000    0.000000   -0.882406
  161  1    9.594843    1.000000    0.000000    0.000000    0.887390
  162  1    9.605321    1.000000    0.000000    0.000000   -0.855208
  163  1    9.611370    1.000000    0.000000    0.000000    0.860084
  164  1    9.660418    1.000000    0.000000    0.000000    0.027624
  165  1    9.668616    1.000000    0.000000    0.000000   -0.968346
  166  1    9.680145    1.000000    0.000000    0.000000   -0.198495
  167  2    9.951489    2.000000    0.000000    0.000000   -0.001418
  169  1   10.604192    1.000000    0.000000    0.000000   -0.054578
  170  1   10.608779    1.000000    0.000000    0.000000   -0.281896
  171  1   10.688296    1.000000    0.000000    0.000000    0.241337
  172  1   10.783017    1.000000    0.000000    0.000000   -0.008620
  173  1   10.881897    1.000000    0.000000    0.000000   -0.429496
  174  1   10.927172    1.000000    0.000000    0.000000    0.279016
  175  1   11.024493    1.000000    0.000000    0.000000    0.333259
  176  1   11.136798    1.000000    0.000000    0.000000    0.304764
  4
    1    2    3    4
    1  1  -41.024263    1.000000    0.000000    0.000000    1.000000   -1.000000    0.000000    0.000000   -1.000000
    2  2  -41.022694    2.000000    0.000000    0.000000    0.000000    2.000000    0.000000    0.000000    0.000000
    4  1  -41.021548    1.000000    0.000000    0.000000    1.000000   -1.000000    0.000000    0.000000   -1.000000
    5  1  -40.700674    1.000000    0.000000    0.000000   -0.999999    1.000000    0.000000    0.000000   -0.999999
    6  2  -40.698628    2.000000    0.000000    0.000000   -2.000000   -2.000000    0.000000    0.000000    2.000000
    8  1  -40.694740    1.000000    0.000000    0.000000    1.000000    1.000000    0.000000    0.000000    1.000000
    9  1  -40.280885    1.000000    0.000000    0.000000    1.000000   -1.000000    0.000000    0.000000   -1.000000
   10  1  -40.277870    1.000000    0.000000    0.000000    1.000000   -1.000000    0.000000    0.000000   -1.000000
   11  2  -40.275248    2.000000    0.000000    0.000000    0.000000    2.000000    0.000000    0.000000    0.000000
   13  1  -37.841327    1.000000    0.000000    0.000000   -1.000000   -1.000000    0.000000    0.000000    1.000000
   14  1  -37.836831    1.000000    0.000000    0.000000   -1.000000   -1.000000    0.000000    0.000000    1.000000
   15  1  -37.761215    1.000000    0.000000    0.000000    1.000000    1.000000    0.000000    0.000000    1.000000
   16  1  -37.759088    1.000000    0.000000    0.000000   -0.999999    1.000000    0.000000    0.000000   -0.999999
   17  1  -37.499533    1.000000    0.000000    0.000000    1.000000    1.000000    0.000000    0.000000    1.000000
   18  1  -37.493310    1.000000    0.000000    0.000000   -1.000000    1.000000    0.000000    0.000000   -1.000000
   19  1  -37.332818    1.000000    0.000000    0.000000    1.000000   -1.000000    0.000000    0.000000   -1.000000
   20  1  -37.331720    1.000000    0.000000    0.000000    1.000000   -1.000000    0.000000    0.000000   -1.000000
   21  1  -37.174382    1.000000    0.000000    0.000000   -1.000000   -1.000000    0.000000    0.000000    1.000000
   22  1  -37.171101    1.000000    0.000000    0.000000   -1.000000   -1.000000    0.000000    0.000000    1.000000
   23  1  -37.082430    1.000000    0.000000    0.000000    0.999999    1.000000    0.000000    0.000000    0.999999
   24  1  -37.081305    1.000000    0.000000    0.000000   -0.999999    1.000000    0.000000    0.000000   -0.999999
   25  2  -22.745197    2.000000    0.000000    0.000000    0.000000    0.000000    0.000000    0.000000    1.999992
   27  2  -22.723147    2.000000    0.000000    0.000000    0.000000    0.000000    0.000000    0.000000   -1.999992
   29  1  -10.185357    1.000000    0.000000    0.000000    1.000000    1.000000    0.000000    0.000000    1.000000
   30  1  -10.182599    1.000000    0.000000    0.000000   -1.000000   -1.000000    0.000000    0.000000    1.000000
   31  1   -9.891235    1.000000    0.000000    0.000000   -1.000000    1.000000    0.000000    0.000000   -1.000000
   32  1   -9.889348    1.000000    0.000000    0.000000    1.000000   -1.000000    0.000000    0.000000   -1.000000
   33  1   -8.978379    1.000000    0.000000    0.000000    1.000000   -1.000000    0.000000    0.000000   -0.999999
   34  1   -8.965492    1.000000    0.000000    0.000000    1.000000    1.000000    0.000000    0.000000    1.000000
   35  1   -8.799306    1.000000    0.000000    0.000000   -0.999998    1.000000    0.000000    0.000000   -0.999998
   36  1   -8.787423    1.000000    0.000000    0.000000   -1.000000   -1.000000    0.000000    0.000000    1.000000
   37  1   -8.663212    1.000000    0.000000    0.000000   -0.999999   -1.000000    0.000000    0.000000    1.000000
   38  1   -8.656695    1.000000    0.000000    0.000000   -0.999997    1.000000    0.000000    0.000000   -0.999997
   39  1   -8.642819    1.000000    0.000000    0.000000   -0.999999   -1.000000    0.000000    0.000000    0.999999
   40  1   -8.639773    1.000000    0.000000    0.000000    0.999996    1.000000    0.000000    0.000000    0.999996
   41  1   -8.469581    1.000000    0.000000    0.000000    0.999999    1.000000    0.000000    0.000000    0.999999
   42  1   -8.461374    1.000000    0.000000    0.000000    1.000000   -1.000000    0.000000    0.000000   -1.000000
   43  1   -8.290226    1.000000    0.000000    0.000000    1.000000   -1.000000    0.000000    0.000000   -0.999999
   44  1   -8.288146    1.000000    0.000000    0.000000   -0.999999    1.000000    0.000000    0.000000   -0.999999
   45  2   -7.335928    2.000000    0.000000    0.000000   -0.000001    0.000000    0.000000    0.000000    1.999989
   47  2   -7.314054    2.000000    0.000000    0.000000    0.000002    0.000000    0.000000    0.000000   -1.999989
   49  1   -6.638795    1.000000    0.000000    0.000000    0.999998    1.000000    0.000000    0.000000    0.999998
   50  1   -6.630168    1.000000    0.000000    0.000000   -0.999992   -1.000000    0.000000    0.000000    0.999992
   51  1   -6.617191    1.000000    0.000000    0.000000    0.999992   -1.000000    0.000000    0.000000   -0.999992
   52  1   -6.607196    1.000000    0.000000    0.000000   -0.999998    1.000000    0.000000    0.000000   -0.999998
   53  2   -6.487540    2.000000    0.000000    0.000000   -1.999802    0.000000    0.000000    0.000000    0.000058
   55  1   -6.479190    1.000000    0.000000    0.000000    0.999873    1.000000    0.000000    0.000000    0.999873
   56  1   -6.477315    1.000000    0.000000    0.000000    0.999930   -1.000000    0.000000    0.000000   -0.999930
   57  1   -1.088291    1.000000    0.000000    0.000000   -0.999998    1.000000    0.000000    0.000000   -0.999998
   58  1   -1.083505    1.000000    0.000000    0.000000   -0.999998   -1.000000    0.000000    0.000000    0.999999
   59  1   -0.917277    1.000000    0.000000    0.000000    0.999988    1.000000    0.000000    0.000000    0.999988
   60  1   -0.914227    1.000000    0.000000    0.000000    0.999998   -1.000000    0.000000    0.000000   -0.999998
   61  1   -0.876569    1.000000    0.000000    0.000000   -0.999999   -1.000000    0.000000    0.000000    0.999999
   62  1   -0.873815    1.000000    0.000000    0.000000    0.999999    1.000000    0.000000    0.000000    0.999999
   63  2   -0.808756    2.000000    0.000000    0.000000    0.000001    0.000000    0.000000    0.000000   -1.999998
   65  1   -0.758277    1.000000    0.000000    0.000000   -0.999985    1.000000    0.000000    0.000000   -0.999985
   66  1   -0.750775    1.000000    0.000000    0.000000    1.000000   -1.000000    0.000000    0.000000   -0.999999
   67  1   -0.578609    1.000000    0.000000    0.000000    0.999998    1.000000    0.000000    0.000000    0.999998
   68  1   -0.566149    1.000000    0.000000    0.000000   -0.999999   -1.000000    0.000000    0.000000    1.000000
   69  2   -0.492656    2.000000    0.000000    0.000000   -0.000000    0.000000    0.000000    0.000000    1.999999
   71  1   -0.419937    1.000000    0.000000    0.000000    0.999998   -1.000000    0.000000    0.000000   -0.999998
   72  1   -0.413854    1.000000    0.000000    0.000000   -1.000000    1.000000    0.000000    0.000000   -1.000000
   73  1   -0.243006    1.000000    0.000000    0.000000    0.999927   -1.000000    0.000000    0.000000   -0.999926
   74  1   -0.241878    1.000000    0.000000    0.000000   -0.999995    1.000000    0.000000    0.000000   -0.999995
   75  1   -0.240289    1.000000    0.000000    0.000000   -0.999926   -1.000000    0.000000    0.000000    0.999926
   76  1   -0.231342    1.000000    0.000000    0.000000    0.999996    1.000000    0.000000    0.000000    0.999996
   77  2    0.003929    2.000000    0.000000    0.000000    1.999997    0.000000    0.000000    0.000000    0.000002
   79  1    0.115247    1.000000    0.000000    0.000000   -0.999999    1.000000    0.000000    0.000000   -0.999999
   80  1    0.117388    1.000000    0.000000    0.000000   -0.999998   -1.000000    0.000000    0.000000    0.999999
   81  1    0.574731    1.000000    0.000000    0.000000   -1.000000   -1.000000    0.000000    0.000000    1.000000
   82  1    0.578365    1.000000    0.000000    0.000000   -1.000000    1.000000    0.000000    0.000000   -1.000000
   83  2    0.749807    2.000000    0.000000    0.000000   -0.000000    0.000000    0.000000    0.000000    1.999999
   85  1    1.073558    1.000000    0.000000    0.000000    1.000000   -1.000000    0.000000    0.000000   -1.000000
   86  1    1.080261    1.000000    0.000000    0.000000    1.000000    1.000000    0.000000    0.000000    1.000000
   87  1    1.174006    1.000000    0.000000    0.000000    0.999880    1.000000    0.000000    0.000000    0.999880
   88  1    1.177242    1.000000    0.000000    0.000000    1.000000   -1.000000    0.000000    0.000000   -1.000000
   89  1    1.208982    1.000000    0.000000    0.000000   -0.999908    1.000000    0.000000    0.000000   -0.999908
   90  1    1.213314    1.000000    0.000000    0.000000    1.000000   -1.000000    0.000000    0.000000   -1.000000
   91  1    1.498138    1.000000    0.000000    0.000000   -1.000000    1.000000    0.000000    0.000000   -1.000000
   92  1    1.508510    1.000000    0.000000    0.000000   -1.000000   -1.000000    0.000000    0.000000    1.000000
   93  2    1.724219    2.000000    0.000000    0.000000   -2.000000    0.000000    0.000000    0.000000    0.000000
   95  1    2.104366    1.000000    0.000000    0.000000   -0.999999   -1.000000    0.000000    0.000000    1.000000
   96  1    2.105955    1.000000    0.000000    0.000000    1.000000    1.000000    0.000000    0.000000    1.000000
   97  1    2.139995    1.000000    0.000000    0.000000    0.999999   -1.000000    0.000000    0.000000   -0.999999
   98  1    2.142240    1.000000    0.000000    0.000000   -0.999999    1.000000    0.000000    0.000000   -0.999999
   99  1    2.229261    1.000000    0.000000    0.000000    1.000000   -1.000000    0.000000    0.000000   -1.000000
  100  1    2.248409    1.000000    0.000000    0.000000    0.999999    1.000000    0.000000    0.000000    0.999999
  101  1    2.459750    1.000000    0.000000    0.000000   -1.000000    1.000000    0.000000    0.000000   -1.000000
  102  1    2.464366    1.000000    0.000000    0.000000   -1.000000   -1.000000    0.000000    0.000000    1.000000
  103  2    2.515269    2.000000    0.000000    0.000000   -0.000000    0.000000    0.000000    0.000000   -2.000000
  105  2    2.663214    2.000000    0.000000    0.000000    0.000002    0.000000    0.000000    0.000000    1.999998
  107  1    2.798424    1.000000    0.000000    0.000000    0.999998   -1.000000    0.000000    0.000000   -0.999998
  108  1    2.802876    1.000000    0.000000    0.000000    0.999996    1.000000    0.000000    0.000000    0.999996
  109  1    2.853897    1.000000    0.000000    0.000000   -0.999998    1.000000    0.000000    0.000000   -0.999998
  110  1    2.861930    1.000000    0.000000    0.000000   -0.999999   -1.000000    0.000000    0.000000    1.000000
  111  2    3.194126    2.000000    0.000000    0.000000    0.000034    0.000000    0.000000    0.000000   -1.999966
  113  1    3.197677    1.000000    0.000000    0.000000    0.999975    1.000000    0.000000    0.000000    0.999975
  114  1    3.204021    1.000000    0.000000    0.000000    1.000000   -1.000000    0.000000    0.000000   -1.000000
  115  1    3.547342    1.000000    0.000000    0.000000   -1.000000   -1.000000    0.000000    0.000000    1.000000
  116  1    3.550629    1.000000    0.000000    0.000000   -1.000000    1.000000    0.000000    0.000000   -1.000000
  117  2    4.489676    2.000000    0.000000    0.000000    0.000000    0.000000    0.000000    0.000000   -2.000000
  119  2    4.912383    2.000000    0.000000    0.000000   -2.000000    0.000000    0.000000    0.000000    0.000000
  121  1    5.104034    1.000000    0.000000    0.000000    1.000000    1.000000    0.000000    0.000000    1.000000
  122  1    5.108817    1.000000    0.000000    0.000000    1.000000   -1.000000    0.000000    0.000000   -1.000000
  123  1    5.176253    1.000000    0.000000    0.000000    1.000000    1.000000    0.000000    0.000000    1.000000
  124  1    5.181192    1.000000    0.000000    0.000000    1.000000   -1.000000    0.000000    0.000000   -1.000000
  125  2    5.227852    2.000000    0.000000    0.000000    0.000000    0.000000    0.000000    0.000000    2.000000
  127  1    5.421766    1.000000    0.000000    0.000000    1.000000    1.000000    0.000000    0.000000    1.000000
  128  1    5.429220    1.000000    0.000000    0.000000   -1.000000   -1.000000    0.000000    0.000000    1.000000
  129  2    5.491433    2.000000    0.000000    0.000000    0.000000    0.000000    0.000000    0.000000    2.000000
  131  2    5.500936    2.000000    0.000000    0.000000   -0.000000    0.000000    0.000000    0.000000   -1.999999
  133  1    5.699728    1.000000    0.000000    0.000000    1.000000    1.000000    0.000000    0.000000    1.000000
  134  1    5.700963    1.000000    0.000000    0.000000    1.000000   -1.000000    0.000000    0.000000   -1.000000
  135  1    5.738492    1.000000    0.000000    0.000000   -1.000000    1.000000    0.000000    0.000000   -1.000000
  136  1    5.741350    1.000000    0.000000    0.000000   -1.000000   -1.000000    0.000000    0.000000    1.000000
  137  2    6.143804    2.000000    0.000000    0.000000    0.000000    0.000000    0.000000    0.000000    2.000000
  139  2    6.523561    2.000000    0.000000    0.000000    2.000000    0.000000    0.000000    0.000000    0.000000
  141  1    6.690455    1.000000    0.000000    0.000000   -1.000000    1.000000    0.000000    0.000000   -1.000000
  142  1    6.696952    1.000000    0.000000    0.000000   -1.000000   -1.000000    0.000000    0.000000    1.000000
  143  1    6.860484    1.000000    0.000000    0.000000   -1.000000    1.000000    0.000000    0.000000   -1.000000
  144  1    6.864929    1.000000    0.000000    0.000000    1.000000   -1.000000    0.000000    0.000000   -1.000000
  145  1    8.791118    1.000000    0.000000    0.000000   -0.999999    0.999999    0.000000    0.000000   -1.000000
  146  1    8.792958    1.000000    0.000000    0.000000    0.999994   -0.999996    0.000000    0.000000   -0.999997
  147  1    8.872430    1.000000    0.000000    0.000000   -0.999995   -0.999927    0.000000    0.000000    0.999923
  148  1    8.874040    1.000000    0.000000    0.000000   -0.999987    0.999928    0.000000    0.000000   -0.999918
  149  1    8.934981    1.000000    0.000000    0.000000    0.999978    0.999990    0.000000    0.000000    0.999985
  150  1    8.937588    1.000000    0.000000    0.000000   -0.999990   -0.999988    0.000000    0.000000    0.999993
  151  2    9.228108    2.000000    0.000000    0.000000    1.999946    0.000031    0.000000    0.000000    0.000008
  153  2    9.280335    2.000000    0.000000    0.000000   -0.001300   -0.002499    0.000000    0.000000   -1.996117
  155  1    9.387247    1.000000    0.000000    0.000000   -0.927387    0.846201    0.000000    0.000000   -0.918728
  156  1    9.389399    1.000000    0.000000    0.000000   -0.724924   -0.444678    0.000000    0.000000    0.169892
  157  1    9.408001    1.000000    0.000000    0.000000    0.289142   -0.374910    0.000000    0.000000   -0.912553
  158  1    9.500422    1.000000    0.000000    0.000000   -0.620515   -0.041022    0.000000    0.000000   -0.298620
  159  1    9.512615    1.000000    0.000000    0.000000   -0.992080   -0.989034    0.000000    0.000000    0.990801
  160  1    9.515166    1.000000    0.000000    0.000000    0.968646    0.979140    0.000000    0.000000    0.977547
  161  1    9.755803    1.000000    0.000000    0.000000   -0.998395    0.963574    0.000000    0.000000   -0.965110
  162  1    9.757302    1.000000    0.000000    0.000000   -0.998524   -0.964711    0.000000    0.000000    0.963273
  163  1    9.794124    1.000000    0.000000    0.000000    0.484193   -0.487418    0.000000    0.000000   -0.995874
  164  1    9.806914    1.000000    0.000000    0.000000   -0.489265    0.473181    0.000000    0.000000   -0.980922
  165  1   10.065693    1.000000    0.000000    0.000000    0.555056   -0.553877    0.000000    0.000000   -0.997310
  166  1   10.070362    1.000000    0.000000    0.000000   -0.490614    0.503120    0.000000    0.000000   -0.975853
  167  1   10.086731    1.000000    0.000000    0.000000    0.998308    0.511489    0.000000    0.000000    0.510369
  168  1   10.093192    1.000000    0.000000    0.000000    0.890685   -0.463319    0.000000    0.000000   -0.483942
  169  1   10.135816    1.000000    0.000000    0.000000    0.323969    0.323060    0.000000    0.000000    0.997878
  170  1   10.141347    1.000000    0.000000    0.000000   -0.290700   -0.314786    0.000000    0.000000    0.947333
  171  1   10.369968    1.000000    0.000000    0.000000    0.905484    0.905625    0.000000    0.000000    0.999382
  172  1   10.373707    1.000000    0.000000    0.000000   -0.904826   -0.904009    0.000000    0.000000    0.997344
  173  1   10.860021    1.000000    0.000000    0.000000    0.980397    0.703167    0.000000    0.000000    0.695610
  174  1   10.871772    1.000000    0.000000    0.000000    0.923153   -0.668215    0.000000    0.000000   -0.689313
  175  1   11.108463    1.000000    0.000000    0.000000   -0.995330   -0.490064    0.000000    0.000000    0.489309
  176  1   11.174954    1.000000    0.000000    0.000000   -0.844908    0.270109    0.000000    0.000000   -0.409484
