   62   96
  1
  2
  1  0  0  0  1  0  0  0  1    0.000000    0.000000    0.000000    1.000000    0.000000    0.000000    0.000000    0.000000    0.000000    1.000000    0.000000  1
 -1  0  0  0 -1  0  0  0 -1    0.000000    0.000000    0.000000    1.000000    0.000000    0.000000    0.000000    0.000000    0.000000    1.000000    0.000000 -1
  8
    0.000000    0.000000    0.000000
    0.500000    0.500000    0.500000
    0.000000    0.500000    0.500000
    0.500000    0.000000    0.500000
    0.500000    0.500000    0.000000
    0.500000    0.000000    0.000000
    0.000000    0.500000    0.000000
    0.000000    0.000000    0.500000
  1
    1
    1  2  -52.212946    2.000000    0.000000
    3  2  -51.771419    2.000000    0.000000
    5  2  -51.059839    2.000000    0.000000
    7  2  -48.845201    2.000000    0.000000
    9  2  -48.386287    2.000000    0.000000
   11  2  -48.025507    2.000000    0.000000
   13  2  -24.513096    2.000000    0.000000
   15  2  -11.014498    2.000000    0.000000
   17  2  -10.012097    2.000000    0.000000
   19  2   -9.180120    2.000000    0.000000
   21  2   -9.108623    2.000000    0.000000
   23  2   -8.921714    2.000000    0.000000
   25  2   -8.670769    2.000000    0.000000
   27  2   -8.599086    2.000000    0.000000
   29  2   -1.496134    2.000000    0.000000
   31  2   -0.759340    2.000000    0.000000
   33  2   -0.285523    2.000000    0.000000
   35  2   -0.253524    2.000000    0.000000
   37  2   -0.220566    2.000000    0.000000
   39  2    0.070514    2.000000    0.000000
   41  2    0.280492    2.000000    0.000000
   43  2    0.317310    2.000000    0.000000
   45  2    0.358295    2.000000    0.000000
   47  2    0.732496    2.000000    0.000000
   49  2    0.830596    2.000000    0.000000
   51  2    1.223010    2.000000    0.000000
   53  2    1.785908    2.000000    0.000000
   55  2    1.894241    2.000000    0.000000
   57  2    2.308502    2.000000    0.000000
   59  2    2.663508    2.000000    0.000000
   61  2    2.763136    2.000000    0.000000
   63  2    4.120657    2.000000    0.000000
   65  2    4.384327    2.000000    0.000000
   67  2    4.607858    2.000000    0.000000
   69  2    4.772401    2.000000    0.000000
   71  2    5.211619    2.000000    0.000000
   73  2    6.530307    2.000000    0.000000
   75  2    7.663106    2.000000    0.000000
   77  2    8.052563    2.000000    0.000000
   79  2    8.130548    2.000000    0.000000
   81  2    8.155662    2.000000    0.000000
   83  2    8.779156    2.000000    0.000000
   85  2    9.541257    2.000000    0.000000
   87  2    9.634804    2.000000    0.000000
   89  2   10.155270    2.000000    0.000000
   91  2   10.419513    2.000000    0.000000
   93  2   11.070813    2.000000    0.000000
   95  2   11.260595    2.000000    0.000000
  1
    1
    1  2  -52.212644    2.000000    0.000000
    3  2  -51.771271    2.000000    0.000000
    5  2  -51.059372    2.000000    0.000000
    7  2  -48.845701    2.000000    0.000000
    9  2  -48.386510    2.000000    0.000000
   11  2  -48.026082    2.000000    0.000000
   13  2  -24.511488    2.000000    0.000000
   15  2  -11.058888    2.000000    0.000000
   17  2   -9.626282    2.000000    0.000000
   19  2   -9.269419    2.000000    0.000000
   21  2   -9.246257    2.000000    0.000000
   23  2   -8.988481    2.000000    0.000000
   25  2   -8.807587    2.000000    0.000000
   27  2   -8.587834    2.000000    0.000000
   29  2   -1.215674    2.000000    0.000000
   31  2   -1.082467    2.000000    0.000000
   33  2   -0.766436    2.000000    0.000000
   35  2   -0.529582    2.000000    0.000000
   37  2   -0.311441    2.000000    0.000000
   39  2   -0.028855    2.000000    0.000000
   41  2    0.112425    2.000000    0.000000
   43  2    0.307476    2.000000    0.000000
   45  2    0.674840    2.000000    0.000000
   47  2    0.817063    2.000000    0.000000
   49  2    1.183493    2.000000    0.000000
   51  2    1.611943    2.000000    0.000000
   53  2    1.828289    2.000000    0.000000
   55  2    2.118573    2.000000    0.000000
   57  2    2.212681    2.000000    0.000000
   59  2    3.021759    2.000000    0.000000
   61  2    3.450838    2.000000    0.000000
   63  2    4.090416    2.000000    0.000000
   65  2    4.402788    2.000000    0.000000
   67  2    4.685242    2.000000    0.000000
   69  2    4.830557    2.000000    0.000000
   71  2    4.876213    2.000000    0.000000
   73  2    6.884343    2.000000    0.000000
   75  2    7.334446    2.000000    0.000000
   77  2    7.885434    2.000000    0.000000
   79  1    8.161064    1.000000    0.000000
   80  1    8.162090    1.000000    0.000000
   81  2    8.582231    2.000000    0.000000
   83  2    8.844589    2.000000    0.000000
   85  1    9.148767    1.000000    0.000000
   86  1    9.149967    1.000000    0.000000
   87  2    9.742840    2.000000    0.000000
   89  2   10.309763    2.000000    0.000000
   91  2   10.668673    2.000000    0.000000
   93  2   10.802792    2.000000    0.000000
   95  2   11.166840    2.000000    0.000000
  1
    1
    1  2  -52.212944    2.000000    0.000000
    3  2  -51.771415    2.000000    0.000000
    5  2  -51.059838    2.000000    0.000000
    7  2  -48.845200    2.000000    0.000000
    9  2  -48.386284    2.000000    0.000000
   11  2  -48.025505    2.000000    0.000000
   13  2  -24.512195    2.000000    0.000000
   15  2  -11.079326    2.000000    0.000000
   17  2   -9.705115    2.000000    0.000000
   19  2   -9.422628    2.000000    0.000000
   21  2   -9.310296    2.000000    0.000000
   23  2   -8.783213    2.000000    0.000000
   25  2   -8.741233    2.000000    0.000000
   27  2   -8.508269    2.000000    0.000000
   29  2   -1.192268    2.000000    0.000000
   31  2   -1.003310    2.000000    0.000000
   33  2   -0.881706    2.000000    0.000000
   35  2   -0.797582    2.000000    0.000000
   37  2   -0.750906    2.000000    0.000000
   39  2   -0.216393    2.000000    0.000000
   41  2    0.641499    2.000000    0.000000
   43  2    1.031863    2.000000    0.000000
   45  2    1.250306    2.000000    0.000000
   47  2    1.263797    2.000000    0.000000
   49  2    1.552624    2.000000    0.000000
   51  2    1.606636    2.000000    0.000000
   53  2    1.784877    2.000000    0.000000
   55  2    2.385971    2.000000    0.000000
   57  2    2.429777    2.000000    0.000000
   59  2    2.770385    2.000000    0.000000
   61  2    2.804394    2.000000    0.000000
   63  2    3.912322    2.000000    0.000000
   65  2    4.051688    2.000000    0.000000
   67  2    4.302308    2.000000    0.000000
   69  2    4.539121    2.000000    0.000000
   71  2    4.588566    2.000000    0.000000
   73  1    6.369919    1.000000    0.000000
   74  1    6.371388    1.000000    0.000000
   75  2    6.989518    2.000000    0.000000
   77  2    7.207034    2.000000    0.000000
   79  2    7.257509    2.000000    0.000000
   81  2    7.543282    2.000000    0.000000
   83  2    8.827103    2.000000    0.000000
   85  2    9.108073    2.000000    0.000000
   87  2    9.162489    2.000000    0.000000
   89  2    9.505168    2.000000    0.000000
   91  2   10.978041    2.000000    0.000000
   93  2   11.200865    2.000000    0.000000
   95  2   11.220322    2.000000    0.000000
  1
    1
    1  2  -52.212644    2.000000    0.000000
    3  2  -51.771271    2.000000    0.000000
    5  2  -51.059372    2.000000    0.000000
    7  2  -48.845701    2.000000    0.000000
    9  2  -48.386510    2.000000    0.000000
   11  2  -48.026082    2.000000    0.000000
   13  2  -24.511488    2.000000    0.000000
   15  2  -11.058892    2.000000    0.000000
   17  2   -9.626266    2.000000    0.000000
   19  2   -9.269406    2.000000    0.000000
   21  2   -9.246313    2.000000    0.000000
   23  2   -8.988427    2.000000    0.000000
   25  2   -8.807566    2.000000    0.000000
   27  2   -8.587862    2.000000    0.000000
   29  2   -1.215827    2.000000    0.000000
   31  2   -1.082021    2.000000    0.000000
   33  2   -0.766989    2.000000    0.000000
   35  2   -0.528737    2.000000    0.000000
   37  2   -0.312001    2.000000    0.000000
   39  2   -0.030855    2.000000    0.000000
   41  2    0.114163    2.000000    0.000000
   43  2    0.308794    2.000000    0.000000
   45  2    0.678601    2.000000    0.000000
   47  2    0.808881    2.000000    0.000000
   49  2    1.185076    2.000000    0.000000
   51  2    1.620920    2.000000    0.000000
   53  2    1.822299    2.000000    0.000000
   55  2    2.121431    2.000000    0.000000
   57  2    2.206187    2.000000    0.000000
   59  2    3.025810    2.000000    0.000000
   61  2    3.449573    2.000000    0.000000
   63  2    4.090337    2.000000    0.000000
   65  2    4.402949    2.000000    0.000000
   67  2    4.683306    2.000000    0.000000
   69  2    4.833135    2.000000    0.000000
   71  2    4.874953    2.000000    0.000000
   73  2    6.884545    2.000000    0.000000
   75  1    7.333959    1.000000    0.000000
   76  1    7.335365    1.000000    0.000000
   77  2    7.885394    2.000000    0.000000
   79  2    8.161304    2.000000    0.000000
   81  2    8.582001    2.000000    0.000000
   83  2    8.844495    2.000000    0.000000
   85  1    9.148295    1.000000    0.000000
   86  1    9.150479    1.000000    0.000000
   87  2    9.742803    2.000000    0.000000
   89  2   10.309631    2.000000    0.000000
   91  2   10.668018    2.000000    0.000000
   93  2   10.803602    2.000000    0.000000
   95  1   11.167261    1.000000    0.000000
   96  1   11.169260    1.000000    0.000000
  1
    1
    1  2  -52.212643    2.000000    0.000000
    3  2  -51.771272    2.000000    0.000000
    5  2  -51.059372    2.000000    0.000000
    7  2  -48.845700    2.000000    0.000000
    9  2  -48.386511    2.000000    0.000000
   11  2  -48.026081    2.000000    0.000000
   13  2  -24.511488    2.000000    0.000000
   15  2  -11.058890    2.000000    0.000000
   17  2   -9.626250    2.000000    0.000000
   19  2   -9.269450    2.000000    0.000000
   21  2   -9.246300    2.000000    0.000000
   23  2   -8.988437    2.000000    0.000000
   25  2   -8.807578    2.000000    0.000000
   27  2   -8.587850    2.000000    0.000000
   29  2   -1.215788    2.000000    0.000000
   31  2   -1.082015    2.000000    0.000000
   33  2   -0.767063    2.000000    0.000000
   35  2   -0.528940    2.000000    0.000000
   37  2   -0.312285    2.000000    0.000000
   39  2   -0.030734    2.000000    0.000000
   41  2    0.114366    2.000000    0.000000
   43  2    0.307937    2.000000    0.000000
   45  2    0.683879    2.000000    0.000000
   47  2    0.806105    2.000000    0.000000
   49  2    1.182363    2.000000    0.000000
   51  2    1.617590    2.000000    0.000000
   53  2    1.826923    2.000000    0.000000
   55  2    2.119542    2.000000    0.000000
   57  2    2.209220    2.000000    0.000000
   59  2    3.024778    2.000000    0.000000
   61  2    3.448649    2.000000    0.000000
   63  2    4.089941    2.000000    0.000000
   65  2    4.402921    2.000000    0.000000
   67  2    4.686724    2.000000    0.000000
   69  2    4.832431    2.000000    0.000000
   71  2    4.873369    2.000000    0.000000
   73  2    6.884588    2.000000    0.000000
   75  2    7.334340    2.000000    0.000000
   77  2    7.885336    2.000000    0.000000
   79  2    8.161260    2.000000    0.000000
   81  2    8.582112    2.000000    0.000000
   83  2    8.844602    2.000000    0.000000
   85  1    9.148461    1.000000    0.000000
   86  1    9.150284    1.000000    0.000000
   87  2    9.742896    2.000000    0.000000
   89  2   10.309831    2.000000    0.000000
   91  2   10.668101    2.000000    0.000000
   93  2   10.803053    2.000000    0.000000
   95  2   11.167328    2.000000    0.000000
  1
    1
    1  2  -52.212644    2.000000    0.000000
    3  2  -51.771272    2.000000    0.000000
    5  2  -51.059372    2.000000    0.000000
    7  2  -48.845700    2.000000    0.000000
    9  2  -48.386512    2.000000    0.000000
   11  2  -48.026081    2.000000    0.000000
   13  2  -24.511488    2.000000    0.000000
   15  2  -11.058894    2.000000    0.000000
   17  2   -9.626271    2.000000    0.000000
   19  2   -9.269398    2.000000    0.000000
   21  2   -9.246271    2.000000    0.000000
   23  2   -8.988497    2.000000    0.000000
   25  2   -8.807577    2.000000    0.000000
   27  2   -8.587830    2.000000    0.000000
   29  2   -1.215831    2.000000    0.000000
   31  2   -1.081924    2.000000    0.000000
   33  2   -0.766485    2.000000    0.000000
   35  2   -0.529396    2.000000    0.000000
   37  2   -0.312501    2.000000    0.000000
   39  2   -0.029246    2.000000    0.000000
   41  2    0.111846    2.000000    0.000000
   43  2    0.308155    2.000000    0.000000
   45  2    0.679576    2.000000    0.000000
   47  2    0.812059    2.000000    0.000000
   49  2    1.185664    2.000000    0.000000
   51  2    1.608574    2.000000    0.000000
   53  2    1.832157    2.000000    0.000000
   55  2    2.123067    2.000000    0.000000
   57  2    2.204430    2.000000    0.000000
   59  2    3.025061    2.000000    0.000000
   61  2    3.450380    2.000000    0.000000
   63  2    4.090501    2.000000    0.000000
   65  2    4.401483    2.000000    0.000000
   67  2    4.684845    2.000000    0.000000
   69  2    4.831833    2.000000    0.000000
   71  2    4.875653    2.000000    0.000000
   73  2    6.884439    2.000000    0.000000
   75  2    7.334332    2.000000    0.000000
   77  2    7.885395    2.000000    0.000000
   79  2    8.161300    2.000000    0.000000
   81  2    8.582095    2.000000    0.000000
   83  2    8.844620    2.000000    0.000000
   85  1    9.148703    1.000000    0.000000
   86  1    9.150132    1.000000    0.000000
   87  2    9.742934    2.000000    0.000000
   89  2   10.309536    2.000000    0.000000
   91  2   10.668141    2.000000    0.000000
   93  1   10.803371    1.000000    0.000000
   94  1   10.804454    1.000000    0.000000
   95  1   11.167850    1.000000    0.000000
   96  1   11.190999    1.000000    0.000000
  1
    1
    1  2  -52.212952    2.000000    0.000000
    3  2  -51.771427    2.000000    0.000000
    5  2  -51.059841    2.000000    0.000000
    7  2  -48.845207    2.000000    0.000000
    9  2  -48.386296    2.000000    0.000000
   11  2  -48.025511    2.000000    0.000000
   13  2  -24.512638    2.000000    0.000000
   15  2  -11.065290    2.000000    0.000000
   17  2   -9.899520    2.000000    0.000000
   19  2   -9.291950    2.000000    0.000000
   21  2   -9.075659    2.000000    0.000000
   23  2   -8.828589    2.000000    0.000000
   25  2   -8.695741    2.000000    0.000000
   27  2   -8.671397    2.000000    0.000000
   29  2   -1.418935    2.000000    0.000000
   31  2   -0.951245    2.000000    0.000000
   33  2   -0.905122    2.000000    0.000000
   35  2   -0.205166    2.000000    0.000000
   37  2   -0.156387    2.000000    0.000000
   39  2   -0.051779    2.000000    0.000000
   41  2    0.138083    2.000000    0.000000
   43  2    0.484912    2.000000    0.000000
   45  2    0.631335    2.000000    0.000000
   47  2    1.105872    2.000000    0.000000
   49  2    1.271487    2.000000    0.000000
   51  2    1.547786    2.000000    0.000000
   53  2    1.790583    2.000000    0.000000
   55  2    2.245802    2.000000    0.000000
   57  2    2.551727    2.000000    0.000000
   59  2    2.740316    2.000000    0.000000
   61  2    2.819491    2.000000    0.000000
   63  2    3.987937    2.000000    0.000000
   65  2    4.118799    2.000000    0.000000
   67  2    4.246715    2.000000    0.000000
   69  2    4.705890    2.000000    0.000000
   71  2    4.784664    2.000000    0.000000
   73  2    6.487494    2.000000    0.000000
   75  2    6.866461    2.000000    0.000000
   77  2    7.267164    2.000000    0.000000
   79  2    8.026138    2.000000    0.000000
   81  2    8.693919    2.000000    0.000000
   83  2    8.806068    2.000000    0.000000
   85  2    8.931206    2.000000    0.000000
   87  2    9.532508    2.000000    0.000000
   89  2   10.091850    2.000000    0.000000
   91  2   11.015514    2.000000    0.000000
   93  2   11.231322    2.000000    0.000000
   95  1   11.549028    1.000000    0.000000
   96  1   11.551207    1.000000    0.000000
  1
    1
    1  2  -52.212954    2.000000    0.000000
    3  2  -51.771423    2.000000    0.000000
    5  2  -51.059844    2.000000    0.000000
    7  2  -48.845209    2.000000    0.000000
    9  2  -48.386291    2.000000    0.000000
   11  2  -48.025513    2.000000    0.000000
   13  2  -24.512638    2.000000    0.000000
   15  2  -11.065284    2.000000    0.000000
   17  2   -9.899549    2.000000    0.000000
   19  2   -9.291906    2.000000    0.000000
   21  2   -9.075674    2.000000    0.000000
   23  2   -8.828559    2.000000    0.000000
   25  2   -8.695779    2.000000    0.000000
   27  2   -8.671431    2.000000    0.000000
   29  2   -1.419002    2.000000    0.000000
   31  2   -0.954730    2.000000    0.000000
   33  2   -0.901505    2.000000    0.000000
   35  2   -0.207033    2.000000    0.000000
   37  2   -0.150198    2.000000    0.000000
   39  2   -0.057847    2.000000    0.000000
   41  2    0.140314    2.000000    0.000000
   43  2    0.490672    2.000000    0.000000
   45  2    0.623314    2.000000    0.000000
   47  2    1.104338    2.000000    0.000000
   49  2    1.273200    2.000000    0.000000
   51  2    1.548223    2.000000    0.000000
   53  2    1.792822    2.000000    0.000000
   55  2    2.249402    2.000000    0.000000
   57  2    2.547405    2.000000    0.000000
   59  2    2.740018    2.000000    0.000000
   61  2    2.818858    2.000000    0.000000
   63  2    3.987758    2.000000    0.000000
   65  2    4.121089    2.000000    0.000000
   67  2    4.244057    2.000000    0.000000
   69  2    4.709430    2.000000    0.000000
   71  2    4.782210    2.000000    0.000000
   73  2    6.487484    2.000000    0.000000
   75  2    6.866679    2.000000    0.000000
   77  2    7.267015    2.000000    0.000000
   79  2    8.025912    2.000000    0.000000
   81  2    8.693868    2.000000    0.000000
   83  2    8.806474    2.000000    0.000000
   85  2    8.931181    2.000000    0.000000
   87  2    9.532392    2.000000    0.000000
   89  2   10.091632    2.000000    0.000000
   91  2   11.014851    2.000000    0.000000
   93  2   11.232108    2.000000    0.000000
   95  1   11.549221    1.000000    0.000000
   96  1   11.552398    1.000000    0.000000
