  228  336
  1
  2
  1  0  0  0  1  0  0  0  1    0.000000    0.000000    0.000000    1.000000    0.000000    0.000000    0.000000    0.000000    0.000000    1.000000    0.000000  1
 -1  0  0  0 -1  0  0  0 -1    0.000000    0.000000    0.000000    1.000000    0.000000    0.000000    0.000000    0.000000    0.000000    1.000000    0.000000  1
  8
    0.000000    0.000000    0.000000
    0.500000    0.500000    0.500000
    0.000000    0.500000    0.500000
    0.500000    0.000000    0.500000
    0.500000    0.500000    0.000000
    0.500000    0.000000    0.000000
    0.000000    0.500000    0.000000
    0.000000    0.000000    0.500000
  2
    1    2
    1  2  -55.927155    2.000000    0.000000    0.000000    0.000000
    3  2  -55.925872    2.000000    0.000000    0.000000    0.000000
    5  2  -55.519036    2.000000    0.000000    0.000000    0.000000
    7  2  -55.517776    2.000000    0.000000    0.000000    0.000000
    9  2  -55.026160    2.000000    0.000000    0.000000    0.000000
   11  2  -55.024880    2.000000    0.000000    0.000000    0.000000
   13  2  -50.751415    2.000000    0.000000    0.000000    0.000000
   15  2  -50.750169    2.000000    0.000000    0.000000    0.000000
   17  2  -50.347852    2.000000    0.000000    0.000000    0.000000
   19  2  -50.346707    2.000000    0.000000    0.000000    0.000000
   21  2  -49.995695    2.000000    0.000000    0.000000    0.000000
   23  2  -49.994457    2.000000    0.000000    0.000000    0.000000
   25  8  -47.328345    8.000000    0.000000    0.000000    0.000000
   33  8  -47.321266    8.000000    0.000000    0.000000    0.000000
   41  8  -47.042013    8.000000    0.000000    0.000000    0.000000
   49  8  -47.038761    8.000000    0.000000    0.000000    0.000000
   57  8  -47.036714    8.000000    0.000000    0.000000    0.000000
   65  8  -47.030970    8.000000    0.000000    0.000000    0.000000
   73  8  -28.232011    8.000000    0.000000    0.000000    0.000000
   81  8  -28.201949    8.000000    0.000000    0.000000    0.000000
   89  8  -28.198566    8.000000    0.000000    0.000000    0.000000
   97  8  -28.088876    8.000000    0.000000    0.000000    0.000000
  105  4  -27.633176    4.000000    0.000000    0.000000    0.000000
  109  4  -27.631984    4.000000    0.000000   -0.000000    0.000000
  113 12  -27.627247   12.000000    0.000000    0.000000    0.000000
  125  4  -27.626216    4.000000    0.000000    0.000000    0.000000
  129  4  -27.613118    4.000000    0.000000    0.000000    0.000000
  133  4  -27.611791    4.000000    0.000000    0.000000    0.000000
  137  8  -27.562324    8.000000    0.000000    0.000000    0.000000
  145  8  -27.442114    8.000000    0.000000    0.000000    0.000000
  153  8  -11.428239    8.000000    0.000000    0.000000    0.000000
  161  8  -10.135637    8.000000    0.000000    0.000000    0.000000
  169  2   -7.539997    2.000000    0.000000   -0.000001    0.000000
  171  2   -7.538658    2.000000    0.000000   -0.000000    0.000000
  173  2   -7.516225    2.000000    0.000000    0.000000    0.000000
  175  2   -7.514966    2.000000    0.000000   -0.000001    0.000000
  177  2   -7.492341    2.000000    0.000000   -0.000000    0.000000
  179  2   -7.491108    2.000000    0.000000    0.000001    0.000000
  181  2   -7.468231    2.000000    0.000000    0.000000    0.000000
  183  2   -7.466974    2.000000    0.000000    0.000001    0.000000
  185  2   -7.443985    2.000000    0.000000    0.000000    0.000000
  187  2   -7.442646    2.000000    0.000000    0.000000    0.000000
  189  4   -5.429955    4.000000    0.000000    0.000000    0.000000
  193  4   -5.427181    4.000000    0.000000    0.000000    0.000000
  197  2   -5.086643    2.000000    0.000000    2.000000    0.000000
  199  2   -5.084563    2.000000    0.000000   -2.000000    0.000000
  201  2   -5.082379    2.000000    0.000000    0.000000    0.000000
  203  2   -5.080436    2.000000    0.000000    0.000000    0.000000
  205  4   -4.775240    4.000000    0.000000    0.000000    0.000000
  209  4   -3.875814    4.000000    0.000000    0.000000    0.000000
  213  4   -3.865969    4.000000    0.000000    0.000000    0.000000
  217  4   -3.772397    4.000000    0.000000    0.000000    0.000000
  221  4   -3.761301    4.000000    0.000000    0.000000    0.000000
  225  4   -3.732136    4.000000    0.000000    0.000000    0.000000
  229  2   -3.153328    2.000000    0.000000   -0.000620    0.000000
  231  2   -3.152250    2.000000    0.000000    0.000574    0.000000
  233  2   -3.132079    2.000000    0.000000    0.025490    0.000000
  235  2   -3.130995    2.000000    0.000000   -0.025247    0.000000
  237  2   -3.111764    2.000000    0.000000    0.005012    0.000000
  239  2   -3.110163    2.000000    0.000000   -0.004947    0.000000
  241  2   -3.090008    2.000000    0.000000    0.033507    0.000000
  243  2   -3.088900    2.000000    0.000000   -0.033269    0.000000
  245  2   -3.069156    2.000000    0.000000    0.005368    0.000000
  247  2   -3.068104    2.000000    0.000000   -0.005742    0.000000
  249  1   -3.058181    1.000000    0.000000    0.999995    0.000000
  250  1   -3.057099    1.000000    0.000000    0.999996    0.000000
  251  1   -3.043966    1.000000    0.000000   -0.999999    0.000000
  252  1   -3.042964    1.000000    0.000000   -0.999999    0.000000
  253  2   -3.040324    2.000000    0.000000    0.000001    0.000000
  255  2   -3.028005    2.000000    0.000000    0.000004    0.000000
  257  1   -2.845025    1.000000    0.000000    1.000000    0.000000
  258  1   -2.844006    1.000000    0.000000    0.999999    0.000000
  259  2   -2.832915    2.000000    0.000000    0.000000    0.000000
  261  1   -2.826041    1.000000    0.000000   -0.999999    0.000000
  262  1   -2.825009    1.000000    0.000000   -0.999998    0.000000
  263  2   -2.816413    2.000000    0.000000   -0.000001    0.000000
  265  3   -2.462869    3.000000    0.000000    0.973737    0.000000
  268  1   -2.461770    1.000000    0.000000   -0.973728    0.000000
  269  4   -2.437225    4.000000    0.000000   -0.000008    0.000000
  273  2   -2.388751    2.000000    0.000000   -0.001901    0.000000
  275  2   -2.387437    2.000000    0.000000    0.001904    0.000000
  277  4   -2.360008    4.000000    0.000000    0.000004    0.000000
  281  1   -1.084573    1.000000    0.000000    0.057507    0.000000
  282  1   -1.083440    1.000000    0.000000   -0.083945    0.000000
  283  2   -1.062637    2.000000    0.000000    0.038127    0.000000
  285  1   -1.054743    1.000000    0.000000   -0.180159    0.000000
  286  1   -1.052525    1.000000    0.000000    0.210567    0.000000
  287  2   -1.032578    2.000000    0.000000   -0.047870    0.000000
  289  2   -0.947484    2.000000    0.000000   -1.930996    0.000000
  291  2   -0.932738    2.000000    0.000000    1.768171    0.000000
  293  1   -0.924521    1.000000    0.000000   -0.992048    0.000000
  294  1   -0.921967    1.000000    0.000000   -0.762113    0.000000
  295  1   -0.910187    1.000000    0.000000    0.934470    0.000000
  296  1   -0.907357    1.000000    0.000000    0.952278    0.000000
  297  2   -0.885477    2.000000    0.000000    0.032544    0.000000
  299  1   -0.849483    1.000000    0.000000   -0.077368    0.000000
  300  1   -0.848397    1.000000    0.000000    0.121974    0.000000
  301  2   -0.844925    2.000000    0.000000   -0.099906    0.000000
  303  1   -0.840541    1.000000    0.000000    0.357097    0.000000
  304  1   -0.838507    1.000000    0.000000   -0.365268    0.000000
  305  1   -0.834942    1.000000    0.000000   -0.057120    0.000000
  306  1   -0.833177    1.000000    0.000000    0.109755    0.000000
  307  1   -0.826793    1.000000    0.000000    0.163742    0.000000
  308  2   -0.824978    2.000000    0.000000   -0.008012    0.000000
  310  1   -0.823101    1.000000    0.000000   -0.135362    0.000000
  311  1   -0.808672    1.000000    0.000000    0.150263    0.000000
  312  2   -0.807149    2.000000    0.000000   -0.257307    0.000000
  314  1   -0.795878    1.000000    0.000000    0.440966    0.000000
  315  1   -0.787541    1.000000    0.000000   -0.801548    0.000000
  316  1   -0.784073    1.000000    0.000000    0.301669    0.000000
  317  1   -0.747994    1.000000    0.000000   -0.973265    0.000000
  318  1   -0.744850    1.000000    0.000000   -0.728933    0.000000
  319  1   -0.719875    1.000000    0.000000    0.764321    0.000000
  320  1   -0.717562    1.000000    0.000000    0.644088    0.000000
  321  1   -0.710240    1.000000    0.000000   -0.889560    0.000000
  322  1   -0.698229    1.000000    0.000000    0.021932    0.000000
  323  1   -0.680764    1.000000    0.000000    0.832087    0.000000
  324  1   -0.671797    1.000000    0.000000    0.553910    0.000000
  325  1   -0.514505    1.000000    0.000000    0.931057    0.000000
  326  1   -0.508881    1.000000    0.000000    0.781669    0.000000
  327  1   -0.487226    1.000000    0.000000    0.230307    0.000000
  328  1   -0.483673    1.000000    0.000000   -0.102115    0.000000
  329  1   -0.445431    1.000000    0.000000   -0.606893    0.000000
  330  1   -0.434735    1.000000    0.000000    0.524645    0.000000
  331  1   -0.424660    1.000000    0.000000   -0.386461    0.000000
  332  1   -0.421578    1.000000    0.000000    0.243627    0.000000
  333  1   -0.414505    1.000000    0.000000    0.421793    0.000000
  334  1   -0.403097    1.000000    0.000000    0.157157    0.000000
  335  1   -0.379311    1.000000    0.000000    0.357783    0.000000
  336  1   -0.354235    1.000000    0.000000    0.614004    0.000000
  2
    1    2
    1  2  -55.927154    2.000000    0.000000    0.000000    0.000000
    3  2  -55.925872    2.000000    0.000000    0.000000    0.000000
    5  2  -55.519037    2.000000    0.000000    0.000000    0.000000
    7  2  -55.517776    2.000000    0.000000    0.000000    0.000000
    9  2  -55.026159    2.000000    0.000000    0.000000    0.000000
   11  2  -55.024880    2.000000    0.000000    0.000000    0.000000
   13  2  -50.751414    2.000000    0.000000    0.000000    0.000000
   15  2  -50.750168    2.000000    0.000000    0.000000    0.000000
   17  2  -50.347852    2.000000    0.000000    0.000000    0.000000
   19  2  -50.346707    2.000000    0.000000    0.000000    0.000000
   21  2  -49.995694    2.000000    0.000000    0.000000    0.000000
   23  2  -49.994457    2.000000    0.000000    0.000000    0.000000
   25  8  -47.328346    8.000000    0.000000    0.000000    0.000000
   33  8  -47.321265    8.000000    0.000000    0.000000    0.000000
   41  8  -47.042014    8.000000    0.000000    0.000000    0.000000
   49  8  -47.038761    8.000000    0.000000    0.000000    0.000000
   57  8  -47.036710    8.000000    0.000000    0.000000    0.000000
   65  8  -47.030970    8.000000    0.000000    0.000000    0.000000
   73  8  -28.232011    8.000000    0.000000    0.000000    0.000000
   81  8  -28.201949    8.000000    0.000000    0.000000    0.000000
   89  8  -28.198565    8.000000    0.000000    0.000000    0.000000
   97  8  -28.088875    8.000000    0.000000    0.000000    0.000000
  105  4  -27.633176    4.000000    0.000000    0.000000    0.000000
  109  4  -27.631984    4.000000    0.000000    0.000000    0.000000
  113 12  -27.627247   12.000000    0.000000   -0.000000    0.000000
  125  4  -27.626215    4.000000    0.000000    0.000000    0.000000
  129  4  -27.613118    4.000000    0.000000    0.000000    0.000000
  133  4  -27.611791    4.000000    0.000000    0.000000    0.000000
  137  8  -27.562324    8.000000    0.000000    0.000000    0.000000
  145  8  -27.442113    8.000000    0.000000    0.000000    0.000000
  153  8  -11.428219    8.000000    0.000000    0.000000    0.000000
  161  8  -10.135630    8.000000    0.000000    0.000000    0.000000
  169  2   -7.539997    2.000000    0.000000    0.000001    0.000000
  171  2   -7.538658    2.000000    0.000000    0.000001    0.000000
  173  2   -7.516225    2.000000    0.000000    0.000001    0.000000
  175  2   -7.514966    2.000000    0.000000   -0.000000    0.000000
  177  2   -7.492341    2.000000    0.000000    0.000001    0.000000
  179  2   -7.491107    2.000000    0.000000    0.000002    0.000000
  181  2   -7.468231    2.000000    0.000000   -0.000001    0.000000
  183  2   -7.466974    2.000000    0.000000   -0.000001    0.000000
  185  2   -7.443985    2.000000    0.000000    0.000000    0.000000
  187  2   -7.442646    2.000000    0.000000    0.000002    0.000000
  189  8   -5.428566    8.000000    0.000000    0.000000    0.000000
  197  4   -5.084632    4.000000    0.000000    2.000000    0.000000
  201  4   -5.082623    4.000000    0.000000   -2.000000    0.000000
  205  4   -4.775193    4.000000    0.000000    0.000000    0.000000
  209  8   -3.871478    8.000000    0.000000    0.000000    0.000000
  217  8   -3.766699    8.000000    0.000000    0.000000    0.000000
  225  4   -3.732000    4.000000    0.000000    0.000000    0.000000
  229  2   -3.153313    2.000000    0.000000   -0.009130    0.000000
  231  2   -3.152252    2.000000    0.000000    0.009373    0.000000
  233  2   -3.132070    2.000000    0.000000   -0.005013    0.000000
  235  2   -3.130995    2.000000    0.000000    0.004581    0.000000
  237  2   -3.111703    2.000000    0.000000   -0.016936    0.000000
  239  2   -3.110170    2.000000    0.000000    0.019588    0.000000
  241  2   -3.090000    2.000000    0.000000    0.009742    0.000000
  243  2   -3.088911    2.000000    0.000000   -0.010275    0.000000
  245  3   -3.069136    3.000000    0.000000    0.940479    0.000000
  248  1   -3.068073    1.000000    0.000000   -0.940219    0.000000
  249  3   -3.049000    3.000000    0.000000    1.000045    0.000000
  252  1   -3.047867    1.000000    0.000000    0.999953    0.000000
  253  3   -3.035841    3.000000    0.000000   -1.000145    0.000000
  256  1   -3.034741    1.000000    0.000000   -0.999853    0.000000
  257  3   -2.838973    3.000000    0.000000    1.000783    0.000000
  260  1   -2.837841    1.000000    0.000000    0.999212    0.000000
  261  3   -2.821357    3.000000    0.000000   -1.000769    0.000000
  264  1   -2.820231    1.000000    0.000000   -0.999225    0.000000
  265  5   -2.454699    5.000000    0.000000   -1.000738    0.000000
  270  3   -2.453561    3.000000    0.000000    1.000740    0.000000
  273  6   -2.371718    6.000000    0.000000   -0.051825    0.000000
  279  2   -2.370572    2.000000    0.000000    0.051838    0.000000
  281  3   -1.115186    3.000000    0.000000   -1.327245    0.000000
  284  1   -1.113495    1.000000    0.000000   -0.644846    0.000000
  285  2   -1.076783    2.000000    0.000000    0.692704    0.000000
  287  2   -1.075584    2.000000    0.000000    1.275235    0.000000
  289  2   -0.919575    2.000000    0.000000   -0.797546    0.000000
  291  3   -0.918131    3.000000    0.000000   -0.884236    0.000000
  294  1   -0.915913    1.000000    0.000000   -0.178932    0.000000
  295  2   -0.912615    2.000000    0.000000   -1.695855    0.000000
  297  1   -0.904336    1.000000    0.000000    0.540866    0.000000
  298  2   -0.902026    2.000000    0.000000    0.561764    0.000000
  300  1   -0.895266    1.000000    0.000000    0.390612    0.000000
  301  1   -0.857578    1.000000    0.000000    0.925833    0.000000
  302  1   -0.852067    1.000000    0.000000   -0.821613    0.000000
  303  1   -0.849371    1.000000    0.000000   -0.386457    0.000000
  304  1   -0.848047    1.000000    0.000000    0.623576    0.000000
  305  1   -0.844888    1.000000    0.000000    0.516309    0.000000
  306  1   -0.842424    1.000000    0.000000    0.503149    0.000000
  307  1   -0.839146    1.000000    0.000000   -0.372209    0.000000
  308  2   -0.835829    2.000000    0.000000    1.165894    0.000000
  310  1   -0.833846    1.000000    0.000000   -0.365704    0.000000
  311  1   -0.825929    1.000000    0.000000    0.055332    0.000000
  312  1   -0.824927    1.000000    0.000000   -0.350116    0.000000
  313  1   -0.820787    1.000000    0.000000    0.258018    0.000000
  314  1   -0.819526    1.000000    0.000000    0.172026    0.000000
  315  1   -0.818033    1.000000    0.000000    0.577508    0.000000
  316  1   -0.796392    1.000000    0.000000   -0.407783    0.000000
  317  1   -0.711921    1.000000    0.000000   -0.912183    0.000000
  318  1   -0.710651    1.000000    0.000000   -0.156520    0.000000
  319  1   -0.707374    1.000000    0.000000    0.096692    0.000000
  320  1   -0.703445    1.000000    0.000000   -0.319713    0.000000
  321  3   -0.686668    3.000000    0.000000    1.113918    0.000000
  324  1   -0.653104    1.000000    0.000000    0.256804    0.000000
  325  1   -0.489971    1.000000    0.000000    0.468248    0.000000
  326  1   -0.479156    1.000000    0.000000   -0.419975    0.000000
  327  1   -0.454930    1.000000    0.000000   -0.071320    0.000000
  328  1   -0.434343    1.000000    0.000000   -0.173413    0.000000
  329  1   -0.425859    1.000000    0.000000   -0.075642    0.000000
  330  1   -0.420220    1.000000    0.000000    0.314236    0.000000
  331  1   -0.415833    1.000000    0.000000    0.341918    0.000000
  332  1   -0.407071    1.000000    0.000000   -0.103730    0.000000
  333  1   -0.400642    1.000000    0.000000   -0.171554    0.000000
  334  1   -0.352615    1.000000    0.000000   -0.253143    0.000000
  335  1   -0.285905    1.000000    0.000000    0.687381    0.000000
  336  1   -0.240787    1.000000    0.000000    0.673492    0.000000
  2
    1    2
    1  2  -55.927155    2.000000    0.000000    0.000000    0.000000
    3  2  -55.925872    2.000000    0.000000    0.000000    0.000000
    5  2  -55.519037    2.000000    0.000000    0.000000    0.000000
    7  2  -55.517776    2.000000    0.000000    0.000000    0.000000
    9  2  -55.026160    2.000000    0.000000    0.000000    0.000000
   11  2  -55.024880    2.000000    0.000000    0.000000    0.000000
   13  2  -50.751415    2.000000    0.000000    0.000000    0.000000
   15  2  -50.750169    2.000000    0.000000    0.000000    0.000000
   17  2  -50.347852    2.000000    0.000000    0.000000    0.000000
   19  2  -50.346707    2.000000    0.000000    0.000000    0.000000
   21  2  -49.995695    2.000000    0.000000    0.000000    0.000000
   23  2  -49.994457    2.000000    0.000000    0.000000    0.000000
   25  8  -47.328347    8.000000    0.000000    0.000000    0.000000
   33  8  -47.321267    8.000000    0.000000    0.000000    0.000000
   41  8  -47.042016    8.000000    0.000000    0.000000    0.000000
   49  8  -47.038762    8.000000    0.000000    0.000000    0.000000
   57  8  -47.036711    8.000000    0.000000    0.000000    0.000000
   65  8  -47.030973    8.000000    0.000000    0.000000    0.000000
   73  8  -28.232012    8.000000    0.000000    0.000000    0.000000
   81  8  -28.201949    8.000000    0.000000    0.000000    0.000000
   89  8  -28.198565    8.000000    0.000000    0.000000    0.000000
   97  8  -28.088876    8.000000    0.000000    0.000000    0.000000
  105  4  -27.633176    4.000000    0.000000    0.000000    0.000000
  109  4  -27.631984    4.000000    0.000000    0.000000    0.000000
  113 12  -27.627247   12.000000    0.000000    0.000000    0.000000
  125  4  -27.626216    4.000000    0.000000    0.000000    0.000000
  129  4  -27.613118    4.000000    0.000000    0.000000    0.000000
  133  4  -27.611791    4.000000    0.000000    0.000000    0.000000
  137  8  -27.562325    8.000000    0.000000    0.000000    0.000000
  145  8  -27.442114    8.000000    0.000000    0.000001    0.000000
  153  8  -11.428220    8.000000    0.000000    0.000000    0.000000
  161  8  -10.135630    8.000000    0.000000   -0.000000    0.000000
  169  2   -7.539997    2.000000    0.000000    0.000000    0.000000
  171  2   -7.538658    2.000000    0.000000    0.000002    0.000000
  173  2   -7.516225    2.000000    0.000000    0.000001    0.000000
  175  2   -7.514966    2.000000    0.000000   -0.000001    0.000000
  177  2   -7.492341    2.000000    0.000000   -0.000003    0.000000
  179  2   -7.491108    2.000000    0.000000   -0.000001    0.000000
  181  2   -7.468231    2.000000    0.000000   -0.000004    0.000000
  183  2   -7.466974    2.000000    0.000000   -0.000001    0.000000
  185  2   -7.443985    2.000000    0.000000   -0.000002    0.000000
  187  2   -7.442646    2.000000    0.000000    0.000002    0.000000
  189  8   -5.428575    8.000000    0.000000    0.000000    0.000000
  197  4   -5.084651    4.000000    0.000000    0.000000    0.000000
  201  4   -5.082640    4.000000    0.000000    0.000000    0.000000
  205  4   -4.775214    4.000000    0.000000    0.000000    0.000000
  209  8   -3.871036    8.000000    0.000000    0.000000    0.000000
  217  8   -3.767023    8.000000    0.000000    0.000000    0.000000
  225  4   -3.732090    4.000000    0.000000    0.000000    0.000000
  229  2   -3.153322    2.000000    0.000000   -0.016624    0.000000
  231  2   -3.152255    2.000000    0.000000    0.016964    0.000000
  233  2   -3.132081    2.000000    0.000000   -0.000933    0.000000
  235  2   -3.130967    2.000000    0.000000    0.001023    0.000000
  237  2   -3.111730    2.000000    0.000000   -0.011812    0.000000
  239  2   -3.110160    2.000000    0.000000    0.010791    0.000000
  241  2   -3.090011    2.000000    0.000000   -0.014808    0.000000
  243  2   -3.088900    2.000000    0.000000    0.014083    0.000000
  245  2   -3.069149    2.000000    0.000000   -0.027840    0.000000
  247  2   -3.068105    2.000000    0.000000    0.027891    0.000000
  249  3   -3.049256    3.000000    0.000000    0.999974    0.000000
  252  1   -3.048172    1.000000    0.000000   -0.999972    0.000000
  253  3   -3.036026    3.000000    0.000000   -0.999988    0.000000
  256  1   -3.034975    1.000000    0.000000    0.999988    0.000000
  257  4   -2.839273    4.000000    0.000000   -0.000051    0.000000
  261  3   -2.821559    3.000000    0.000000   -0.970032    0.000000
  264  1   -2.820557    1.000000    0.000000    0.970049    0.000000
  265  8   -2.450616    8.000000    0.000000   -0.000007    0.000000
  273  4   -2.375006    4.000000    0.000000   -0.005939    0.000000
  277  4   -2.373924    4.000000    0.000000    0.005941    0.000000
  281  3   -1.037723    3.000000    0.000000   -0.250823    0.000000
  284  1   -1.034799    1.000000    0.000000    0.252574    0.000000
  285  3   -1.008532    3.000000    0.000000    0.096219    0.000000
  288  3   -1.006529    3.000000    0.000000    0.010568    0.000000
  291  1   -1.003921    1.000000    0.000000   -0.003661    0.000000
  292  1   -1.001139    1.000000    0.000000   -0.051980    0.000000
  293  3   -0.980630    3.000000    0.000000   -0.135474    0.000000
  296  1   -0.974850    1.000000    0.000000    0.082166    0.000000
  297  1   -0.849898    1.000000    0.000000    0.611110    0.000000
  298  1   -0.847946    1.000000    0.000000   -0.733270    0.000000
  299  1   -0.846523    1.000000    0.000000   -0.509250    0.000000
  300  1   -0.844871    1.000000    0.000000    0.614400    0.000000
  301  1   -0.839947    1.000000    0.000000    0.738779    0.000000
  302  1   -0.837657    1.000000    0.000000   -0.722104    0.000000
  303  1   -0.832206    1.000000    0.000000    0.449443    0.000000
  304  1   -0.830756    1.000000    0.000000   -0.674918    0.000000
  305  1   -0.828914    1.000000    0.000000   -0.000929    0.000000
  306  1   -0.824981    1.000000    0.000000    0.306067    0.000000
  307  1   -0.823596    1.000000    0.000000   -0.552712    0.000000
  308  1   -0.821237    1.000000    0.000000    0.517193    0.000000
  309  1   -0.808616    1.000000    0.000000    0.780918    0.000000
  310  1   -0.806173    1.000000    0.000000   -0.883125    0.000000
  311  1   -0.800927    1.000000    0.000000   -0.350232    0.000000
  312  1   -0.799421    1.000000    0.000000   -0.030817    0.000000
  313  1   -0.795425    1.000000    0.000000    0.780704    0.000000
  314  1   -0.793710    1.000000    0.000000   -0.537101    0.000000
  315  1   -0.790709    1.000000    0.000000   -0.258700    0.000000
  316  1   -0.789553    1.000000    0.000000    0.226680    0.000000
  317  2   -0.788547    2.000000    0.000000    0.096515    0.000000
  319  1   -0.787529    1.000000    0.000000   -0.070000    0.000000
  320  1   -0.775581    1.000000    0.000000    0.123156    0.000000
  321  1   -0.748189    1.000000    0.000000    0.001388    0.000000
  322  2   -0.746726    2.000000    0.000000    0.065492    0.000000
  324  1   -0.742900    1.000000    0.000000   -0.031912    0.000000
  325  1   -0.500610    1.000000    0.000000   -0.777611    0.000000
  326  1   -0.489899    1.000000    0.000000    0.579257    0.000000
  327  1   -0.467633    1.000000    0.000000    0.234304    0.000000
  328  1   -0.462421    1.000000    0.000000   -0.037693    0.000000
  329  1   -0.459465    1.000000    0.000000    0.413054    0.000000
  330  1   -0.455339    1.000000    0.000000   -0.206964    0.000000
  331  1   -0.452478    1.000000    0.000000    0.095339    0.000000
  332  1   -0.430611    1.000000    0.000000   -0.571720    0.000000
  333  1   -0.427864    1.000000    0.000000    0.222978    0.000000
  334  1   -0.417858    1.000000    0.000000    0.377155    0.000000
  335  1   -0.350866    1.000000    0.000000    0.132921    0.000000
  336  1   -0.256452    1.000000    0.000000   -0.247301    0.000000
  2
    1    2
    1  2  -55.927155    2.000000    0.000000    0.000000    0.000000
    3  2  -55.925872    2.000000    0.000000    0.000000    0.000000
    5  2  -55.519037    2.000000    0.000000    0.000000    0.000000
    7  2  -55.517776    2.000000    0.000000    0.000000    0.000000
    9  2  -55.026160    2.000000    0.000000    0.000000    0.000000
   11  2  -55.024880    2.000000    0.000000    0.000000    0.000000
   13  2  -50.751415    2.000000    0.000000    0.000000    0.000000
   15  2  -50.750169    2.000000    0.000000    0.000000    0.000000
   17  2  -50.347852    2.000000    0.000000    0.000000    0.000000
   19  2  -50.346707    2.000000    0.000000    0.000000    0.000000
   21  2  -49.995695    2.000000    0.000000    0.000000    0.000000
   23  2  -49.994457    2.000000    0.000000    0.000000    0.000000
   25  8  -47.328347    8.000000    0.000000    0.000000    0.000000
   33  8  -47.321267    8.000000    0.000000    0.000000    0.000000
   41  8  -47.042016    8.000000    0.000000    0.000000    0.000000
   49  8  -47.038762    8.000000    0.000000    0.000000    0.000000
   57  8  -47.036711    8.000000    0.000000    0.000000    0.000000
   65  8  -47.030973    8.000000    0.000000    0.000000    0.000000
   73  8  -28.232012    8.000000    0.000000    0.000000    0.000000
   81  8  -28.201949    8.000000    0.000000    0.000000    0.000000
   89  8  -28.198565    8.000000    0.000000    0.000000    0.000000
   97  8  -28.088876    8.000000    0.000000    0.000000    0.000000
  105  4  -27.633176    4.000000    0.000000    0.000000    0.000000
  109  4  -27.631984    4.000000    0.000000    0.000000    0.000000
  113 12  -27.627247   12.000000    0.000000    0.000000    0.000000
  125  4  -27.626216    4.000000    0.000000    0.000000    0.000000
  129  4  -27.613118    4.000000    0.000000    0.000000    0.000000
  133  4  -27.611791    4.000000    0.000000    0.000000    0.000000
  137  8  -27.562325    8.000000    0.000000    0.000000    0.000000
  145  8  -27.442114    8.000000    0.000000    0.000000    0.000000
  153  8  -11.428220    8.000000    0.000000    0.000000    0.000000
  161  8  -10.135630    8.000000    0.000000   -0.000000    0.000000
  169  2   -7.539997    2.000000    0.000000    0.000000    0.000000
  171  2   -7.538658    2.000000    0.000000    0.000000    0.000000
  173  2   -7.516225    2.000000    0.000000    0.000001    0.000000
  175  2   -7.514966    2.000000    0.000000   -0.000000    0.000000
  177  2   -7.492341    2.000000    0.000000   -0.000001    0.000000
  179  2   -7.491108    2.000000    0.000000    0.000000    0.000000
  181  2   -7.468231    2.000000    0.000000    0.000000    0.000000
  183  2   -7.466974    2.000000    0.000000    0.000000    0.000000
  185  2   -7.443985    2.000000    0.000000   -0.000001    0.000000
  187  2   -7.442646    2.000000    0.000000   -0.000001    0.000000
  189  8   -5.428575    8.000000    0.000000    0.000000    0.000000
  197  4   -5.084651    4.000000    0.000000    0.000000    0.000000
  201  4   -5.082640    4.000000    0.000000    0.000000    0.000000
  205  4   -4.775214    4.000000    0.000000    0.000000    0.000000
  209  8   -3.871036    8.000000    0.000000    0.000000    0.000000
  217  8   -3.767016    8.000000    0.000000    0.000000    0.000000
  225  4   -3.732090    4.000000    0.000000    0.000000    0.000000
  229  2   -3.153328    2.000000    0.000000   -0.005144    0.000000
  231  2   -3.152252    2.000000    0.000000    0.005048    0.000000
  233  2   -3.132082    2.000000    0.000000   -0.000342    0.000000
  235  2   -3.130966    2.000000    0.000000    0.000447    0.000000
  237  2   -3.111719    2.000000    0.000000    0.007219    0.000000
  239  2   -3.110163    2.000000    0.000000   -0.008249    0.000000
  241  2   -3.090011    2.000000    0.000000    0.001862    0.000000
  243  2   -3.088890    2.000000    0.000000   -0.001886    0.000000
  245  2   -3.069156    2.000000    0.000000    0.012749    0.000000
  247  2   -3.068083    2.000000    0.000000   -0.013032    0.000000
  249  3   -3.049225    3.000000    0.000000    0.999990    0.000000
  252  1   -3.048148    1.000000    0.000000   -0.999990    0.000000
  253  3   -3.035995    3.000000    0.000000   -0.999938    0.000000
  256  1   -3.034952    1.000000    0.000000    0.999938    0.000000
  257  4   -2.839257    4.000000    0.000000   -0.000290    0.000000
  261  4   -2.821543    4.000000    0.000000    0.000056    0.000000
  265  8   -2.450621    8.000000    0.000000   -0.000001    0.000000
  273  4   -2.374998    4.000000    0.000000   -0.000086    0.000000
  277  4   -2.373927    4.000000    0.000000    0.000086    0.000000
  281  3   -1.037883    3.000000    0.000000    0.362321    0.000000
  284  1   -1.036863    1.000000    0.000000   -0.347943    0.000000
  285  3   -1.008527    3.000000    0.000000    0.207975    0.000000
  288  3   -1.006906    3.000000    0.000000   -0.051958    0.000000
  291  1   -1.005354    1.000000    0.000000   -0.448301    0.000000
  292  1   -1.000576    1.000000    0.000000    0.277067    0.000000
  293  4   -0.981411    4.000000    0.000000   -0.002768    0.000000
  297  1   -0.850200    1.000000    0.000000    0.951483    0.000000
  298  1   -0.847977    1.000000    0.000000   -0.853498    0.000000
  299  2   -0.846155    2.000000    0.000000   -0.079118    0.000000
  301  2   -0.839359    2.000000    0.000000   -0.054076    0.000000
  303  2   -0.831938    2.000000    0.000000   -0.285815    0.000000
  305  1   -0.830030    1.000000    0.000000   -0.675174    0.000000
  306  1   -0.826421    1.000000    0.000000    0.854220    0.000000
  307  2   -0.822941    2.000000    0.000000    0.156556    0.000000
  309  1   -0.809442    1.000000    0.000000    0.934451    0.000000
  310  1   -0.805993    1.000000    0.000000   -0.890084    0.000000
  311  1   -0.801084    1.000000    0.000000   -0.255638    0.000000
  312  1   -0.799120    1.000000    0.000000    0.088342    0.000000
  313  1   -0.795800    1.000000    0.000000   -0.076168    0.000000
  314  1   -0.793541    1.000000    0.000000   -0.007933    0.000000
  315  1   -0.791430    1.000000    0.000000   -0.574543    0.000000
  316  1   -0.790410    1.000000    0.000000    0.650047    0.000000
  317  3   -0.789148    3.000000    0.000000    0.584796    0.000000
  320  1   -0.777178    1.000000    0.000000   -0.344696    0.000000
  321  2   -0.748202    2.000000    0.000000   -0.173474    0.000000
  323  1   -0.746478    1.000000    0.000000    0.092238    0.000000
  324  1   -0.740913    1.000000    0.000000   -0.000552    0.000000
  325  1   -0.502503    1.000000    0.000000   -0.936502    0.000000
  326  1   -0.492529    1.000000    0.000000    0.788995    0.000000
  327  1   -0.468265    1.000000    0.000000   -0.126338    0.000000
  328  1   -0.464398    1.000000    0.000000   -0.026663    0.000000
  329  1   -0.459569    1.000000    0.000000    0.367115    0.000000
  330  1   -0.453171    1.000000    0.000000   -0.571791    0.000000
  331  1   -0.446956    1.000000    0.000000    0.209816    0.000000
  332  1   -0.436226    1.000000    0.000000    0.043629    0.000000
  333  1   -0.430247    1.000000    0.000000   -0.136592    0.000000
  334  1   -0.400553    1.000000    0.000000   -0.431315    0.000000
  335  1   -0.333870    1.000000    0.000000   -0.104751    0.000000
  336  1   -0.251662    1.000000    0.000000   -0.204084    0.000000
  2
    1    2
    1  2  -55.927154    2.000000    0.000000    0.000000    0.000000
    3  2  -55.925872    2.000000    0.000000    0.000000    0.000000
    5  2  -55.519037    2.000000    0.000000    0.000000    0.000000
    7  2  -55.517776    2.000000    0.000000    0.000000    0.000000
    9  2  -55.026159    2.000000    0.000000    0.000000    0.000000
   11  2  -55.024880    2.000000    0.000000    0.000000    0.000000
   13  2  -50.751414    2.000000    0.000000    0.000000    0.000000
   15  2  -50.750168    2.000000    0.000000    0.000000    0.000000
   17  2  -50.347852    2.000000    0.000000    0.000000    0.000000
   19  2  -50.346707    2.000000    0.000000    0.000000    0.000000
   21  2  -49.995694    2.000000    0.000000    0.000000    0.000000
   23  2  -49.994457    2.000000    0.000000    0.000000    0.000000
   25  8  -47.328347    8.000000    0.000000    0.000000    0.000000
   33  8  -47.321265    8.000000    0.000000    0.000000    0.000000
   41  8  -47.042014    8.000000    0.000000    0.000000    0.000000
   49  8  -47.038761    8.000000    0.000000    0.000000    0.000000
   57  8  -47.036711    8.000000    0.000000    0.000000    0.000000
   65  8  -47.030971    8.000000    0.000000    0.000000    0.000000
   73  8  -28.232011    8.000000    0.000000    0.000000    0.000000
   81  8  -28.201949    8.000000    0.000000    0.000000    0.000000
   89  8  -28.198565    8.000000    0.000000    0.000000    0.000000
   97  8  -28.088875    8.000000    0.000000    0.000000    0.000000
  105  4  -27.633176    4.000000    0.000000    0.000000    0.000000
  109  4  -27.631984    4.000000    0.000000    0.000000    0.000000
  113 12  -27.627247   12.000000    0.000000    0.000000    0.000000
  125  4  -27.626215    4.000000    0.000000    0.000000    0.000000
  129  4  -27.613118    4.000000    0.000000    0.000000    0.000000
  133  4  -27.611791    4.000000    0.000000    0.000000    0.000000
  137  8  -27.562324    8.000000    0.000000    0.000000    0.000000
  145  8  -27.442113    8.000000    0.000000    0.000000    0.000000
  153  8  -11.428220    8.000000    0.000000    0.000000    0.000000
  161  8  -10.135630    8.000000    0.000000    0.000000    0.000000
  169  2   -7.539997    2.000000    0.000000   -0.000000    0.000000
  171  2   -7.538658    2.000000    0.000000    0.000000    0.000000
  173  2   -7.516225    2.000000    0.000000    0.000000    0.000000
  175  2   -7.514966    2.000000    0.000000    0.000000    0.000000
  177  2   -7.492341    2.000000    0.000000   -0.000002    0.000000
  179  2   -7.491107    2.000000    0.000000   -0.000003    0.000000
  181  2   -7.468231    2.000000    0.000000    0.000002    0.000000
  183  2   -7.466974    2.000000    0.000000   -0.000001    0.000000
  185  2   -7.443985    2.000000    0.000000    0.000000    0.000000
  187  2   -7.442646    2.000000    0.000000    0.000002    0.000000
  189  8   -5.428570    8.000000    0.000000    0.000000    0.000000
  197  4   -5.084632    4.000000    0.000000    2.000000    0.000000
  201  4   -5.082623    4.000000    0.000000   -2.000000    0.000000
  205  4   -4.775193    4.000000    0.000000    0.000000    0.000000
  209  8   -3.871478    8.000000    0.000000    0.000000    0.000000
  217  8   -3.766699    8.000000    0.000000    0.000000    0.000000
  225  4   -3.732000    4.000000    0.000000    0.000000    0.000000
  229  2   -3.153329    2.000000    0.000000   -0.002442    0.000000
  231  2   -3.152238    2.000000    0.000000    0.002316    0.000000
  233  2   -3.132078    2.000000    0.000000    0.010426    0.000000
  235  2   -3.130981    2.000000    0.000000   -0.010372    0.000000
  237  2   -3.111700    2.000000    0.000000    0.012181    0.000000
  239  2   -3.110177    2.000000    0.000000   -0.010408    0.000000
  241  2   -3.089994    2.000000    0.000000    0.002142    0.000000
  243  2   -3.088910    2.000000    0.000000   -0.001823    0.000000
  245  2   -3.069145    2.000000    0.000000   -0.019968    0.000000
  247  2   -3.068091    2.000000    0.000000    0.019772    0.000000
  249  3   -3.049104    3.000000    0.000000    1.000003    0.000000
  252  1   -3.047939    1.000000    0.000000    0.999994    0.000000
  253  3   -3.035937    3.000000    0.000000   -1.000006    0.000000
  256  1   -3.034805    1.000000    0.000000   -0.999993    0.000000
  257  3   -2.839022    3.000000    0.000000    1.000974    0.000000
  260  1   -2.837913    1.000000    0.000000    0.999025    0.000000
  261  3   -2.821400    3.000000    0.000000   -1.000060    0.000000
  264  1   -2.820289    1.000000    0.000000   -0.999936    0.000000
  265  5   -2.454700    5.000000    0.000000   -1.005004    0.000000
  270  3   -2.453561    3.000000    0.000000    1.005004    0.000000
  273  6   -2.371719    6.000000    0.000000   -1.997581    0.000000
  279  2   -2.370571    2.000000    0.000000    1.997583    0.000000
  281  2   -1.115340    2.000000    0.000000   -1.840071    0.000000
  283  2   -1.114257    2.000000    0.000000   -0.148744    0.000000
  285  4   -1.076821    4.000000    0.000000    1.989207    0.000000
  289  3   -0.919613    3.000000    0.000000   -1.036938    0.000000
  292  2   -0.918463    2.000000    0.000000   -1.185361    0.000000
  294  1   -0.916415    1.000000    0.000000    0.212088    0.000000
  295  1   -0.912524    1.000000    0.000000   -0.882583    0.000000
  296  1   -0.911368    1.000000    0.000000   -0.824520    0.000000
  297  1   -0.905710    1.000000    0.000000    0.972553    0.000000
  298  1   -0.903339    1.000000    0.000000    0.119003    0.000000
  299  1   -0.901225    1.000000    0.000000    0.125638    0.000000
  300  1   -0.893540    1.000000    0.000000    0.485487    0.000000
  301  1   -0.857672    1.000000    0.000000    0.944075    0.000000
  302  1   -0.851857    1.000000    0.000000   -0.631987    0.000000
  303  1   -0.849931    1.000000    0.000000   -0.083489    0.000000
  304  1   -0.848404    1.000000    0.000000    0.339030    0.000000
  305  1   -0.844389    1.000000    0.000000    0.631053    0.000000
  306  1   -0.841846    1.000000    0.000000    0.199708    0.000000
  307  1   -0.839699    1.000000    0.000000   -0.089951    0.000000
  308  2   -0.837261    2.000000    0.000000   -0.002459    0.000000
  310  1   -0.832049    1.000000    0.000000    0.583311    0.000000
  311  1   -0.827175    1.000000    0.000000    0.086210    0.000000
  312  1   -0.823457    1.000000    0.000000   -0.298782    0.000000
  313  2   -0.821462    2.000000    0.000000   -0.003744    0.000000
  315  1   -0.820249    1.000000    0.000000   -0.057953    0.000000
  316  1   -0.817719    1.000000    0.000000    0.403411    0.000000
  317  2   -0.711473    2.000000    0.000000   -1.936318    0.000000
  319  1   -0.709926    1.000000    0.000000    0.574482    0.000000
  320  1   -0.706266    1.000000    0.000000   -0.465720    0.000000
  321  1   -0.687057    1.000000    0.000000    0.016643    0.000000
  322  2   -0.685915    2.000000    0.000000    1.618151    0.000000
  324  1   -0.680698    1.000000    0.000000    0.166143    0.000000
  325  1   -0.494996    1.000000    0.000000    0.742774    0.000000
  326  1   -0.489649    1.000000    0.000000   -0.750004    0.000000
  327  1   -0.461052    1.000000    0.000000    0.864337    0.000000
  328  1   -0.453662    1.000000    0.000000   -0.728953    0.000000
  329  1   -0.427641    1.000000    0.000000   -0.249368    0.000000
  330  1   -0.424714    1.000000    0.000000   -0.022311    0.000000
  331  1   -0.419088    1.000000    0.000000    0.285447    0.000000
  332  1   -0.412277    1.000000    0.000000    0.455382    0.000000
  333  1   -0.405523    1.000000    0.000000   -0.338566    0.000000
  334  1   -0.377223    1.000000    0.000000    0.183802    0.000000
  335  1   -0.345529    1.000000    0.000000    0.293470    0.000000
  336  1   -0.235070    1.000000    0.000000    0.343726    0.000000
  2
    1    2
    1  2  -55.927155    2.000000    0.000000    0.000000    0.000000
    3  2  -55.925872    2.000000    0.000000    0.000000    0.000000
    5  2  -55.519037    2.000000    0.000000    0.000000    0.000000
    7  2  -55.517776    2.000000    0.000000    0.000000    0.000000
    9  2  -55.026160    2.000000    0.000000    0.000000    0.000000
   11  2  -55.024880    2.000000    0.000000    0.000000    0.000000
   13  2  -50.751415    2.000000    0.000000    0.000000    0.000000
   15  2  -50.750169    2.000000    0.000000    0.000000    0.000000
   17  2  -50.347852    2.000000    0.000000    0.000000    0.000000
   19  2  -50.346707    2.000000    0.000000    0.000000    0.000000
   21  2  -49.995695    2.000000    0.000000    0.000000    0.000000
   23  2  -49.994457    2.000000    0.000000    0.000000    0.000000
   25  8  -47.328347    8.000000    0.000000    0.000000    0.000000
   33  8  -47.321267    8.000000    0.000000    0.000000    0.000000
   41  8  -47.042016    8.000000    0.000000    0.000000    0.000000
   49  8  -47.038762    8.000000    0.000000    0.000000    0.000000
   57  8  -47.036711    8.000000    0.000000    0.000000    0.000000
   65  8  -47.030973    8.000000    0.000000    0.000000    0.000000
   73  8  -28.232012    8.000000    0.000000    0.000000    0.000000
   81  8  -28.201949    8.000000    0.000000    0.000000    0.000000
   89  8  -28.198565    8.000000    0.000000    0.000000    0.000000
   97  8  -28.088876    8.000000    0.000000    0.000000    0.000000
  105  4  -27.633176    4.000000    0.000000    0.000000    0.000000
  109  4  -27.631984    4.000000    0.000000    0.000000    0.000000
  113 12  -27.627247   12.000000    0.000000    0.000000    0.000000
  125  4  -27.626216    4.000000    0.000000    0.000000    0.000000
  129  4  -27.613118    4.000000    0.000000    0.000000    0.000000
  133  4  -27.611791    4.000000    0.000000    0.000000    0.000000
  137  8  -27.562325    8.000000    0.000000    0.000000    0.000000
  145  8  -27.442114    8.000000    0.000000   -0.000000    0.000000
  153  8  -11.428220    8.000000    0.000000    0.000000    0.000000
  161  8  -10.135630    8.000000    0.000000    0.000000    0.000000
  169  2   -7.539997    2.000000    0.000000   -0.000001    0.000000
  171  2   -7.538658    2.000000    0.000000   -0.000000    0.000000
  173  2   -7.516225    2.000000    0.000000   -0.000000    0.000000
  175  2   -7.514966    2.000000    0.000000   -0.000002    0.000000
  177  2   -7.492341    2.000000    0.000000    0.000001    0.000000
  179  2   -7.491108    2.000000    0.000000   -0.000000    0.000000
  181  2   -7.468231    2.000000    0.000000   -0.000001    0.000000
  183  2   -7.466974    2.000000    0.000000   -0.000001    0.000000
  185  2   -7.443985    2.000000    0.000000    0.000002    0.000000
  187  2   -7.442646    2.000000    0.000000   -0.000002    0.000000
  189  8   -5.428575    8.000000    0.000000    0.000000    0.000000
  197  4   -5.084651    4.000000    0.000000    0.000000    0.000000
  201  4   -5.082640    4.000000    0.000000    0.000000    0.000000
  205  4   -4.775214    4.000000    0.000000    0.000000    0.000000
  209  8   -3.871036    8.000000    0.000000    0.000000    0.000000
  217  8   -3.767016    8.000000    0.000000    0.000000    0.000000
  225  4   -3.732090    4.000000    0.000000    0.000000    0.000000
  229  2   -3.153334    2.000000    0.000000    0.016963    0.000000
  231  2   -3.152261    2.000000    0.000000   -0.017056    0.000000
  233  2   -3.132080    2.000000    0.000000   -0.035617    0.000000
  235  2   -3.130986    2.000000    0.000000    0.034891    0.000000
  237  2   -3.111716    2.000000    0.000000   -0.012556    0.000000
  239  2   -3.110157    2.000000    0.000000    0.011472    0.000000
  241  2   -3.090007    2.000000    0.000000    0.005088    0.000000
  243  2   -3.088909    2.000000    0.000000   -0.005436    0.000000
  245  2   -3.069147    2.000000    0.000000   -0.001204    0.000000
  247  2   -3.068106    2.000000    0.000000    0.001398    0.000000
  249  3   -3.049238    3.000000    0.000000    0.999942    0.000000
  252  1   -3.048157    1.000000    0.000000   -0.999940    0.000000
  253  3   -3.036007    3.000000    0.000000   -0.999957    0.000000
  256  1   -3.034962    1.000000    0.000000    0.999956    0.000000
  257  4   -2.839264    4.000000    0.000000   -0.000011    0.000000
  261  4   -2.821548    4.000000    0.000000    0.000014    0.000000
  265  8   -2.450619    8.000000    0.000000   -0.000006    0.000000
  273  4   -2.374987    4.000000    0.000000   -0.004098    0.000000
  277  4   -2.373922    4.000000    0.000000    0.004095    0.000000
  281  4   -1.037378    4.000000    0.000000   -0.021463    0.000000
  285  3   -1.008964    3.000000    0.000000    0.232428    0.000000
  288  4   -1.006749    4.000000    0.000000   -0.318314    0.000000
  292  1   -0.999628    1.000000    0.000000    0.090519    0.000000
  293  3   -0.981054    3.000000    0.000000    0.049318    0.000000
  296  1   -0.979450    1.000000    0.000000   -0.039467    0.000000
  297  1   -0.850458    1.000000    0.000000    0.934420    0.000000
  298  1   -0.847934    1.000000    0.000000   -0.910463    0.000000
  299  1   -0.845839    1.000000    0.000000    0.504753    0.000000
  300  1   -0.844639    1.000000    0.000000   -0.528417    0.000000
  301  1   -0.840238    1.000000    0.000000    0.895347    0.000000
  302  1   -0.837751    1.000000    0.000000   -0.779065    0.000000
  303  2   -0.832557    2.000000    0.000000   -0.218320    0.000000
  305  1   -0.830663    1.000000    0.000000   -0.822410    0.000000
  306  1   -0.826504    1.000000    0.000000    0.911593    0.000000
  307  2   -0.823481    2.000000    0.000000    0.030740    0.000000
  309  1   -0.809617    1.000000    0.000000    0.968826    0.000000
  310  1   -0.805512    1.000000    0.000000   -0.945045    0.000000
  311  2   -0.801120    2.000000    0.000000    0.012493    0.000000
  313  1   -0.795839    1.000000    0.000000   -0.006166    0.000000
  314  1   -0.794687    1.000000    0.000000   -0.098075    0.000000
  315  1   -0.791542    1.000000    0.000000   -0.590696    0.000000
  316  1   -0.790438    1.000000    0.000000    0.166369    0.000000
  317  1   -0.789315    1.000000    0.000000    0.254370    0.000000
  318  2   -0.786862    2.000000    0.000000    0.657570    0.000000
  320  1   -0.782776    1.000000    0.000000   -0.270808    0.000000
  321  2   -0.748229    2.000000    0.000000   -0.025876    0.000000
  323  2   -0.745679    2.000000    0.000000   -0.109325    0.000000
  325  1   -0.497594    1.000000    0.000000    0.298660    0.000000
  326  1   -0.496296    1.000000    0.000000   -0.216613    0.000000
  327  1   -0.469629    1.000000    0.000000    0.464370    0.000000
  328  1   -0.467139    1.000000    0.000000    0.033727    0.000000
  329  1   -0.461286    1.000000    0.000000   -0.154208    0.000000
  330  1   -0.456861    1.000000    0.000000   -0.493533    0.000000
  331  1   -0.451994    1.000000    0.000000   -0.324992    0.000000
  332  1   -0.437828    1.000000    0.000000    0.414693    0.000000
  333  1   -0.430588    1.000000    0.000000   -0.056804    0.000000
  334  1   -0.412958    1.000000    0.000000    0.032980    0.000000
  335  1   -0.364563    1.000000    0.000000   -0.122784    0.000000
  336  1   -0.276109    1.000000    0.000000    0.022940    0.000000
  2
    1    2
    1  2  -55.927155    2.000000    0.000000   -0.000000    0.000000
    3  2  -55.925872    2.000000    0.000000    0.000001    0.000000
    5  2  -55.519037    2.000000    0.000000    0.000000    0.000000
    7  2  -55.517776    2.000000    0.000000    0.000000    0.000000
    9  2  -55.026160    2.000000    0.000000   -0.000001    0.000000
   11  2  -55.024880    2.000000    0.000000    0.000000    0.000000
   13  2  -50.751415    2.000000    0.000000    0.000000    0.000000
   15  2  -50.750169    2.000000    0.000000    0.000000    0.000000
   17  2  -50.347852    2.000000    0.000000    0.000000    0.000000
   19  2  -50.346707    2.000000    0.000000    0.000000    0.000000
   21  2  -49.995695    2.000000    0.000000    0.000000    0.000000
   23  2  -49.994457    2.000000    0.000000    0.000000    0.000000
   25  8  -47.328347    8.000000    0.000000    0.000000    0.000000
   33  8  -47.321267    8.000000    0.000000    0.000000    0.000000
   41  8  -47.042016    8.000000    0.000000    0.000000    0.000000
   49  8  -47.038762    8.000000    0.000000    0.000000    0.000000
   57  8  -47.036711    8.000000    0.000000    0.000000    0.000000
   65  8  -47.030973    8.000000    0.000000    0.000000    0.000000
   73  8  -28.232012    8.000000    0.000000    0.000000    0.000000
   81  8  -28.201949    8.000000    0.000000    0.000000    0.000000
   89  8  -28.198565    8.000000    0.000000    0.000000    0.000000
   97  8  -28.088876    8.000000    0.000000    0.000000    0.000000
  105  4  -27.633176    4.000000    0.000000    0.000000    0.000000
  109  4  -27.631984    4.000000    0.000000    0.000000    0.000000
  113 12  -27.627247   12.000000    0.000000    0.000000    0.000000
  125  4  -27.626216    4.000000    0.000000    0.000000    0.000000
  129  4  -27.613118    4.000000    0.000000    0.000000    0.000000
  133  4  -27.611791    4.000000    0.000000    0.000000    0.000000
  137  8  -27.562325    8.000000    0.000000    0.000000    0.000000
  145  8  -27.442114    8.000000    0.000000    0.000001    0.000000
  153  8  -11.428220    8.000000    0.000000    0.000000    0.000000
  161  8  -10.135630    8.000000    0.000000    0.000000    0.000000
  169  2   -7.539997    2.000000    0.000000    0.000000    0.000000
  171  2   -7.538658    2.000000    0.000000    0.000002    0.000000
  173  2   -7.516225    2.000000    0.000000   -0.000001    0.000000
  175  2   -7.514966    2.000000    0.000000    0.000001    0.000000
  177  2   -7.492341    2.000000    0.000000   -0.000001    0.000000
  179  2   -7.491108    2.000000    0.000000   -0.000001    0.000000
  181  2   -7.468231    2.000000    0.000000   -0.000001    0.000000
  183  2   -7.466974    2.000000    0.000000    0.000002    0.000000
  185  2   -7.443985    2.000000    0.000000   -0.000000    0.000000
  187  2   -7.442646    2.000000    0.000000    0.000002    0.000000
  189  8   -5.428575    8.000000    0.000000    0.000000    0.000000
  197  4   -5.084651    4.000000    0.000000    0.000000    0.000000
  201  4   -5.082640    4.000000    0.000000    0.000000    0.000000
  205  4   -4.775214    4.000000    0.000000    0.000000    0.000000
  209  8   -3.871036    8.000000    0.000000    0.000000    0.000000
  217  8   -3.767023    8.000000    0.000000    0.000000    0.000000
  225  4   -3.732090    4.000000    0.000000    0.000000    0.000000
  229  2   -3.153330    2.000000    0.000000    0.006843    0.000000
  231  2   -3.152240    2.000000    0.000000   -0.006636    0.000000
  233  2   -3.132080    2.000000    0.000000    0.007371    0.000000
  235  2   -3.130970    2.000000    0.000000   -0.007450    0.000000
  237  2   -3.111724    2.000000    0.000000   -0.042871    0.000000
  239  2   -3.110212    2.000000    0.000000    0.042509    0.000000
  241  2   -3.089996    2.000000    0.000000    0.027500    0.000000
  243  2   -3.088911    2.000000    0.000000   -0.027625    0.000000
  245  2   -3.069147    2.000000    0.000000   -0.039442    0.000000
  247  2   -3.068098    2.000000    0.000000    0.039434    0.000000
  249  3   -3.049208    3.000000    0.000000    0.999990    0.000000
  252  1   -3.048132    1.000000    0.000000   -0.999989    0.000000
  253  3   -3.035976    3.000000    0.000000   -0.999912    0.000000
  256  1   -3.034938    1.000000    0.000000    0.999912    0.000000
  257  4   -2.839248    4.000000    0.000000   -0.000011    0.000000
  261  4   -2.821533    4.000000    0.000000    0.000098    0.000000
  265  8   -2.450616    8.000000    0.000000    0.000001    0.000000
  273  4   -2.375001    4.000000    0.000000   -0.001065    0.000000
  277  4   -2.373925    4.000000    0.000000    0.001069    0.000000
  281  2   -1.037783    2.000000    0.000000   -0.410815    0.000000
  283  2   -1.036291    2.000000    0.000000    0.395504    0.000000
  285  3   -1.008815    3.000000    0.000000   -0.679225    0.000000
  288  3   -1.006785    3.000000    0.000000    0.562379    0.000000
  291  2   -1.003810    2.000000    0.000000    0.075383    0.000000
  293  3   -0.981449    3.000000    0.000000    0.256831    0.000000
  296  1   -0.979161    1.000000    0.000000   -0.200517    0.000000
  297  1   -0.850530    1.000000    0.000000    0.876933    0.000000
  298  1   -0.847578    1.000000    0.000000   -0.962419    0.000000
  299  1   -0.846470    1.000000    0.000000   -0.195696    0.000000
  300  1   -0.844883    1.000000    0.000000    0.243767    0.000000
  301  1   -0.840039    1.000000    0.000000    0.718787    0.000000
  302  1   -0.838247    1.000000    0.000000   -0.749012    0.000000
  303  1   -0.831907    1.000000    0.000000    0.533325    0.000000
  304  1   -0.830756    1.000000    0.000000   -0.372231    0.000000
  305  1   -0.828183    1.000000    0.000000   -0.139678    0.000000
  306  1   -0.825809    1.000000    0.000000    0.254099    0.000000
  307  1   -0.823676    1.000000    0.000000    0.168765    0.000000
  308  1   -0.821835    1.000000    0.000000   -0.269480    0.000000
  309  1   -0.809306    1.000000    0.000000    0.956794    0.000000
  310  1   -0.805521    1.000000    0.000000   -0.908199    0.000000
  311  2   -0.801075    2.000000    0.000000    0.152240    0.000000
  313  1   -0.795759    1.000000    0.000000   -0.463536    0.000000
  314  1   -0.794247    1.000000    0.000000    0.192644    0.000000
  315  2   -0.790930    2.000000    0.000000   -0.671487    0.000000
  317  1   -0.788443    1.000000    0.000000    0.392180    0.000000
  318  2   -0.787339    2.000000    0.000000    0.169781    0.000000
  320  1   -0.774207    1.000000    0.000000    0.207439    0.000000
  321  3   -0.748462    3.000000    0.000000    0.735036    0.000000
  324  1   -0.745045    1.000000    0.000000   -0.810229    0.000000
  325  1   -0.502860    1.000000    0.000000   -0.965996    0.000000
  326  1   -0.481992    1.000000    0.000000    0.717832    0.000000
  327  1   -0.467619    1.000000    0.000000   -0.355523    0.000000
  328  2   -0.459933    2.000000    0.000000    0.394956    0.000000
  330  1   -0.452969    1.000000    0.000000   -0.338204    0.000000
  331  1   -0.441165    1.000000    0.000000   -0.009900    0.000000
  332  1   -0.436788    1.000000    0.000000    0.118079    0.000000
  333  1   -0.426745    1.000000    0.000000    0.133528    0.000000
  334  1   -0.402833    1.000000    0.000000    0.221069    0.000000
  335  1   -0.344733    1.000000    0.000000   -0.241709    0.000000
  336  1   -0.266447    1.000000    0.000000   -0.584627    0.000000
  2
    1    2
    1  2  -55.927155    2.000000    0.000000    0.000000    0.000000
    3  2  -55.925872    2.000000    0.000000   -0.000000    0.000000
    5  2  -55.519037    2.000000    0.000000    0.000000    0.000000
    7  2  -55.517776    2.000000    0.000000    0.000000    0.000000
    9  2  -55.026160    2.000000    0.000000   -0.000000    0.000000
   11  2  -55.024880    2.000000    0.000000   -0.000000    0.000000
   13  2  -50.751415    2.000000    0.000000    0.000000    0.000000
   15  2  -50.750169    2.000000    0.000000    0.000000    0.000000
   17  2  -50.347853    2.000000    0.000000    0.000000    0.000000
   19  2  -50.346708    2.000000    0.000000    0.000000    0.000000
   21  2  -49.995695    2.000000    0.000000    0.000000    0.000000
   23  2  -49.994457    2.000000    0.000000    0.000000    0.000000
   25  8  -47.328346    8.000000    0.000000    0.000000    0.000000
   33  8  -47.321266    8.000000    0.000000    0.000000    0.000000
   41  8  -47.042014    8.000000    0.000000    0.000000    0.000000
   49  8  -47.038762    8.000000    0.000000    0.000000    0.000000
   57  8  -47.036713    8.000000    0.000000    0.000000    0.000000
   65  8  -47.030971    8.000000    0.000000    0.000000    0.000000
   73  8  -28.232012    8.000000    0.000000    0.000000    0.000000
   81  8  -28.201950    8.000000    0.000000    0.000000    0.000000
   89  8  -28.198566    8.000000    0.000000    0.000000    0.000000
   97  8  -28.088876    8.000000    0.000000    0.000000    0.000000
  105  4  -27.633176    4.000000    0.000000    0.000000    0.000000
  109  4  -27.631984    4.000000    0.000000    0.000000    0.000000
  113 12  -27.627247   12.000000    0.000000    0.000000    0.000000
  125  4  -27.626216    4.000000    0.000000    0.000000    0.000000
  129  4  -27.613118    4.000000    0.000000    0.000000    0.000000
  133  4  -27.611791    4.000000    0.000000    0.000000    0.000000
  137  8  -27.562324    8.000000    0.000000    0.000000    0.000000
  145  8  -27.442114    8.000000    0.000000    0.000001    0.000000
  153  8  -11.428239    8.000000    0.000000    0.000000    0.000000
  161  8  -10.135637    8.000000    0.000000    0.000000    0.000000
  169  2   -7.539997    2.000000    0.000000   -0.000001    0.000000
  171  2   -7.538658    2.000000    0.000000   -0.000001    0.000000
  173  2   -7.516225    2.000000    0.000000    0.000000    0.000000
  175  2   -7.514966    2.000000    0.000000   -0.000000    0.000000
  177  2   -7.492341    2.000000    0.000000    0.000002    0.000000
  179  2   -7.491108    2.000000    0.000000    0.000001    0.000000
  181  2   -7.468231    2.000000    0.000000   -0.000000    0.000000
  183  2   -7.466974    2.000000    0.000000   -0.000000    0.000000
  185  2   -7.443985    2.000000    0.000000    0.000000    0.000000
  187  2   -7.442646    2.000000    0.000000    0.000003    0.000000
  189  4   -5.429950    4.000000    0.000000    0.000000    0.000000
  193  4   -5.427187    4.000000    0.000000    0.000000    0.000000
  197  2   -5.086636    2.000000    0.000000    0.000000    0.000000
  199  2   -5.084554    2.000000    0.000000    0.000000    0.000000
  201  2   -5.082388    2.000000    0.000000    2.000000    0.000000
  203  2   -5.080447    2.000000    0.000000   -2.000000    0.000000
  205  4   -4.775240    4.000000    0.000000    0.000000    0.000000
  209  4   -3.875814    4.000000    0.000000    0.000000    0.000000
  213  4   -3.865969    4.000000    0.000000    0.000000    0.000000
  217  4   -3.772397    4.000000    0.000000    0.000000    0.000000
  221  4   -3.761301    4.000000    0.000000    0.000000    0.000000
  225  4   -3.732136    4.000000    0.000000    0.000000    0.000000
  229  2   -3.153334    2.000000    0.000000   -0.002866    0.000000
  231  2   -3.152242    2.000000    0.000000    0.002809    0.000000
  233  2   -3.132086    2.000000    0.000000    0.000063    0.000000
  235  2   -3.130958    2.000000    0.000000   -0.000039    0.000000
  237  2   -3.111732    2.000000    0.000000    0.010667    0.000000
  239  2   -3.110186    2.000000    0.000000   -0.009579    0.000000
  241  2   -3.090010    2.000000    0.000000   -0.016461    0.000000
  243  2   -3.088892    2.000000    0.000000    0.016209    0.000000
  245  2   -3.069156    2.000000    0.000000   -0.029496    0.000000
  247  2   -3.068084    2.000000    0.000000    0.029789    0.000000
  249  2   -3.057689    2.000000    0.000000   -0.000007    0.000000
  251  2   -3.043447    2.000000    0.000000    0.000050    0.000000
  253  2   -3.040773    2.000000    0.000000    1.999998    0.000000
  255  2   -3.028481    2.000000    0.000000   -2.000000    0.000000
  257  2   -2.844552    2.000000    0.000000   -0.000001    0.000000
  259  2   -2.833379    2.000000    0.000000    1.999998    0.000000
  261  2   -2.825518    2.000000    0.000000    0.000002    0.000000
  263  2   -2.816898    2.000000    0.000000   -1.999999    0.000000
  265  3   -2.462871    3.000000    0.000000   -0.999185    0.000000
  268  1   -2.461768    1.000000    0.000000    0.999184    0.000000
  269  4   -2.437220    4.000000    0.000000    0.000006    0.000000
  273  2   -2.388773    2.000000    0.000000   -1.999903    0.000000
  275  2   -2.387441    2.000000    0.000000    1.999903    0.000000
  277  4   -2.360008    4.000000    0.000000   -0.000001    0.000000
  281  1   -1.084536    1.000000    0.000000   -0.983641    0.000000
  282  1   -1.081798    1.000000    0.000000   -0.947006    0.000000
  283  1   -1.062739    1.000000    0.000000   -0.947302    0.000000
  284  1   -1.060137    1.000000    0.000000   -0.438362    0.000000
  285  1   -1.055960    1.000000    0.000000    0.933015    0.000000
  286  1   -1.051872    1.000000    0.000000    0.526827    0.000000
  287  1   -1.032562    1.000000    0.000000    0.993405    0.000000
  288  1   -1.027723    1.000000    0.000000    0.849617    0.000000
  289  1   -0.947288    1.000000    0.000000    0.905403    0.000000
  290  1   -0.946174    1.000000    0.000000   -0.869660    0.000000
  291  1   -0.933117    1.000000    0.000000   -0.094090    0.000000
  292  1   -0.931879    1.000000    0.000000    0.156139    0.000000
  293  1   -0.924196    1.000000    0.000000   -0.677596    0.000000
  294  1   -0.920531    1.000000    0.000000    0.611042    0.000000
  295  1   -0.910497    1.000000    0.000000   -0.873133    0.000000
  296  1   -0.906526    1.000000    0.000000    0.793190    0.000000
  297  1   -0.887033    1.000000    0.000000   -0.988665    0.000000
  298  1   -0.882945    1.000000    0.000000   -0.956742    0.000000
  299  1   -0.851287    1.000000    0.000000   -0.929721    0.000000
  300  1   -0.847058    1.000000    0.000000    0.557913    0.000000
  301  1   -0.845123    1.000000    0.000000   -0.767452    0.000000
  302  1   -0.843205    1.000000    0.000000    0.244930    0.000000
  303  1   -0.839779    1.000000    0.000000    0.046036    0.000000
  304  1   -0.834057    1.000000    0.000000    0.019922    0.000000
  305  1   -0.832558    1.000000    0.000000   -0.088468    0.000000
  306  1   -0.831275    1.000000    0.000000    0.446646    0.000000
  307  1   -0.829954    1.000000    0.000000   -0.222140    0.000000
  308  1   -0.826726    1.000000    0.000000   -0.227626    0.000000
  309  1   -0.821428    1.000000    0.000000    0.763320    0.000000
  310  1   -0.819388    1.000000    0.000000    0.590014    0.000000
  311  1   -0.811032    1.000000    0.000000    0.263573    0.000000
  312  2   -0.805363    2.000000    0.000000   -0.000148    0.000000
  314  1   -0.799459    1.000000    0.000000   -0.056195    0.000000
  315  1   -0.787044    1.000000    0.000000    0.854948    0.000000
  316  1   -0.778707    1.000000    0.000000    0.345324    0.000000
  317  1   -0.748898    1.000000    0.000000    0.913106    0.000000
  318  1   -0.732552    1.000000    0.000000   -0.274304    0.000000
  319  1   -0.721398    1.000000    0.000000    0.326341    0.000000
  320  1   -0.715396    1.000000    0.000000   -0.277518    0.000000
  321  1   -0.707889    1.000000    0.000000   -0.698752    0.000000
  322  1   -0.700083    1.000000    0.000000    0.700815    0.000000
  323  1   -0.682923    1.000000    0.000000   -0.707077    0.000000
  324  1   -0.584180    1.000000    0.000000    0.089640    0.000000
  325  1   -0.510021    1.000000    0.000000    0.641632    0.000000
  326  1   -0.504431    1.000000    0.000000   -0.003954    0.000000
  327  1   -0.498179    1.000000    0.000000   -0.568212    0.000000
  328  1   -0.491232    1.000000    0.000000    0.244805    0.000000
  329  1   -0.441778    1.000000    0.000000   -0.534817    0.000000
  330  1   -0.429938    1.000000    0.000000    0.402897    0.000000
  331  1   -0.420917    1.000000    0.000000   -0.025730    0.000000
  332  1   -0.415812    1.000000    0.000000   -0.477329    0.000000
  333  1   -0.412655    1.000000    0.000000   -0.284184    0.000000
  334  1   -0.403913    1.000000    0.000000    0.557126    0.000000
  335  1   -0.376691    1.000000    0.000000   -0.307031    0.000000
  336  1   -0.354577    1.000000    0.000000    0.162812    0.000000
