   53   80
  1
  2
  1  0  0  0  1  0  0  0  1    0.000000    0.000000    0.000000    1.000000    0.000000    0.000000    0.000000    0.000000    0.000000    1.000000    0.000000  1
  1  0  0  0 -1  0  0  0  1    0.000000    0.000000    0.000000    0.000000    0.000000   -1.000000    0.000000    1.000000    0.000000    0.000000    0.000000 -1
  8
    0.000000    0.000000    0.000000
    0.500000    0.000000    0.500000
    0.000000    0.000000    0.500000
    0.500000    0.500000    0.000000
    0.000000    0.500000    0.500000
    0.500000    0.500000    0.500000
    0.500000    0.000000    0.000000
    0.000000    0.500000    0.000000
  1
    1
    1  1  -36.387926    1.000000    0.000000
    2  1  -36.354832    1.000000    0.000000
    3  1  -36.096615    1.000000    0.000000
    4  1  -36.087089    1.000000    0.000000
    5  1  -35.762812    1.000000    0.000000
    6  1  -35.723357    1.000000    0.000000
    7  1  -34.712273    1.000000    0.000000
    8  1  -34.626482    1.000000    0.000000
    9  1  -34.378298    1.000000    0.000000
   10  1  -34.332069    1.000000    0.000000
   11  1  -34.223228    1.000000    0.000000
   12  1  -34.158093    1.000000    0.000000
   13  2  -21.228421    2.000000    0.000000
   15  2  -21.057234    2.000000    0.000000
   17  2  -21.041002    2.000000    0.000000
   19  1  -10.883415    1.000000    0.000000
   20  1  -10.868536    1.000000    0.000000
   21  1   -9.959935    1.000000    0.000000
   22  1   -9.893728    1.000000    0.000000
   23  1   -9.456387    1.000000    0.000000
   24  1   -9.390733    1.000000    0.000000
   25  1   -9.269750    1.000000    0.000000
   26  1   -9.199759    1.000000    0.000000
   27  1   -2.362859    1.000000    0.000000
   28  1   -2.171731    1.000000    0.000000
   29  1   -2.158739    1.000000    0.000000
   30  1   -1.965252    1.000000    0.000000
   31  1   -1.397783    1.000000    0.000000
   32  1   -1.344242    1.000000    0.000000
   33  1   -0.210446    1.000000    0.000000
   34  1    0.041098    1.000000    0.000000
   35  1    0.346846    1.000000    0.000000
   36  1    0.414741    1.000000    0.000000
   37  1    0.518995    1.000000    0.000000
   38  1    0.736003    1.000000    0.000000
   39  1    0.774681    1.000000    0.000000
   40  1    0.839726    1.000000    0.000000
   41  1    0.873882    1.000000    0.000000
   42  1    1.027174    1.000000    0.000000
   43  1    1.623549    1.000000    0.000000
   44  1    1.641980    1.000000    0.000000
   45  1    1.646204    1.000000    0.000000
   46  1    1.771572    1.000000    0.000000
   47  1    2.242328    1.000000    0.000000
   48  1    2.394659    1.000000    0.000000
   49  1    2.547304    1.000000    0.000000
   50  1    2.578349    1.000000    0.000000
   51  1    2.640522    1.000000    0.000000
   52  1    2.897905    1.000000    0.000000
   53  1    2.920506    1.000000    0.000000
   54  1    3.292472    1.000000    0.000000
   55  1    3.333463    1.000000    0.000000
   56  1    3.647988    1.000000    0.000000
   57  1    3.845003    1.000000    0.000000
   58  1    3.909763    1.000000    0.000000
   59  1    3.919746    1.000000    0.000000
   60  1    4.136733    1.000000    0.000000
   61  1    4.853756    1.000000    0.000000
   62  1    5.107830    1.000000    0.000000
   63  1    5.330919    1.000000    0.000000
   64  1    5.536909    1.000000    0.000000
   65  1    5.691706    1.000000    0.000000
   66  1    5.843463    1.000000    0.000000
   67  1    6.113947    1.000000    0.000000
   68  1    6.136278    1.000000    0.000000
   69  1    6.236652    1.000000    0.000000
   70  1    6.321068    1.000000    0.000000
   71  1    6.338691    1.000000    0.000000
   72  1    6.585245    1.000000    0.000000
   73  1    7.557771    1.000000    0.000000
   74  1    7.695598    1.000000    0.000000
   75  1    7.911130    1.000000    0.000000
   76  1    8.129540    1.000000    0.000000
   77  1    8.823428    1.000000    0.000000
   78  1    9.070627    1.000000    0.000000
   79  1    9.365781    1.000000    0.000000
   80  1    9.528640    1.000000    0.000000
  1
    1
    1  1  -36.384351    1.000000    0.000000
    2  1  -36.358144    1.000000    0.000000
    3  1  -36.096615    1.000000    0.000000
    4  1  -36.087036    1.000000    0.000000
    5  1  -35.758479    1.000000    0.000000
    6  1  -35.728072    1.000000    0.000000
    7  1  -34.711336    1.000000    0.000000
    8  1  -34.627187    1.000000    0.000000
    9  1  -34.378050    1.000000    0.000000
   10  1  -34.331669    1.000000    0.000000
   11  1  -34.219897    1.000000    0.000000
   12  1  -34.162513    1.000000    0.000000
   13  2  -21.228441    2.000000    0.000000
   15  2  -21.057260    2.000000    0.000000
   17  2  -21.041016    2.000000    0.000000
   19  1  -10.345135    1.000000    0.000000
   20  1  -10.321238    1.000000    0.000000
   21  1  -10.248422    1.000000    0.000000
   22  1  -10.210538    1.000000    0.000000
   23  1   -9.851694    1.000000    0.000000
   24  1   -9.783660    1.000000    0.000000
   25  1   -9.321337    1.000000    0.000000
   26  1   -9.245930    1.000000    0.000000
   27  1   -1.603944    1.000000    0.000000
   28  1   -1.358703    1.000000    0.000000
   29  1   -1.316658    1.000000    0.000000
   30  1   -1.144693    1.000000    0.000000
   31  1   -0.848551    1.000000    0.000000
   32  1   -0.649502    1.000000    0.000000
   33  1   -0.595153    1.000000    0.000000
   34  1   -0.458319    1.000000    0.000000
   35  1   -0.286712    1.000000    0.000000
   36  1   -0.030285    1.000000    0.000000
   37  1    0.420829    1.000000    0.000000
   38  1    0.464060    1.000000    0.000000
   39  1    0.537440    1.000000    0.000000
   40  1    0.584690    1.000000    0.000000
   41  1    0.805632    1.000000    0.000000
   42  1    0.947382    1.000000    0.000000
   43  1    1.096394    1.000000    0.000000
   44  1    1.129990    1.000000    0.000000
   45  1    1.451541    1.000000    0.000000
   46  1    1.835747    1.000000    0.000000
   47  1    1.861078    1.000000    0.000000
   48  1    1.873314    1.000000    0.000000
   49  1    1.997205    1.000000    0.000000
   50  1    2.247140    1.000000    0.000000
   51  1    2.399865    1.000000    0.000000
   52  1    2.605516    1.000000    0.000000
   53  1    2.863037    1.000000    0.000000
   54  1    3.110567    1.000000    0.000000
   55  1    3.505241    1.000000    0.000000
   56  1    3.714367    1.000000    0.000000
   57  1    3.958660    1.000000    0.000000
   58  1    3.978112    1.000000    0.000000
   59  1    4.257475    1.000000    0.000000
   60  1    4.292705    1.000000    0.000000
   61  1    4.309384    1.000000    0.000000
   62  1    4.974821    1.000000    0.000000
   63  1    5.019273    1.000000    0.000000
   64  1    5.224347    1.000000    0.000000
   65  1    5.382148    1.000000    0.000000
   66  1    5.398529    1.000000    0.000000
   67  1    5.583680    1.000000    0.000000
   68  1    5.897281    1.000000    0.000000
   69  1    6.075900    1.000000    0.000000
   70  1    6.119973    1.000000    0.000000
   71  1    7.574040    1.000000    0.000000
   72  1    7.662076    1.000000    0.000000
   73  1    7.835473    1.000000    0.000000
   74  1    7.907107    1.000000    0.000000
   75  1    9.407929    1.000000    0.000000
   76  1    9.637874    1.000000    0.000000
   77  1    9.813454    1.000000    0.000000
   78  1   10.115977    1.000000    0.000000
   79  1   10.338189    1.000000    0.000000
   80  1   10.623600    1.000000    0.000000
  1
    1
    1  1  -36.387929    1.000000    0.000000
    2  1  -36.354834    1.000000    0.000000
    3  1  -36.096619    1.000000    0.000000
    4  1  -36.087093    1.000000    0.000000
    5  1  -35.762814    1.000000    0.000000
    6  1  -35.723358    1.000000    0.000000
    7  1  -34.712277    1.000000    0.000000
    8  1  -34.626486    1.000000    0.000000
    9  1  -34.378297    1.000000    0.000000
   10  1  -34.332067    1.000000    0.000000
   11  1  -34.223231    1.000000    0.000000
   12  1  -34.158098    1.000000    0.000000
   13  2  -21.228434    2.000000    0.000000
   15  2  -21.057240    2.000000    0.000000
   17  2  -21.041027    2.000000    0.000000
   19  1  -10.838970    1.000000    0.000000
   20  1  -10.824688    1.000000    0.000000
   21  1  -10.015861    1.000000    0.000000
   22  1   -9.950339    1.000000    0.000000
   23  1   -9.478491    1.000000    0.000000
   24  1   -9.412893    1.000000    0.000000
   25  1   -9.261266    1.000000    0.000000
   26  1   -9.191777    1.000000    0.000000
   27  1   -2.360303    1.000000    0.000000
   28  1   -2.172197    1.000000    0.000000
   29  1   -1.739533    1.000000    0.000000
   30  1   -1.495309    1.000000    0.000000
   31  1   -1.305377    1.000000    0.000000
   32  1   -1.243762    1.000000    0.000000
   33  1   -0.212233    1.000000    0.000000
   34  1   -0.016998    1.000000    0.000000
   35  1    0.318985    1.000000    0.000000
   36  1    0.360115    1.000000    0.000000
   37  1    0.404369    1.000000    0.000000
   38  1    0.429398    1.000000    0.000000
   39  1    0.573801    1.000000    0.000000
   40  1    0.733593    1.000000    0.000000
   41  1    0.814997    1.000000    0.000000
   42  1    0.828771    1.000000    0.000000
   43  1    0.924299    1.000000    0.000000
   44  1    0.994016    1.000000    0.000000
   45  1    1.657090    1.000000    0.000000
   46  1    1.663328    1.000000    0.000000
   47  1    2.275483    1.000000    0.000000
   48  1    2.395001    1.000000    0.000000
   49  1    2.565462    1.000000    0.000000
   50  1    2.606072    1.000000    0.000000
   51  1    2.879254    1.000000    0.000000
   52  1    2.889671    1.000000    0.000000
   53  1    2.929426    1.000000    0.000000
   54  1    3.310090    1.000000    0.000000
   55  1    3.461408    1.000000    0.000000
   56  1    3.656849    1.000000    0.000000
   57  1    3.919851    1.000000    0.000000
   58  1    3.932190    1.000000    0.000000
   59  1    4.062777    1.000000    0.000000
   60  1    4.347386    1.000000    0.000000
   61  1    4.855036    1.000000    0.000000
   62  1    5.121927    1.000000    0.000000
   63  1    5.242311    1.000000    0.000000
   64  1    5.483277    1.000000    0.000000
   65  1    5.666800    1.000000    0.000000
   66  1    5.833804    1.000000    0.000000
   67  1    5.930203    1.000000    0.000000
   68  1    6.088327    1.000000    0.000000
   69  1    6.201635    1.000000    0.000000
   70  1    6.320825    1.000000    0.000000
   71  1    7.456660    1.000000    0.000000
   72  1    7.600531    1.000000    0.000000
   73  1    8.044162    1.000000    0.000000
   74  1    8.223714    1.000000    0.000000
   75  1    8.417202    1.000000    0.000000
   76  1    8.553671    1.000000    0.000000
   77  1    8.850654    1.000000    0.000000
   78  1    9.122451    1.000000    0.000000
   79  1    9.190942    1.000000    0.000000
   80  1    9.371568    1.000000    0.000000
  1
    1
    1  1  -36.389844    1.000000    0.000000
    2  1  -36.382897    1.000000    0.000000
    3  1  -36.093208    1.000000    0.000000
    4  1  -36.083974    1.000000    0.000000
    5  1  -35.757016    1.000000    0.000000
    6  1  -35.752689    1.000000    0.000000
    7  1  -34.732719    1.000000    0.000000
    8  1  -34.648928    1.000000    0.000000
    9  1  -34.372839    1.000000    0.000000
   10  1  -34.326819    1.000000    0.000000
   11  1  -34.219795    1.000000    0.000000
   12  1  -34.176925    1.000000    0.000000
   13  2  -21.239513    2.000000    0.000000
   15  2  -21.073229    2.000000    0.000000
   17  2  -21.038702    2.000000    0.000000
   19  1   -9.617791    1.000000    0.000000
   20  1   -9.561888    1.000000    0.000000
   21  1   -9.517966    1.000000    0.000000
   22  1   -9.446844    1.000000    0.000000
   23  1   -9.300955    1.000000    0.000000
   24  1   -9.240792    1.000000    0.000000
   25  1   -9.189257    1.000000    0.000000
   26  1   -9.117045    1.000000    0.000000
   27  1   -2.487398    1.000000    0.000000
   28  1   -2.327292    1.000000    0.000000
   29  1   -2.282167    1.000000    0.000000
   30  1   -2.122720    1.000000    0.000000
   31  1   -1.401541    1.000000    0.000000
   32  1   -1.364420    1.000000    0.000000
   33  1   -1.307815    1.000000    0.000000
   34  1   -1.267333    1.000000    0.000000
   35  1   -0.131953    1.000000    0.000000
   36  1   -0.029503    1.000000    0.000000
   37  1    0.108851    1.000000    0.000000
   38  1    0.223518    1.000000    0.000000
   39  1    0.436409    1.000000    0.000000
   40  1    0.447105    1.000000    0.000000
   41  1    0.689422    1.000000    0.000000
   42  1    0.743388    1.000000    0.000000
   43  1    0.781072    1.000000    0.000000
   44  1    0.846661    1.000000    0.000000
   45  1    0.946693    1.000000    0.000000
   46  1    1.009948    1.000000    0.000000
   47  1    1.290635    1.000000    0.000000
   48  1    1.312496    1.000000    0.000000
   49  1    1.412905    1.000000    0.000000
   50  1    1.443617    1.000000    0.000000
   51  1    2.173298    1.000000    0.000000
   52  1    2.218843    1.000000    0.000000
   53  1    3.159977    1.000000    0.000000
   54  1    3.219317    1.000000    0.000000
   55  1    3.436279    1.000000    0.000000
   56  1    3.444903    1.000000    0.000000
   57  1    3.602679    1.000000    0.000000
   58  1    3.638044    1.000000    0.000000
   59  1    4.662372    1.000000    0.000000
   60  1    4.787972    1.000000    0.000000
   61  1    5.145343    1.000000    0.000000
   62  1    5.171548    1.000000    0.000000
   63  1    5.398169    1.000000    0.000000
   64  1    5.467782    1.000000    0.000000
   65  1    5.576671    1.000000    0.000000
   66  1    5.606700    1.000000    0.000000
   67  1    6.043663    1.000000    0.000000
   68  1    6.084540    1.000000    0.000000
   69  1    6.276347    1.000000    0.000000
   70  1    6.288498    1.000000    0.000000
   71  1    7.048106    1.000000    0.000000
   72  1    7.140268    1.000000    0.000000
   73  1    7.345357    1.000000    0.000000
   74  1    7.347248    1.000000    0.000000
   75  1    7.795622    1.000000    0.000000
   76  1    8.010771    1.000000    0.000000
   77  1    8.016087    1.000000    0.000000
   78  1    8.170783    1.000000    0.000000
   79  1    9.747109    1.000000    0.000000
   80  1    9.786298    1.000000    0.000000
  1
    1
    1  1  -36.389564    1.000000    0.000000
    2  1  -36.382612    1.000000    0.000000
    3  1  -36.093200    1.000000    0.000000
    4  1  -36.083965    1.000000    0.000000
    5  1  -35.757328    1.000000    0.000000
    6  1  -35.752997    1.000000    0.000000
    7  1  -34.732327    1.000000    0.000000
    8  1  -34.648434    1.000000    0.000000
    9  1  -34.372883    1.000000    0.000000
   10  1  -34.326776    1.000000    0.000000
   11  1  -34.220322    1.000000    0.000000
   12  1  -34.177388    1.000000    0.000000
   13  2  -21.239510    2.000000    0.000000
   15  2  -21.073223    2.000000    0.000000
   17  2  -21.038703    2.000000    0.000000
   19  1   -9.649148    1.000000    0.000000
   20  1   -9.595970    1.000000    0.000000
   21  1   -9.551366    1.000000    0.000000
   22  1   -9.483347    1.000000    0.000000
   23  1   -9.287881    1.000000    0.000000
   24  1   -9.226173    1.000000    0.000000
   25  1   -9.175980    1.000000    0.000000
   26  1   -9.102102    1.000000    0.000000
   27  1   -1.688102    1.000000    0.000000
   28  1   -1.515831    1.000000    0.000000
   29  1   -1.481985    1.000000    0.000000
   30  1   -1.424737    1.000000    0.000000
   31  1   -1.320327    1.000000    0.000000
   32  1   -1.295077    1.000000    0.000000
   33  1   -1.259643    1.000000    0.000000
   34  1   -1.132400    1.000000    0.000000
   35  1   -0.322489    1.000000    0.000000
   36  1   -0.267312    1.000000    0.000000
   37  1   -0.256959    1.000000    0.000000
   38  1   -0.174373    1.000000    0.000000
   39  1   -0.114297    1.000000    0.000000
   40  1   -0.048291    1.000000    0.000000
   41  1   -0.003912    1.000000    0.000000
   42  1    0.116830    1.000000    0.000000
   43  1    0.394345    1.000000    0.000000
   44  1    0.421089    1.000000    0.000000
   45  1    0.578445    1.000000    0.000000
   46  1    0.603969    1.000000    0.000000
   47  1    1.039549    1.000000    0.000000
   48  1    1.120005    1.000000    0.000000
   49  1    1.135509    1.000000    0.000000
   50  1    1.249670    1.000000    0.000000
   51  1    2.364576    1.000000    0.000000
   52  1    2.379889    1.000000    0.000000
   53  1    3.218634    1.000000    0.000000
   54  1    3.283501    1.000000    0.000000
   55  1    3.737435    1.000000    0.000000
   56  1    3.746994    1.000000    0.000000
   57  1    3.791279    1.000000    0.000000
   58  1    3.796233    1.000000    0.000000
   59  1    4.501632    1.000000    0.000000
   60  1    4.559105    1.000000    0.000000
   61  1    4.671153    1.000000    0.000000
   62  1    4.793401    1.000000    0.000000
   63  1    5.097715    1.000000    0.000000
   64  1    5.127541    1.000000    0.000000
   65  1    5.315323    1.000000    0.000000
   66  1    5.333788    1.000000    0.000000
   67  1    5.393640    1.000000    0.000000
   68  1    5.468665    1.000000    0.000000
   69  1    6.139695    1.000000    0.000000
   70  1    6.195900    1.000000    0.000000
   71  1    7.703318    1.000000    0.000000
   72  1    7.741384    1.000000    0.000000
   73  1    7.892358    1.000000    0.000000
   74  1    7.990781    1.000000    0.000000
   75  1    9.165604    1.000000    0.000000
   76  1    9.243885    1.000000    0.000000
   77  1    9.482148    1.000000    0.000000
   78  1    9.589741    1.000000    0.000000
   79  1   10.816729    1.000000    0.000000
   80  1   10.973375    1.000000    0.000000
  1
    1
    1  1  -36.389843    1.000000    0.000000
    2  1  -36.382895    1.000000    0.000000
    3  1  -36.093194    1.000000    0.000000
    4  1  -36.083960    1.000000    0.000000
    5  1  -35.757016    1.000000    0.000000
    6  1  -35.752689    1.000000    0.000000
    7  1  -34.732714    1.000000    0.000000
    8  1  -34.648921    1.000000    0.000000
    9  1  -34.372829    1.000000    0.000000
   10  1  -34.326807    1.000000    0.000000
   11  1  -34.219786    1.000000    0.000000
   12  1  -34.176918    1.000000    0.000000
   13  2  -21.239514    2.000000    0.000000
   15  2  -21.073232    2.000000    0.000000
   17  2  -21.038704    2.000000    0.000000
   19  1   -9.619049    1.000000    0.000000
   20  1   -9.563730    1.000000    0.000000
   21  1   -9.518885    1.000000    0.000000
   22  1   -9.448524    1.000000    0.000000
   23  1   -9.300192    1.000000    0.000000
   24  1   -9.239325    1.000000    0.000000
   25  1   -9.189362    1.000000    0.000000
   26  1   -9.116250    1.000000    0.000000
   27  1   -2.419144    1.000000    0.000000
   28  1   -2.287414    1.000000    0.000000
   29  1   -2.202427    1.000000    0.000000
   30  1   -2.074730    1.000000    0.000000
   31  1   -1.434376    1.000000    0.000000
   32  1   -1.404077    1.000000    0.000000
   33  1   -1.276519    1.000000    0.000000
   34  1   -1.244388    1.000000    0.000000
   35  1   -0.342032    1.000000    0.000000
   36  1   -0.188941    1.000000    0.000000
   37  1   -0.094166    1.000000    0.000000
   38  1    0.077677    1.000000    0.000000
   39  1    0.442943    1.000000    0.000000
   40  1    0.453150    1.000000    0.000000
   41  1    0.717743    1.000000    0.000000
   42  1    0.749411    1.000000    0.000000
   43  1    0.904842    1.000000    0.000000
   44  1    0.979171    1.000000    0.000000
   45  1    1.030857    1.000000    0.000000
   46  1    1.083729    1.000000    0.000000
   47  1    1.305227    1.000000    0.000000
   48  1    1.320689    1.000000    0.000000
   49  1    1.416921    1.000000    0.000000
   50  1    1.445198    1.000000    0.000000
   51  1    2.093605    1.000000    0.000000
   52  1    2.148829    1.000000    0.000000
   53  1    3.162332    1.000000    0.000000
   54  1    3.220865    1.000000    0.000000
   55  1    3.399115    1.000000    0.000000
   56  1    3.419663    1.000000    0.000000
   57  1    3.627355    1.000000    0.000000
   58  1    3.657893    1.000000    0.000000
   59  1    4.664127    1.000000    0.000000
   60  1    4.788487    1.000000    0.000000
   61  1    5.166689    1.000000    0.000000
   62  1    5.185098    1.000000    0.000000
   63  1    5.211547    1.000000    0.000000
   64  1    5.318493    1.000000    0.000000
   65  1    5.468689    1.000000    0.000000
   66  1    5.525654    1.000000    0.000000
   67  1    5.980767    1.000000    0.000000
   68  1    6.045712    1.000000    0.000000
   69  1    6.133601    1.000000    0.000000
   70  1    6.140485    1.000000    0.000000
   71  1    7.842196    1.000000    0.000000
   72  1    7.911661    1.000000    0.000000
   73  1    7.948751    1.000000    0.000000
   74  1    8.098889    1.000000    0.000000
   75  1    8.223694    1.000000    0.000000
   76  1    8.415854    1.000000    0.000000
   77  1    8.585487    1.000000    0.000000
   78  1    8.817811    1.000000    0.000000
   79  1    8.927053    1.000000    0.000000
   80  1    9.084310    1.000000    0.000000
  1
    1
    1  1  -36.384361    1.000000    0.000000
    2  1  -36.358147    1.000000    0.000000
    3  1  -36.096617    1.000000    0.000000
    4  1  -36.087038    1.000000    0.000000
    5  1  -35.758488    1.000000    0.000000
    6  1  -35.728076    1.000000    0.000000
    7  1  -34.711337    1.000000    0.000000
    8  1  -34.627185    1.000000    0.000000
    9  1  -34.378050    1.000000    0.000000
   10  1  -34.331670    1.000000    0.000000
   11  1  -34.219900    1.000000    0.000000
   12  1  -34.162510    1.000000    0.000000
   13  2  -21.228437    2.000000    0.000000
   15  2  -21.057256    2.000000    0.000000
   17  2  -21.041013    2.000000    0.000000
   19  1  -10.363402    1.000000    0.000000
   20  1  -10.339548    1.000000    0.000000
   21  1  -10.255377    1.000000    0.000000
   22  1  -10.216747    1.000000    0.000000
   23  1   -9.822285    1.000000    0.000000
   24  1   -9.754807    1.000000    0.000000
   25  1   -9.317575    1.000000    0.000000
   26  1   -9.241612    1.000000    0.000000
   27  1   -1.760372    1.000000    0.000000
   28  1   -1.541095    1.000000    0.000000
   29  1   -1.180871    1.000000    0.000000
   30  1   -1.070292    1.000000    0.000000
   31  1   -0.929119    1.000000    0.000000
   32  1   -0.842998    1.000000    0.000000
   33  1   -0.517984    1.000000    0.000000
   34  1   -0.357538    1.000000    0.000000
   35  1   -0.339398    1.000000    0.000000
   36  1   -0.098749    1.000000    0.000000
   37  1    0.325360    1.000000    0.000000
   38  1    0.439717    1.000000    0.000000
   39  1    0.469331    1.000000    0.000000
   40  1    0.589461    1.000000    0.000000
   41  1    0.818682    1.000000    0.000000
   42  1    0.963744    1.000000    0.000000
   43  1    1.363269    1.000000    0.000000
   44  1    1.436303    1.000000    0.000000
   45  1    1.550785    1.000000    0.000000
   46  1    1.831841    1.000000    0.000000
   47  1    1.891170    1.000000    0.000000
   48  1    2.125692    1.000000    0.000000
   49  1    2.229621    1.000000    0.000000
   50  1    2.244117    1.000000    0.000000
   51  1    2.425572    1.000000    0.000000
   52  1    2.452859    1.000000    0.000000
   53  1    2.853210    1.000000    0.000000
   54  1    3.101970    1.000000    0.000000
   55  1    3.449511    1.000000    0.000000
   56  1    3.715192    1.000000    0.000000
   57  1    3.919019    1.000000    0.000000
   58  1    3.964799    1.000000    0.000000
   59  1    3.986836    1.000000    0.000000
   60  1    4.258908    1.000000    0.000000
   61  1    4.402132    1.000000    0.000000
   62  1    4.718201    1.000000    0.000000
   63  1    5.057326    1.000000    0.000000
   64  1    5.209754    1.000000    0.000000
   65  1    5.309216    1.000000    0.000000
   66  1    5.428259    1.000000    0.000000
   67  1    5.618086    1.000000    0.000000
   68  1    5.712994    1.000000    0.000000
   69  1    5.942998    1.000000    0.000000
   70  1    6.151021    1.000000    0.000000
   71  1    7.767552    1.000000    0.000000
   72  1    7.950358    1.000000    0.000000
   73  1    8.778537    1.000000    0.000000
   74  1    8.949207    1.000000    0.000000
   75  1    9.193359    1.000000    0.000000
   76  1    9.452164    1.000000    0.000000
   77  1    9.588395    1.000000    0.000000
   78  1    9.753843    1.000000    0.000000
   79  1    9.872212    1.000000    0.000000
   80  1   10.072805    1.000000    0.000000
  1
    1
    1  1  -36.389561    1.000000    0.000000
    2  1  -36.382608    1.000000    0.000000
    3  1  -36.093208    1.000000    0.000000
    4  1  -36.083972    1.000000    0.000000
    5  1  -35.757324    1.000000    0.000000
    6  1  -35.752992    1.000000    0.000000
    7  1  -34.732333    1.000000    0.000000
    8  1  -34.648438    1.000000    0.000000
    9  1  -34.372893    1.000000    0.000000
   10  1  -34.326784    1.000000    0.000000
   11  1  -34.220318    1.000000    0.000000
   12  1  -34.177387    1.000000    0.000000
   13  2  -21.239508    2.000000    0.000000
   15  2  -21.073222    2.000000    0.000000
   17  2  -21.038694    2.000000    0.000000
   19  1   -9.662901    1.000000    0.000000
   20  1   -9.610337    1.000000    0.000000
   21  1   -9.566547    1.000000    0.000000
   22  1   -9.499222    1.000000    0.000000
   23  1   -9.271178    1.000000    0.000000
   24  1   -9.208646    1.000000    0.000000
   25  1   -9.158423    1.000000    0.000000
   26  1   -9.083700    1.000000    0.000000
   27  1   -1.708652    1.000000    0.000000
   28  1   -1.526225    1.000000    0.000000
   29  1   -1.508591    1.000000    0.000000
   30  1   -1.349895    1.000000    0.000000
   31  1   -1.334641    1.000000    0.000000
   32  1   -1.229193    1.000000    0.000000
   33  1   -1.205830    1.000000    0.000000
   34  1   -1.075501    1.000000    0.000000
   35  1   -0.463305    1.000000    0.000000
   36  1   -0.344924    1.000000    0.000000
   37  1   -0.324067    1.000000    0.000000
   38  1   -0.237455    1.000000    0.000000
   39  1   -0.160452    1.000000    0.000000
   40  1   -0.100117    1.000000    0.000000
   41  1    0.025266    1.000000    0.000000
   42  1    0.072484    1.000000    0.000000
   43  1    0.335840    1.000000    0.000000
   44  1    0.351275    1.000000    0.000000
   45  1    0.506471    1.000000    0.000000
   46  1    0.519533    1.000000    0.000000
   47  1    1.168362    1.000000    0.000000
   48  1    1.223565    1.000000    0.000000
   49  1    1.299613    1.000000    0.000000
   50  1    1.387436    1.000000    0.000000
   51  1    2.360077    1.000000    0.000000
   52  1    2.385253    1.000000    0.000000
   53  1    3.217650    1.000000    0.000000
   54  1    3.282546    1.000000    0.000000
   55  1    3.751789    1.000000    0.000000
   56  1    3.753589    1.000000    0.000000
   57  1    3.827685    1.000000    0.000000
   58  1    3.832173    1.000000    0.000000
   59  1    4.327986    1.000000    0.000000
   60  1    4.456037    1.000000    0.000000
   61  1    4.660595    1.000000    0.000000
   62  1    4.769044    1.000000    0.000000
   63  1    5.128058    1.000000    0.000000
   64  1    5.138730    1.000000    0.000000
   65  1    5.158776    1.000000    0.000000
   66  1    5.222643    1.000000    0.000000
   67  1    5.580786    1.000000    0.000000
   68  1    5.643390    1.000000    0.000000
   69  1    6.306223    1.000000    0.000000
   70  1    6.341797    1.000000    0.000000
   71  1    8.471605    1.000000    0.000000
   72  1    8.485318    1.000000    0.000000
   73  1    8.604405    1.000000    0.000000
   74  1    8.716605    1.000000    0.000000
   75  1    9.073111    1.000000    0.000000
   76  1    9.362053    1.000000    0.000000
   77  1    9.374831    1.000000    0.000000
   78  1    9.599568    1.000000    0.000000
   79  1   10.183581    1.000000    0.000000
   80  1   10.240968    1.000000    0.000000
