  114  168
  1
  8
  1  0  0  0  1  0  0  0  1    0.000000    0.000000    0.000000    1.000000    0.000000    0.000000    0.000000    0.000000    0.000000    1.000000    0.000000  1
  0 -1  0 -1  0  0  0  0 -1    0.000000    0.000000    0.500000    0.000000    0.000000   -1.000000    0.000000    1.000000    0.000000    0.000000    0.000000  1
 -1  0  0  0 -1  0  0  0 -1    0.000000    0.000000    0.000000    1.000000    0.000000    0.000000    0.000000    0.000000    0.000000    1.000000    0.000000  1
  0  1  0  1  0  0  0  0  1    0.000000    0.000000    0.500000    0.000000    0.000000   -1.000000    0.000000    1.000000    0.000000    0.000000    0.000000  1
  1  0  0  0  1  0  0  0  1    0.000000    0.000000    0.500000    1.000000    0.000000    0.000000    0.000000    0.000000    0.000000    1.000000    0.000000 -1
  0 -1  0 -1  0  0  0  0 -1    0.000000    0.000000    0.000000    0.000000    0.000000   -1.000000    0.000000    1.000000    0.000000    0.000000    0.000000 -1
 -1  0  0  0 -1  0  0  0 -1    0.000000    0.000000    0.500000    1.000000    0.000000    0.000000    0.000000    0.000000    0.000000    1.000000    0.000000 -1
  0  1  0  1  0  0  0  0  1    0.000000    0.000000    0.000000    0.000000    0.000000   -1.000000    0.000000    1.000000    0.000000    0.000000    0.000000 -1
  6
    0.000000    0.000000    0.000000
    0.000000    0.000000    0.500000
    0.000000    0.500000    0.500000
    0.500000    0.500000    0.500000
    0.000000    0.500000    0.000000
    0.500000    0.500000    0.000000
  4
    1    2    3    4
    1  2  -32.261093    2.000000    0.000000    0.000000    0.000000   -1.999994    0.000000    0.000000    0.000000
    3  2  -32.229033    2.000000    0.000000    0.000000   -0.000000    1.998426    0.000000    0.000000    0.000000
    5  2  -32.224201    2.000000    0.000000    0.000000    0.000000   -1.998429    0.000000    0.000000    0.000000
    7  2  -31.997350    2.000000    0.000000    0.000000    0.000000   -1.999998    0.000000    0.000000    0.000000
    9  2  -31.981307    2.000000    0.000000    0.000000   -0.000010    1.992027    0.000000    0.000000    0.000000
   11  2  -31.979151    2.000000    0.000000    0.000000    0.000010   -1.992021    0.000000    0.000000    0.000000
   13  2  -31.651365    2.000000    0.000000    0.000000    0.000000   -1.999997    0.000000    0.000000    0.000000
   15  2  -31.611384    2.000000    0.000000    0.000000    0.000000    1.998999    0.000000    0.000000    0.000000
   17  2  -31.605184    2.000000    0.000000    0.000000   -0.000000   -1.998999    0.000000    0.000000    0.000000
   19  2  -30.479880    2.000000    0.000000    0.000000   -0.000017   -1.993309    0.000000    0.000000    0.000000
   21  2  -30.477366    2.000000    0.000000    0.000000    0.000017    1.993300    0.000000    0.000000    0.000000
   23  2  -30.291651    2.000000    0.000000    0.000000    0.000000   -2.000000    0.000000    0.000000    0.000000
   25  2  -30.035750    2.000000    0.000000    0.000000   -0.000006    1.984821    0.000000    0.000000    0.000000
   27  2  -30.034094    2.000000    0.000000    0.000000    0.000007   -1.984808    0.000000    0.000000    0.000000
   29  2  -29.911652    2.000000    0.000000    0.000000    0.000050    1.990772    0.000000    0.000000    0.000000
   31  2  -29.909598    2.000000    0.000000    0.000000   -0.000050   -1.990764    0.000000    0.000000    0.000000
   33  2  -29.851744    2.000000    0.000000    0.000000    0.000000   -2.000000    0.000000    0.000000    0.000000
   35  2  -29.730773    2.000000    0.000000    0.000000    0.000000   -2.000000    0.000000    0.000000    0.000000
   37  2   -6.050819    2.000000    0.000000    0.000000    0.000000    2.000000    0.000000    0.000000    0.000000
   39  2   -5.499317    2.000000    0.000000    0.000000    0.000000    2.000000    0.000000    0.000000    0.000000
   41  2   -5.118310    2.000000    0.000000    0.000000    0.000000   -2.000000    0.000000    0.000000    0.000000
   43  2   -4.319600    2.000000    0.000000    0.000000    0.000000    2.000000    0.000000    0.000000    0.000000
   45  2   -4.295339    2.000000    0.000000    0.000000    0.000000    2.000000    0.000000    0.000000    0.000000
   47  2   -4.272766    2.000000    0.000000    0.000000    0.000000   -2.000000    0.000000    0.000000    0.000000
   49  2   -4.226658    2.000000    0.000000    0.000000    0.000000   -2.000000    0.000000    0.000000    0.000000
   51  2   -4.173040    2.000000    0.000000    0.000000    0.000000   -2.000000    0.000000    0.000000    0.000000
   53  2    0.911480    2.000000    0.000000    0.000000    0.000000    2.000000    0.000000    0.000000    0.000000
   55  2    1.298877    2.000000    0.000000    0.000000    0.000000   -2.000000    0.000000    0.000000    0.000000
   57  2    1.557317    2.000000    0.000000    0.000000    0.000000    2.000000    0.000000    0.000000    0.000000
   59  2    1.674117    2.000000    0.000000    0.000000    0.000000    2.000000    0.000000    0.000000    0.000000
   61  2    2.293249    2.000000    0.000000    0.000000    0.000000   -2.000000    0.000000    0.000000    0.000000
   63  2    2.958884    2.000000    0.000000    0.000000    0.000000    2.000000    0.000000    0.000000    0.000000
   65  2    3.365384    2.000000    0.000000    0.000000    0.000000   -2.000000    0.000000    0.000000    0.000000
   67  2    3.527436    2.000000    0.000000    0.000000    0.000000    2.000000    0.000000    0.000000    0.000000
   69  2    3.905880    2.000000    0.000000    0.000000    0.000000    2.000000    0.000000    0.000000    0.000000
   71  2    4.017350    2.000000    0.000000    0.000000    0.000000   -2.000000    0.000000    0.000000    0.000000
   73  2    4.052426    2.000000    0.000000    0.000000    0.000000    2.000000    0.000000    0.000000    0.000000
   75  2    4.259115    2.000000    0.000000    0.000000    0.000000   -2.000000    0.000000    0.000000    0.000000
   77  2    4.376686    2.000000    0.000000    0.000000    0.000000    2.000000    0.000000    0.000000    0.000000
   79  2    4.574429    2.000000    0.000000    0.000000    0.000000   -2.000000    0.000000    0.000000    0.000000
   81  2    4.678928    2.000000    0.000000    0.000000    0.000000    2.000000    0.000000    0.000000    0.000000
   83  2    4.928342    2.000000    0.000000    0.000000    0.000000    2.000000    0.000000    0.000000    0.000000
   85  2    4.961367    2.000000    0.000000    0.000000    0.000000    2.000000    0.000000    0.000000    0.000000
   87  2    5.090850    2.000000    0.000000    0.000000    0.000000   -2.000000    0.000000    0.000000    0.000000
   89  2    5.228089    2.000000    0.000000    0.000000    0.000000    2.000000    0.000000    0.000000    0.000000
   91  2    5.480472    2.000000    0.000000    0.000000    0.000000   -2.000000    0.000000    0.000000    0.000000
   93  2    5.551640    2.000000    0.000000    0.000000    0.000000    2.000000    0.000000    0.000000    0.000000
   95  2    5.795650    2.000000    0.000000    0.000000    0.000000   -2.000000    0.000000    0.000000    0.000000
   97  2    5.918951    2.000000    0.000000    0.000000    0.000000   -2.000000    0.000000    0.000000    0.000000
   99  2    6.119419    2.000000    0.000000    0.000000    0.000000   -2.000000    0.000000    0.000000    0.000000
  101  2    6.205703    2.000000    0.000000    0.000000    0.000000    2.000000    0.000000    0.000000    0.000000
  103  2    6.344433    2.000000    0.000000    0.000000    0.000000    2.000000    0.000000    0.000000    0.000000
  105  2    6.370208    2.000000    0.000000    0.000000    0.000000    1.999999    0.000000    0.000000    0.000000
  107  2    6.517544    2.000000    0.000000    0.000000    0.000000   -1.999999    0.000000    0.000000    0.000000
  109  2    6.613401    2.000000    0.000000    0.000000    0.000000    2.000000    0.000000    0.000000    0.000000
  111  2    6.821323    2.000000    0.000000    0.000000    0.000000   -2.000000    0.000000    0.000000    0.000000
  113  2    6.961092    2.000000    0.000000    0.000000    0.000000    2.000000    0.000000    0.000000    0.000000
  115  2    7.253606    2.000000    0.000000    0.000000    0.000000   -2.000000    0.000000    0.000000    0.000000
  117  2    7.354764    2.000000    0.000000    0.000000    0.000000    2.000000    0.000000    0.000000    0.000000
  119  2    7.487397    2.000000    0.000000    0.000000    0.000000   -2.000000    0.000000    0.000000    0.000000
  121  2    7.524006    2.000000    0.000000    0.000000    0.000000    2.000000    0.000000    0.000000    0.000000
  123  2    7.590476    2.000000    0.000000    0.000000    0.000000   -2.000000    0.000000    0.000000    0.000000
  125  2    7.786317    2.000000    0.000000    0.000000    0.000000    2.000000    0.000000    0.000000    0.000000
  127  2    8.022734    2.000000    0.000000    0.000000    0.000000    2.000000    0.000000    0.000000    0.000000
  129  2    8.204138    2.000000    0.000000    0.000000    0.000000    2.000000    0.000000    0.000000    0.000000
  131  2    8.309455    2.000000    0.000000    0.000000    0.000000   -2.000000    0.000000    0.000000    0.000000
  133  2    8.421378    2.000000    0.000000    0.000000    0.000000   -2.000000    0.000000    0.000000    0.000000
  135  2    8.571295    2.000000    0.000000    0.000000    0.000000    1.999996    0.000000    0.000000    0.000000
  137  2    8.582480    2.000000    0.000000    0.000000    0.000000   -1.999996    0.000000    0.000000    0.000000
  139  2    8.618043    2.000000    0.000000    0.000000    0.000000    2.000000    0.000000    0.000000    0.000000
  141  2    8.879951    2.000000    0.000000    0.000000    0.000000    2.000000    0.000000    0.000000    0.000000
  143  2    8.983075    2.000000    0.000000    0.000000    0.000000   -2.000000    0.000000    0.000000    0.000000
  145  2    9.117003    2.000000    0.000000    0.000000    0.000000    2.000000    0.000000    0.000000    0.000000
  147  2    9.244381    2.000000    0.000000    0.000000    0.000011    2.000000    0.000000    0.000000    0.000011
  149  2    9.491598    2.000000    0.000000    0.000000    0.000000   -2.000000    0.000000    0.000000    0.000000
  151  2    9.632411    2.000000    0.000000    0.000000    0.000000   -2.000000    0.000000    0.000000    0.000000
  153  2    9.857056    2.000000    0.000000    0.000000    0.000000    2.000000    0.000000    0.000000    0.000000
  155  2   10.084125    2.000000    0.000000    0.000000    0.000000    2.000000    0.000000    0.000000    0.000000
  157  2   10.363118    2.000000    0.000000    0.000000    0.000000    2.000000    0.000000    0.000000    0.000000
  159  2   10.478699    2.000000    0.000000    0.000000    0.000002    2.000000    0.000000    0.000000    0.000002
  161  2   10.809280    2.000000    0.000000    0.000000   -0.000001   -1.999997    0.000000    0.000000    0.000002
  163  2   10.890807    2.000000    0.000000    0.000000    0.000001    1.999991    0.000000    0.000000    0.000004
  165  2   11.323179    2.000000    0.000000    0.000000   -0.000525   -1.999376    0.000000    0.000000    0.000812
  167  1   11.510720    1.000000    0.000000    0.000000    0.737971   -0.997903    0.000000    0.000000   -0.737369
  168  1   11.513738    1.000000    0.000000    0.000000   -0.736606   -0.998635    0.000000    0.000000    0.735631
  4
    1    2    3    4
    1  2  -32.261097    2.000000    0.000000    0.000000    0.000000    0.000000    0.000000    0.000000    0.000000
    3  2  -32.229031    2.000000    0.000000    0.000000    0.000000    0.000000    0.000000    0.000000    0.000000
    5  2  -32.224204    2.000000    0.000000    0.000000    0.000000    0.000000    0.000000    0.000000    0.000000
    7  2  -31.997347    2.000000    0.000000    0.000000   -0.000000   -0.000000    0.000000    0.000000    0.000000
    9  2  -31.981304    2.000000    0.000000    0.000000    0.000000    0.000000    0.000000    0.000000    0.000000
   11  2  -31.979156    2.000000    0.000000    0.000000    0.000000    0.000000    0.000000    0.000000    0.000000
   13  2  -31.651367    2.000000    0.000000    0.000000    0.000000    0.000000    0.000000    0.000000    0.000000
   15  2  -31.611382    2.000000    0.000000    0.000000    0.000000    0.000000    0.000000    0.000000    0.000000
   17  2  -31.605185    2.000000    0.000000    0.000000    0.000000    0.000000    0.000000    0.000000    0.000000
   19  2  -30.479886    2.000000    0.000000    0.000000    0.000000    0.000000    0.000000    0.000000    0.000000
   21  2  -30.477364    2.000000    0.000000    0.000000   -0.000000    0.000000    0.000000    0.000000    0.000000
   23  2  -30.291651    2.000000    0.000000    0.000000   -0.000000    0.000000    0.000000    0.000000    0.000000
   25  2  -30.035750    2.000000    0.000000    0.000000    0.000000    0.000000    0.000000    0.000000    0.000000
   27  2  -30.034102    2.000000    0.000000    0.000000    0.000000    0.000000    0.000000    0.000000    0.000000
   29  2  -29.911647    2.000000    0.000000    0.000000    0.000000    0.000000    0.000000    0.000000    0.000000
   31  2  -29.909592    2.000000    0.000000    0.000000    0.000000    0.000000    0.000000    0.000000    0.000000
   33  2  -29.851748    2.000000    0.000000    0.000000    0.000000    0.000000    0.000000    0.000000    0.000000
   35  2  -29.730774    2.000000    0.000000    0.000000    0.000000    0.000000    0.000000    0.000000    0.000000
   37  2   -5.881330    2.000000    0.000000    0.000000    0.000000   -0.000000    0.000000    0.000000    0.000000
   39  2   -5.848927    2.000000    0.000000    0.000000   -0.000002   -0.000002    0.000000    0.000000    0.000000
   41  2   -4.645690    2.000000    0.000000    0.000000    0.000000    0.000000    0.000000    0.000000    0.000000
   43  2   -4.623243    2.000000    0.000000    0.000000   -0.000000   -0.000000    0.000000    0.000000    0.000000
   45  2   -4.267280    2.000000    0.000000    0.000000    0.000000    0.000000    0.000000    0.000000    0.000000
   47  2   -4.247676    2.000000    0.000000    0.000000    0.000001    0.000000    0.000000    0.000000    0.000000
   49  2   -4.239999    2.000000    0.000000    0.000000    0.000001   -0.000000    0.000000    0.000000    0.000000
   51  2   -4.214313    2.000000    0.000000    0.000000   -0.000000    0.000001    0.000000    0.000000    0.000000
   53  2    1.079422    2.000000    0.000000    0.000000    0.000000    0.000000    0.000000    0.000000    0.000000
   55  2    1.282281    2.000000    0.000000    0.000000   -0.000000    0.000000    0.000000    0.000000    0.000000
   57  2    1.791796    2.000000    0.000000    0.000000    0.000000    0.000000    0.000000    0.000000    0.000000
   59  2    1.882125    2.000000    0.000000    0.000000    0.000000    0.000000    0.000000    0.000000    0.000000
   61  2    1.934588    2.000000    0.000000    0.000000    0.000000    0.000000    0.000000    0.000000    0.000000
   63  2    1.991480    2.000000    0.000000    0.000000    0.000000    0.000000    0.000000    0.000000    0.000000
   65  2    3.778990    2.000000    0.000000    0.000000    0.000000    0.000000    0.000000    0.000000    0.000000
   67  2    3.880941    2.000000    0.000000    0.000000    0.000000    0.000000    0.000000    0.000000    0.000000
   69  2    3.956281    2.000000    0.000000    0.000000    0.000000    0.000000    0.000000    0.000000    0.000000
   71  2    4.160738    2.000000    0.000000    0.000000    0.000000    0.000000    0.000000    0.000000    0.000000
   73  2    4.310791    2.000000    0.000000    0.000000    0.000000    0.000000    0.000000    0.000000    0.000000
   75  2    4.394308    2.000000    0.000000    0.000000    0.000000    0.000000    0.000000    0.000000    0.000000
   77  2    4.478506    2.000000    0.000000    0.000000    0.000000   -0.000000    0.000000    0.000000    0.000000
   79  2    4.535980    2.000000    0.000000    0.000000    0.000000    0.000000    0.000000    0.000000    0.000000
   81  2    4.674218    2.000000    0.000000    0.000000    0.000000    0.000000    0.000000    0.000000    0.000000
   83  2    4.776703    2.000000    0.000000    0.000000    0.000000    0.000000    0.000000    0.000000    0.000000
   85  2    4.961176    2.000000    0.000000    0.000000   -0.000000   -0.000000    0.000000    0.000000    0.000000
   87  2    5.124085    2.000000    0.000000    0.000000    0.000000    0.000001    0.000000    0.000000    0.000000
   89  2    5.224866    2.000000    0.000000    0.000000    0.000000    0.000000    0.000000    0.000000    0.000000
   91  2    5.301536    2.000000    0.000000    0.000000    0.000000    0.000000    0.000000    0.000000    0.000000
   93  2    5.479103    2.000000    0.000000    0.000000   -0.000000    0.000000    0.000000    0.000000    0.000000
   95  2    5.744990    2.000000    0.000000    0.000000    0.000000   -0.000000    0.000000    0.000000    0.000000
   97  2    5.905184    2.000000    0.000000    0.000000   -0.000000    0.000000    0.000000    0.000000    0.000000
   99  2    5.922574    2.000000    0.000000    0.000000    0.000000   -0.000000    0.000000    0.000000    0.000000
  101  2    6.127892    2.000000    0.000000    0.000000    0.000000    0.000000    0.000000    0.000000    0.000000
  103  2    6.316463    2.000000    0.000000    0.000000   -0.000000    0.000000    0.000000    0.000000    0.000000
  105  2    6.366657    2.000000    0.000000    0.000000    0.000000    0.000001    0.000000    0.000000    0.000000
  107  2    6.373657    2.000000    0.000000    0.000000    0.000000    0.000000    0.000000    0.000000    0.000000
  109  2    6.642429    2.000000    0.000000    0.000000    0.000000    0.000000    0.000000    0.000000    0.000000
  111  2    6.796853    2.000000    0.000000    0.000000   -0.000000    0.000001    0.000000    0.000000    0.000000
  113  2    6.991619    2.000000    0.000000    0.000000    0.000001   -0.000001    0.000000    0.000000    0.000000
  115  2    7.077705    2.000000    0.000000    0.000000    0.000000    0.000001    0.000000    0.000000    0.000000
  117  2    7.226330    2.000000    0.000000    0.000000    0.000001   -0.000001    0.000000    0.000000    0.000000
  119  2    7.526504    2.000000    0.000000    0.000000   -0.000002   -0.000001    0.000000    0.000000    0.000000
  121  2    7.589337    2.000000    0.000000    0.000000   -0.000001    0.000002    0.000000    0.000000    0.000000
  123  2    7.752185    2.000000    0.000000    0.000000   -0.000000   -0.000002    0.000000    0.000000    0.000000
  125  2    7.925381    2.000000    0.000000    0.000000    0.000001    0.000001    0.000000    0.000000    0.000000
  127  2    7.976840    2.000000    0.000000    0.000000   -0.000002   -0.000000    0.000000    0.000000    0.000000
  129  2    8.125145    2.000000    0.000000    0.000000    0.000000    0.000001    0.000000    0.000000    0.000000
  131  2    8.201104    2.000000    0.000000    0.000000    0.000004    0.000001    0.000000    0.000000    0.000000
  133  2    8.252652    2.000000    0.000000    0.000000    0.000004    0.000002    0.000000    0.000000    0.000000
  135  2    8.509798    2.000000    0.000000    0.000000    0.000003    0.000003    0.000000    0.000000    0.000000
  137  2    8.693078    2.000000    0.000000    0.000000   -0.000000   -0.000000    0.000000    0.000000    0.000000
  139  2    8.879667    2.000000    0.000000    0.000000    0.000002    0.000002    0.000000   -0.000000    0.000000
  141  2    9.064404    2.000000    0.000000    0.000000    0.000001   -0.000001    0.000000    0.000000    0.000000
  143  2    9.107283    2.000000    0.000000    0.000000    0.000011    0.000002    0.000000    0.000000    0.000000
  145  2    9.196875    2.000000    0.000000    0.000000    0.000002   -0.000013    0.000000    0.000000    0.000000
  147  2    9.290893    2.000000    0.000000    0.000000   -0.000017   -0.000010    0.000000    0.000001    0.000000
  149  2    9.439508    2.000000    0.000000    0.000000   -0.000019   -0.000003    0.000000   -0.000002    0.000000
  151  2    9.476948    2.000000    0.000000    0.000000    0.000014   -0.000005    0.000000    0.000000    0.000000
  153  2    9.658609    2.000000    0.000000    0.000000    0.000009   -0.000004    0.000000    0.000001    0.000000
  155  2   10.146043    2.000000    0.000000    0.000000    0.000001    0.000002    0.000000    0.000000    0.000000
  157  2   10.308932    2.000000    0.000000    0.000000   -0.000002    0.000001    0.000000    0.000000    0.000000
  159  2   10.408314    2.000000    0.000000    0.000000   -0.000001    0.000001    0.000000    0.000000    0.000000
  161  2   10.685575    2.000000    0.000000    0.000000    0.000001    0.000002    0.000000    0.000000    0.000000
  163  2   10.880132    2.000000    0.000000    0.000000   -0.000001    0.000001    0.000000    0.000003    0.000000
  165  2   11.295756    2.000000    0.000000    0.000000   -0.000017    0.000015    0.000000    0.000030    0.000000
  167  2   11.576589    2.000000    0.000000    0.000000    0.000129    0.000053    0.000000   -0.000019    0.000000
  2
    1    3
    1  2  -32.264990    2.000000    0.000000    0.000000    0.000000
    3  2  -32.234575    2.000000    0.000000   -0.000000    0.000000
    5  2  -32.230297    2.000000    0.000000    0.000000    0.000000
    7  2  -31.996459    2.000000    0.000000    0.000000    0.000000
    9  4  -31.979545    4.000000    0.000000    0.000000    0.000000
   13  2  -31.656514    2.000000    0.000000    0.000000    0.000000
   15  2  -31.615993    2.000000    0.000000    0.000000    0.000000
   17  2  -31.609981    2.000000    0.000000    0.000000    0.000000
   19  2  -30.483340    2.000000    0.000000   -0.000000    0.000000
   21  2  -30.480996    2.000000    0.000000    0.000000    0.000000
   23  2  -30.292918    2.000000    0.000000    0.000000    0.000000
   25  2  -30.042657    2.000000    0.000000    0.000007    0.000000
   27  2  -30.041072    2.000000    0.000000   -0.000007    0.000000
   29  4  -29.909950    4.000000    0.000000    0.000000    0.000000
   33  2  -29.850644    2.000000    0.000000    0.000000    0.000000
   35  2  -29.740810    2.000000    0.000000    0.000000    0.000000
   37  2   -4.426991    2.000000    0.000000    0.000000    0.000000
   39  2   -4.413331    2.000000    0.000000    0.000000    0.000000
   41  2   -4.327612    2.000000    0.000000    0.000000    0.000000
   43  2   -4.306456    2.000000    0.000000    0.000000    0.000000
   45  2   -4.181197    2.000000    0.000000    0.000000    0.000000
   47  2   -4.150859    2.000000    0.000000    0.000000    0.000000
   49  2   -3.879038    2.000000    0.000000   -0.000000    0.000000
   51  2   -3.873144    2.000000    0.000000    0.000000    0.000000
   53  2    1.181652    2.000000    0.000000    0.000000    0.000000
   55  2    1.317269    2.000000    0.000000    0.000000    0.000000
   57  2    1.545793    2.000000    0.000000    0.000000    0.000000
   59  2    1.605673    2.000000    0.000000    0.000000    0.000000
   61  2    1.976933    2.000000    0.000000    0.000000    0.000000
   63  2    2.037567    2.000000    0.000000    0.000000    0.000000
   65  2    2.589903    2.000000    0.000000    0.000001    0.000000
   67  2    2.649074    2.000000    0.000000   -0.000000    0.000000
   69  2    3.257392    2.000000    0.000000    0.000000    0.000000
   71  2    3.314044    2.000000    0.000000    0.000000    0.000000
   73  2    3.505894    2.000000    0.000000    0.000000    0.000000
   75  2    3.653038    2.000000    0.000000   -0.000003    0.000000
   77  2    3.709349    2.000000    0.000000    0.000000    0.000000
   79  2    3.738650    2.000000    0.000000    0.000002    0.000000
   81  2    4.005394    2.000000    0.000000   -0.000009    0.000000
   83  2    4.072472    2.000000    0.000000   -0.000000    0.000000
   85  2    4.139868    2.000000    0.000000    0.000000    0.000000
   87  2    4.253106    2.000000    0.000000    0.000002    0.000000
   89  2    4.340586    2.000000    0.000000   -0.000001    0.000000
   91  2    4.433966    2.000000    0.000000    0.000000    0.000000
   93  2    4.677762    2.000000    0.000000    0.000002    0.000000
   95  2    4.727218    2.000000    0.000000    0.000001    0.000000
   97  2    5.075708    2.000000    0.000000   -0.000021    0.000000
   99  2    5.091216    2.000000    0.000000    0.000022    0.000000
  101  2    5.870219    2.000000    0.000000    0.000002    0.000000
  103  2    6.235967    2.000000    0.000000    0.000008    0.000000
  105  2    6.254363    2.000000    0.000000   -0.000016    0.000000
  107  2    6.354840    2.000000    0.000000    0.000002    0.000000
  109  2    6.450357    2.000000    0.000000   -0.000000    0.000000
  111  2    6.622100    2.000000    0.000000   -0.000000    0.000000
  113  2    6.837791    2.000000    0.000000   -0.000000    0.000000
  115  2    6.937275    2.000000    0.000000   -0.000000    0.000000
  117  2    7.102984    2.000000    0.000000   -0.000001    0.000000
  119  2    7.631066    2.000000    0.000000    0.000000    0.000000
  121  2    7.763653    2.000000    0.000000    0.000001    0.000000
  123  2    7.822096    2.000000    0.000000    0.000005    0.000000
  125  2    7.930873    2.000000    0.000000   -0.000000    0.000000
  127  2    8.132261    2.000000    0.000000    0.000004    0.000000
  129  2    8.253218    2.000000    0.000000   -0.000017    0.000000
  131  2    8.261395    2.000000    0.000000    0.000011    0.000000
  133  2    8.542255    2.000000    0.000000    0.000019    0.000000
  135  2    8.565839    2.000000    0.000000   -0.000037    0.000000
  137  2    8.574903    2.000000    0.000000   -0.000032    0.000000
  139  2    8.624146    2.000000    0.000000    0.000014    0.000000
  141  2    8.701388    2.000000    0.000000    0.000003    0.000000
  143  2    8.796682    2.000000    0.000000   -0.000001    0.000000
  145  2    9.018633    2.000000    0.000000   -0.000006    0.000000
  147  2    9.284809    2.000000    0.000000    0.000001    0.000000
  149  2    9.402434    2.000000    0.000000   -0.000006    0.000000
  151  2    9.525153    2.000000    0.000000    0.000007    0.000000
  153  2    9.844875    2.000000    0.000000    0.000002    0.000000
  155  2    9.906455    2.000000    0.000000   -0.000021    0.000000
  157  2    9.944538    2.000000    0.000000    0.000171    0.000000
  159  2   10.203650    2.000000    0.000000    0.000008    0.000000
  161  2   10.935275    2.000000    0.000000   -0.000070    0.000000
  163  2   11.138878    2.000000    0.000000    0.000230    0.000000
  165  1   11.346588    1.000000    0.000000   -0.736339    0.000000
  166  1   11.347847    1.000000    0.000000    0.732315    0.000000
  167  1   11.714889    1.000000    0.000000    0.749937    0.000000
  168  1   11.761000    1.000000    0.000000   -0.726148    0.000000
  4
    1    2    3    4
    1  2  -32.261001    2.000000    0.000000    0.000000    0.000000    0.000000    0.000000    0.000000    0.000000
    3  2  -32.228967    2.000000    0.000000    0.000000    0.000000    0.000000    0.000000    0.000000    0.000000
    5  2  -32.224360    2.000000    0.000000    0.000000    0.000000    0.000000    0.000000    0.000000    0.000000
    7  2  -31.997470    2.000000    0.000000    0.000000    0.000000    0.000000    0.000000    0.000000    0.000000
    9  2  -31.980914    2.000000    0.000000    0.000000    0.000000    0.000000    0.000000    0.000000    0.000000
   11  2  -31.979409    2.000000    0.000000    0.000000    0.000000    0.000000    0.000000    0.000000    0.000000
   13  2  -31.651235    2.000000    0.000000    0.000000    0.000000    0.000000    0.000000    0.000000    0.000000
   15  2  -31.611462    2.000000    0.000000    0.000000    0.000000    0.000000    0.000000    0.000000    0.000000
   17  2  -31.605231    2.000000    0.000000    0.000000    0.000000    0.000000    0.000000    0.000000    0.000000
   19  2  -30.479926    2.000000    0.000000    0.000000    0.000000    0.000000    0.000000    0.000000    0.000000
   21  2  -30.477270    2.000000    0.000000    0.000000    0.000000    0.000000    0.000000    0.000000    0.000000
   23  2  -30.291690    2.000000    0.000000    0.000000    0.000000    0.000000    0.000000    0.000000    0.000000
   25  2  -30.035595    2.000000    0.000000    0.000000    0.000000    0.000000    0.000000    0.000000    0.000000
   27  2  -30.034259    2.000000    0.000000    0.000000    0.000000    0.000000    0.000000    0.000000    0.000000
   29  2  -29.911936    2.000000    0.000000    0.000000    0.000000    0.000000    0.000000    0.000000    0.000000
   31  2  -29.909350    2.000000    0.000000    0.000000    0.000000    0.000000    0.000000    0.000000    0.000000
   33  2  -29.851676    2.000000    0.000000    0.000000    0.000000    0.000000    0.000000    0.000000    0.000000
   35  2  -29.730781    2.000000    0.000000    0.000000    0.000000    0.000000    0.000000    0.000000    0.000000
   37  2   -5.497892    2.000000    0.000000    0.000000   -0.000000   -0.000000    0.000000    0.000000    0.000000
   39  2   -5.495606    2.000000    0.000000    0.000000    0.000000    0.000000    0.000000    0.000000    0.000000
   41  2   -4.970331    2.000000    0.000000    0.000000    0.000000    0.000000    0.000000    0.000000    0.000000
   43  2   -4.948289    2.000000    0.000000    0.000000   -0.000000   -0.000000    0.000000    0.000000    0.000000
   45  2   -4.699130    2.000000    0.000000    0.000000   -0.000000    0.000000    0.000000    0.000000    0.000000
   47  2   -4.692871    2.000000    0.000000    0.000000    0.000000    0.000000    0.000000    0.000000    0.000000
   49  2   -4.045588    2.000000    0.000000    0.000000    0.000000    0.000000    0.000000    0.000000    0.000000
   51  2   -4.038264    2.000000    0.000000    0.000000    0.000000    0.000000    0.000000    0.000000    0.000000
   53  2    1.652661    2.000000    0.000000    0.000000    0.000000    0.000000    0.000000    0.000000    0.000000
   55  2    1.789252    2.000000    0.000000    0.000000    0.000000    0.000000    0.000000    0.000000    0.000000
   57  2    2.337785    2.000000    0.000000    0.000000   -0.000000    0.000000    0.000000    0.000000    0.000000
   59  2    2.455437    2.000000    0.000000    0.000000    0.000000    0.000000    0.000000    0.000000    0.000000
   61  2    2.589227    2.000000    0.000000    0.000000    0.000000    0.000000    0.000000    0.000000    0.000000
   63  2    2.627136    2.000000    0.000000    0.000000    0.000000    0.000000    0.000000    0.000000    0.000000
   65  2    3.031564    2.000000    0.000000    0.000000    0.000000    0.000000    0.000000    0.000000    0.000000
   67  2    3.114492    2.000000    0.000000    0.000000    0.000000    0.000000    0.000000    0.000000    0.000000
   69  2    4.009028    2.000000    0.000000    0.000000    0.000000    0.000000    0.000000    0.000000    0.000000
   71  2    4.085871    2.000000    0.000000    0.000000    0.000000   -0.000000    0.000000    0.000000    0.000000
   73  2    4.163080    2.000000    0.000000    0.000000   -0.000000    0.000000    0.000000    0.000000    0.000000
   75  2    4.233257    2.000000    0.000000    0.000000    0.000000   -0.000000    0.000000    0.000000    0.000000
   77  2    4.361025    2.000000    0.000000    0.000000   -0.000000    0.000000    0.000000    0.000000    0.000000
   79  2    4.439094    2.000000    0.000000    0.000000   -0.000000    0.000000    0.000000    0.000000    0.000000
   81  2    4.679442    2.000000    0.000000    0.000000    0.000000    0.000000    0.000000    0.000000    0.000000
   83  2    4.743769    2.000000    0.000000    0.000000    0.000000    0.000000    0.000000    0.000000    0.000000
   85  2    4.937765    2.000000    0.000000    0.000000    0.000000    0.000000    0.000000    0.000000    0.000000
   87  2    4.991603    2.000000    0.000000    0.000000   -0.000000   -0.000000    0.000000    0.000000    0.000000
   89  2    5.030155    2.000000    0.000000    0.000000    0.000001   -0.000001    0.000000    0.000000    0.000000
   91  2    5.112112    2.000000    0.000000    0.000000   -0.000000    0.000000    0.000000    0.000000    0.000000
   93  2    5.209562    2.000000    0.000000    0.000000   -0.000001   -0.000001    0.000000    0.000000    0.000000
   95  2    5.332718    2.000000    0.000000    0.000000    0.000000    0.000000    0.000000    0.000000    0.000000
   97  2    5.519869    2.000000    0.000000    0.000000   -0.000002    0.000002    0.000000    0.000000    0.000000
   99  2    5.610369    2.000000    0.000000    0.000000    0.000000    0.000000    0.000000    0.000000    0.000000
  101  2    5.683431    2.000000    0.000000    0.000000   -0.000000    0.000000    0.000000    0.000000    0.000000
  103  2    5.993786    2.000000    0.000000    0.000000    0.000000    0.000000    0.000000    0.000000    0.000000
  105  2    6.248501    2.000000    0.000000    0.000000    0.000000   -0.000000    0.000000    0.000000    0.000000
  107  2    6.441559    2.000000    0.000000    0.000000   -0.000000    0.000000    0.000000    0.000000    0.000000
  109  2    6.551301    2.000000    0.000000    0.000000    0.000000    0.000001    0.000000    0.000000    0.000000
  111  2    6.738994    2.000000    0.000000    0.000000    0.000000    0.000000    0.000000    0.000000    0.000000
  113  2    6.847251    2.000000    0.000000    0.000000   -0.000000   -0.000000    0.000000    0.000000    0.000000
  115  2    6.930645    2.000000    0.000000    0.000000    0.000000    0.000000    0.000000    0.000000    0.000000
  117  2    7.349923    2.000000    0.000000    0.000000   -0.000000    0.000001    0.000000    0.000000    0.000000
  119  2    7.405373    2.000000    0.000000    0.000000    0.000002   -0.000002    0.000000    0.000000    0.000000
  121  2    7.676351    2.000000    0.000000    0.000000   -0.000004    0.000003    0.000000    0.000000    0.000000
  123  2    7.717309    2.000000    0.000000    0.000000    0.000000   -0.000001    0.000000    0.000000    0.000000
  125  2    7.815815    2.000000    0.000000    0.000000    0.000000   -0.000000    0.000000    0.000000    0.000000
  127  2    8.063789    2.000000    0.000000    0.000000   -0.000001   -0.000000    0.000000    0.000000    0.000000
  129  2    8.171358    2.000000    0.000000    0.000000    0.000000    0.000000    0.000000    0.000000    0.000000
  131  2    8.361355    2.000000    0.000000    0.000000    0.000000    0.000001    0.000000    0.000000    0.000000
  133  2    8.377086    2.000000    0.000000    0.000000    0.000001   -0.000001    0.000000    0.000000    0.000000
  135  2    8.415824    2.000000    0.000000    0.000000   -0.000000   -0.000001    0.000000    0.000000    0.000000
  137  2    8.640366    2.000000    0.000000    0.000000    0.000000   -0.000002    0.000000    0.000000    0.000000
  139  2    8.998548    2.000000    0.000000    0.000000    0.000001    0.000001    0.000000    0.000000    0.000000
  141  2    9.061777    2.000000    0.000000    0.000000   -0.000002    0.000003    0.000000    0.000000    0.000000
  143  2    9.090784    2.000000    0.000000    0.000000    0.000003    0.000000    0.000000    0.000000    0.000000
  145  2    9.243024    2.000000    0.000000    0.000000    0.000009   -0.000007    0.000000    0.000000    0.000000
  147  2    9.291960    2.000000    0.000000    0.000000   -0.000008    0.000007    0.000000    0.000000    0.000000
  149  2    9.598662    2.000000    0.000000    0.000000    0.000003    0.000005    0.000000    0.000000    0.000000
  151  2    9.630192    2.000000    0.000000    0.000000    0.000005   -0.000007    0.000000    0.000000    0.000000
  153  2    9.831521    2.000000    0.000000    0.000000   -0.000005   -0.000009    0.000000   -0.000001    0.000000
  155  2    9.935240    2.000000    0.000000    0.000000   -0.000001    0.000000    0.000000    0.000000    0.000000
  157  2    9.981900    2.000000    0.000000    0.000000    0.000000    0.000002    0.000000    0.000000    0.000000
  159  2   10.404722    2.000000    0.000000    0.000000   -0.000001   -0.000001    0.000000    0.000001    0.000000
  161  2   11.478951    2.000000    0.000000    0.000000    0.000010   -0.000184    0.000000   -0.000060    0.000000
  163  2   11.510664    2.000000    0.000000    0.000000    0.000056   -0.000074    0.000000   -0.000108    0.000000
  165  2   11.755614    2.000000    0.000000    0.000000   -0.000224    0.000402    0.000000   -0.000133    0.000000
  167  1   12.072358    1.000000    0.000000    0.000000   -0.464258   -0.848280    0.000000   -0.201653    0.000000
  168  1   12.079372    1.000000    0.000000    0.000000    0.429828    0.826177    0.000000    0.181472    0.000000
  2
    1    3
    1  2  -32.264991    2.000000    0.000000   -1.999994    0.000000
    3  2  -32.234577    2.000000    0.000000    1.997981    0.000000
    5  2  -32.230298    2.000000    0.000000   -1.997984    0.000000
    7  2  -31.996458    2.000000    0.000000   -1.999997    0.000000
    9  4  -31.979541    4.000000    0.000000    0.000036    0.000000
   13  2  -31.656514    2.000000    0.000000   -1.999997    0.000000
   15  2  -31.615995    2.000000    0.000000    1.998927    0.000000
   17  2  -31.609981    2.000000    0.000000   -1.998927    0.000000
   19  2  -30.483340    2.000000    0.000000   -1.992271    0.000000
   21  2  -30.480999    2.000000    0.000000    1.992262    0.000000
   23  2  -30.292922    2.000000    0.000000   -2.000000    0.000000
   25  2  -30.042660    2.000000    0.000000    1.983457    0.000000
   27  2  -30.041072    2.000000    0.000000   -1.983443    0.000000
   29  4  -29.909947    4.000000    0.000000   -0.000069    0.000000
   33  2  -29.850641    2.000000    0.000000   -2.000000    0.000000
   35  2  -29.740811    2.000000    0.000000   -2.000000    0.000000
   37  2   -4.468032    2.000000    0.000000    2.000000    0.000000
   39  2   -4.373771    2.000000    0.000000   -2.000000    0.000000
   41  2   -4.344253    2.000000    0.000000   -2.000000    0.000000
   43  2   -4.245333    2.000000    0.000000   -2.000000    0.000000
   45  2   -4.221093    2.000000    0.000000    2.000000    0.000000
   47  2   -4.136778    2.000000    0.000000    2.000000    0.000000
   49  2   -3.951214    2.000000    0.000000    2.000000    0.000000
   51  2   -3.818441    2.000000    0.000000   -2.000000    0.000000
   53  2    1.099216    2.000000    0.000000    2.000000    0.000000
   55  2    1.288277    2.000000    0.000000   -2.000000    0.000000
   57  2    1.644358    2.000000    0.000000    2.000000    0.000000
   59  2    1.741965    2.000000    0.000000    2.000000    0.000000
   61  2    1.831641    2.000000    0.000000   -2.000000    0.000000
   63  2    2.318916    2.000000    0.000000    1.999999    0.000000
   65  2    2.341587    2.000000    0.000000   -1.999999    0.000000
   67  2    2.822374    2.000000    0.000000   -2.000000    0.000000
   69  2    2.971147    2.000000    0.000000    2.000000    0.000000
   71  2    3.375901    2.000000    0.000000    2.000000    0.000000
   73  2    3.432193    2.000000    0.000000   -2.000000    0.000000
   75  2    3.463827    2.000000    0.000000   -2.000000    0.000000
   77  2    3.587221    2.000000    0.000000    2.000000    0.000000
   79  2    3.955498    2.000000    0.000000   -1.999996    0.000000
   81  2    3.971286    2.000000    0.000000    1.999996    0.000000
   83  2    4.111022    2.000000    0.000000    1.999999    0.000000
   85  2    4.118477    2.000000    0.000000   -1.999998    0.000000
   87  2    4.406352    2.000000    0.000000   -2.000000    0.000000
   89  2    4.482685    2.000000    0.000000   -1.999999    0.000000
   91  2    4.491050    2.000000    0.000000    1.999999    0.000000
   93  2    4.609958    2.000000    0.000000   -2.000000    0.000000
   95  2    4.813109    2.000000    0.000000    2.000000    0.000000
   97  2    5.028104    2.000000    0.000000   -2.000000    0.000000
   99  2    5.079358    2.000000    0.000000    2.000000    0.000000
  101  2    5.807438    2.000000    0.000000    2.000000    0.000000
  103  2    6.164483    2.000000    0.000000    2.000000    0.000000
  105  2    6.252312    2.000000    0.000000   -1.999999    0.000000
  107  2    6.360123    2.000000    0.000000    1.999999    0.000000
  109  2    6.578452    2.000000    0.000000   -1.999997    0.000000
  111  2    6.610027    2.000000    0.000000    1.999996    0.000000
  113  2    6.834564    2.000000    0.000000    1.999999    0.000000
  115  2    6.948536    2.000000    0.000000   -1.999998    0.000000
  117  2    7.098866    2.000000    0.000000    1.999999    0.000000
  119  2    7.400491    2.000000    0.000000    2.000000    0.000000
  121  2    7.700566    2.000000    0.000000    2.000000    0.000000
  123  2    7.976991    2.000000    0.000000    1.999999    0.000000
  125  2    8.019303    2.000000    0.000000   -1.999999    0.000000
  127  2    8.160056    2.000000    0.000000    1.999999    0.000000
  129  2    8.239313    2.000000    0.000000    1.999538    0.000000
  131  2    8.240443    2.000000    0.000000   -1.999506    0.000000
  133  2    8.513634    2.000000    0.000000   -1.999997    0.000000
  135  2    8.563273    2.000000    0.000000    1.999955    0.000000
  137  2    8.575169    2.000000    0.000000    1.999689    0.000000
  139  2    8.578556    2.000000    0.000000   -1.999691    0.000000
  141  2    8.737891    2.000000    0.000000   -1.999999    0.000000
  143  2    8.837395    2.000000    0.000000    2.000000    0.000000
  145  2    9.043468    2.000000    0.000000    2.000000    0.000000
  147  2    9.312740    2.000000    0.000000    2.000000    0.000000
  149  2    9.449914    2.000000    0.000000    2.000000    0.000000
  151  2    9.505445    2.000000    0.000000   -2.000000    0.000000
  153  2    9.692494    2.000000    0.000000    2.000000    0.000000
  155  2    9.890475    2.000000    0.000000   -1.999999    0.000000
  157  2    9.953793    2.000000    0.000000    1.999999    0.000000
  159  2   10.536909    2.000000    0.000000    1.999995    0.000000
  161  2   10.696615    2.000000    0.000000   -1.999995    0.000000
  163  2   10.948523    2.000000    0.000000    1.999866    0.000000
  165  1   11.516490    1.000000    0.000000   -0.989239    0.000000
  166  1   11.546473    1.000000    0.000000   -0.848985    0.000000
  167  1   11.595956    1.000000    0.000000   -0.586504    0.000000
  168  1   11.624485    1.000000    0.000000    0.432321    0.000000
  4
    1    2    3    4
    1  2  -32.261002    2.000000    0.000000    0.000000    0.000000   -1.999994    0.000000    0.000000    0.000000
    3  2  -32.228963    2.000000    0.000000    0.000000    0.000000    1.998262    0.000000    0.000000    0.000000
    5  2  -32.224362    2.000000    0.000000    0.000000   -0.000000   -1.998265    0.000000    0.000000    0.000000
    7  2  -31.997477    2.000000    0.000000    0.000000    0.000000   -1.999997    0.000000    0.000000    0.000000
    9  2  -31.980917    2.000000    0.000000    0.000000    0.000029   -1.983724    0.000000    0.000000    0.000000
   11  2  -31.979414    2.000000    0.000000    0.000000   -0.000029    1.983712    0.000000    0.000000    0.000000
   13  2  -31.651236    2.000000    0.000000    0.000000    0.000000   -1.999997    0.000000    0.000000    0.000000
   15  2  -31.611460    2.000000    0.000000    0.000000   -0.000000    1.999005    0.000000    0.000000    0.000000
   17  2  -31.605233    2.000000    0.000000    0.000000    0.000000   -1.999005    0.000000    0.000000    0.000000
   19  2  -30.479935    2.000000    0.000000    0.000000    0.000014   -1.994051    0.000000    0.000000    0.000000
   21  2  -30.477268    2.000000    0.000000    0.000000   -0.000014    1.994043    0.000000    0.000000    0.000000
   23  2  -30.291691    2.000000    0.000000    0.000000    0.000000   -2.000000    0.000000    0.000000    0.000000
   25  2  -30.035588    2.000000    0.000000    0.000000    0.000013    1.976303    0.000000    0.000000    0.000000
   27  2  -30.034262    2.000000    0.000000    0.000000   -0.000012   -1.976284    0.000000    0.000000    0.000000
   29  2  -29.911948    2.000000    0.000000    0.000000   -0.000025   -1.994218    0.000000    0.000000    0.000000
   31  2  -29.909355    2.000000    0.000000    0.000000    0.000025    1.994211    0.000000    0.000000    0.000000
   33  2  -29.851683    2.000000    0.000000    0.000000    0.000000   -2.000000    0.000000    0.000000    0.000000
   35  2  -29.730779    2.000000    0.000000    0.000000    0.000000   -2.000000    0.000000    0.000000    0.000000
   37  2   -5.436393    2.000000    0.000000    0.000000    0.000000   -2.000000    0.000000    0.000000    0.000000
   39  2   -5.391101    2.000000    0.000000    0.000000    0.000000   -2.000000    0.000000    0.000000    0.000000
   41  2   -5.221837    2.000000    0.000000    0.000000    0.000000    2.000000    0.000000    0.000000    0.000000
   43  2   -5.174345    2.000000    0.000000    0.000000    0.000000    2.000000    0.000000    0.000000    0.000000
   45  2   -4.461552    2.000000    0.000000    0.000000    0.000000   -2.000000    0.000000    0.000000    0.000000
   47  2   -4.358534    2.000000    0.000000    0.000000    0.000000   -2.000000    0.000000    0.000000    0.000000
   49  2   -4.185268    2.000000    0.000000    0.000000    0.000000    2.000000    0.000000    0.000000    0.000000
   51  2   -4.159003    2.000000    0.000000    0.000000    0.000000    2.000000    0.000000    0.000000    0.000000
   53  2    1.390508    2.000000    0.000000    0.000000    0.000000    2.000000    0.000000    0.000000    0.000000
   55  2    1.705164    2.000000    0.000000    0.000000    0.000000    2.000000    0.000000    0.000000    0.000000
   57  2    2.236578    2.000000    0.000000    0.000000    0.000000   -2.000000    0.000000    0.000000    0.000000
   59  2    2.614038    2.000000    0.000000    0.000000    0.000000   -2.000000    0.000000    0.000000    0.000000
   61  2    3.099167    2.000000    0.000000    0.000000    0.000000   -2.000000    0.000000    0.000000    0.000000
   63  2    3.208788    2.000000    0.000000    0.000000    0.000000   -2.000000    0.000000    0.000000    0.000000
   65  2    3.258184    2.000000    0.000000    0.000000    0.000000   -2.000000    0.000000    0.000000    0.000000
   67  2    3.351376    2.000000    0.000000    0.000000    0.000000    2.000000    0.000000    0.000000    0.000000
   69  2    3.423289    2.000000    0.000000    0.000000    0.000000    2.000000    0.000000    0.000000    0.000000
   71  2    3.586257    2.000000    0.000000    0.000000    0.000000   -2.000000    0.000000    0.000000    0.000000
   73  2    3.743961    2.000000    0.000000    0.000000    0.000000    2.000000    0.000000    0.000000    0.000000
   75  2    4.083267    2.000000    0.000000    0.000000    0.000000    2.000000    0.000000    0.000000    0.000000
   77  2    4.268315    2.000000    0.000000    0.000000    0.000000    2.000000    0.000000    0.000000    0.000000
   79  2    4.436422    2.000000    0.000000    0.000000    0.000000   -2.000000    0.000000    0.000000    0.000000
   81  2    4.641735    2.000000    0.000000    0.000000    0.000000    2.000000    0.000000    0.000000    0.000000
   83  2    4.766996    2.000000    0.000000    0.000000    0.000000   -2.000000    0.000000    0.000000    0.000000
   85  2    4.871042    2.000000    0.000000    0.000000    0.000000    2.000000    0.000000    0.000000    0.000000
   87  2    4.995868    2.000000    0.000000    0.000000    0.000000   -2.000000    0.000000    0.000000    0.000000
   89  2    5.172958    2.000000    0.000000    0.000000   -0.000005   -1.999976    0.000000    0.000000    0.000000
   91  2    5.173996    2.000000    0.000000    0.000000    0.000005    1.999977    0.000000    0.000000    0.000000
   93  2    5.295650    2.000000    0.000000    0.000000    0.000000    2.000000    0.000000    0.000000    0.000000
   95  2    5.441826    2.000000    0.000000    0.000000    0.000000   -2.000000    0.000000    0.000000    0.000000
   97  2    5.525661    2.000000    0.000000    0.000000    0.000000    2.000000    0.000000    0.000000    0.000000
   99  2    5.581840    2.000000    0.000000    0.000000    0.000000    2.000000    0.000000    0.000000    0.000000
  101  2    5.903117    2.000000    0.000000    0.000000    0.000000   -2.000000    0.000000    0.000000    0.000000
  103  2    6.137796    2.000000    0.000000    0.000000    0.000000   -1.999998    0.000000    0.000000    0.000000
  105  2    6.174745    2.000000    0.000000    0.000000    0.000000    1.999998    0.000000    0.000000    0.000000
  107  2    6.420622    2.000000    0.000000    0.000000    0.000000    2.000000    0.000000    0.000000    0.000000
  109  2    6.462603    2.000000    0.000000    0.000000    0.000000    2.000000    0.000000    0.000000    0.000000
  111  2    6.794384    2.000000    0.000000    0.000000    0.000000    2.000000    0.000000    0.000000    0.000000
  113  2    6.860947    2.000000    0.000000    0.000000    0.000000    2.000000    0.000000    0.000000    0.000000
  115  2    6.870421    2.000000    0.000000    0.000000    0.000000   -2.000000    0.000000    0.000000    0.000000
  117  2    7.163744    2.000000    0.000000    0.000000    0.000000   -2.000000    0.000000    0.000000    0.000000
  119  2    7.495692    2.000000    0.000000    0.000000    0.000000    2.000000    0.000000    0.000000    0.000000
  121  2    7.571922    2.000000    0.000000    0.000000    0.000000    2.000000    0.000000    0.000000    0.000000
  123  2    7.642372    2.000000    0.000000    0.000000    0.000000   -2.000000    0.000000    0.000000    0.000000
  125  2    7.774750    2.000000    0.000000    0.000000    0.000000    2.000000    0.000000    0.000000    0.000000
  127  2    7.885448    2.000000    0.000000    0.000000    0.000000    2.000000    0.000000    0.000000    0.000000
  129  2    8.284009    2.000000    0.000000    0.000000    0.000000    2.000000    0.000000    0.000000    0.000000
  131  2    8.382410    2.000000    0.000000    0.000000    0.000000    1.999999    0.000000    0.000000    0.000000
  133  2    8.494835    2.000000    0.000000    0.000000    0.000000   -1.999999    0.000000    0.000000    0.000000
  135  2    8.835863    2.000000    0.000000    0.000000    0.000000   -1.999999    0.000000    0.000000    0.000000
  137  2    8.932650    2.000000    0.000000    0.000000    0.000000    1.999999    0.000000    0.000000    0.000000
  139  2    8.971311    2.000000    0.000000    0.000000   -0.000000   -1.999991    0.000000    0.000000    0.000000
  141  2    8.984068    2.000000    0.000000    0.000000    0.000000    1.999989    0.000000    0.000000    0.000000
  143  2    9.050329    2.000000    0.000000    0.000000    0.000000    2.000000    0.000000    0.000000    0.000000
  145  2    9.196919    2.000000    0.000000    0.000000    0.000000    2.000000    0.000000    0.000000    0.000000
  147  2    9.270337    2.000000    0.000000    0.000000    0.000000   -1.999999    0.000000    0.000000    0.000000
  149  2    9.475492    2.000000    0.000000    0.000000    0.000000    2.000000    0.000000    0.000000    0.000000
  151  2    9.638282    2.000000    0.000000    0.000000    0.000000   -1.999999    0.000000    0.000000   -0.000000
  153  2    9.855919    2.000000    0.000000    0.000000    0.000000    2.000000    0.000000    0.000000    0.000000
  155  2    9.900587    2.000000    0.000000    0.000000    0.000000   -2.000000    0.000000    0.000000    0.000000
  157  2   10.046652    2.000000    0.000000    0.000000    0.000000    2.000000    0.000000    0.000000    0.000000
  159  2   10.488012    2.000000    0.000000    0.000000    0.000000    2.000000    0.000000    0.000000    0.000000
  161  2   11.575240    2.000000    0.000000    0.000000    0.000058   -1.999295    0.000000    0.000000    0.000168
  163  1   11.650897    1.000000    0.000000    0.000000   -0.127965   -0.999795    0.000000    0.000000    0.127922
  164  1   11.652014    1.000000    0.000000    0.000000    0.127672   -0.997056    0.000000    0.000000   -0.128511
  165  1   11.712924    1.000000    0.000000    0.000000    0.704565    0.999942    0.000000    0.000000    0.704528
  166  1   11.715186    1.000000    0.000000    0.000000   -0.694663    0.987636    0.000000    0.000000   -0.699388
  167  1   11.939138    1.000000    0.000000    0.000000   -0.460413   -0.990585    0.000000    0.000000    0.466279
  168  1   12.019343    1.000000    0.000000    0.000000    0.410903   -0.504865    0.000000    0.000000   -0.294223
