   86  128
  1
  2
  1  0  0  0  1  0  0  0  1    0.000000    0.000000    0.000000    1.000000    0.000000    0.000000    0.000000    0.000000    0.000000    1.000000    0.000000  1
 -1  0  0  0 -1  0  0  0 -1    0.000000    0.000000    0.000000    1.000000    0.000000    0.000000    0.000000    0.000000    0.000000    1.000000    0.000000  1
  8
    0.000000    0.000000    0.000000
    0.500000    0.500000    0.500000
    0.000000    0.500000    0.500000
    0.500000    0.000000    0.500000
    0.500000    0.500000    0.000000
    0.500000    0.000000    0.000000
    0.000000    0.500000    0.000000
    0.000000    0.000000    0.500000
  2
    1    2
    1  1  -40.979927    1.000000    0.000000   -1.000000    0.000000
    2  1  -40.960008    1.000000    0.000000   -1.000000    0.000000
    3  1  -40.908010    1.000000    0.000000   -1.000000    0.000000
    4  1  -40.896328    1.000000    0.000000   -1.000000    0.000000
    5  1  -40.676521    1.000000    0.000000   -1.000000    0.000000
    6  1  -40.657282    1.000000    0.000000   -1.000000    0.000000
    7  1  -40.647859    1.000000    0.000000   -1.000000    0.000000
    8  1  -40.633215    1.000000    0.000000   -1.000000    0.000000
    9  1  -39.897154    1.000000    0.000000   -1.000000    0.000000
   10  1  -39.877214    1.000000    0.000000   -1.000000    0.000000
   11  1  -39.806964    1.000000    0.000000   -1.000000    0.000000
   12  1  -39.788035    1.000000    0.000000   -1.000000    0.000000
   13  1  -39.461544    1.000000    0.000000   -1.000000    0.000000
   14  1  -39.448866    1.000000    0.000000   -1.000000    0.000000
   15  1  -39.446805    1.000000    0.000000   -1.000000    0.000000
   16  1  -39.423910    1.000000    0.000000   -1.000000    0.000000
   17  1  -39.237428    1.000000    0.000000   -1.000000    0.000000
   18  1  -39.224686    1.000000    0.000000   -1.000000    0.000000
   19  1  -39.205287    1.000000    0.000000   -1.000000    0.000000
   20  1  -39.149259    1.000000    0.000000   -1.000000    0.000000
   21  1  -39.067046    1.000000    0.000000   -1.000000    0.000000
   22  1  -39.054842    1.000000    0.000000   -1.000000    0.000000
   23  1  -39.037896    1.000000    0.000000   -1.000000    0.000000
   24  1  -38.999725    1.000000    0.000000   -1.000000    0.000000
   25  2  -32.221614    2.000000    0.000000    2.000000    0.000000
   27  1  -13.583411    1.000000    0.000000   -1.000000    0.000000
   28  1  -13.576628    1.000000    0.000000   -1.000000    0.000000
   29  1  -13.229087    1.000000    0.000000   -1.000000    0.000000
   30  1  -13.223962    1.000000    0.000000   -1.000000    0.000000
   31  1  -13.187673    1.000000    0.000000   -1.000000    0.000000
   32  1  -13.186523    1.000000    0.000000   -1.000000    0.000000
   33  2   -2.201646    2.000000    0.000000    2.000000    0.000000
   35  1    1.215672    1.000000    0.000000   -1.000000    0.000000
   36  1    1.218630    1.000000    0.000000   -1.000000    0.000000
   37  1    1.267519    1.000000    0.000000   -1.000000    0.000000
   38  1    1.269899    1.000000    0.000000   -1.000000    0.000000
   39  1    1.723340    1.000000    0.000000    1.000000    0.000000
   40  1    1.739221    1.000000    0.000000    1.000000    0.000000
   41  1    2.185802    1.000000    0.000000    1.000000    0.000000
   42  1    2.195358    1.000000    0.000000    1.000000    0.000000
   43  1    3.046349    1.000000    0.000000    1.000000    0.000000
   44  1    3.055831    1.000000    0.000000    1.000000    0.000000
   45  1    3.494455    1.000000    0.000000    1.000000    0.000000
   46  1    3.505950    1.000000    0.000000    1.000000    0.000000
   47  1    4.630310    1.000000    0.000000    1.000000    0.000000
   48  1    4.638116    1.000000    0.000000    1.000000    0.000000
   49  1    4.645454    1.000000    0.000000    1.000000    0.000000
   50  1    4.658425    1.000000    0.000000    1.000000    0.000000
   51  1    4.666077    1.000000    0.000000    1.000000    0.000000
   52  1    4.675733    1.000000    0.000000    1.000000    0.000000
   53  1    4.690073    1.000000    0.000000   -1.000000    0.000000
   54  1    4.693515    1.000000    0.000000   -1.000000    0.000000
   55  1    4.834067    1.000000    0.000000   -1.000000    0.000000
   56  1    4.835911    1.000000    0.000000   -1.000000    0.000000
   57  1    4.880904    1.000000    0.000000   -1.000000    0.000000
   58  1    4.884397    1.000000    0.000000   -1.000000    0.000000
   59  1    5.139684    1.000000    0.000000    1.000000    0.000000
   60  1    5.170877    1.000000    0.000000    1.000000    0.000000
   61  1    5.180188    1.000000    0.000000    1.000000    0.000000
   62  1    5.212492    1.000000    0.000000    1.000000    0.000000
   63  1    5.376782    1.000000    0.000000    1.000000    0.000000
   64  1    5.443551    1.000000    0.000000    1.000000    0.000000
   65  1    6.016186    1.000000    0.000000    1.000000    0.000000
   66  1    6.063211    1.000000    0.000000    1.000000    0.000000
   67  1    6.191657    1.000000    0.000000   -1.000000    0.000000
   68  1    6.194920    1.000000    0.000000   -1.000000    0.000000
   69  1    6.222712    1.000000    0.000000   -1.000000    0.000000
   70  1    6.224893    1.000000    0.000000   -1.000000    0.000000
   71  1    6.452615    1.000000    0.000000    1.000000    0.000000
   72  1    6.506935    1.000000    0.000000    1.000000    0.000000
   73  1    6.527567    1.000000    0.000000    1.000000    0.000000
   74  1    6.564285    1.000000    0.000000   -1.000000    0.000000
   75  1    6.567266    1.000000    0.000000   -1.000000    0.000000
   76  1    6.587219    1.000000    0.000000    1.000000    0.000000
   77  1    7.000040    1.000000    0.000000    1.000000    0.000000
   78  1    7.065305    1.000000    0.000000    1.000000    0.000000
   79  1    7.189047    1.000000    0.000000    1.000000    0.000000
   80  1    7.232295    1.000000    0.000000    1.000000    0.000000
   81  1    7.248162    1.000000    0.000000    1.000000    0.000000
   82  1    7.277115    1.000000    0.000000    1.000000    0.000000
   83  1    7.334913    1.000000    0.000000    1.000000    0.000000
   84  1    7.372274    1.000000    0.000000    1.000000    0.000000
   85  1    7.412023    1.000000    0.000000    1.000000    0.000000
   86  1    7.456048    1.000000    0.000000    1.000000    0.000000
   87  1    7.556179    1.000000    0.000000    1.000000    0.000000
   88  1    7.588410    1.000000    0.000000    1.000000    0.000000
   89  1    7.849329    1.000000    0.000000    1.000000    0.000000
   90  1    7.917413    1.000000    0.000000    1.000000    0.000000
   91  1    8.366729    1.000000    0.000000    1.000000    0.000000
   92  1    8.406390    1.000000    0.000000    1.000000    0.000000
   93  1    8.418518    1.000000    0.000000    1.000000    0.000000
   94  1    8.435983    1.000000    0.000000    1.000000    0.000000
   95  1    8.453948    1.000000    0.000000    1.000000    0.000000
   96  1    8.479252    1.000000    0.000000    1.000000    0.000000
   97  1    8.514864    1.000000    0.000000    1.000000    0.000000
   98  1    8.521805    1.000000    0.000000    1.000000    0.000000
   99  1    9.444317    1.000000    0.000000    1.000000    0.000000
  100  1    9.489121    1.000000    0.000000    1.000000    0.000000
  101  1   10.092091    1.000000    0.000000    1.000000    0.000000
  102  1   10.111202    1.000000    0.000000    1.000000    0.000000
  103  1   10.140385    1.000000    0.000000    1.000000    0.000000
  104  1   10.159566    1.000000    0.000000    1.000000    0.000000
  105  1   11.311942    1.000000    0.000000    1.000000    0.000000
  106  1   11.332291    1.000000    0.000000    1.000000    0.000000
  107  2   11.675581    2.000000    0.000000   -2.000000    0.000000
  109  2   11.701733    2.000000    0.000000   -2.000000    0.000000
  111  1   11.998506    1.000000    0.000000    0.999999    0.000000
  112  1   12.008569    1.000000    0.000000    1.000000    0.000000
  113  1   12.017570    1.000000    0.000000    1.000000    0.000000
  114  1   12.027141    1.000000    0.000000    1.000000    0.000000
  115  1   12.150787    1.000000    0.000000   -1.000000    0.000000
  116  1   12.153301    1.000000    0.000000   -1.000000    0.000000
  117  1   12.190589    1.000000    0.000000    1.000000    0.000000
  118  1   12.194547    1.000000    0.000000    0.999999    0.000000
  119  1   12.631352    1.000000    0.000000   -1.000000    0.000000
  120  1   12.635986    1.000000    0.000000   -1.000000    0.000000
  121  1   12.712032    1.000000    0.000000    0.999940    0.000000
  122  1   12.721597    1.000000    0.000000    0.999973    0.000000
  123  1   13.326546    1.000000    0.000000   -0.999824    0.000000
  124  1   13.330537    1.000000    0.000000   -0.999700    0.000000
  125  1   13.389614    1.000000    0.000000   -0.999533    0.000000
  126  1   13.398950    1.000000    0.000000   -0.999105    0.000000
  127  1   13.620527    1.000000    0.000000   -0.996427    0.000000
  128  1   13.677107    1.000000    0.000000   -0.997633    0.000000
  2
    1    2
    1  1  -40.964110    1.000000    0.000000   -1.000000    0.000000
    2  1  -40.942514    1.000000    0.000000   -1.000000    0.000000
    3  1  -40.890342    1.000000    0.000000    1.000000    0.000000
    4  1  -40.876289    1.000000    0.000000    1.000000    0.000000
    5  1  -40.681761    1.000000    0.000000   -1.000000    0.000000
    6  1  -40.661935    1.000000    0.000000    1.000000    0.000000
    7  1  -40.647480    1.000000    0.000000   -1.000000    0.000000
    8  1  -40.639008    1.000000    0.000000    1.000000    0.000000
    9  1  -39.885367    1.000000    0.000000   -1.000000    0.000000
   10  1  -39.863503    1.000000    0.000000   -1.000000    0.000000
   11  1  -39.789947    1.000000    0.000000    1.000000    0.000000
   12  1  -39.768941    1.000000    0.000000    1.000000    0.000000
   13  1  -39.475117    1.000000    0.000000   -1.000000    0.000000
   14  1  -39.473041    1.000000    0.000000    1.000000    0.000000
   15  1  -39.464602    1.000000    0.000000    1.000000    0.000000
   16  1  -39.444432    1.000000    0.000000   -1.000000    0.000000
   17  1  -39.242631    1.000000    0.000000    1.000000    0.000000
   18  1  -39.229378    1.000000    0.000000    1.000000    0.000000
   19  1  -39.208898    1.000000    0.000000   -1.000000    0.000000
   20  1  -39.149726    1.000000    0.000000   -1.000000    0.000000
   21  1  -39.076905    1.000000    0.000000    1.000000    0.000000
   22  1  -39.067683    1.000000    0.000000    1.000000    0.000000
   23  1  -39.046262    1.000000    0.000000   -1.000000    0.000000
   24  1  -39.008423    1.000000    0.000000   -1.000000    0.000000
   25  2  -32.221339    2.000000    0.000000    2.000000    0.000000
   27  1  -13.588219    1.000000    0.000000   -1.000000    0.000000
   28  1  -13.581353    1.000000    0.000000   -1.000000    0.000000
   29  1  -13.236512    1.000000    0.000000   -1.000000    0.000000
   30  1  -13.231112    1.000000    0.000000   -1.000000    0.000000
   31  2  -13.187150    2.000000    0.000000   -2.000000    0.000000
   33  1   -0.458798    1.000000    0.000000   -1.000000    0.000000
   34  1   -0.446749    1.000000    0.000000   -1.000000    0.000000
   35  1   -0.254573    1.000000    0.000000    1.000000    0.000000
   36  1   -0.240584    1.000000    0.000000    1.000000    0.000000
   37  1    1.221500    1.000000    0.000000   -1.000000    0.000000
   38  1    1.225618    1.000000    0.000000    1.000000    0.000000
   39  1    1.254580    1.000000    0.000000   -1.000000    0.000000
   40  1    1.262816    1.000000    0.000000    1.000000    0.000000
   41  1    2.060487    1.000000    0.000000   -1.000000    0.000000
   42  1    2.090191    1.000000    0.000000    0.999999    0.000000
   43  1    2.099573    1.000000    0.000000   -0.999999    0.000000
   44  1    2.131947    1.000000    0.000000    1.000000    0.000000
   45  1    3.053287    1.000000    0.000000    1.000000    0.000000
   46  1    3.135524    1.000000    0.000000    1.000000    0.000000
   47  1    3.221648    1.000000    0.000000   -1.000000    0.000000
   48  1    3.281281    1.000000    0.000000   -1.000000    0.000000
   49  1    4.563095    1.000000    0.000000   -1.000000    0.000000
   50  1    4.696864    1.000000    0.000000   -1.000000    0.000000
   51  1    4.746656    1.000000    0.000000    1.000000    0.000000
   52  1    4.773757    1.000000    0.000000    1.000000    0.000000
   53  1    4.898034    1.000000    0.000000    1.000000    0.000000
   54  1    4.912220    1.000000    0.000000   -1.000000    0.000000
   55  1    4.956296    1.000000    0.000000    1.000000    0.000000
   56  1    5.019187    1.000000    0.000000   -1.000000    0.000000
   57  1    5.316032    1.000000    0.000000    1.000000    0.000000
   58  1    5.575422    1.000000    0.000000    1.000000    0.000000
   59  1    5.625427    1.000000    0.000000    1.000000    0.000000
   60  1    5.666256    1.000000    0.000000   -1.000000    0.000000
   61  1    5.963941    1.000000    0.000000    1.000000    0.000000
   62  1    5.993462    1.000000    0.000000   -1.000000    0.000000
   63  1    6.074254    1.000000    0.000000   -1.000000    0.000000
   64  1    6.304468    1.000000    0.000000   -1.000000    0.000000
   65  1    6.320476    1.000000    0.000000    1.000000    0.000000
   66  1    6.349431    1.000000    0.000000    1.000000    0.000000
   67  1    6.378238    1.000000    0.000000   -1.000000    0.000000
   68  1    6.403774    1.000000    0.000000   -1.000000    0.000000
   69  1    6.543453    1.000000    0.000000    1.000000    0.000000
   70  1    6.650773    1.000000    0.000000   -1.000000    0.000000
   71  1    6.684553    1.000000    0.000000    1.000000    0.000000
   72  1    6.788758    1.000000    0.000000   -1.000000    0.000000
   73  1    6.797154    1.000000    0.000000   -1.000000    0.000000
   74  1    6.805538    1.000000    0.000000    1.000000    0.000000
   75  1    6.810562    1.000000    0.000000    1.000000    0.000000
   76  1    6.816685    1.000000    0.000000   -1.000000    0.000000
   77  1    6.852641    1.000000    0.000000   -1.000000    0.000000
   78  1    6.908125    1.000000    0.000000    1.000000    0.000000
   79  1    7.080018    1.000000    0.000000    1.000000    0.000000
   80  1    7.082740    1.000000    0.000000   -1.000000    0.000000
   81  1    7.172533    1.000000    0.000000   -1.000000    0.000000
   82  1    7.192557    1.000000    0.000000    1.000000    0.000000
   83  1    7.260234    1.000000    0.000000    1.000000    0.000000
   84  1    7.296342    1.000000    0.000000   -1.000000    0.000000
   85  1    7.326274    1.000000    0.000000   -1.000000    0.000000
   86  1    7.494508    1.000000    0.000000    1.000000    0.000000
   87  1    7.700184    1.000000    0.000000   -1.000000    0.000000
   88  1    7.795251    1.000000    0.000000    1.000000    0.000000
   89  1    7.843638    1.000000    0.000000    1.000000    0.000000
   90  1    7.891175    1.000000    0.000000   -1.000000    0.000000
   91  1    8.089816    1.000000    0.000000   -1.000000    0.000000
   92  1    8.161825    1.000000    0.000000    1.000000    0.000000
   93  1    8.342270    1.000000    0.000000   -1.000000    0.000000
   94  1    8.376865    1.000000    0.000000    1.000000    0.000000
   95  1    8.396101    1.000000    0.000000    1.000000    0.000000
   96  1    8.548442    1.000000    0.000000   -1.000000    0.000000
   97  1    8.653837    1.000000    0.000000    1.000000    0.000000
   98  1    8.894715    1.000000    0.000000    1.000000    0.000000
   99  1    9.201756    1.000000    0.000000   -1.000000    0.000000
  100  1    9.390543    1.000000    0.000000   -1.000000    0.000000
  101  1    9.429039    1.000000    0.000000   -1.000000    0.000000
  102  1    9.665097    1.000000    0.000000   -1.000000    0.000000
  103  1    9.868017    1.000000    0.000000    1.000000    0.000000
  104  1   10.121789    1.000000    0.000000    1.000000    0.000000
  105  1   10.875320    1.000000    0.000000    1.000000    0.000000
  106  1   10.954861    1.000000    0.000000    1.000000    0.000000
  107  1   11.225922    1.000000    0.000000    1.000000    0.000000
  108  1   11.249342    1.000000    0.000000    1.000000    0.000000
  109  1   11.351885    1.000000    0.000000    1.000000    0.000000
  110  1   11.414096    1.000000    0.000000    1.000000    0.000000
  111  1   11.456952    1.000000    0.000000   -1.000000    0.000000
  112  1   11.564191    1.000000    0.000000   -1.000000    0.000000
  113  1   11.754030    1.000000    0.000000    1.000000    0.000000
  114  1   11.882843    1.000000    0.000000    1.000000    0.000000
  115  1   12.136785    1.000000    0.000000   -1.000000    0.000000
  116  1   12.213092    1.000000    0.000000   -1.000000    0.000000
  117  1   12.232145    1.000000    0.000000    1.000000    0.000000
  118  1   12.356151    1.000000    0.000000    1.000000    0.000000
  119  1   12.468858    1.000000    0.000000   -0.999999    0.000000
  120  1   12.602607    1.000000    0.000000   -1.000000    0.000000
  121  1   12.696677    1.000000    0.000000   -0.999994    0.000000
  122  1   12.800666    1.000000    0.000000   -0.999983    0.000000
  123  1   12.857183    1.000000    0.000000    0.999948    0.000000
  124  1   12.967403    1.000000    0.000000    0.999936    0.000000
  125  1   13.667405    1.000000    0.000000    0.930419    0.000000
  126  1   13.710161    1.000000    0.000000   -0.208849    0.000000
  127  1   13.738083    1.000000    0.000000   -0.438236    0.000000
  128  1   13.796582    1.000000    0.000000    0.832228    0.000000
  2
    1    2
    1  1  -40.979915    1.000000    0.000000    1.000000    0.000000
    2  1  -40.959995    1.000000    0.000000    1.000000    0.000000
    3  1  -40.907996    1.000000    0.000000    1.000000    0.000000
    4  1  -40.896314    1.000000    0.000000    1.000000    0.000000
    5  1  -40.676522    1.000000    0.000000    1.000000    0.000000
    6  1  -40.657281    1.000000    0.000000    1.000000    0.000000
    7  1  -40.647859    1.000000    0.000000    1.000000    0.000000
    8  1  -40.633216    1.000000    0.000000    1.000000    0.000000
    9  1  -39.897150    1.000000    0.000000    1.000000    0.000000
   10  1  -39.877209    1.000000    0.000000    1.000000    0.000000
   11  1  -39.806959    1.000000    0.000000    1.000000    0.000000
   12  1  -39.788030    1.000000    0.000000    1.000000    0.000000
   13  1  -39.461543    1.000000    0.000000    1.000000    0.000000
   14  1  -39.448863    1.000000    0.000000    1.000000    0.000000
   15  1  -39.446806    1.000000    0.000000    1.000000    0.000000
   16  1  -39.423908    1.000000    0.000000    1.000000    0.000000
   17  1  -39.237427    1.000000    0.000000    1.000000    0.000000
   18  1  -39.224688    1.000000    0.000000    1.000000    0.000000
   19  1  -39.205287    1.000000    0.000000    1.000000    0.000000
   20  1  -39.149262    1.000000    0.000000    1.000000    0.000000
   21  1  -39.067045    1.000000    0.000000    1.000000    0.000000
   22  1  -39.054841    1.000000    0.000000    1.000000    0.000000
   23  1  -39.037892    1.000000    0.000000    1.000000    0.000000
   24  1  -38.999725    1.000000    0.000000    1.000000    0.000000
   25  2  -32.221494    2.000000    0.000000    2.000000    0.000000
   27  1  -13.584674    1.000000    0.000000   -1.000000    0.000000
   28  1  -13.577902    1.000000    0.000000   -1.000000    0.000000
   29  1  -13.230237    1.000000    0.000000   -1.000000    0.000000
   30  1  -13.225148    1.000000    0.000000   -1.000000    0.000000
   31  1  -13.189615    1.000000    0.000000   -1.000000    0.000000
   32  1  -13.188441    1.000000    0.000000   -1.000000    0.000000
   33  1   -1.011496    1.000000    0.000000    1.000000    0.000000
   34  1   -1.007598    1.000000    0.000000    1.000000    0.000000
   35  1   -0.196798    1.000000    0.000000   -1.000000    0.000000
   36  1   -0.194759    1.000000    0.000000   -1.000000    0.000000
   37  1   -0.178971    1.000000    0.000000   -1.000000    0.000000
   38  1   -0.176286    1.000000    0.000000   -1.000000    0.000000
   39  1    0.578395    1.000000    0.000000    1.000000    0.000000
   40  1    0.586813    1.000000    0.000000    1.000000    0.000000
   41  1    3.363009    1.000000    0.000000   -1.000000    0.000000
   42  1    3.368602    1.000000    0.000000   -1.000000    0.000000
   43  1    3.835278    1.000000    0.000000    1.000000    0.000000
   44  1    3.838890    1.000000    0.000000    1.000000    0.000000
   45  1    4.309394    1.000000    0.000000   -1.000000    0.000000
   46  1    4.318787    1.000000    0.000000   -1.000000    0.000000
   47  1    4.342875    1.000000    0.000000   -1.000000    0.000000
   48  1    4.357401    1.000000    0.000000   -1.000000    0.000000
   49  1    4.684325    1.000000    0.000000   -1.000000    0.000000
   50  1    4.700606    1.000000    0.000000   -1.000000    0.000000
   51  1    4.720585    1.000000    0.000000   -1.000000    0.000000
   52  1    4.742826    1.000000    0.000000   -1.000000    0.000000
   53  1    5.173260    1.000000    0.000000   -1.000000    0.000000
   54  1    5.186154    1.000000    0.000000   -1.000000    0.000000
   55  1    5.219001    1.000000    0.000000   -1.000000    0.000000
   56  1    5.225296    1.000000    0.000000   -1.000000    0.000000
   57  1    5.837318    1.000000    0.000000   -1.000000    0.000000
   58  1    5.839309    1.000000    0.000000   -1.000000    0.000000
   59  1    5.871991    1.000000    0.000000   -1.000000    0.000000
   60  1    5.877690    1.000000    0.000000   -1.000000    0.000000
   61  1    6.042089    1.000000    0.000000   -1.000000    0.000000
   62  1    6.079791    1.000000    0.000000   -1.000000    0.000000
   63  1    6.200865    1.000000    0.000000    1.000000    0.000000
   64  1    6.202873    1.000000    0.000000    1.000000    0.000000
   65  1    6.235321    1.000000    0.000000    1.000000    0.000000
   66  1    6.245350    1.000000    0.000000    1.000000    0.000000
   67  1    6.270815    1.000000    0.000000    1.000000    0.000000
   68  1    6.276259    1.000000    0.000000    1.000000    0.000000
   69  1    6.279572    1.000000    0.000000    1.000000    0.000000
   70  1    6.280686    1.000000    0.000000    1.000000    0.000000
   71  1    6.317470    1.000000    0.000000    1.000000    0.000000
   72  1    6.321605    1.000000    0.000000    1.000000    0.000000
   73  1    6.339278    1.000000    0.000000   -1.000000    0.000000
   74  1    6.366889    1.000000    0.000000    1.000000    0.000000
   75  1    6.372705    1.000000    0.000000    1.000000    0.000000
   76  1    6.386722    1.000000    0.000000   -1.000000    0.000000
   77  1    6.407943    1.000000    0.000000   -1.000000    0.000000
   78  1    6.440684    1.000000    0.000000   -1.000000    0.000000
   79  1    6.691880    1.000000    0.000000   -1.000000    0.000000
   80  1    6.740713    1.000000    0.000000   -1.000000    0.000000
   81  1    7.110124    1.000000    0.000000   -1.000000    0.000000
   82  1    7.147003    1.000000    0.000000   -1.000000    0.000000
   83  1    7.427401    1.000000    0.000000   -1.000000    0.000000
   84  1    7.478810    1.000000    0.000000   -1.000000    0.000000
   85  1    7.535009    1.000000    0.000000   -1.000000    0.000000
   86  1    7.618056    1.000000    0.000000   -1.000000    0.000000
   87  1    7.833041    1.000000    0.000000    1.000000    0.000000
   88  1    7.834716    1.000000    0.000000    1.000000    0.000000
   89  1    8.329609    1.000000    0.000000   -1.000000    0.000000
   90  1    8.354941    1.000000    0.000000   -1.000000    0.000000
   91  1    8.384356    1.000000    0.000000   -1.000000    0.000000
   92  1    8.402402    1.000000    0.000000   -1.000000    0.000000
   93  1    8.446247    1.000000    0.000000   -1.000000    0.000000
   94  1    8.469355    1.000000    0.000000   -1.000000    0.000000
   95  1    8.505561    1.000000    0.000000   -1.000000    0.000000
   96  1    8.531886    1.000000    0.000000   -1.000000    0.000000
   97  1    9.349313    1.000000    0.000000   -1.000000    0.000000
   98  1    9.395958    1.000000    0.000000   -1.000000    0.000000
   99  1    9.607125    1.000000    0.000000    1.000000    0.000000
  100  1    9.617578    1.000000    0.000000    1.000000    0.000000
  101  1    9.784782    1.000000    0.000000   -1.000000    0.000000
  102  1    9.816829    1.000000    0.000000   -1.000000    0.000000
  103  1    9.851209    1.000000    0.000000   -1.000000    0.000000
  104  1    9.895449    1.000000    0.000000   -1.000000    0.000000
  105  1   10.190986    1.000000    0.000000    1.000000    0.000000
  106  1   10.192071    1.000000    0.000000    1.000000    0.000000
  107  1   10.227529    1.000000    0.000000    1.000000    0.000000
  108  1   10.228748    1.000000    0.000000    1.000000    0.000000
  109  1   10.443142    1.000000    0.000000   -1.000000    0.000000
  110  1   10.464983    1.000000    0.000000   -1.000000    0.000000
  111  1   10.490749    1.000000    0.000000   -1.000000    0.000000
  112  1   10.506440    1.000000    0.000000   -1.000000    0.000000
  113  2   10.613881    2.000000    0.000000    0.000001    0.000000
  115  1   10.616963    1.000000    0.000000    1.000000    0.000000
  116  1   10.654010    1.000000    0.000000   -1.000000    0.000000
  117  1   11.059425    1.000000    0.000000   -1.000000    0.000000
  118  1   11.087026    1.000000    0.000000   -1.000000    0.000000
  119  1   11.104021    1.000000    0.000000   -1.000000    0.000000
  120  1   11.133448    1.000000    0.000000   -1.000000    0.000000
  121  1   11.644291    1.000000    0.000000   -1.000000    0.000000
  122  1   11.666290    1.000000    0.000000   -1.000000    0.000000
  123  1   12.314497    1.000000    0.000000   -1.000000    0.000000
  124  1   12.351335    1.000000    0.000000   -1.000000    0.000000
  125  1   12.585623    1.000000    0.000000    0.999919    0.000000
  126  1   12.587791    1.000000    0.000000    0.999892    0.000000
  127  1   13.329828    1.000000    0.000000    0.065802    0.000000
  128  1   13.354233    1.000000    0.000000   -0.770554    0.000000
  2
    1    2
    1  1  -40.964111    1.000000    0.000000    1.000000    0.000000
    2  1  -40.942514    1.000000    0.000000   -1.000000    0.000000
    3  1  -40.890340    1.000000    0.000000   -1.000000    0.000000
    4  1  -40.876290    1.000000    0.000000    1.000000    0.000000
    5  1  -40.681762    1.000000    0.000000   -1.000000    0.000000
    6  1  -40.661935    1.000000    0.000000    1.000000    0.000000
    7  1  -40.647482    1.000000    0.000000    1.000000    0.000000
    8  1  -40.639008    1.000000    0.000000   -1.000000    0.000000
    9  1  -39.885369    1.000000    0.000000    1.000000    0.000000
   10  1  -39.863504    1.000000    0.000000   -1.000000    0.000000
   11  1  -39.789945    1.000000    0.000000   -1.000000    0.000000
   12  1  -39.768941    1.000000    0.000000    1.000000    0.000000
   13  1  -39.475117    1.000000    0.000000   -1.000000    0.000000
   14  1  -39.473040    1.000000    0.000000    1.000000    0.000000
   15  1  -39.464601    1.000000    0.000000   -1.000000    0.000000
   16  1  -39.444433    1.000000    0.000000    1.000000    0.000000
   17  1  -39.242630    1.000000    0.000000    1.000000    0.000000
   18  1  -39.229379    1.000000    0.000000   -1.000000    0.000000
   19  1  -39.208899    1.000000    0.000000    1.000000    0.000000
   20  1  -39.149727    1.000000    0.000000   -1.000000    0.000000
   21  1  -39.076901    1.000000    0.000000   -1.000000    0.000000
   22  1  -39.067684    1.000000    0.000000    1.000000    0.000000
   23  1  -39.046263    1.000000    0.000000   -1.000000    0.000000
   24  1  -39.008427    1.000000    0.000000    1.000000    0.000000
   25  2  -32.221339    2.000000    0.000000    2.000000    0.000000
   27  1  -13.588220    1.000000    0.000000   -1.000000    0.000000
   28  1  -13.581355    1.000000    0.000000   -1.000000    0.000000
   29  1  -13.236487    1.000000    0.000000   -1.000000    0.000000
   30  1  -13.231145    1.000000    0.000000   -1.000000    0.000000
   31  2  -13.187166    2.000000    0.000000   -2.000000    0.000000
   33  1   -0.421779    1.000000    0.000000   -1.000000    0.000000
   34  1   -0.417721    1.000000    0.000000   -1.000000    0.000000
   35  1   -0.289260    1.000000    0.000000    1.000000    0.000000
   36  1   -0.285054    1.000000    0.000000    1.000000    0.000000
   37  1    1.229034    1.000000    0.000000   -1.000000    0.000000
   38  1    1.235104    1.000000    0.000000   -1.000000    0.000000
   39  1    1.269358    1.000000    0.000000    1.000000    0.000000
   40  1    1.273371    1.000000    0.000000    1.000000    0.000000
   41  2    2.061959    2.000000    0.000000    2.000000    0.000000
   43  1    2.097482    1.000000    0.000000   -1.000000    0.000000
   44  1    2.098611    1.000000    0.000000   -1.000000    0.000000
   45  1    3.120361    1.000000    0.000000    1.000000    0.000000
   46  1    3.128722    1.000000    0.000000    1.000000    0.000000
   47  1    3.226983    1.000000    0.000000   -1.000000    0.000000
   48  1    3.236115    1.000000    0.000000   -1.000000    0.000000
   49  1    4.630801    1.000000    0.000000   -1.000000    0.000000
   50  1    4.649221    1.000000    0.000000   -1.000000    0.000000
   51  1    4.800927    1.000000    0.000000    1.000000    0.000000
   52  1    4.818839    1.000000    0.000000    1.000000    0.000000
   53  1    4.869198    1.000000    0.000000    1.000000    0.000000
   54  1    4.886729    1.000000    0.000000    1.000000    0.000000
   55  1    4.946512    1.000000    0.000000   -1.000000    0.000000
   56  1    4.961583    1.000000    0.000000   -1.000000    0.000000
   57  1    5.422846    1.000000    0.000000    1.000000    0.000000
   58  1    5.453672    1.000000    0.000000    1.000000    0.000000
   59  1    5.767349    1.000000    0.000000   -1.000000    0.000000
   60  1    5.771165    1.000000    0.000000    1.000000    0.000000
   61  1    5.803395    1.000000    0.000000    1.000000    0.000000
   62  1    5.806805    1.000000    0.000000   -1.000000    0.000000
   63  1    6.174199    1.000000    0.000000   -1.000000    0.000000
   64  1    6.203589    1.000000    0.000000   -1.000000    0.000000
   65  1    6.430196    1.000000    0.000000    1.000000    0.000000
   66  1    6.446417    1.000000    0.000000   -1.000000    0.000000
   67  1    6.481214    1.000000    0.000000    1.000000    0.000000
   68  1    6.512941    1.000000    0.000000   -1.000000    0.000000
   69  1    6.560672    1.000000    0.000000    1.000000    0.000000
   70  1    6.583142    1.000000    0.000000   -1.000000    0.000000
   71  1    6.603301    1.000000    0.000000    1.000000    0.000000
   72  1    6.624965    1.000000    0.000000   -1.000000    0.000000
   73  1    6.717724    1.000000    0.000000    1.000000    0.000000
   74  1    6.759293    1.000000    0.000000    1.000000    0.000000
   75  1    6.792075    1.000000    0.000000   -1.000000    0.000000
   76  1    6.837536    1.000000    0.000000   -1.000000    0.000000
   77  1    6.994751    1.000000    0.000000    1.000000    0.000000
   78  1    7.017951    1.000000    0.000000   -1.000000    0.000000
   79  1    7.043626    1.000000    0.000000    1.000000    0.000000
   80  1    7.064315    1.000000    0.000000   -1.000000    0.000000
   81  1    7.117289    1.000000    0.000000   -1.000000    0.000000
   82  1    7.161963    1.000000    0.000000   -1.000000    0.000000
   83  1    7.264866    1.000000    0.000000    1.000000    0.000000
   84  1    7.295242    1.000000    0.000000    1.000000    0.000000
   85  1    7.432915    1.000000    0.000000   -1.000000    0.000000
   86  1    7.445744    1.000000    0.000000    1.000000    0.000000
   87  1    7.502391    1.000000    0.000000   -1.000000    0.000000
   88  1    7.503431    1.000000    0.000000    1.000000    0.000000
   89  1    8.119516    1.000000    0.000000    1.000000    0.000000
   90  1    8.135736    1.000000    0.000000   -1.000000    0.000000
   91  1    8.161107    1.000000    0.000000    1.000000    0.000000
   92  1    8.182748    1.000000    0.000000   -1.000000    0.000000
   93  1    8.369151    1.000000    0.000000   -1.000000    0.000000
   94  1    8.405704    1.000000    0.000000    1.000000    0.000000
   95  1    8.412027    1.000000    0.000000   -1.000000    0.000000
   96  1    8.446176    1.000000    0.000000    1.000000    0.000000
   97  1    8.669030    1.000000    0.000000    1.000000    0.000000
   98  1    8.731279    1.000000    0.000000    1.000000    0.000000
   99  1    9.310851    1.000000    0.000000   -1.000000    0.000000
  100  1    9.345456    1.000000    0.000000   -1.000000    0.000000
  101  1    9.512461    1.000000    0.000000   -1.000000    0.000000
  102  1    9.539917    1.000000    0.000000   -1.000000    0.000000
  103  1    9.977357    1.000000    0.000000    1.000000    0.000000
  104  1   10.009728    1.000000    0.000000    1.000000    0.000000
  105  1   10.852072    1.000000    0.000000    1.000000    0.000000
  106  1   10.864818    1.000000    0.000000    1.000000    0.000000
  107  1   11.260651    1.000000    0.000000    1.000000    0.000000
  108  1   11.275577    1.000000    0.000000    1.000000    0.000000
  109  1   11.353408    1.000000    0.000000    1.000000    0.000000
  110  1   11.369412    1.000000    0.000000    1.000000    0.000000
  111  1   11.499293    1.000000    0.000000   -1.000000    0.000000
  112  1   11.512938    1.000000    0.000000   -1.000000    0.000000
  113  1   11.776957    1.000000    0.000000    1.000000    0.000000
  114  1   11.790788    1.000000    0.000000    1.000000    0.000000
  115  1   12.130881    1.000000    0.000000   -1.000000    0.000000
  116  1   12.141070    1.000000    0.000000   -1.000000    0.000000
  117  1   12.304239    1.000000    0.000000    1.000000    0.000000
  118  1   12.312696    1.000000    0.000000    1.000000    0.000000
  119  1   12.569141    1.000000    0.000000   -1.000000    0.000000
  120  1   12.588553    1.000000    0.000000   -1.000000    0.000000
  121  1   12.727366    1.000000    0.000000   -0.999996    0.000000
  122  1   12.736845    1.000000    0.000000   -0.999997    0.000000
  123  1   12.945332    1.000000    0.000000    0.999991    0.000000
  124  1   12.955105    1.000000    0.000000    0.999992    0.000000
  125  1   13.678492    1.000000    0.000000    0.737332    0.000000
  126  1   13.695970    1.000000    0.000000   -0.547225    0.000000
  127  1   13.715658    1.000000    0.000000   -0.609913    0.000000
  128  1   13.776330    1.000000    0.000000    0.816002    0.000000
  2
    1    2
    1  1  -40.964111    1.000000    0.000000   -1.000000    0.000000
    2  1  -40.942515    1.000000    0.000000    1.000000    0.000000
    3  1  -40.890342    1.000000    0.000000    1.000000    0.000000
    4  1  -40.876289    1.000000    0.000000   -1.000000    0.000000
    5  1  -40.681762    1.000000    0.000000    1.000000    0.000000
    6  1  -40.661932    1.000000    0.000000   -1.000000    0.000000
    7  1  -40.647480    1.000000    0.000000   -1.000000    0.000000
    8  1  -40.639008    1.000000    0.000000    1.000000    0.000000
    9  1  -39.885368    1.000000    0.000000   -1.000000    0.000000
   10  1  -39.863504    1.000000    0.000000    1.000000    0.000000
   11  1  -39.789948    1.000000    0.000000    1.000000    0.000000
   12  1  -39.768941    1.000000    0.000000   -1.000000    0.000000
   13  1  -39.475120    1.000000    0.000000    1.000000    0.000000
   14  1  -39.473038    1.000000    0.000000   -1.000000    0.000000
   15  1  -39.464603    1.000000    0.000000    1.000000    0.000000
   16  1  -39.444432    1.000000    0.000000   -1.000000    0.000000
   17  1  -39.242626    1.000000    0.000000   -1.000000    0.000000
   18  1  -39.229377    1.000000    0.000000    1.000000    0.000000
   19  1  -39.208896    1.000000    0.000000   -1.000000    0.000000
   20  1  -39.149728    1.000000    0.000000    1.000000    0.000000
   21  1  -39.076905    1.000000    0.000000    1.000000    0.000000
   22  1  -39.067684    1.000000    0.000000   -1.000000    0.000000
   23  1  -39.046265    1.000000    0.000000    1.000000    0.000000
   24  1  -39.008424    1.000000    0.000000   -1.000000    0.000000
   25  2  -32.221339    2.000000    0.000000    2.000000    0.000000
   27  1  -13.588220    1.000000    0.000000   -1.000000    0.000000
   28  1  -13.581355    1.000000    0.000000   -1.000000    0.000000
   29  1  -13.236530    1.000000    0.000000   -1.000000    0.000000
   30  1  -13.231099    1.000000    0.000000   -1.000000    0.000000
   31  2  -13.187136    2.000000    0.000000   -2.000000    0.000000
   33  1   -0.421771    1.000000    0.000000   -1.000000    0.000000
   34  1   -0.417720    1.000000    0.000000   -1.000000    0.000000
   35  1   -0.289333    1.000000    0.000000    1.000000    0.000000
   36  1   -0.284982    1.000000    0.000000    1.000000    0.000000
   37  1    1.229053    1.000000    0.000000   -1.000000    0.000000
   38  1    1.235084    1.000000    0.000000   -1.000000    0.000000
   39  1    1.269344    1.000000    0.000000    1.000000    0.000000
   40  1    1.273376    1.000000    0.000000    1.000000    0.000000
   41  1    2.061821    1.000000    0.000000    1.000000    0.000000
   42  1    2.062908    1.000000    0.000000    1.000000    0.000000
   43  2    2.097698    2.000000    0.000000   -2.000000    0.000000
   45  1    3.120190    1.000000    0.000000    1.000000    0.000000
   46  1    3.128887    1.000000    0.000000    1.000000    0.000000
   47  1    3.226922    1.000000    0.000000   -1.000000    0.000000
   48  1    3.236172    1.000000    0.000000   -1.000000    0.000000
   49  1    4.630824    1.000000    0.000000   -1.000000    0.000000
   50  1    4.649265    1.000000    0.000000   -1.000000    0.000000
   51  1    4.800835    1.000000    0.000000    1.000000    0.000000
   52  1    4.819114    1.000000    0.000000    1.000000    0.000000
   53  1    4.868763    1.000000    0.000000    1.000000    0.000000
   54  1    4.886932    1.000000    0.000000    1.000000    0.000000
   55  1    4.946496    1.000000    0.000000   -1.000000    0.000000
   56  1    4.961630    1.000000    0.000000   -1.000000    0.000000
   57  1    5.422842    1.000000    0.000000    1.000000    0.000000
   58  1    5.453690    1.000000    0.000000    1.000000    0.000000
   59  1    5.767291    1.000000    0.000000   -1.000000    0.000000
   60  1    5.771237    1.000000    0.000000    1.000000    0.000000
   61  1    5.803212    1.000000    0.000000    1.000000    0.000000
   62  1    5.806956    1.000000    0.000000   -1.000000    0.000000
   63  1    6.174310    1.000000    0.000000   -1.000000    0.000000
   64  1    6.203567    1.000000    0.000000   -1.000000    0.000000
   65  1    6.431317    1.000000    0.000000    1.000000    0.000000
   66  1    6.447045    1.000000    0.000000   -1.000000    0.000000
   67  1    6.480311    1.000000    0.000000    1.000000    0.000000
   68  1    6.512562    1.000000    0.000000   -1.000000    0.000000
   69  1    6.558484    1.000000    0.000000    1.000000    0.000000
   70  1    6.580646    1.000000    0.000000   -1.000000    0.000000
   71  1    6.603938    1.000000    0.000000    1.000000    0.000000
   72  1    6.627446    1.000000    0.000000   -1.000000    0.000000
   73  1    6.718611    1.000000    0.000000    1.000000    0.000000
   74  1    6.759686    1.000000    0.000000    1.000000    0.000000
   75  1    6.792121    1.000000    0.000000   -1.000000    0.000000
   76  1    6.837798    1.000000    0.000000   -1.000000    0.000000
   77  1    6.995586    1.000000    0.000000    1.000000    0.000000
   78  1    7.017312    1.000000    0.000000   -1.000000    0.000000
   79  1    7.042542    1.000000    0.000000    1.000000    0.000000
   80  1    7.066578    1.000000    0.000000   -1.000000    0.000000
   81  1    7.113368    1.000000    0.000000   -1.000000    0.000000
   82  1    7.164110    1.000000    0.000000   -1.000000    0.000000
   83  1    7.265839    1.000000    0.000000    1.000000    0.000000
   84  1    7.294358    1.000000    0.000000    1.000000    0.000000
   85  1    7.432465    1.000000    0.000000   -1.000000    0.000000
   86  1    7.445516    1.000000    0.000000    1.000000    0.000000
   87  1    7.502485    1.000000    0.000000   -1.000000    0.000000
   88  1    7.503583    1.000000    0.000000    1.000000    0.000000
   89  1    8.119620    1.000000    0.000000    1.000000    0.000000
   90  1    8.135526    1.000000    0.000000   -1.000000    0.000000
   91  1    8.161044    1.000000    0.000000    1.000000    0.000000
   92  1    8.183375    1.000000    0.000000   -1.000000    0.000000
   93  1    8.368158    1.000000    0.000000   -1.000000    0.000000
   94  1    8.405711    1.000000    0.000000    1.000000    0.000000
   95  1    8.412541    1.000000    0.000000   -1.000000    0.000000
   96  1    8.446185    1.000000    0.000000    1.000000    0.000000
   97  1    8.669009    1.000000    0.000000    1.000000    0.000000
   98  1    8.731527    1.000000    0.000000    1.000000    0.000000
   99  1    9.310804    1.000000    0.000000   -1.000000    0.000000
  100  1    9.345460    1.000000    0.000000   -1.000000    0.000000
  101  1    9.512427    1.000000    0.000000   -1.000000    0.000000
  102  1    9.539903    1.000000    0.000000   -1.000000    0.000000
  103  1    9.977420    1.000000    0.000000    1.000000    0.000000
  104  1   10.009651    1.000000    0.000000    1.000000    0.000000
  105  1   10.852049    1.000000    0.000000    1.000000    0.000000
  106  1   10.864821    1.000000    0.000000    1.000000    0.000000
  107  1   11.261083    1.000000    0.000000    1.000000    0.000000
  108  1   11.274891    1.000000    0.000000    1.000000    0.000000
  109  1   11.354184    1.000000    0.000000    1.000000    0.000000
  110  1   11.368887    1.000000    0.000000    1.000000    0.000000
  111  1   11.499285    1.000000    0.000000   -1.000000    0.000000
  112  1   11.512983    1.000000    0.000000   -1.000000    0.000000
  113  1   11.777065    1.000000    0.000000    1.000000    0.000000
  114  1   11.790712    1.000000    0.000000    1.000000    0.000000
  115  1   12.130846    1.000000    0.000000   -1.000000    0.000000
  116  1   12.141100    1.000000    0.000000   -1.000000    0.000000
  117  1   12.304309    1.000000    0.000000    1.000000    0.000000
  118  1   12.312641    1.000000    0.000000    1.000000    0.000000
  119  1   12.569178    1.000000    0.000000   -0.999999    0.000000
  120  1   12.588483    1.000000    0.000000   -0.999999    0.000000
  121  1   12.727353    1.000000    0.000000   -0.999994    0.000000
  122  1   12.736864    1.000000    0.000000   -0.999996    0.000000
  123  1   12.945304    1.000000    0.000000    0.999996    0.000000
  124  1   12.955143    1.000000    0.000000    0.999972    0.000000
  125  1   13.683695    1.000000    0.000000    0.004052    0.000000
  126  1   13.695997    1.000000    0.000000   -0.560281    0.000000
  127  1   13.756709    1.000000    0.000000    0.639252    0.000000
  128  1   13.796346    1.000000    0.000000    0.919747    0.000000
  2
    1    2
    1  1  -40.964112    1.000000    0.000000    1.000000    0.000000
    2  1  -40.942515    1.000000    0.000000    1.000000    0.000000
    3  1  -40.890340    1.000000    0.000000   -1.000000    0.000000
    4  1  -40.876289    1.000000    0.000000   -1.000000    0.000000
    5  1  -40.681762    1.000000    0.000000    1.000000    0.000000
    6  1  -40.661932    1.000000    0.000000   -1.000000    0.000000
    7  1  -40.647481    1.000000    0.000000    1.000000    0.000000
    8  1  -40.639007    1.000000    0.000000   -1.000000    0.000000
    9  1  -39.885370    1.000000    0.000000    1.000000    0.000000
   10  1  -39.863504    1.000000    0.000000    1.000000    0.000000
   11  1  -39.789945    1.000000    0.000000   -1.000000    0.000000
   12  1  -39.768941    1.000000    0.000000   -1.000000    0.000000
   13  1  -39.475119    1.000000    0.000000    1.000000    0.000000
   14  1  -39.473038    1.000000    0.000000   -1.000000    0.000000
   15  1  -39.464602    1.000000    0.000000   -1.000000    0.000000
   16  1  -39.444433    1.000000    0.000000    1.000000    0.000000
   17  1  -39.242626    1.000000    0.000000   -1.000000    0.000000
   18  1  -39.229376    1.000000    0.000000   -1.000000    0.000000
   19  1  -39.208897    1.000000    0.000000    1.000000    0.000000
   20  1  -39.149728    1.000000    0.000000    1.000000    0.000000
   21  1  -39.076902    1.000000    0.000000   -1.000000    0.000000
   22  1  -39.067681    1.000000    0.000000   -1.000000    0.000000
   23  1  -39.046265    1.000000    0.000000    1.000000    0.000000
   24  1  -39.008427    1.000000    0.000000    1.000000    0.000000
   25  2  -32.221339    2.000000    0.000000    2.000000    0.000000
   27  1  -13.588220    1.000000    0.000000   -1.000000    0.000000
   28  1  -13.581356    1.000000    0.000000   -1.000000    0.000000
   29  1  -13.236504    1.000000    0.000000   -1.000000    0.000000
   30  1  -13.231129    1.000000    0.000000   -1.000000    0.000000
   31  2  -13.187150    2.000000    0.000000   -2.000000    0.000000
   33  1   -0.460899    1.000000    0.000000   -1.000000    0.000000
   34  1   -0.450283    1.000000    0.000000   -1.000000    0.000000
   35  1   -0.249908    1.000000    0.000000    1.000000    0.000000
   36  1   -0.239964    1.000000    0.000000    1.000000    0.000000
   37  1    1.220593    1.000000    0.000000   -1.000000    0.000000
   38  1    1.230102    1.000000    0.000000    1.000000    0.000000
   39  1    1.259838    1.000000    0.000000   -1.000000    0.000000
   40  1    1.262845    1.000000    0.000000    1.000000    0.000000
   41  1    2.055672    1.000000    0.000000   -1.000000    0.000000
   42  1    2.089122    1.000000    0.000000    0.999999    0.000000
   43  1    2.098343    1.000000    0.000000   -0.999999    0.000000
   44  1    2.131901    1.000000    0.000000    1.000000    0.000000
   45  1    3.062037    1.000000    0.000000    1.000000    0.000000
   46  1    3.126166    1.000000    0.000000    1.000000    0.000000
   47  1    3.205855    1.000000    0.000000   -1.000000    0.000000
   48  1    3.288284    1.000000    0.000000   -1.000000    0.000000
   49  1    4.543215    1.000000    0.000000   -1.000000    0.000000
   50  1    4.711314    1.000000    0.000000   -1.000000    0.000000
   51  1    4.776100    1.000000    0.000000    1.000000    0.000000
   52  1    4.792867    1.000000    0.000000    1.000000    0.000000
   53  1    4.887686    1.000000    0.000000    1.000000    0.000000
   54  1    4.892478    1.000000    0.000000   -1.000000    0.000000
   55  1    4.946562    1.000000    0.000000    1.000000    0.000000
   56  1    5.025604    1.000000    0.000000   -1.000000    0.000000
   57  1    5.357263    1.000000    0.000000    1.000000    0.000000
   58  1    5.552018    1.000000    0.000000    1.000000    0.000000
   59  1    5.626871    1.000000    0.000000   -1.000000    0.000000
   60  1    5.664485    1.000000    0.000000    1.000000    0.000000
   61  1    5.952037    1.000000    0.000000    1.000000    0.000000
   62  1    6.013389    1.000000    0.000000   -1.000000    0.000000
   63  1    6.041316    1.000000    0.000000   -1.000000    0.000000
   64  1    6.296234    1.000000    0.000000   -1.000000    0.000000
   65  1    6.325631    1.000000    0.000000   -1.000000    0.000000
   66  1    6.355686    1.000000    0.000000   -1.000000    0.000000
   67  1    6.369330    1.000000    0.000000    1.000000    0.000000
   68  1    6.396432    1.000000    0.000000    1.000000    0.000000
   69  1    6.590711    1.000000    0.000000    1.000000    0.000000
   70  1    6.604499    1.000000    0.000000   -1.000000    0.000000
   71  1    6.722804    1.000000    0.000000   -1.000000    0.000000
   72  1    6.751479    1.000000    0.000000    1.000000    0.000000
   73  1    6.766697    1.000000    0.000000    1.000000    0.000000
   74  1    6.774480    1.000000    0.000000    1.000000    0.000000
   75  1    6.794065    1.000000    0.000000   -1.000000    0.000000
   76  1    6.844464    1.000000    0.000000   -1.000000    0.000000
   77  1    6.865418    1.000000    0.000000   -1.000000    0.000000
   78  1    6.964352    1.000000    0.000000    1.000000    0.000000
   79  1    7.056261    1.000000    0.000000    1.000000    0.000000
   80  1    7.098018    1.000000    0.000000   -1.000000    0.000000
   81  1    7.119968    1.000000    0.000000   -1.000000    0.000000
   82  1    7.211286    1.000000    0.000000    1.000000    0.000000
   83  1    7.270292    1.000000    0.000000    1.000000    0.000000
   84  1    7.319595    1.000000    0.000000   -1.000000    0.000000
   85  1    7.357143    1.000000    0.000000   -1.000000    0.000000
   86  1    7.453365    1.000000    0.000000    1.000000    0.000000
   87  1    7.744884    1.000000    0.000000    1.000000    0.000000
   88  1    7.762041    1.000000    0.000000   -1.000000    0.000000
   89  1    7.829962    1.000000    0.000000   -1.000000    0.000000
   90  1    7.886409    1.000000    0.000000    1.000000    0.000000
   91  1    8.039334    1.000000    0.000000   -1.000000    0.000000
   92  1    8.206220    1.000000    0.000000    1.000000    0.000000
   93  1    8.338138    1.000000    0.000000    1.000000    0.000000
   94  1    8.390899    1.000000    0.000000   -1.000000    0.000000
   95  1    8.452646    1.000000    0.000000    1.000000    0.000000
   96  1    8.596262    1.000000    0.000000   -1.000000    0.000000
   97  1    8.621212    1.000000    0.000000    1.000000    0.000000
   98  1    8.847194    1.000000    0.000000    1.000000    0.000000
   99  1    9.167524    1.000000    0.000000   -1.000000    0.000000
  100  1    9.368214    1.000000    0.000000   -1.000000    0.000000
  101  1    9.450416    1.000000    0.000000   -1.000000    0.000000
  102  1    9.695438    1.000000    0.000000   -1.000000    0.000000
  103  1    9.903247    1.000000    0.000000    1.000000    0.000000
  104  1   10.096419    1.000000    0.000000    1.000000    0.000000
  105  1   10.888375    1.000000    0.000000    1.000000    0.000000
  106  1   10.941966    1.000000    0.000000    1.000000    0.000000
  107  1   11.235528    1.000000    0.000000    1.000000    0.000000
  108  1   11.265518    1.000000    0.000000    1.000000    0.000000
  109  1   11.340384    1.000000    0.000000    1.000000    0.000000
  110  1   11.396876    1.000000    0.000000    1.000000    0.000000
  111  1   11.439892    1.000000    0.000000   -1.000000    0.000000
  112  1   11.575247    1.000000    0.000000   -1.000000    0.000000
  113  1   11.773412    1.000000    0.000000    1.000000    0.000000
  114  1   11.869752    1.000000    0.000000    1.000000    0.000000
  115  1   12.122042    1.000000    0.000000   -1.000000    0.000000
  116  1   12.229310    1.000000    0.000000   -1.000000    0.000000
  117  1   12.241710    1.000000    0.000000    1.000000    0.000000
  118  1   12.350741    1.000000    0.000000    1.000000    0.000000
  119  1   12.446949    1.000000    0.000000   -0.999999    0.000000
  120  1   12.619141    1.000000    0.000000   -0.999998    0.000000
  121  1   12.686309    1.000000    0.000000   -0.999999    0.000000
  122  1   12.812367    1.000000    0.000000   -0.999991    0.000000
  123  1   12.867502    1.000000    0.000000    0.999990    0.000000
  124  1   12.954135    1.000000    0.000000    0.999981    0.000000
  125  1   13.682743    1.000000    0.000000    0.121651    0.000000
  126  1   13.692270    1.000000    0.000000   -0.005538    0.000000
  127  1   13.736400    1.000000    0.000000   -0.573957    0.000000
  128  1   13.774287    1.000000    0.000000    0.953437    0.000000
  2
    1    2
    1  1  -40.979921    1.000000    0.000000    1.000000    0.000000
    2  1  -40.960001    1.000000    0.000000   -1.000000    0.000000
    3  1  -40.908003    1.000000    0.000000    1.000000    0.000000
    4  1  -40.896321    1.000000    0.000000   -1.000000    0.000000
    5  1  -40.676517    1.000000    0.000000   -1.000000    0.000000
    6  1  -40.657278    1.000000    0.000000   -1.000000    0.000000
    7  1  -40.647857    1.000000    0.000000    1.000000    0.000000
    8  1  -40.633214    1.000000    0.000000    1.000000    0.000000
    9  1  -39.897153    1.000000    0.000000    1.000000    0.000000
   10  1  -39.877212    1.000000    0.000000   -1.000000    0.000000
   11  1  -39.806963    1.000000    0.000000    1.000000    0.000000
   12  1  -39.788032    1.000000    0.000000   -1.000000    0.000000
   13  1  -39.461541    1.000000    0.000000   -1.000000    0.000000
   14  1  -39.448862    1.000000    0.000000    1.000000    0.000000
   15  1  -39.446804    1.000000    0.000000   -1.000000    0.000000
   16  1  -39.423908    1.000000    0.000000    1.000000    0.000000
   17  1  -39.237424    1.000000    0.000000   -1.000000    0.000000
   18  1  -39.224688    1.000000    0.000000    1.000000    0.000000
   19  1  -39.205287    1.000000    0.000000    1.000000    0.000000
   20  1  -39.149258    1.000000    0.000000   -1.000000    0.000000
   21  1  -39.067046    1.000000    0.000000    1.000000    0.000000
   22  1  -39.054841    1.000000    0.000000   -1.000000    0.000000
   23  1  -39.037893    1.000000    0.000000   -1.000000    0.000000
   24  1  -38.999727    1.000000    0.000000    1.000000    0.000000
   25  2  -32.221554    2.000000    0.000000    2.000000    0.000000
   27  1  -13.584045    1.000000    0.000000   -1.000000    0.000000
   28  1  -13.577279    1.000000    0.000000   -1.000000    0.000000
   29  1  -13.229618    1.000000    0.000000   -1.000000    0.000000
   30  1  -13.224635    1.000000    0.000000   -1.000000    0.000000
   31  1  -13.188714    1.000000    0.000000   -1.000000    0.000000
   32  1  -13.187419    1.000000    0.000000   -1.000000    0.000000
   33  1   -1.574463    1.000000    0.000000   -1.000000    0.000000
   34  1   -1.572645    1.000000    0.000000   -1.000000    0.000000
   35  1   -0.774033    1.000000    0.000000    1.000000    0.000000
   36  1   -0.769520    1.000000    0.000000    1.000000    0.000000
   37  1    1.528044    1.000000    0.000000    1.000000    0.000000
   38  1    1.530255    1.000000    0.000000    1.000000    0.000000
   39  1    2.310493    1.000000    0.000000   -1.000000    0.000000
   40  1    2.313692    1.000000    0.000000   -1.000000    0.000000
   41  1    2.668408    1.000000    0.000000   -1.000000    0.000000
   42  1    2.679236    1.000000    0.000000   -1.000000    0.000000
   43  1    2.993124    1.000000    0.000000    1.000000    0.000000
   44  1    3.011135    1.000000    0.000000    1.000000    0.000000
   45  1    3.726496    1.000000    0.000000   -1.000000    0.000000
   46  1    3.734647    1.000000    0.000000   -1.000000    0.000000
   47  1    3.846449    1.000000    0.000000    1.000000    0.000000
   48  1    3.850091    1.000000    0.000000    1.000000    0.000000
   49  1    4.523475    1.000000    0.000000    1.000000    0.000000
   50  1    4.536830    1.000000    0.000000    1.000000    0.000000
   51  1    4.557219    1.000000    0.000000    1.000000    0.000000
   52  1    4.562955    1.000000    0.000000    1.000000    0.000000
   53  1    4.709690    1.000000    0.000000   -1.000000    0.000000
   54  1    4.721194    1.000000    0.000000   -1.000000    0.000000
   55  1    4.944146    1.000000    0.000000   -1.000000    0.000000
   56  1    4.988410    1.000000    0.000000   -1.000000    0.000000
   57  1    5.239533    1.000000    0.000000    1.000000    0.000000
   58  1    5.254065    1.000000    0.000000    1.000000    0.000000
   59  1    5.489560    1.000000    0.000000   -1.000000    0.000000
   60  1    5.516080    1.000000    0.000000   -1.000000    0.000000
   61  1    5.723499    1.000000    0.000000   -1.000000    0.000000
   62  1    5.751449    1.000000    0.000000   -1.000000    0.000000
   63  1    5.883403    1.000000    0.000000    1.000000    0.000000
   64  1    5.929707    1.000000    0.000000    1.000000    0.000000
   65  1    6.004264    1.000000    0.000000    1.000000    0.000000
   66  1    6.034832    1.000000    0.000000   -1.000000    0.000000
   67  1    6.046086    1.000000    0.000000    1.000000    0.000000
   68  1    6.054458    1.000000    0.000000   -1.000000    0.000000
   69  1    6.057278    1.000000    0.000000   -1.000000    0.000000
   70  1    6.092908    1.000000    0.000000   -1.000000    0.000000
   71  1    6.296395    1.000000    0.000000    1.000000    0.000000
   72  1    6.312032    1.000000    0.000000    1.000000    0.000000
   73  1    6.613019    1.000000    0.000000    1.000000    0.000000
   74  1    6.640265    1.000000    0.000000   -1.000000    0.000000
   75  1    6.642082    1.000000    0.000000    1.000000    0.000000
   76  1    6.669840    1.000000    0.000000   -1.000000    0.000000
   77  1    6.962642    1.000000    0.000000    1.000000    0.000000
   78  1    7.019222    1.000000    0.000000    1.000000    0.000000
   79  1    7.112492    1.000000    0.000000   -1.000000    0.000000
   80  1    7.182205    1.000000    0.000000   -1.000000    0.000000
   81  1    7.780080    1.000000    0.000000   -1.000000    0.000000
   82  1    7.814606    1.000000    0.000000   -1.000000    0.000000
   83  1    7.855904    1.000000    0.000000    1.000000    0.000000
   84  1    7.907689    1.000000    0.000000    1.000000    0.000000
   85  1    8.239484    1.000000    0.000000   -1.000000    0.000000
   86  1    8.272117    1.000000    0.000000   -1.000000    0.000000
   87  1    8.292531    1.000000    0.000000    1.000000    0.000000
   88  1    8.321442    1.000000    0.000000    1.000000    0.000000
   89  1    8.331985    1.000000    0.000000    1.000000    0.000000
   90  1    8.373403    1.000000    0.000000    1.000000    0.000000
   91  1    8.417294    1.000000    0.000000   -1.000000    0.000000
   92  1    8.431949    1.000000    0.000000   -1.000000    0.000000
   93  1    8.453668    1.000000    0.000000    1.000000    0.000000
   94  1    8.481198    1.000000    0.000000   -1.000000    0.000000
   95  1    8.484578    1.000000    0.000000   -1.000000    0.000000
   96  1    8.504916    1.000000    0.000000   -1.000000    0.000000
   97  1    8.516441    1.000000    0.000000   -1.000000    0.000000
   98  1    8.518505    1.000000    0.000000    1.000000    0.000000
   99  1    8.527820    1.000000    0.000000    1.000000    0.000000
  100  1    8.555508    1.000000    0.000000    1.000000    0.000000
  101  1    9.149639    1.000000    0.000000   -1.000000    0.000000
  102  1    9.191638    1.000000    0.000000   -1.000000    0.000000
  103  1    9.512866    1.000000    0.000000    1.000000    0.000000
  104  1    9.526546    1.000000    0.000000    1.000000    0.000000
  105  1   10.463606    1.000000    0.000000    1.000000    0.000000
  106  1   10.495910    1.000000    0.000000    1.000000    0.000000
  107  1   10.630233    1.000000    0.000000    1.000000    0.000000
  108  1   10.648674    1.000000    0.000000    1.000000    0.000000
  109  1   10.689288    1.000000    0.000000   -1.000000    0.000000
  110  1   10.726857    1.000000    0.000000   -1.000000    0.000000
  111  1   11.000991    1.000000    0.000000    1.000000    0.000000
  112  1   11.017837    1.000000    0.000000    1.000000    0.000000
  113  1   11.212776    1.000000    0.000000   -1.000000    0.000000
  114  1   11.224652    1.000000    0.000000   -1.000000    0.000000
  115  1   11.643319    1.000000    0.000000   -1.000000    0.000000
  116  1   11.667630    1.000000    0.000000   -1.000000    0.000000
  117  1   12.396558    1.000000    0.000000   -0.999999    0.000000
  118  1   12.405795    1.000000    0.000000   -1.000000    0.000000
  119  1   12.623586    1.000000    0.000000    0.999994    0.000000
  120  1   12.631917    1.000000    0.000000    0.999985    0.000000
  121  1   12.795604    1.000000    0.000000    0.999982    0.000000
  122  1   12.812565    1.000000    0.000000    0.999987    0.000000
  123  1   12.865577    1.000000    0.000000    0.999688    0.000000
  124  1   12.872686    1.000000    0.000000    0.999775    0.000000
  125  1   13.091538    1.000000    0.000000    0.999401    0.000000
  126  1   13.093906    1.000000    0.000000    0.998571    0.000000
  127  1   13.338056    1.000000    0.000000   -0.938778    0.000000
  128  1   13.366417    1.000000    0.000000   -0.691560    0.000000
  2
    1    2
    1  1  -40.979920    1.000000    0.000000   -1.000000    0.000000
    2  1  -40.960001    1.000000    0.000000    1.000000    0.000000
    3  1  -40.908002    1.000000    0.000000   -1.000000    0.000000
    4  1  -40.896321    1.000000    0.000000    1.000000    0.000000
    5  1  -40.676521    1.000000    0.000000    1.000000    0.000000
    6  1  -40.657280    1.000000    0.000000    1.000000    0.000000
    7  1  -40.647858    1.000000    0.000000   -1.000000    0.000000
    8  1  -40.633214    1.000000    0.000000   -1.000000    0.000000
    9  1  -39.897150    1.000000    0.000000   -1.000000    0.000000
   10  1  -39.877211    1.000000    0.000000    1.000000    0.000000
   11  1  -39.806960    1.000000    0.000000   -1.000000    0.000000
   12  1  -39.788033    1.000000    0.000000    1.000000    0.000000
   13  1  -39.461544    1.000000    0.000000    1.000000    0.000000
   14  1  -39.448863    1.000000    0.000000   -1.000000    0.000000
   15  1  -39.446805    1.000000    0.000000    1.000000    0.000000
   16  1  -39.423908    1.000000    0.000000   -1.000000    0.000000
   17  1  -39.237426    1.000000    0.000000    1.000000    0.000000
   18  1  -39.224687    1.000000    0.000000   -1.000000    0.000000
   19  1  -39.205285    1.000000    0.000000   -1.000000    0.000000
   20  1  -39.149262    1.000000    0.000000    1.000000    0.000000
   21  1  -39.067043    1.000000    0.000000   -1.000000    0.000000
   22  1  -39.054843    1.000000    0.000000    1.000000    0.000000
   23  1  -39.037894    1.000000    0.000000    1.000000    0.000000
   24  1  -38.999723    1.000000    0.000000   -1.000000    0.000000
   25  2  -32.221554    2.000000    0.000000    2.000000    0.000000
   27  1  -13.584056    1.000000    0.000000   -1.000000    0.000000
   28  1  -13.577268    1.000000    0.000000   -1.000000    0.000000
   29  1  -13.229737    1.000000    0.000000   -1.000000    0.000000
   30  1  -13.224507    1.000000    0.000000   -1.000000    0.000000
   31  1  -13.188592    1.000000    0.000000   -1.000000    0.000000
   32  1  -13.187550    1.000000    0.000000   -1.000000    0.000000
   33  1   -1.574402    1.000000    0.000000   -1.000000    0.000000
   34  1   -1.572704    1.000000    0.000000   -1.000000    0.000000
   35  1   -0.773995    1.000000    0.000000    1.000000    0.000000
   36  1   -0.769552    1.000000    0.000000    1.000000    0.000000
   37  1    1.528025    1.000000    0.000000    1.000000    0.000000
   38  1    1.530335    1.000000    0.000000    1.000000    0.000000
   39  1    2.310627    1.000000    0.000000   -1.000000    0.000000
   40  1    2.313645    1.000000    0.000000   -1.000000    0.000000
   41  1    2.668299    1.000000    0.000000   -1.000000    0.000000
   42  1    2.679173    1.000000    0.000000   -1.000000    0.000000
   43  1    2.993046    1.000000    0.000000    1.000000    0.000000
   44  1    3.011075    1.000000    0.000000    1.000000    0.000000
   45  1    3.726537    1.000000    0.000000   -1.000000    0.000000
   46  1    3.734591    1.000000    0.000000   -1.000000    0.000000
   47  1    3.846427    1.000000    0.000000    1.000000    0.000000
   48  1    3.850108    1.000000    0.000000    1.000000    0.000000
   49  1    4.524048    1.000000    0.000000    1.000000    0.000000
   50  1    4.536200    1.000000    0.000000    1.000000    0.000000
   51  1    4.556602    1.000000    0.000000    1.000000    0.000000
   52  1    4.563781    1.000000    0.000000    1.000000    0.000000
   53  1    4.709723    1.000000    0.000000   -1.000000    0.000000
   54  1    4.721172    1.000000    0.000000   -1.000000    0.000000
   55  1    4.944249    1.000000    0.000000   -1.000000    0.000000
   56  1    4.988340    1.000000    0.000000   -1.000000    0.000000
   57  1    5.239449    1.000000    0.000000    1.000000    0.000000
   58  1    5.254220    1.000000    0.000000    1.000000    0.000000
   59  1    5.489555    1.000000    0.000000   -1.000000    0.000000
   60  1    5.515940    1.000000    0.000000   -1.000000    0.000000
   61  1    5.723320    1.000000    0.000000   -1.000000    0.000000
   62  1    5.751624    1.000000    0.000000   -1.000000    0.000000
   63  1    5.883520    1.000000    0.000000    1.000000    0.000000
   64  1    5.929740    1.000000    0.000000    1.000000    0.000000
   65  1    6.004295    1.000000    0.000000    1.000000    0.000000
   66  1    6.032979    1.000000    0.000000   -1.000000    0.000000
   67  1    6.046414    1.000000    0.000000    1.000000    0.000000
   68  1    6.055953    1.000000    0.000000   -1.000000    0.000000
   69  1    6.057497    1.000000    0.000000   -1.000000    0.000000
   70  1    6.092768    1.000000    0.000000   -1.000000    0.000000
   71  1    6.296108    1.000000    0.000000    1.000000    0.000000
   72  1    6.311964    1.000000    0.000000    1.000000    0.000000
   73  1    6.613533    1.000000    0.000000    1.000000    0.000000
   74  1    6.639963    1.000000    0.000000   -0.999999    0.000000
   75  1    6.641719    1.000000    0.000000    1.000000    0.000000
   76  1    6.670187    1.000000    0.000000   -1.000000    0.000000
   77  1    6.963474    1.000000    0.000000    1.000000    0.000000
   78  1    7.018472    1.000000    0.000000    1.000000    0.000000
   79  1    7.112386    1.000000    0.000000   -1.000000    0.000000
   80  1    7.182315    1.000000    0.000000   -1.000000    0.000000
   81  1    7.778998    1.000000    0.000000   -1.000000    0.000000
   82  1    7.815679    1.000000    0.000000   -1.000000    0.000000
   83  1    7.856104    1.000000    0.000000    1.000000    0.000000
   84  1    7.907450    1.000000    0.000000    1.000000    0.000000
   85  1    8.239061    1.000000    0.000000   -1.000000    0.000000
   86  1    8.271838    1.000000    0.000000   -1.000000    0.000000
   87  1    8.292328    1.000000    0.000000    1.000000    0.000000
   88  1    8.319838    1.000000    0.000000    1.000000    0.000000
   89  1    8.332705    1.000000    0.000000    1.000000    0.000000
   90  1    8.374899    1.000000    0.000000    1.000000    0.000000
   91  1    8.417264    1.000000    0.000000   -1.000000    0.000000
   92  1    8.433615    1.000000    0.000000   -1.000000    0.000000
   93  1    8.453441    1.000000    0.000000    1.000000    0.000000
   94  1    8.476716    1.000000    0.000000   -1.000000    0.000000
   95  1    8.487862    1.000000    0.000000   -1.000000    0.000000
   96  1    8.506082    1.000000    0.000000   -1.000000    0.000000
   97  1    8.515491    1.000000    0.000000   -1.000000    0.000000
   98  1    8.518326    1.000000    0.000000    1.000000    0.000000
   99  1    8.527638    1.000000    0.000000    1.000000    0.000000
  100  1    8.555721    1.000000    0.000000    1.000000    0.000000
  101  1    9.149821    1.000000    0.000000   -1.000000    0.000000
  102  1    9.191622    1.000000    0.000000   -1.000000    0.000000
  103  1    9.512819    1.000000    0.000000    1.000000    0.000000
  104  1    9.526528    1.000000    0.000000    1.000000    0.000000
  105  1   10.463549    1.000000    0.000000    1.000000    0.000000
  106  1   10.495825    1.000000    0.000000    1.000000    0.000000
  107  1   10.630280    1.000000    0.000000    1.000000    0.000000
  108  1   10.648686    1.000000    0.000000    1.000000    0.000000
  109  1   10.689331    1.000000    0.000000   -1.000000    0.000000
  110  1   10.726808    1.000000    0.000000   -1.000000    0.000000
  111  1   11.000905    1.000000    0.000000    1.000000    0.000000
  112  1   11.017954    1.000000    0.000000    1.000000    0.000000
  113  1   11.212813    1.000000    0.000000   -1.000000    0.000000
  114  1   11.224668    1.000000    0.000000   -1.000000    0.000000
  115  1   11.643435    1.000000    0.000000   -1.000000    0.000000
  116  1   11.667480    1.000000    0.000000   -1.000000    0.000000
  117  1   12.396567    1.000000    0.000000   -0.999999    0.000000
  118  1   12.405767    1.000000    0.000000   -1.000000    0.000000
  119  1   12.623648    1.000000    0.000000    0.999999    0.000000
  120  1   12.631760    1.000000    0.000000    0.999996    0.000000
  121  1   12.795604    1.000000    0.000000    0.999979    0.000000
  122  1   12.812871    1.000000    0.000000    0.999977    0.000000
  123  1   12.865035    1.000000    0.000000    0.999928    0.000000
  124  1   12.873024    1.000000    0.000000    0.999805    0.000000
  125  1   13.091833    1.000000    0.000000    0.999637    0.000000
  126  1   13.096933    1.000000    0.000000    0.997634    0.000000
  127  1   13.328001    1.000000    0.000000   -0.972322    0.000000
  128  1   13.342704    1.000000    0.000000   -0.958728    0.000000
