   46   72
  1
  2
  1  0  0  0  1  0  0  0  1    0.000000    0.000000    0.000000    1.000000    0.000000    0.000000    0.000000    0.000000    0.000000    1.000000    0.000000  1
 -1  0  0  0 -1  0  0  0 -1    0.000000    0.000000    0.000000    1.000000    0.000000    0.000000    0.000000    0.000000    0.000000    1.000000    0.000000  1
  8
    0.000000    0.000000    0.000000
    0.500000    0.500000    0.500000
    0.000000    0.500000    0.500000
    0.500000    0.000000    0.500000
    0.500000    0.500000    0.000000
    0.500000    0.000000    0.000000
    0.000000    0.500000    0.000000
    0.000000    0.000000    0.500000
  2
    1    2
    1  1  -73.005201    1.000000    0.000000   -1.000000    0.000000
    2  1  -73.003961    1.000000    0.000000   -1.000000    0.000000
    3  1  -70.509181    1.000000    0.000000   -1.000000    0.000000
    4  1  -70.507808    1.000000    0.000000   -1.000000    0.000000
    5  2  -70.391173    2.000000    0.000000   -2.000000    0.000000
    7  2  -45.827258    2.000000    0.000000    0.000000    0.000000
    9  2  -45.824428    2.000000    0.000000    0.000000    0.000000
   11  2  -45.570801    2.000000    0.000000    0.000000    0.000000
   13  2  -45.567199    2.000000    0.000000    0.000000    0.000000
   15  2  -45.480102    2.000000    0.000000    0.000000    0.000000
   17  2  -45.477998    2.000000    0.000000    0.000000    0.000000
   19  1  -18.381466    1.000000    0.000000    1.000000    0.000000
   20  1  -18.345284    1.000000    0.000000    1.000000    0.000000
   21  1  -18.240375    1.000000    0.000000    1.000000    0.000000
   22  1  -18.232743    1.000000    0.000000    1.000000    0.000000
   23  1  -17.946416    1.000000    0.000000    1.000000    0.000000
   24  1  -17.902142    1.000000    0.000000    1.000000    0.000000
   25  1  -17.814455    1.000000    0.000000    1.000000    0.000000
   26  1  -17.801966    1.000000    0.000000    1.000000    0.000000
   27  1  -17.771572    1.000000    0.000000    1.000000    0.000000
   28  1  -17.769947    1.000000    0.000000    1.000000    0.000000
   29  1   -8.839495    1.000000    0.000000    1.000000    0.000000
   30  1   -8.483193    1.000000    0.000000    1.000000    0.000000
   31  1   -5.397351    1.000000    0.000000    1.000000    0.000000
   32  1   -5.385273    1.000000    0.000000    1.000000    0.000000
   33  1   -4.970928    1.000000    0.000000   -1.000000    0.000000
   34  1   -4.832826    1.000000    0.000000   -1.000000    0.000000
   35  1   -4.341867    1.000000    0.000000    1.000000    0.000000
   36  1   -4.339979    1.000000    0.000000    1.000000    0.000000
   37  2   -4.262268    2.000000    0.000000    2.000000    0.000000
   39  2   -4.023144    2.000000    0.000000    2.000000    0.000000
   41  1   -3.999616    1.000000    0.000000    1.000000    0.000000
   42  1   -3.993974    1.000000    0.000000    1.000000    0.000000
   43  2   -3.870788    2.000000    0.000000    2.000000    0.000000
   45  1   -2.639724    1.000000    0.000000   -1.000000    0.000000
   46  1   -2.579444    1.000000    0.000000   -1.000000    0.000000
   47  1   -2.212201    1.000000    0.000000   -1.000000    0.000000
   48  1   -2.152555    1.000000    0.000000   -1.000000    0.000000
   49  1   -1.879413    1.000000    0.000000   -1.000000    0.000000
   50  1   -1.803330    1.000000    0.000000   -1.000000    0.000000
   51  1   -0.876237    1.000000    0.000000    1.000000    0.000000
   52  1   -0.738971    1.000000    0.000000    1.000000    0.000000
   53  1   -0.605939    1.000000    0.000000   -1.000000    0.000000
   54  1   -0.569095    1.000000    0.000000   -1.000000    0.000000
   55  1   -0.513911    1.000000    0.000000   -1.000000    0.000000
   56  1   -0.472409    1.000000    0.000000   -1.000000    0.000000
   57  1   -0.426062    1.000000    0.000000    1.000000    0.000000
   58  1   -0.347564    1.000000    0.000000    1.000000    0.000000
   59  1   -0.285664    1.000000    0.000000    1.000000    0.000000
   60  1   -0.210370    1.000000    0.000000    1.000000    0.000000
   61  1    0.112736    1.000000    0.000000    1.000000    0.000000
   62  1    0.310412    1.000000    0.000000    1.000000    0.000000
   63  1    1.023548    1.000000    0.000000    1.000000    0.000000
   64  1    1.226746    1.000000    0.000000    1.000000    0.000000
   65  1    1.556846    1.000000    0.000000    1.000000    0.000000
   66  1    1.833323    1.000000    0.000000    1.000000    0.000000
   67  1    1.834813    1.000000    0.000000   -1.000000    0.000000
   68  1    1.975839    1.000000    0.000000   -1.000000    0.000000
   69  1    2.007193    1.000000    0.000000    0.999999    0.000000
   70  1    2.015042    1.000000    0.000000   -1.000000    0.000000
   71  1    2.176553    1.000000    0.000000    0.997657    0.000000
   72  1    2.237433    1.000000    0.000000   -0.999924    0.000000
  2
    1    2
    1  1  -73.005224    1.000000    0.000000   -1.000000    0.000000
    2  1  -73.003984    1.000000    0.000000   -1.000000    0.000000
    3  1  -70.509182    1.000000    0.000000   -1.000000    0.000000
    4  1  -70.507809    1.000000    0.000000   -1.000000    0.000000
    5  2  -70.391232    2.000000    0.000000   -2.000000    0.000000
    7  2  -45.827262    2.000000    0.000000    0.000000    0.000000
    9  2  -45.824433    2.000000    0.000000    0.000000    0.000000
   11  2  -45.570811    2.000000    0.000000    0.000000    0.000000
   13  2  -45.567209    2.000000    0.000000    0.000000    0.000000
   15  2  -45.480088    2.000000    0.000000    0.000000    0.000000
   17  2  -45.477984    2.000000    0.000000    0.000000    0.000000
   19  1  -18.381466    1.000000    0.000000    1.000000    0.000000
   20  1  -18.345284    1.000000    0.000000    1.000000    0.000000
   21  1  -18.240375    1.000000    0.000000    1.000000    0.000000
   22  1  -18.232743    1.000000    0.000000    1.000000    0.000000
   23  1  -17.946416    1.000000    0.000000    1.000000    0.000000
   24  1  -17.902142    1.000000    0.000000    1.000000    0.000000
   25  1  -17.814455    1.000000    0.000000    1.000000    0.000000
   26  1  -17.801966    1.000000    0.000000    1.000000    0.000000
   27  1  -17.771571    1.000000    0.000000    1.000000    0.000000
   28  1  -17.769947    1.000000    0.000000    1.000000    0.000000
   29  1   -8.839121    1.000000    0.000000    1.000000    0.000000
   30  1   -8.482767    1.000000    0.000000    1.000000    0.000000
   31  1   -5.395364    1.000000    0.000000    1.000000    0.000000
   32  1   -5.383552    1.000000    0.000000    1.000000    0.000000
   33  1   -4.976208    1.000000    0.000000   -1.000000    0.000000
   34  1   -4.838158    1.000000    0.000000   -1.000000    0.000000
   35  1   -4.341276    1.000000    0.000000    1.000000    0.000000
   36  1   -4.339421    1.000000    0.000000    1.000000    0.000000
   37  2   -4.262130    2.000000    0.000000    2.000000    0.000000
   39  2   -4.023070    2.000000    0.000000    2.000000    0.000000
   41  1   -3.996930    1.000000    0.000000    1.000000    0.000000
   42  1   -3.991524    1.000000    0.000000    1.000000    0.000000
   43  2   -3.870785    2.000000    0.000000    2.000000    0.000000
   45  1   -2.678112    1.000000    0.000000   -1.000000    0.000000
   46  1   -2.616557    1.000000    0.000000   -1.000000    0.000000
   47  1   -2.263163    1.000000    0.000000   -1.000000    0.000000
   48  1   -2.205744    1.000000    0.000000   -1.000000    0.000000
   49  1   -1.883828    1.000000    0.000000   -1.000000    0.000000
   50  1   -1.806770    1.000000    0.000000   -1.000000    0.000000
   51  1   -0.780771    1.000000    0.000000    1.000000    0.000000
   52  1   -0.666448    1.000000    0.000000   -1.000000    0.000000
   53  1   -0.649324    1.000000    0.000000    1.000000    0.000000
   54  1   -0.597228    1.000000    0.000000   -1.000000    0.000000
   55  1   -0.535869    1.000000    0.000000   -1.000000    0.000000
   56  1   -0.480962    1.000000    0.000000   -1.000000    0.000000
   57  1   -0.265403    1.000000    0.000000    1.000000    0.000000
   58  1   -0.234212    1.000000    0.000000    1.000000    0.000000
   59  1   -0.127616    1.000000    0.000000    1.000000    0.000000
   60  1   -0.092352    1.000000    0.000000    1.000000    0.000000
   61  1    0.544324    1.000000    0.000000    1.000000    0.000000
   62  1    0.761685    1.000000    0.000000    1.000000    0.000000
   63  1    1.155764    1.000000    0.000000    1.000000    0.000000
   64  1    1.215240    1.000000    0.000000   -1.000000    0.000000
   65  1    1.280767    1.000000    0.000000   -1.000000    0.000000
   66  1    1.345527    1.000000    0.000000   -1.000000    0.000000
   67  1    1.446381    1.000000    0.000000    1.000000    0.000000
   68  1    1.479806    1.000000    0.000000   -1.000000    0.000000
   69  1    1.902400    1.000000    0.000000   -0.999936    0.000000
   70  1    1.952132    1.000000    0.000000    0.999648    0.000000
   71  1    2.063870    1.000000    0.000000    0.985714    0.000000
   72  1    2.128605    1.000000    0.000000   -0.209032    0.000000
  2
    1    2
    1  1  -73.005193    1.000000    0.000000   -1.000000    0.000000
    2  1  -73.003953    1.000000    0.000000   -1.000000    0.000000
    3  1  -70.509149    1.000000    0.000000   -1.000000    0.000000
    4  1  -70.507777    1.000000    0.000000   -1.000000    0.000000
    5  2  -70.391196    2.000000    0.000000   -2.000000    0.000000
    7  2  -45.827251    2.000000    0.000000    0.000000    0.000000
    9  2  -45.824421    2.000000    0.000000    0.000000    0.000000
   11  2  -45.570803    2.000000    0.000000    0.000000    0.000000
   13  2  -45.567201    2.000000    0.000000    0.000000    0.000000
   15  2  -45.480060    2.000000    0.000000    0.000000    0.000000
   17  2  -45.477956    2.000000    0.000000    0.000000    0.000000
   19  1  -18.381466    1.000000    0.000000   -1.000000    0.000000
   20  1  -18.345284    1.000000    0.000000   -1.000000    0.000000
   21  1  -18.240375    1.000000    0.000000   -1.000000    0.000000
   22  1  -18.232743    1.000000    0.000000   -1.000000    0.000000
   23  1  -17.946416    1.000000    0.000000   -1.000000    0.000000
   24  1  -17.902142    1.000000    0.000000   -1.000000    0.000000
   25  1  -17.814455    1.000000    0.000000   -1.000000    0.000000
   26  1  -17.801966    1.000000    0.000000   -1.000000    0.000000
   27  1  -17.771571    1.000000    0.000000   -1.000000    0.000000
   28  1  -17.769946    1.000000    0.000000   -1.000000    0.000000
   29  1   -8.834536    1.000000    0.000000   -1.000000    0.000000
   30  1   -8.476360    1.000000    0.000000   -1.000000    0.000000
   31  1   -5.747688    1.000000    0.000000    1.000000    0.000000
   32  1   -5.705246    1.000000    0.000000    1.000000    0.000000
   33  1   -4.388305    1.000000    0.000000    1.000000    0.000000
   34  1   -4.374882    1.000000    0.000000    1.000000    0.000000
   35  2   -4.263095    2.000000    0.000000    2.000000    0.000000
   37  1   -4.157646    1.000000    0.000000    1.000000    0.000000
   38  1   -4.120432    1.000000    0.000000    1.000000    0.000000
   39  2   -4.023615    2.000000    0.000000    2.000000    0.000000
   41  2   -3.870760    2.000000    0.000000    2.000000    0.000000
   43  1   -3.675199    1.000000    0.000000    1.000000    0.000000
   44  1   -3.582962    1.000000    0.000000    1.000000    0.000000
   45  1   -3.412266    1.000000    0.000000   -1.000000    0.000000
   46  1   -3.351671    1.000000    0.000000   -1.000000    0.000000
   47  1   -2.617668    1.000000    0.000000    1.000000    0.000000
   48  1   -2.557779    1.000000    0.000000    1.000000    0.000000
   49  1   -2.170775    1.000000    0.000000    1.000000    0.000000
   50  1   -2.111304    1.000000    0.000000    1.000000    0.000000
   51  1   -1.167407    1.000000    0.000000   -1.000000    0.000000
   52  1   -1.137754    1.000000    0.000000   -1.000000    0.000000
   53  1   -1.097766    1.000000    0.000000   -1.000000    0.000000
   54  1   -1.066311    1.000000    0.000000   -1.000000    0.000000
   55  1    0.512199    1.000000    0.000000    1.000000    0.000000
   56  1    0.627107    1.000000    0.000000   -1.000000    0.000000
   57  1    0.703806    1.000000    0.000000    1.000000    0.000000
   58  1    0.719151    1.000000    0.000000    1.000000    0.000000
   59  1    0.852045    1.000000    0.000000   -1.000000    0.000000
   60  1    0.901534    1.000000    0.000000    1.000000    0.000000
   61  1    1.054231    1.000000    0.000000    1.000000    0.000000
   62  1    1.166728    1.000000    0.000000    1.000000    0.000000
   63  1    1.278878    1.000000    0.000000   -1.000000    0.000000
   64  1    1.377958    1.000000    0.000000   -0.999996    0.000000
   65  1    1.459978    1.000000    0.000000    0.999807    0.000000
   66  1    1.479344    1.000000    0.000000   -0.999372    0.000000
   67  1    1.497931    1.000000    0.000000   -0.999517    0.000000
   68  1    1.500616    1.000000    0.000000    0.999616    0.000000
   69  1    1.512996    1.000000    0.000000   -0.999673    0.000000
   70  1    1.537837    1.000000    0.000000   -0.995656    0.000000
   71  1    1.637414    1.000000    0.000000   -0.649117    0.000000
   72  1    1.643526    1.000000    0.000000    0.572284    0.000000
  2
    1    2
    1  1  -73.005182    1.000000    0.000000   -1.000000    0.000000
    2  1  -73.003942    1.000000    0.000000   -1.000000    0.000000
    3  1  -70.509138    1.000000    0.000000   -1.000000    0.000000
    4  1  -70.507764    1.000000    0.000000   -1.000000    0.000000
    5  2  -70.391187    2.000000    0.000000   -2.000000    0.000000
    7  2  -45.827245    2.000000    0.000000    0.000000    0.000000
    9  2  -45.824415    2.000000    0.000000    0.000000    0.000000
   11  2  -45.570801    2.000000    0.000000    0.000000    0.000000
   13  2  -45.567199    2.000000    0.000000    0.000000    0.000000
   15  2  -45.480053    2.000000    0.000000    0.000000    0.000000
   17  2  -45.477949    2.000000    0.000000    0.000000    0.000000
   19  1  -18.381466    1.000000    0.000000   -1.000000    0.000000
   20  1  -18.345284    1.000000    0.000000   -1.000000    0.000000
   21  1  -18.240375    1.000000    0.000000   -1.000000    0.000000
   22  1  -18.232743    1.000000    0.000000   -1.000000    0.000000
   23  1  -17.946416    1.000000    0.000000   -1.000000    0.000000
   24  1  -17.902142    1.000000    0.000000   -1.000000    0.000000
   25  1  -17.814455    1.000000    0.000000   -1.000000    0.000000
   26  1  -17.801966    1.000000    0.000000   -1.000000    0.000000
   27  1  -17.771571    1.000000    0.000000   -1.000000    0.000000
   28  1  -17.769946    1.000000    0.000000   -1.000000    0.000000
   29  1   -8.834569    1.000000    0.000000   -1.000000    0.000000
   30  1   -8.476392    1.000000    0.000000   -1.000000    0.000000
   31  1   -5.747966    1.000000    0.000000    1.000000    0.000000
   32  1   -5.705509    1.000000    0.000000    1.000000    0.000000
   33  1   -4.388373    1.000000    0.000000    1.000000    0.000000
   34  1   -4.374924    1.000000    0.000000    1.000000    0.000000
   35  2   -4.263055    2.000000    0.000000    2.000000    0.000000
   37  1   -4.157748    1.000000    0.000000    1.000000    0.000000
   38  1   -4.120595    1.000000    0.000000    1.000000    0.000000
   39  2   -4.023597    2.000000    0.000000    2.000000    0.000000
   41  2   -3.870771    2.000000    0.000000    2.000000    0.000000
   43  1   -3.675568    1.000000    0.000000    1.000000    0.000000
   44  1   -3.583262    1.000000    0.000000    1.000000    0.000000
   45  1   -3.413356    1.000000    0.000000   -1.000000    0.000000
   46  1   -3.352657    1.000000    0.000000   -1.000000    0.000000
   47  1   -2.612611    1.000000    0.000000    1.000000    0.000000
   48  1   -2.552190    1.000000    0.000000    1.000000    0.000000
   49  1   -2.163860    1.000000    0.000000    1.000000    0.000000
   50  1   -2.106056    1.000000    0.000000    1.000000    0.000000
   51  1   -1.154612    1.000000    0.000000   -1.000000    0.000000
   52  1   -1.108198    1.000000    0.000000   -1.000000    0.000000
   53  1   -1.081279    1.000000    0.000000   -1.000000    0.000000
   54  1   -1.040796    1.000000    0.000000   -1.000000    0.000000
   55  1    0.393736    1.000000    0.000000   -1.000000    0.000000
   56  1    0.448230    1.000000    0.000000    1.000000    0.000000
   57  1    0.603482    1.000000    0.000000    1.000000    0.000000
   58  1    0.646054    1.000000    0.000000   -1.000000    0.000000
   59  1    0.811620    1.000000    0.000000    1.000000    0.000000
   60  1    0.975293    1.000000    0.000000    1.000000    0.000000
   61  1    0.987043    1.000000    0.000000    1.000000    0.000000
   62  1    1.112487    1.000000    0.000000    1.000000    0.000000
   63  1    1.239039    1.000000    0.000000   -1.000000    0.000000
   64  1    1.430371    1.000000    0.000000   -0.999979    0.000000
   65  1    1.452779    1.000000    0.000000   -0.999973    0.000000
   66  1    1.460735    1.000000    0.000000    0.999977    0.000000
   67  1    1.505307    1.000000    0.000000   -0.999251    0.000000
   68  1    1.571349    1.000000    0.000000    0.996968    0.000000
   69  1    1.578433    1.000000    0.000000   -0.995428    0.000000
   70  1    1.594514    1.000000    0.000000   -0.997897    0.000000
   71  1    1.613776    1.000000    0.000000   -0.976475    0.000000
   72  1    1.643825    1.000000    0.000000   -0.701958    0.000000
  2
    1    2
    1  1  -73.005184    1.000000    0.000000   -1.000000    0.000000
    2  1  -73.003944    1.000000    0.000000   -1.000000    0.000000
    3  1  -70.509151    1.000000    0.000000   -1.000000    0.000000
    4  1  -70.507778    1.000000    0.000000   -1.000000    0.000000
    5  2  -70.391172    2.000000    0.000000   -2.000000    0.000000
    7  2  -45.827251    2.000000    0.000000    0.000000    0.000000
    9  2  -45.824421    2.000000    0.000000    0.000000    0.000000
   11  2  -45.570795    2.000000    0.000000    0.000000    0.000000
   13  2  -45.567194    2.000000    0.000000    0.000000    0.000000
   15  2  -45.480086    2.000000    0.000000    0.000000    0.000000
   17  2  -45.477982    2.000000    0.000000    0.000000    0.000000
   19  1  -18.381466    1.000000    0.000000    1.000000    0.000000
   20  1  -18.345284    1.000000    0.000000    1.000000    0.000000
   21  1  -18.240375    1.000000    0.000000    1.000000    0.000000
   22  1  -18.232743    1.000000    0.000000    1.000000    0.000000
   23  1  -17.946416    1.000000    0.000000    1.000000    0.000000
   24  1  -17.902142    1.000000    0.000000    1.000000    0.000000
   25  1  -17.814455    1.000000    0.000000    1.000000    0.000000
   26  1  -17.801966    1.000000    0.000000    1.000000    0.000000
   27  1  -17.771572    1.000000    0.000000    1.000000    0.000000
   28  1  -17.769947    1.000000    0.000000    1.000000    0.000000
   29  1   -8.839271    1.000000    0.000000    1.000000    0.000000
   30  1   -8.482944    1.000000    0.000000    1.000000    0.000000
   31  1   -5.396081    1.000000    0.000000    1.000000    0.000000
   32  1   -5.384158    1.000000    0.000000    1.000000    0.000000
   33  1   -4.973291    1.000000    0.000000   -1.000000    0.000000
   34  1   -4.835213    1.000000    0.000000   -1.000000    0.000000
   35  1   -4.341504    1.000000    0.000000    1.000000    0.000000
   36  1   -4.339640    1.000000    0.000000    1.000000    0.000000
   37  2   -4.262197    2.000000    0.000000    2.000000    0.000000
   39  2   -4.023090    2.000000    0.000000    2.000000    0.000000
   41  1   -3.997795    1.000000    0.000000    1.000000    0.000000
   42  1   -3.992296    1.000000    0.000000    1.000000    0.000000
   43  2   -3.870753    2.000000    0.000000    2.000000    0.000000
   45  1   -2.671871    1.000000    0.000000   -1.000000    0.000000
   46  1   -2.597929    1.000000    0.000000   -1.000000    0.000000
   47  1   -2.259424    1.000000    0.000000   -1.000000    0.000000
   48  1   -2.173031    1.000000    0.000000   -1.000000    0.000000
   49  1   -1.881001    1.000000    0.000000   -1.000000    0.000000
   50  1   -1.804468    1.000000    0.000000   -1.000000    0.000000
   51  1   -0.804035    1.000000    0.000000    1.000000    0.000000
   52  1   -0.679111    1.000000    0.000000   -1.000000    0.000000
   53  1   -0.673201    1.000000    0.000000    1.000000    0.000000
   54  1   -0.599464    1.000000    0.000000   -1.000000    0.000000
   55  1   -0.553626    1.000000    0.000000   -1.000000    0.000000
   56  1   -0.499410    1.000000    0.000000   -1.000000    0.000000
   57  1   -0.424953    1.000000    0.000000    1.000000    0.000000
   58  1   -0.286076    1.000000    0.000000    1.000000    0.000000
   59  1   -0.251256    1.000000    0.000000    1.000000    0.000000
   60  1   -0.111538    1.000000    0.000000    1.000000    0.000000
   61  1    0.543735    1.000000    0.000000    1.000000    0.000000
   62  1    0.746263    1.000000    0.000000    1.000000    0.000000
   63  1    0.995360    1.000000    0.000000   -1.000000    0.000000
   64  1    1.208670    1.000000    0.000000   -1.000000    0.000000
   65  1    1.510927    1.000000    0.000000    1.000000    0.000000
   66  1    1.703187    1.000000    0.000000   -1.000000    0.000000
   67  1    1.744067    1.000000    0.000000    1.000000    0.000000
   68  1    1.772774    1.000000    0.000000    1.000000    0.000000
   69  1    1.830147    1.000000    0.000000   -1.000000    0.000000
   70  1    1.940068    1.000000    0.000000   -0.999996    0.000000
   71  1    2.014780    1.000000    0.000000    1.000000    0.000000
   72  1    2.257736    1.000000    0.000000   -0.978559    0.000000
  2
    1    2
    1  1  -73.005193    1.000000    0.000000   -1.000000    0.000000
    2  1  -73.003953    1.000000    0.000000   -1.000000    0.000000
    3  1  -70.509150    1.000000    0.000000   -1.000000    0.000000
    4  1  -70.507776    1.000000    0.000000   -1.000000    0.000000
    5  2  -70.391196    2.000000    0.000000   -2.000000    0.000000
    7  2  -45.827251    2.000000    0.000000    0.000000    0.000000
    9  2  -45.824421    2.000000    0.000000    0.000000    0.000000
   11  2  -45.570803    2.000000    0.000000    0.000000    0.000000
   13  2  -45.567201    2.000000    0.000000    0.000000    0.000000
   15  2  -45.480060    2.000000    0.000000    0.000000    0.000000
   17  2  -45.477956    2.000000    0.000000    0.000000    0.000000
   19  1  -18.381466    1.000000    0.000000   -1.000000    0.000000
   20  1  -18.345284    1.000000    0.000000   -1.000000    0.000000
   21  1  -18.240375    1.000000    0.000000   -1.000000    0.000000
   22  1  -18.232743    1.000000    0.000000   -1.000000    0.000000
   23  1  -17.946416    1.000000    0.000000   -1.000000    0.000000
   24  1  -17.902142    1.000000    0.000000   -1.000000    0.000000
   25  1  -17.814455    1.000000    0.000000   -1.000000    0.000000
   26  1  -17.801966    1.000000    0.000000   -1.000000    0.000000
   27  1  -17.771571    1.000000    0.000000   -1.000000    0.000000
   28  1  -17.769946    1.000000    0.000000   -1.000000    0.000000
   29  1   -8.834535    1.000000    0.000000   -1.000000    0.000000
   30  1   -8.476360    1.000000    0.000000   -1.000000    0.000000
   31  1   -5.747694    1.000000    0.000000    1.000000    0.000000
   32  1   -5.705248    1.000000    0.000000    1.000000    0.000000
   33  1   -4.388308    1.000000    0.000000    1.000000    0.000000
   34  1   -4.374882    1.000000    0.000000    1.000000    0.000000
   35  2   -4.263079    2.000000    0.000000    2.000000    0.000000
   37  1   -4.157646    1.000000    0.000000    1.000000    0.000000
   38  1   -4.120437    1.000000    0.000000    1.000000    0.000000
   39  2   -4.023592    2.000000    0.000000    2.000000    0.000000
   41  2   -3.870760    2.000000    0.000000    2.000000    0.000000
   43  1   -3.675198    1.000000    0.000000    1.000000    0.000000
   44  1   -3.582961    1.000000    0.000000    1.000000    0.000000
   45  1   -3.412238    1.000000    0.000000   -1.000000    0.000000
   46  1   -3.351662    1.000000    0.000000   -1.000000    0.000000
   47  1   -2.617719    1.000000    0.000000    1.000000    0.000000
   48  1   -2.557836    1.000000    0.000000    1.000000    0.000000
   49  1   -2.170797    1.000000    0.000000    1.000000    0.000000
   50  1   -2.111340    1.000000    0.000000    1.000000    0.000000
   51  1   -1.167141    1.000000    0.000000   -1.000000    0.000000
   52  1   -1.137338    1.000000    0.000000   -1.000000    0.000000
   53  1   -1.097667    1.000000    0.000000   -1.000000    0.000000
   54  1   -1.066161    1.000000    0.000000   -1.000000    0.000000
   55  1    0.510226    1.000000    0.000000    1.000000    0.000000
   56  1    0.628855    1.000000    0.000000   -1.000000    0.000000
   57  1    0.702817    1.000000    0.000000    1.000000    0.000000
   58  1    0.717381    1.000000    0.000000    1.000000    0.000000
   59  1    0.852646    1.000000    0.000000   -1.000000    0.000000
   60  1    0.900853    1.000000    0.000000    1.000000    0.000000
   61  1    1.053619    1.000000    0.000000    1.000000    0.000000
   62  1    1.166642    1.000000    0.000000    1.000000    0.000000
   63  1    1.280994    1.000000    0.000000   -0.999999    0.000000
   64  1    1.378056    1.000000    0.000000   -0.999909    0.000000
   65  1    1.460394    1.000000    0.000000    0.999293    0.000000
   66  1    1.480668    1.000000    0.000000   -0.998264    0.000000
   67  2    1.498217    2.000000    0.000000    0.000326    0.000000
   69  1    1.514029    1.000000    0.000000   -0.997037    0.000000
   70  1    1.543785    1.000000    0.000000   -0.974803    0.000000
   71  1    1.639607    1.000000    0.000000   -0.101660    0.000000
   72  1    1.645697    1.000000    0.000000   -0.102617    0.000000
  2
    1    2
    1  1  -73.005182    1.000000    0.000000   -1.000000    0.000000
    2  1  -73.003942    1.000000    0.000000   -1.000000    0.000000
    3  1  -70.509138    1.000000    0.000000   -1.000000    0.000000
    4  1  -70.507765    1.000000    0.000000   -1.000000    0.000000
    5  2  -70.391187    2.000000    0.000000   -2.000000    0.000000
    7  2  -45.827245    2.000000    0.000000    0.000000    0.000000
    9  2  -45.824415    2.000000    0.000000    0.000000    0.000000
   11  2  -45.570801    2.000000    0.000000    0.000000    0.000000
   13  2  -45.567199    2.000000    0.000000    0.000000    0.000000
   15  2  -45.480053    2.000000    0.000000    0.000000    0.000000
   17  2  -45.477949    2.000000    0.000000    0.000000    0.000000
   19  1  -18.381466    1.000000    0.000000   -1.000000    0.000000
   20  1  -18.345284    1.000000    0.000000   -1.000000    0.000000
   21  1  -18.240375    1.000000    0.000000   -1.000000    0.000000
   22  1  -18.232743    1.000000    0.000000   -1.000000    0.000000
   23  1  -17.946416    1.000000    0.000000   -1.000000    0.000000
   24  1  -17.902142    1.000000    0.000000   -1.000000    0.000000
   25  1  -17.814455    1.000000    0.000000   -1.000000    0.000000
   26  1  -17.801966    1.000000    0.000000   -1.000000    0.000000
   27  1  -17.771571    1.000000    0.000000   -1.000000    0.000000
   28  1  -17.769946    1.000000    0.000000   -1.000000    0.000000
   29  1   -8.834568    1.000000    0.000000   -1.000000    0.000000
   30  1   -8.476392    1.000000    0.000000   -1.000000    0.000000
   31  1   -5.747972    1.000000    0.000000    1.000000    0.000000
   32  1   -5.705511    1.000000    0.000000    1.000000    0.000000
   33  1   -4.388366    1.000000    0.000000    1.000000    0.000000
   34  1   -4.374934    1.000000    0.000000    1.000000    0.000000
   35  2   -4.263058    2.000000    0.000000    2.000000    0.000000
   37  1   -4.157758    1.000000    0.000000    1.000000    0.000000
   38  1   -4.120590    1.000000    0.000000    1.000000    0.000000
   39  2   -4.023591    2.000000    0.000000    2.000000    0.000000
   41  2   -3.870771    2.000000    0.000000    2.000000    0.000000
   43  1   -3.675570    1.000000    0.000000    1.000000    0.000000
   44  1   -3.583259    1.000000    0.000000    1.000000    0.000000
   45  1   -3.413331    1.000000    0.000000   -1.000000    0.000000
   46  1   -3.352646    1.000000    0.000000   -1.000000    0.000000
   47  1   -2.612659    1.000000    0.000000    1.000000    0.000000
   48  1   -2.552238    1.000000    0.000000    1.000000    0.000000
   49  1   -2.163881    1.000000    0.000000    1.000000    0.000000
   50  1   -2.106091    1.000000    0.000000    1.000000    0.000000
   51  1   -1.154189    1.000000    0.000000   -1.000000    0.000000
   52  1   -1.108009    1.000000    0.000000   -1.000000    0.000000
   53  1   -1.081100    1.000000    0.000000   -1.000000    0.000000
   54  1   -1.040716    1.000000    0.000000   -1.000000    0.000000
   55  1    0.394830    1.000000    0.000000   -1.000000    0.000000
   56  1    0.445761    1.000000    0.000000    1.000000    0.000000
   57  1    0.602387    1.000000    0.000000    1.000000    0.000000
   58  1    0.646500    1.000000    0.000000   -1.000000    0.000000
   59  1    0.810839    1.000000    0.000000    1.000000    0.000000
   60  1    0.974316    1.000000    0.000000    1.000000    0.000000
   61  1    0.987998    1.000000    0.000000    1.000000    0.000000
   62  1    1.112604    1.000000    0.000000    1.000000    0.000000
   63  1    1.238998    1.000000    0.000000   -1.000000    0.000000
   64  1    1.430194    1.000000    0.000000   -0.999966    0.000000
   65  1    1.453341    1.000000    0.000000   -0.999499    0.000000
   66  1    1.460921    1.000000    0.000000    0.999971    0.000000
   67  1    1.505075    1.000000    0.000000   -0.999829    0.000000
   68  1    1.571978    1.000000    0.000000    0.987153    0.000000
   69  1    1.578179    1.000000    0.000000   -0.987056    0.000000
   70  1    1.597488    1.000000    0.000000   -0.997867    0.000000
   71  1    1.612448    1.000000    0.000000   -0.991212    0.000000
   72  1    1.641552    1.000000    0.000000   -0.776336    0.000000
  2
    1    2
    1  1  -73.005178    1.000000    0.000000   -1.000000    0.000000
    2  1  -73.003938    1.000000    0.000000   -1.000000    0.000000
    3  1  -70.509147    1.000000    0.000000   -1.000000    0.000000
    4  1  -70.507774    1.000000    0.000000   -1.000000    0.000000
    5  2  -70.391164    2.000000    0.000000   -2.000000    0.000000
    7  2  -45.827250    2.000000    0.000000    0.000000    0.000000
    9  2  -45.824421    2.000000    0.000000    0.000000    0.000000
   11  2  -45.570795    2.000000    0.000000    0.000000    0.000000
   13  2  -45.567193    2.000000    0.000000    0.000000    0.000000
   15  2  -45.480086    2.000000    0.000000    0.000000    0.000000
   17  2  -45.477982    2.000000    0.000000    0.000000    0.000000
   19  1  -18.381466    1.000000    0.000000    1.000000    0.000000
   20  1  -18.345284    1.000000    0.000000    1.000000    0.000000
   21  1  -18.240375    1.000000    0.000000    1.000000    0.000000
   22  1  -18.232743    1.000000    0.000000    1.000000    0.000000
   23  1  -17.946416    1.000000    0.000000    1.000000    0.000000
   24  1  -17.902142    1.000000    0.000000    1.000000    0.000000
   25  1  -17.814455    1.000000    0.000000    1.000000    0.000000
   26  1  -17.801966    1.000000    0.000000    1.000000    0.000000
   27  1  -17.771572    1.000000    0.000000    1.000000    0.000000
   28  1  -17.769947    1.000000    0.000000    1.000000    0.000000
   29  1   -8.839275    1.000000    0.000000    1.000000    0.000000
   30  1   -8.482948    1.000000    0.000000    1.000000    0.000000
   31  1   -5.396099    1.000000    0.000000    1.000000    0.000000
   32  1   -5.384172    1.000000    0.000000    1.000000    0.000000
   33  1   -4.973238    1.000000    0.000000   -1.000000    0.000000
   34  1   -4.835164    1.000000    0.000000   -1.000000    0.000000
   35  1   -4.341507    1.000000    0.000000    1.000000    0.000000
   36  1   -4.339642    1.000000    0.000000    1.000000    0.000000
   37  2   -4.262195    2.000000    0.000000    2.000000    0.000000
   39  2   -4.023087    2.000000    0.000000    2.000000    0.000000
   41  1   -3.997815    1.000000    0.000000    1.000000    0.000000
   42  1   -3.992315    1.000000    0.000000    1.000000    0.000000
   43  2   -3.870747    2.000000    0.000000    2.000000    0.000000
   45  1   -2.672153    1.000000    0.000000   -1.000000    0.000000
   46  1   -2.596984    1.000000    0.000000   -1.000000    0.000000
   47  1   -2.258075    1.000000    0.000000   -1.000000    0.000000
   48  1   -2.173806    1.000000    0.000000   -1.000000    0.000000
   49  1   -1.880965    1.000000    0.000000   -1.000000    0.000000
   50  1   -1.804445    1.000000    0.000000   -1.000000    0.000000
   51  1   -0.804660    1.000000    0.000000    1.000000    0.000000
   52  1   -0.678502    1.000000    0.000000   -1.000000    0.000000
   53  1   -0.673673    1.000000    0.000000    1.000000    0.000000
   54  1   -0.599472    1.000000    0.000000   -1.000000    0.000000
   55  1   -0.553179    1.000000    0.000000   -1.000000    0.000000
   56  1   -0.499652    1.000000    0.000000   -1.000000    0.000000
   57  1   -0.426320    1.000000    0.000000    1.000000    0.000000
   58  1   -0.287667    1.000000    0.000000    1.000000    0.000000
   59  1   -0.252187    1.000000    0.000000    1.000000    0.000000
   60  1   -0.111636    1.000000    0.000000    1.000000    0.000000
   61  1    0.537342    1.000000    0.000000    1.000000    0.000000
   62  1    0.742526    1.000000    0.000000    1.000000    0.000000
   63  1    0.995435    1.000000    0.000000   -1.000000    0.000000
   64  1    1.207819    1.000000    0.000000   -1.000000    0.000000
   65  1    1.513553    1.000000    0.000000    1.000000    0.000000
   66  1    1.712040    1.000000    0.000000   -1.000000    0.000000
   67  1    1.747321    1.000000    0.000000    1.000000    0.000000
   68  1    1.775604    1.000000    0.000000    1.000000    0.000000
   69  1    1.835488    1.000000    0.000000   -1.000000    0.000000
   70  1    1.941282    1.000000    0.000000   -0.999999    0.000000
   71  1    2.018096    1.000000    0.000000    1.000000    0.000000
   72  1    2.257572    1.000000    0.000000   -0.990069    0.000000
