   46   72
  1
  4
  1  0  0  0  1  0  0  0  1    0.000000    0.000000    0.000000    1.000000    0.000000    0.000000    0.000000    0.000000    0.000000    1.000000    0.000000  1
  0  1  0  1  0  0  0  0  1    0.000000    0.000000    0.000000    0.000000    0.000000   -0.707107    0.707107    0.707107    0.707107    0.000000    0.000000  1
  0 -1  0 -1  0  0  0  0 -1    0.000000    0.000000    0.000000    0.000000    0.000000   -0.707107    0.707107    0.707107    0.707107    0.000000    0.000000 -1
 -1  0  0  0 -1  0  0  0 -1    0.000000    0.000000    0.000000    1.000000    0.000000    0.000000    0.000000    0.000000    0.000000    1.000000    0.000000 -1
  6
    0.000000    0.000000    0.000000
    0.000000    0.000000    0.500000
    0.000000    0.500000    0.500000
    0.500000    0.500000    0.500000
    0.000000    0.500000    0.000000
    0.500000    0.500000    0.000000
  2
    1    2
    1  2  -44.079913    2.000000    0.000000    0.000000    0.000000
    3  2  -43.771787    2.000000    0.000000    0.000000    0.000000
    5  2  -43.148228    2.000000    0.000000    0.000000    0.000000
    7  2  -40.691513    2.000000    0.000000    0.000000    0.000000
    9  2  -40.294516    2.000000    0.000000    0.000000    0.000000
   11  2  -39.979094    2.000000    0.000000    0.000000    0.000000
   13  2  -22.221312    2.000000    0.000000    0.000000    0.000000
   15  2   -8.659544    2.000000    0.000000    0.000000    0.000000
   17  2   -6.919692    2.000000    0.000000    0.000000    0.000000
   19  2   -6.545926    2.000000    0.000000    0.000000    0.000000
   21  1   -5.663106    1.000000    0.000000    0.000000    1.000000
   22  1   -5.659859    1.000000    0.000000    0.000000   -1.000000
   23  1   -3.878163    1.000000    0.000000    0.000000   -1.000000
   24  1   -3.876935    1.000000    0.000000    0.000000    1.000000
   25  1    0.913221    1.000000    0.000000    0.000000    1.000000
   26  1    0.921832    1.000000    0.000000    0.000000   -1.000000
   27  1    2.150012    1.000000    0.000000    0.000000    1.000000
   28  1    2.153387    1.000000    0.000000    0.000000   -1.000000
   29  2    2.232689    2.000000    0.000000    0.000000    0.000000
   31  1    2.237580    1.000000    0.000000    0.000000    1.000000
   32  1    2.239429    1.000000    0.000000    0.000000   -1.000000
   33  1    3.221311    1.000000    0.000000    0.000000    1.000000
   34  1    3.227007    1.000000    0.000000    0.000000   -1.000000
   35  1    3.291090    1.000000    0.000000    0.000000    1.000000
   36  2    3.294449    2.000000    0.000000    0.000000    0.000000
   38  1    3.297606    1.000000    0.000000    0.000000   -1.000000
   39  1    3.972504    1.000000    0.000000    0.000000    1.000000
   40  1    3.975675    1.000000    0.000000    0.000000   -1.000000
   41  1    5.924597    1.000000    0.000000    0.000000    1.000000
   42  1    5.926280    1.000000    0.000000    0.000000   -1.000000
   43  1    5.939006    1.000000    0.000000    0.000000    0.999998
   44  1    5.940037    1.000000    0.000000    0.000000   -0.999998
   45  2    6.008611    2.000000    0.000000    0.000000   -0.000001
   47  1    6.240299    1.000000    0.000000    0.000000    0.999999
   48  1    6.244162    1.000000    0.000000    0.000000   -0.999999
   49  1    6.351943    1.000000    0.000000    0.000000   -1.000000
   50  1    6.364766    1.000000    0.000000    0.000000    1.000000
   51  1    7.350014    1.000000    0.000000    0.000000    1.000000
   52  1    7.351665    1.000000    0.000000    0.000000   -1.000000
   53  1    8.291890    1.000000    0.000000    0.000000    1.000000
   54  1    8.298290    1.000000    0.000000    0.000000   -1.000000
   55  1    8.741312    1.000000    0.000000    0.000000    0.999999
   56  1    8.756079    1.000000    0.000000    0.000000   -0.999999
   57  2    8.763096    2.000000    0.000000    0.000000    0.000000
   59  1    8.783168    1.000000    0.000000    0.000000   -0.999999
   60  1    8.784418    1.000000    0.000000    0.000000    0.999999
   61  1    9.584505    1.000000    0.000000    0.000000    0.999999
   62  1    9.596170    1.000000    0.000000    0.000000   -0.999999
   63  2   10.773196    2.000000    0.000000    0.000000   -0.000000
   65  1   10.875123    1.000000    0.000000    0.000000    0.997909
   66  1   10.879967    1.000000    0.000000    0.000000   -0.997796
   67  1   10.896596    1.000000    0.000000    0.000000    0.999461
   68  1   10.901272    1.000000    0.000000    0.000000   -0.999583
   69  1   11.041854    1.000000    0.000000    0.000000    0.999948
   70  1   11.050862    1.000000    0.000000    0.000000   -0.999936
   71  1   11.145826    1.000000    0.000000    0.000000    0.994116
   72  1   11.149571    1.000000    0.000000    0.000000   -0.994169
  2
    1    2
    1  2  -44.079893    2.000000    0.000000    0.000000    0.000000
    3  2  -43.771784    2.000000    0.000000    0.000000    0.000000
    5  2  -43.148212    2.000000    0.000000    0.000000    0.000000
    7  2  -40.691491    2.000000    0.000000    0.000000    0.000000
    9  2  -40.294516    2.000000    0.000000    0.000000    0.000000
   11  2  -39.979077    2.000000    0.000000    0.000000    0.000000
   13  2  -22.220928    2.000000    0.000000    0.000000    0.000000
   15  2   -8.693067    2.000000    0.000000    0.000000    0.000000
   17  1   -7.075077    1.000000    0.000000    0.000000    1.000000
   18  1   -7.073987    1.000000    0.000000    0.000000   -1.000000
   19  2   -6.544988    2.000000    0.000000    0.000000    0.000000
   21  1   -4.952838    1.000000    0.000000    0.000000    1.000000
   22  1   -4.950549    1.000000    0.000000    0.000000   -1.000000
   23  2   -4.455061    2.000000    0.000000    0.000000    0.000000
   25  1    1.326752    1.000000    0.000000    0.000000    1.000000
   26  1    1.333223    1.000000    0.000000    0.000000   -1.000000
   27  1    1.914457    1.000000    0.000000    0.000000    1.000000
   28  1    1.917845    1.000000    0.000000    0.000000   -1.000000
   29  1    2.122630    1.000000    0.000000    0.000000    1.000000
   30  1    2.123934    1.000000    0.000000    0.000000   -1.000000
   31  1    2.129776    1.000000    0.000000    0.000000    1.000000
   32  1    2.130959    1.000000    0.000000    0.000000   -1.000000
   33  1    3.224341    1.000000    0.000000    0.000000    1.000000
   34  1    3.230057    1.000000    0.000000    0.000000   -1.000000
   35  1    3.419646    1.000000    0.000000    0.000000    1.000000
   36  1    3.422782    1.000000    0.000000    0.000000   -1.000000
   37  1    3.441158    1.000000    0.000000    0.000000    1.000000
   38  1    3.444226    1.000000    0.000000    0.000000   -1.000000
   39  2    4.363905    2.000000    0.000000    0.000000    0.000000
   41  1    4.933690    1.000000    0.000000    0.000000    1.000000
   42  1    4.948020    1.000000    0.000000    0.000000   -1.000000
   43  1    6.017646    1.000000    0.000000    0.000000    0.999997
   44  1    6.019548    1.000000    0.000000    0.000000   -0.999997
   45  1    6.048552    1.000000    0.000000    0.000000    0.999999
   46  1    6.050713    1.000000    0.000000    0.000000   -0.999999
   47  1    6.224501    1.000000    0.000000    0.000000    0.999999
   48  1    6.230831    1.000000    0.000000    0.000000   -0.999999
   49  1    6.244414    1.000000    0.000000    0.000000   -1.000000
   50  1    6.251748    1.000000    0.000000    0.000000    1.000000
   51  1    7.353502    1.000000    0.000000    0.000000    1.000000
   52  1    7.355157    1.000000    0.000000    0.000000   -1.000000
   53  1    7.583657    1.000000    0.000000    0.000000   -1.000000
   54  1    7.589727    1.000000    0.000000    0.000000    1.000000
   55  2    8.558690    2.000000    0.000000    0.000000    0.000001
   57  2    8.567308    2.000000    0.000000    0.000000    0.000001
   59  1    9.786336    1.000000    0.000000    0.000000    0.998058
   60  1    9.791839    1.000000    0.000000    0.000000   -0.998109
   61  2   10.539848    2.000000    0.000000    0.000000    0.000139
   63  1   10.961857    1.000000    0.000000    0.000000    0.984358
   64  1   10.973657    1.000000    0.000000    0.000000   -0.982466
   65  1   11.048764    1.000000    0.000000    0.000000    0.604456
   66  1   11.051803    1.000000    0.000000    0.000000   -0.603388
   67  2   11.179622    2.000000    0.000000    0.000000   -0.005348
   69  1   11.336053    1.000000    0.000000    0.000000   -0.287490
   70  1   11.337089    1.000000    0.000000    0.000000    0.288414
   71  2   11.418585    2.000000    0.000000    0.000000   -0.002993
  1
    1
    1  2  -44.079913    2.000000    0.000000
    3  2  -43.771868    2.000000    0.000000
    5  2  -43.148402    2.000000    0.000000
    7  2  -40.693353    2.000000    0.000000
    9  2  -40.294920    2.000000    0.000000
   11  2  -39.981489    2.000000    0.000000
   13  2  -22.158794    2.000000    0.000000
   15  1   -8.879014    1.000000    0.000000
   16  1   -8.877384    1.000000    0.000000
   17  1   -7.228406    1.000000    0.000000
   18  1   -7.226674    1.000000    0.000000
   19  2   -6.600529    2.000000    0.000000
   21  1   -4.553572    1.000000    0.000000
   22  1   -4.551931    1.000000    0.000000
   23  1   -4.260301    1.000000    0.000000
   24  1   -4.257964    1.000000    0.000000
   25  1    1.058713    1.000000    0.000000
   26  1    1.065006    1.000000    0.000000
   27  1    1.590208    1.000000    0.000000
   28  1    1.597730    1.000000    0.000000
   29  1    2.321628    1.000000    0.000000
   30  1    2.323019    1.000000    0.000000
   31  2    2.374559    2.000000    0.000000
   33  1    2.659036    1.000000    0.000000
   34  1    2.664448    1.000000    0.000000
   35  1    3.075919    1.000000    0.000000
   36  1    3.079380    1.000000    0.000000
   37  2    3.789037    2.000000    0.000000
   39  1    4.312047    1.000000    0.000000
   40  1    4.314093    1.000000    0.000000
   41  2    4.519627    2.000000    0.000000
   43  1    4.939704    1.000000    0.000000
   44  1    4.946447    1.000000    0.000000
   45  1    5.458148    1.000000    0.000000
   46  1    5.460121    1.000000    0.000000
   47  1    6.296497    1.000000    0.000000
   48  1    6.302694    1.000000    0.000000
   49  1    6.874260    1.000000    0.000000
   50  1    6.880301    1.000000    0.000000
   51  1    7.344166    1.000000    0.000000
   52  1    7.346281    1.000000    0.000000
   53  1    7.743467    1.000000    0.000000
   54  1    7.744711    1.000000    0.000000
   55  2    8.182390    2.000000    0.000000
   57  1    8.485394    1.000000    0.000000
   58  1    8.494447    1.000000    0.000000
   59  2    9.099309    2.000000    0.000000
   61  1    9.708846    1.000000    0.000000
   62  1    9.714244    1.000000    0.000000
   63  1   10.818738    1.000000    0.000000
   64  1   10.821364    1.000000    0.000000
   65  1   10.849107    1.000000    0.000000
   66  1   10.851738    1.000000    0.000000
   67  1   11.261615    1.000000    0.000000
   68  1   11.267834    1.000000    0.000000
   69  1   11.983541    1.000000    0.000000
   70  1   12.001176    1.000000    0.000000
   71  1   13.259958    1.000000    0.000000
   72  1   13.271348    1.000000    0.000000
  2
    1    2
    1  2  -44.081430    2.000000    0.000000    0.000000    0.000000
    3  2  -43.772259    2.000000    0.000000    0.000000    0.000000
    5  2  -43.150658    2.000000    0.000000    0.000000    0.000000
    7  2  -40.692548    2.000000    0.000000    0.000000    0.000000
    9  2  -40.295073    2.000000    0.000000    0.000000    0.000000
   11  2  -39.980998    2.000000    0.000000    0.000000    0.000000
   13  2  -22.100040    2.000000    0.000000    0.000000    0.000000
   15  2   -8.927108    2.000000    0.000000    0.000000    0.000000
   17  1   -7.250722    1.000000    0.000000    0.000000    1.000000
   18  1   -7.248394    1.000000    0.000000    0.000000   -1.000000
   19  2   -6.824624    2.000000    0.000000    0.000000    0.000000
   21  2   -4.249631    2.000000    0.000000    0.000000    0.000000
   23  2   -4.032352    2.000000    0.000000    0.000000    0.000000
   25  2    0.598256    2.000000    0.000000    0.000000    0.000000
   27  1    0.946542    1.000000    0.000000    0.000000    1.000000
   28  1    0.958018    1.000000    0.000000    0.000000   -1.000000
   29  2    2.378807    2.000000    0.000000    0.000000    0.000000
   31  1    2.506686    1.000000    0.000000    0.000000    1.000000
   32  1    2.514177    1.000000    0.000000    0.000000   -1.000000
   33  2    3.033946    2.000000    0.000000    0.000000    0.000000
   35  1    3.412509    1.000000    0.000000    0.000000    1.000000
   36  1    3.419963    1.000000    0.000000    0.000000   -1.000000
   37  1    3.492601    1.000000    0.000000    0.000000    1.000000
   38  1    3.495080    1.000000    0.000000    0.000000   -1.000000
   39  1    3.662044    1.000000    0.000000    0.000000    1.000000
   40  1    3.669631    1.000000    0.000000    0.000000   -1.000000
   41  1    4.178935    1.000000    0.000000    0.000000    1.000000
   42  1    4.183370    1.000000    0.000000    0.000000   -1.000000
   43  1    4.366350    1.000000    0.000000    0.000000    1.000000
   44  1    4.367819    1.000000    0.000000    0.000000   -1.000000
   45  1    4.506692    1.000000    0.000000    0.000000    1.000000
   46  1    4.507762    1.000000    0.000000    0.000000   -1.000000
   47  1    6.049476    1.000000    0.000000    0.000000    1.000000
   48  1    6.054295    1.000000    0.000000    0.000000   -1.000000
   49  1    6.398622    1.000000    0.000000    0.000000    0.999993
   50  1    6.400742    1.000000    0.000000    0.000000   -0.999994
   51  2    6.731863    2.000000    0.000000    0.000000    0.000001
   53  2    7.382748    2.000000    0.000000    0.000000    0.000000
   55  1    7.586284    1.000000    0.000000    0.000000    0.999641
   56  1    7.587441    1.000000    0.000000    0.000000   -0.999643
   57  1    9.444373    1.000000    0.000000    0.000000    0.999984
   58  1    9.451848    1.000000    0.000000    0.000000   -0.999987
   59  2    9.948922    2.000000    0.000000    0.000000   -0.000002
   61  1   10.700895    1.000000    0.000000    0.000000    0.999498
   62  1   10.708834    1.000000    0.000000    0.000000   -0.999555
   63  2   11.318513    2.000000    0.000000    0.000000   -0.000017
   65  1   11.499891    1.000000    0.000000    0.000000    0.999996
   66  1   11.511787    1.000000    0.000000    0.000000   -0.999992
   67  1   12.152883    1.000000    0.000000    0.000000    0.999729
   68  1   12.166421    1.000000    0.000000    0.000000   -0.999942
   69  1   13.051082    1.000000    0.000000    0.000000   -0.372186
   70  1   13.060523    1.000000    0.000000    0.000000    0.369703
   71  1   13.174946    1.000000    0.000000    0.000000   -0.986742
   72  1   13.193511    1.000000    0.000000    0.000000    0.987523
  1
    1
    1  2  -44.079915    2.000000    0.000000
    3  2  -43.771864    2.000000    0.000000
    5  2  -43.148403    2.000000    0.000000
    7  2  -40.693356    2.000000    0.000000
    9  2  -40.294915    2.000000    0.000000
   11  2  -39.981492    2.000000    0.000000
   13  2  -22.158795    2.000000    0.000000
   15  1   -8.878994    1.000000    0.000000
   16  1   -8.877402    1.000000    0.000000
   17  1   -7.228362    1.000000    0.000000
   18  1   -7.226724    1.000000    0.000000
   19  2   -6.600534    2.000000    0.000000
   21  1   -4.553959    1.000000    0.000000
   22  1   -4.551510    1.000000    0.000000
   23  1   -4.259751    1.000000    0.000000
   24  1   -4.258541    1.000000    0.000000
   25  1    1.058551    1.000000    0.000000
   26  1    1.065113    1.000000    0.000000
   27  1    1.591422    1.000000    0.000000
   28  1    1.596470    1.000000    0.000000
   29  1    2.321070    1.000000    0.000000
   30  1    2.323367    1.000000    0.000000
   31  2    2.374376    2.000000    0.000000
   33  1    2.659476    1.000000    0.000000
   34  1    2.664203    1.000000    0.000000
   35  1    3.076511    1.000000    0.000000
   36  1    3.078818    1.000000    0.000000
   37  2    3.788927    2.000000    0.000000
   39  2    4.312596    2.000000    0.000000
   41  2    4.519810    2.000000    0.000000
   43  1    4.939419    1.000000    0.000000
   44  1    4.946889    1.000000    0.000000
   45  1    5.458146    1.000000    0.000000
   46  1    5.459854    1.000000    0.000000
   47  1    6.295696    1.000000    0.000000
   48  1    6.303725    1.000000    0.000000
   49  1    6.872914    1.000000    0.000000
   50  1    6.881737    1.000000    0.000000
   51  1    7.343080    1.000000    0.000000
   52  1    7.347161    1.000000    0.000000
   53  2    7.743555    2.000000    0.000000
   55  1    8.181359    1.000000    0.000000
   56  1    8.184346    1.000000    0.000000
   57  1    8.486223    1.000000    0.000000
   58  1    8.493444    1.000000    0.000000
   59  2    9.099263    2.000000    0.000000
   61  1    9.710191    1.000000    0.000000
   62  1    9.713056    1.000000    0.000000
   63  1   10.820283    1.000000    0.000000
   64  1   10.825270    1.000000    0.000000
   65  1   10.846790    1.000000    0.000000
   66  1   10.848799    1.000000    0.000000
   67  1   11.261008    1.000000    0.000000
   68  1   11.268680    1.000000    0.000000
   69  1   11.985503    1.000000    0.000000
   70  1   12.004730    1.000000    0.000000
   71  1   13.256917    1.000000    0.000000
   72  1   13.264513    1.000000    0.000000
  2
    1    2
    1  2  -44.081430    2.000000    0.000000    0.000000    0.000000
    3  2  -43.772259    2.000000    0.000000    0.000000    0.000000
    5  2  -43.150658    2.000000    0.000000    0.000000    0.000000
    7  2  -40.692548    2.000000    0.000000    0.000000    0.000000
    9  2  -40.295074    2.000000    0.000000    0.000000    0.000000
   11  2  -39.980998    2.000000    0.000000    0.000000    0.000000
   13  2  -22.100040    2.000000    0.000000    0.000000    0.000000
   15  2   -8.927116    2.000000    0.000000    0.000000    0.000000
   17  1   -7.250709    1.000000    0.000000    0.000000    1.000000
   18  1   -7.248407    1.000000    0.000000    0.000000   -1.000000
   19  2   -6.824628    2.000000    0.000000    0.000000    0.000000
   21  2   -4.249802    2.000000    0.000000    0.000000    0.000000
   23  1   -4.032708    1.000000    0.000000    0.000000   -1.000000
   24  1   -4.031392    1.000000    0.000000    0.000000    1.000000
   25  1    0.593041    1.000000    0.000000    0.000000    1.000000
   26  1    0.603216    1.000000    0.000000    0.000000   -1.000000
   27  2    0.952472    2.000000    0.000000    0.000000    0.000000
   29  2    2.378955    2.000000    0.000000    0.000000    0.000000
   31  1    2.504586    1.000000    0.000000    0.000000    1.000000
   32  1    2.515781    1.000000    0.000000    0.000000   -1.000000
   33  2    3.033736    2.000000    0.000000    0.000000    0.000000
   35  1    3.414583    1.000000    0.000000    0.000000    1.000000
   36  1    3.422180    1.000000    0.000000    0.000000   -1.000000
   37  1    3.489874    1.000000    0.000000    0.000000    1.000000
   38  1    3.493396    1.000000    0.000000    0.000000   -1.000000
   39  1    3.662740    1.000000    0.000000    0.000000    1.000000
   40  1    3.669068    1.000000    0.000000    0.000000   -1.000000
   41  2    4.181330    2.000000    0.000000    0.000000    0.000000
   43  1    4.366412    1.000000    0.000000    0.000000    1.000000
   44  1    4.368087    1.000000    0.000000    0.000000   -1.000000
   45  1    4.506199    1.000000    0.000000    0.000000    1.000000
   46  1    4.507541    1.000000    0.000000    0.000000   -1.000000
   47  1    6.049503    1.000000    0.000000    0.000000    1.000000
   48  1    6.054231    1.000000    0.000000    0.000000   -1.000000
   49  1    6.398364    1.000000    0.000000    0.000000    1.000000
   50  1    6.401390    1.000000    0.000000    0.000000   -1.000000
   51  1    6.731505    1.000000    0.000000    0.000000    1.000000
   52  1    6.732805    1.000000    0.000000    0.000000   -1.000000
   53  1    7.382632    1.000000    0.000000    0.000000    1.000000
   54  1    7.383671    1.000000    0.000000    0.000000   -0.999999
   55  1    7.586394    1.000000    0.000000    0.000000    1.000000
   56  1    7.587439    1.000000    0.000000    0.000000   -1.000000
   57  1    9.443207    1.000000    0.000000    0.000000    1.000000
   58  1    9.452976    1.000000    0.000000    0.000000   -0.999999
   59  1    9.947724    1.000000    0.000000    0.000000    0.999995
   60  1    9.949799    1.000000    0.000000    0.000000   -0.999996
   61  1   10.700692    1.000000    0.000000    0.000000    0.998821
   62  1   10.709025    1.000000    0.000000    0.000000   -0.998884
   63  2   11.318981    2.000000    0.000000    0.000000    0.000045
   65  1   11.500046    1.000000    0.000000    0.000000   -0.999993
   66  1   11.512496    1.000000    0.000000    0.000000    0.999978
   67  1   12.155182    1.000000    0.000000    0.000000    0.998926
   68  1   12.164476    1.000000    0.000000    0.000000   -0.998788
   69  1   13.052356    1.000000    0.000000    0.000000    0.863854
   70  1   13.065865    1.000000    0.000000    0.000000   -0.850961
   71  1   13.170471    1.000000    0.000000    0.000000    0.989586
   72  1   13.208322    1.000000    0.000000    0.000000   -0.966543
