  164  288
  1
  1
  1  0  0  0  1  0  0  0  1    0.000000    0.000000    0.000000    1.000000    0.000000    0.000000    0.000000    0.000000    0.000000    1.000000    0.000000  1
  8
    0.000000    0.000000    0.000000
    0.500000    0.500000    0.500000
    0.000000    0.500000    0.500000
    0.500000    0.000000    0.500000
    0.500000    0.500000    0.000000
    0.500000    0.000000    0.000000
    0.000000    0.500000    0.000000
    0.000000    0.000000    0.500000
  1
    1
    1  2  -47.390196    2.000000    0.000000
    3  2  -47.370986    2.000000    0.000000
    5  1  -46.885280    1.000000    0.000000
    6  1  -46.883938    1.000000    0.000000
    7  2  -46.866052    2.000000    0.000000
    9  2  -46.450258    2.000000    0.000000
   11  2  -46.430938    2.000000    0.000000
   13  2  -43.494344    2.000000    0.000000
   15  2  -43.475723    2.000000    0.000000
   17  2  -43.157705    2.000000    0.000000
   19  2  -43.139343    2.000000    0.000000
   21  2  -42.761859    2.000000    0.000000
   23  2  -42.742978    2.000000    0.000000
   25  2  -25.117584    2.000000    0.000000
   27  2  -25.115532    2.000000    0.000000
   29  2  -25.113068    2.000000    0.000000
   31  2  -25.111035    2.000000    0.000000
   33  2  -25.081071    2.000000    0.000000
   35  2  -25.079483    2.000000    0.000000
   37  2  -25.077720    2.000000    0.000000
   39  2  -25.076706    2.000000    0.000000
   41  2   -9.889490    2.000000    0.000000
   43  2   -9.880788    2.000000    0.000000
   45  2   -9.874414    2.000000    0.000000
   47  2   -9.870556    2.000000    0.000000
   49  2   -9.780663    2.000000    0.000000
   51  2   -9.773448    2.000000    0.000000
   53  2   -9.767826    2.000000    0.000000
   55  2   -9.733665    2.000000    0.000000
   57  2   -9.116012    2.000000    0.000000
   59  2   -9.099592    2.000000    0.000000
   61  2   -9.097053    2.000000    0.000000
   63  2   -9.085741    2.000000    0.000000
   65  2   -8.979709    2.000000    0.000000
   67  2   -8.970597    2.000000    0.000000
   69  2   -8.966790    2.000000    0.000000
   71  2   -8.954226    2.000000    0.000000
   73  2   -8.942520    2.000000    0.000000
   75  2   -8.935281    2.000000    0.000000
   77  2   -8.930693    2.000000    0.000000
   79  2   -8.899508    2.000000    0.000000
   81  2   -8.874903    2.000000    0.000000
   83  2   -8.873672    2.000000    0.000000
   85  2   -8.859755    2.000000    0.000000
   87  2   -8.841604    2.000000    0.000000
   89  2   -6.983099    2.000000    0.000000
   91  2   -6.850932    2.000000    0.000000
   93  2   -6.371277    2.000000    0.000000
   95  2   -6.323675    2.000000    0.000000
   97  1   -5.182639    1.000000    0.000000
   98  1   -5.180527    1.000000    0.000000
   99  1   -5.169669    1.000000    0.000000
  100  1   -5.167458    1.000000    0.000000
  101  1   -5.118609    1.000000    0.000000
  102  1   -5.116569    1.000000    0.000000
  103  1   -5.080901    1.000000    0.000000
  104  1   -5.079176    1.000000    0.000000
  105  2   -0.788264    2.000000    0.000000
  107  2   -0.775887    2.000000    0.000000
  109  2   -0.748686    2.000000    0.000000
  111  2   -0.710585    2.000000    0.000000
  113  1   -0.167400    1.000000    0.000000
  114  1   -0.165934    1.000000    0.000000
  115  1   -0.110992    1.000000    0.000000
  116  1   -0.109934    1.000000    0.000000
  117  1   -0.051620    1.000000    0.000000
  118  1   -0.050157    1.000000    0.000000
  119  1    0.067080    1.000000    0.000000
  120  1    0.068451    1.000000    0.000000
  121  2    0.174399    2.000000    0.000000
  123  2    0.218114    2.000000    0.000000
  125  2    0.302314    2.000000    0.000000
  127  1    0.317947    1.000000    0.000000
  128  1    0.319395    1.000000    0.000000
  129  1    0.573336    1.000000    0.000000
  130  1    0.575386    1.000000    0.000000
  131  1    0.607699    1.000000    0.000000
  132  1    0.610083    1.000000    0.000000
  133  1    0.733183    1.000000    0.000000
  134  1    0.734742    1.000000    0.000000
  135  1    0.751526    1.000000    0.000000
  136  1    0.753440    1.000000    0.000000
  137  1    1.022735    1.000000    0.000000
  138  1    1.024318    1.000000    0.000000
  139  2    1.048269    2.000000    0.000000
  141  1    1.295899    1.000000    0.000000
  142  1    1.297885    1.000000    0.000000
  143  1    1.426695    1.000000    0.000000
  144  1    1.428304    1.000000    0.000000
  145  1    1.430451    1.000000    0.000000
  146  1    1.431876    1.000000    0.000000
  147  1    1.591606    1.000000    0.000000
  148  1    1.593503    1.000000    0.000000
  149  1    1.610571    1.000000    0.000000
  150  1    1.613087    1.000000    0.000000
  151  1    1.647686    1.000000    0.000000
  152  1    1.648850    1.000000    0.000000
  153  1    1.764072    1.000000    0.000000
  154  1    1.765607    1.000000    0.000000
  155  1    1.778705    1.000000    0.000000
  156  1    1.780227    1.000000    0.000000
  157  1    1.964289    1.000000    0.000000
  158  1    1.965291    1.000000    0.000000
  159  1    2.142945    1.000000    0.000000
  160  1    2.144996    1.000000    0.000000
  161  2    2.474819    2.000000    0.000000
  163  2    2.521300    2.000000    0.000000
  165  1    3.127069    1.000000    0.000000
  166  1    3.129640    1.000000    0.000000
  167  1    3.293982    1.000000    0.000000
  168  1    3.295746    1.000000    0.000000
  169  2    3.497251    2.000000    0.000000
  171  1    3.639028    1.000000    0.000000
  172  1    3.641815    1.000000    0.000000
  173  2    3.799141    2.000000    0.000000
  175  2    3.887069    2.000000    0.000000
  177  2    3.897593    2.000000    0.000000
  179  2    3.971713    2.000000    0.000000
  181  2    4.167015    2.000000    0.000000
  183  2    4.273108    2.000000    0.000000
  185  1    4.376359    1.000000    0.000000
  186  1    4.382842    1.000000    0.000000
  187  1    4.410845    1.000000    0.000000
  188  1    4.414694    1.000000    0.000000
  189  1    4.569474    1.000000    0.000000
  190  1    4.570534    1.000000    0.000000
  191  1    4.581623    1.000000    0.000000
  192  1    4.586043    1.000000    0.000000
  193  2    5.082470    2.000000    0.000000
  195  1    5.445714    1.000000    0.000000
  196  1    5.457234    1.000000    0.000000
  197  2    5.564120    2.000000    0.000000
  199  1    5.754332    1.000000    0.000000
  200  1    5.759163    1.000000    0.000000
  201  1    5.775115    1.000000    0.000000
  202  1    5.779709    1.000000    0.000000
  203  2    5.895037    2.000000    0.000000
  205  1    5.970466    1.000000    0.000000
  206  1    5.972686    1.000000    0.000000
  207  1    5.996522    1.000000    0.000000
  208  1    6.002608    1.000000    0.000000
  209  1    6.054379    1.000000    0.000000
  210  1    6.063975    1.000000    0.000000
  211  1    6.111802    1.000000    0.000000
  212  1    6.118492    1.000000    0.000000
  213  1    6.436233    1.000000    0.000000
  214  1    6.437348    1.000000    0.000000
  215  1    6.463779    1.000000    0.000000
  216  1    6.466067    1.000000    0.000000
  217  1    6.636306    1.000000    0.000000
  218  1    6.640311    1.000000    0.000000
  219  1    6.643296    1.000000    0.000000
  220  1    6.646169    1.000000    0.000000
  221  1    6.656169    1.000000    0.000000
  222  1    6.660598    1.000000    0.000000
  223  1    6.837392    1.000000    0.000000
  224  1    6.838578    1.000000    0.000000
  225  1    6.960888    1.000000    0.000000
  226  1    6.963473    1.000000    0.000000
  227  2    7.025548    2.000000    0.000000
  229  1    7.216554    1.000000    0.000000
  230  1    7.218357    1.000000    0.000000
  231  1    7.234371    1.000000    0.000000
  232  1    7.236350    1.000000    0.000000
  233  2    7.361330    2.000000    0.000000
  235  1    7.363049    1.000000    0.000000
  236  1    7.365538    1.000000    0.000000
  237  1    7.411068    1.000000    0.000000
  238  1    7.413233    1.000000    0.000000
  239  1    7.500213    1.000000    0.000000
  240  1    7.502734    1.000000    0.000000
  241  1    7.561398    1.000000    0.000000
  242  1    7.562654    1.000000    0.000000
  243  1    7.659237    1.000000    0.000000
  244  1    7.662547    1.000000    0.000000
  245  1    7.781980    1.000000    0.000000
  246  1    7.783389    1.000000    0.000000
  247  1    8.020122    1.000000    0.000000
  248  1    8.025978    1.000000    0.000000
  249  1    8.144560    1.000000    0.000000
  250  1    8.147835    1.000000    0.000000
  251  1    8.195262    1.000000    0.000000
  252  1    8.202785    1.000000    0.000000
  253  1    8.457601    1.000000    0.000000
  254  1    8.458842    1.000000    0.000000
  255  1    8.489279    1.000000    0.000000
  256  1    8.492327    1.000000    0.000000
  257  2    8.555956    2.000000    0.000000
  259  1    8.694425    1.000000    0.000000
  260  1    8.695737    1.000000    0.000000
  261  1    8.801674    1.000000    0.000000
  262  1    8.804485    1.000000    0.000000
  263  1    8.900793    1.000000    0.000000
  264  1    8.905439    1.000000    0.000000
  265  1    8.918388    1.000000    0.000000
  266  1    8.921777    1.000000    0.000000
  267  1    8.923514    1.000000    0.000000
  268  1    8.924589    1.000000    0.000000
  269  2    9.027184    2.000000    0.000000
  271  1    9.220690    1.000000    0.000000
  272  1    9.222089    1.000000    0.000000
  273  2    9.313943    2.000000    0.000000
  275  2    9.316209    2.000000    0.000000
  277  1    9.385412    1.000000    0.000000
  278  1    9.390168    1.000000    0.000000
  279  1    9.567501    1.000000    0.000000
  280  1    9.573213    1.000000    0.000000
  281  2    9.646592    2.000000    0.000000
  283  1    9.796911    1.000000    0.000000
  284  1    9.819332    1.000000    0.000000
  285  1    9.898933    1.000000    0.000000
  286  1    9.962380    1.000000    0.000000
  287  1    9.979262    1.000000    0.000000
  288  1   10.063554    1.000000    0.000000
  1
    1
    1  2  -47.390185    2.000000    0.000000
    3  2  -47.370975    2.000000    0.000000
    5  1  -46.885277    1.000000    0.000000
    6  1  -46.883935    1.000000    0.000000
    7  2  -46.866049    2.000000    0.000000
    9  2  -46.450242    2.000000    0.000000
   11  2  -46.430922    2.000000    0.000000
   13  2  -43.494363    2.000000    0.000000
   15  2  -43.475742    2.000000    0.000000
   17  2  -43.157709    2.000000    0.000000
   19  2  -43.139347    2.000000    0.000000
   21  2  -42.761879    2.000000    0.000000
   23  2  -42.742998    2.000000    0.000000
   25  2  -25.106321    2.000000    0.000000
   27  2  -25.105217    2.000000    0.000000
   29  2  -25.103221    2.000000    0.000000
   31  2  -25.102200    2.000000    0.000000
   33  2  -25.091497    2.000000    0.000000
   35  4  -25.088886    4.000000    0.000000
   39  1  -25.087075    1.000000    0.000000
   40  1  -25.085595    1.000000    0.000000
   41  3   -9.861245    3.000000    0.000000
   44  1   -9.860171    1.000000    0.000000
   45  3   -9.848840    3.000000    0.000000
   48  1   -9.847415    1.000000    0.000000
   49  2   -9.823060    2.000000    0.000000
   51  2   -9.822005    2.000000    0.000000
   53  3   -9.813951    3.000000    0.000000
   56  1   -9.812660    1.000000    0.000000
   57  2   -9.087013    2.000000    0.000000
   59  2   -9.085309    2.000000    0.000000
   61  1   -9.073425    1.000000    0.000000
   62  2   -9.072365    2.000000    0.000000
   64  1   -9.070739    1.000000    0.000000
   65  2   -9.036348    2.000000    0.000000
   67  2   -9.034526    2.000000    0.000000
   69  2   -9.022664    2.000000    0.000000
   71  2   -9.021071    2.000000    0.000000
   73  1   -8.907087    1.000000    0.000000
   74  1   -8.906040    1.000000    0.000000
   75  1   -8.903703    1.000000    0.000000
   76  1   -8.902564    1.000000    0.000000
   77  2   -8.885961    2.000000    0.000000
   79  2   -8.884260    2.000000    0.000000
   81  2   -8.865023    2.000000    0.000000
   83  2   -8.861805    2.000000    0.000000
   85  2   -8.854147    2.000000    0.000000
   87  2   -8.852044    2.000000    0.000000
   89  1   -6.535730    1.000000    0.000000
   90  1   -6.533172    1.000000    0.000000
   91  2   -6.520577    2.000000    0.000000
   93  1   -6.467696    1.000000    0.000000
   94  1   -6.464875    1.000000    0.000000
   95  1   -6.451380    1.000000    0.000000
   96  1   -6.450245    1.000000    0.000000
   97  1   -5.328442    1.000000    0.000000
   98  1   -5.326864    1.000000    0.000000
   99  1   -5.312004    1.000000    0.000000
  100  1   -5.310131    1.000000    0.000000
  101  1   -5.291139    1.000000    0.000000
  102  1   -5.289683    1.000000    0.000000
  103  1   -5.274066    1.000000    0.000000
  104  1   -5.272510    1.000000    0.000000
  105  1   -0.547635    1.000000    0.000000
  106  1   -0.546475    1.000000    0.000000
  107  2   -0.496988    2.000000    0.000000
  109  2   -0.430869    2.000000    0.000000
  111  1   -0.414931    1.000000    0.000000
  112  1   -0.413349    1.000000    0.000000
  113  2   -0.282617    2.000000    0.000000
  115  2   -0.241521    2.000000    0.000000
  117  2   -0.008352    2.000000    0.000000
  119  1    0.007420    1.000000    0.000000
  120  1    0.008448    1.000000    0.000000
  121  2    0.168908    2.000000    0.000000
  123  2    0.211742    2.000000    0.000000
  125  2    0.236866    2.000000    0.000000
  127  2    0.249676    2.000000    0.000000
  129  1    0.470308    1.000000    0.000000
  130  1    0.472660    1.000000    0.000000
  131  1    0.504754    1.000000    0.000000
  132  1    0.507495    1.000000    0.000000
  133  1    0.548660    1.000000    0.000000
  134  1    0.549684    1.000000    0.000000
  135  2    0.604204    2.000000    0.000000
  137  2    0.676418    2.000000    0.000000
  139  1    0.746392    1.000000    0.000000
  140  1    0.747679    1.000000    0.000000
  141  1    1.212782    1.000000    0.000000
  142  1    1.215921    1.000000    0.000000
  143  2    1.302182    2.000000    0.000000
  145  2    1.558168    2.000000    0.000000
  147  2    1.573497    2.000000    0.000000
  149  2    1.774593    2.000000    0.000000
  151  2    1.841199    2.000000    0.000000
  153  2    1.915884    2.000000    0.000000
  155  2    1.943966    2.000000    0.000000
  157  2    2.360331    2.000000    0.000000
  159  2    2.455763    2.000000    0.000000
  161  2    2.514575    2.000000    0.000000
  163  2    2.597094    2.000000    0.000000
  165  1    3.392536    1.000000    0.000000
  166  1    3.395286    1.000000    0.000000
  167  2    3.500521    2.000000    0.000000
  169  1    3.644184    1.000000    0.000000
  170  1    3.645805    1.000000    0.000000
  171  2    3.743392    2.000000    0.000000
  173  1    3.871553    1.000000    0.000000
  174  1    3.872606    1.000000    0.000000
  175  2    3.950932    2.000000    0.000000
  177  2    4.130399    2.000000    0.000000
  179  1    4.162426    1.000000    0.000000
  180  1    4.164537    1.000000    0.000000
  181  1    4.275397    1.000000    0.000000
  182  1    4.277810    1.000000    0.000000
  183  2    4.326624    2.000000    0.000000
  185  1    4.403781    1.000000    0.000000
  186  1    4.406549    1.000000    0.000000
  187  2    4.503961    2.000000    0.000000
  189  1    4.516733    1.000000    0.000000
  190  1    4.517831    1.000000    0.000000
  191  2    4.618946    2.000000    0.000000
  193  1    5.078457    1.000000    0.000000
  194  1    5.088578    1.000000    0.000000
  195  1    5.129760    1.000000    0.000000
  196  1    5.141453    1.000000    0.000000
  197  1    5.311581    1.000000    0.000000
  198  1    5.315452    1.000000    0.000000
  199  1    5.321807    1.000000    0.000000
  200  1    5.327437    1.000000    0.000000
  201  1    5.574330    1.000000    0.000000
  202  1    5.575929    1.000000    0.000000
  203  2    5.602332    2.000000    0.000000
  205  1    5.827110    1.000000    0.000000
  206  1    5.828220    1.000000    0.000000
  207  1    5.935988    1.000000    0.000000
  208  1    5.943457    1.000000    0.000000
  209  1    5.980319    1.000000    0.000000
  210  1    5.990248    1.000000    0.000000
  211  2    6.075940    2.000000    0.000000
  213  1    6.362262    1.000000    0.000000
  214  1    6.365723    1.000000    0.000000
  215  2    6.441227    2.000000    0.000000
  217  1    6.561359    1.000000    0.000000
  218  1    6.562494    1.000000    0.000000
  219  1    6.573789    1.000000    0.000000
  220  1    6.578063    1.000000    0.000000
  221  1    6.660667    1.000000    0.000000
  222  1    6.661934    1.000000    0.000000
  223  1    6.750707    1.000000    0.000000
  224  1    6.758007    1.000000    0.000000
  225  1    7.002312    1.000000    0.000000
  226  1    7.004347    1.000000    0.000000
  227  1    7.026923    1.000000    0.000000
  228  1    7.029273    1.000000    0.000000
  229  1    7.060588    1.000000    0.000000
  230  1    7.062158    1.000000    0.000000
  231  1    7.102518    1.000000    0.000000
  232  1    7.104371    1.000000    0.000000
  233  1    7.342755    1.000000    0.000000
  234  1    7.361756    1.000000    0.000000
  235  1    7.374970    1.000000    0.000000
  236  1    7.393163    1.000000    0.000000
  237  1    7.448627    1.000000    0.000000
  238  1    7.461988    1.000000    0.000000
  239  1    7.507395    1.000000    0.000000
  240  1    7.519608    1.000000    0.000000
  241  1    7.899426    1.000000    0.000000
  242  1    7.901729    1.000000    0.000000
  243  1    7.925398    1.000000    0.000000
  244  1    7.928209    1.000000    0.000000
  245  1    8.048020    1.000000    0.000000
  246  1    8.050676    1.000000    0.000000
  247  1    8.073276    1.000000    0.000000
  248  1    8.074389    1.000000    0.000000
  249  1    8.092341    1.000000    0.000000
  250  1    8.099811    1.000000    0.000000
  251  1    8.124112    1.000000    0.000000
  252  1    8.128356    1.000000    0.000000
  253  1    8.227026    1.000000    0.000000
  254  1    8.230564    1.000000    0.000000
  255  1    8.249203    1.000000    0.000000
  256  1    8.253598    1.000000    0.000000
  257  1    8.465062    1.000000    0.000000
  258  1    8.469911    1.000000    0.000000
  259  1    8.483314    1.000000    0.000000
  260  1    8.486667    1.000000    0.000000
  261  1    8.550571    1.000000    0.000000
  262  1    8.557993    1.000000    0.000000
  263  1    8.591815    1.000000    0.000000
  264  1    8.600333    1.000000    0.000000
  265  1    8.830991    1.000000    0.000000
  266  1    8.839755    1.000000    0.000000
  267  1    8.841828    1.000000    0.000000
  268  1    8.848080    1.000000    0.000000
  269  1    8.880485    1.000000    0.000000
  270  1    8.882238    1.000000    0.000000
  271  2    8.907954    2.000000    0.000000
  273  1    9.034229    1.000000    0.000000
  274  1    9.035845    1.000000    0.000000
  275  1    9.074158    1.000000    0.000000
  276  1    9.081470    1.000000    0.000000
  277  1    9.105561    1.000000    0.000000
  278  1    9.107646    1.000000    0.000000
  279  1    9.123375    1.000000    0.000000
  280  1    9.125283    1.000000    0.000000
  281  1    9.329880    1.000000    0.000000
  282  1    9.339457    1.000000    0.000000
  283  1    9.399558    1.000000    0.000000
  284  1    9.413860    1.000000    0.000000
  285  1    9.577295    1.000000    0.000000
  286  1    9.596991    1.000000    0.000000
  287  1    9.605019    1.000000    0.000000
  288  1    9.735165    1.000000    0.000000
  1
    1
    1  2  -47.390196    2.000000    0.000000
    3  2  -47.370986    2.000000    0.000000
    5  1  -46.885282    1.000000    0.000000
    6  1  -46.883939    1.000000    0.000000
    7  2  -46.866054    2.000000    0.000000
    9  2  -46.450258    2.000000    0.000000
   11  2  -46.430938    2.000000    0.000000
   13  2  -43.494345    2.000000    0.000000
   15  2  -43.475724    2.000000    0.000000
   17  2  -43.157707    2.000000    0.000000
   19  2  -43.139345    2.000000    0.000000
   21  2  -42.761859    2.000000    0.000000
   23  2  -42.742978    2.000000    0.000000
   25  2  -25.116913    2.000000    0.000000
   27  2  -25.115871    2.000000    0.000000
   29  2  -25.112715    2.000000    0.000000
   31  2  -25.111688    2.000000    0.000000
   33  1  -25.081015    1.000000    0.000000
   34  2  -25.080008    2.000000    0.000000
   36  1  -25.078817    1.000000    0.000000
   37  3  -25.077693    3.000000    0.000000
   40  1  -25.076145    1.000000    0.000000
   41  2   -9.888277    2.000000    0.000000
   43  2   -9.879510    2.000000    0.000000
   45  2   -9.875483    2.000000    0.000000
   47  2   -9.872932    2.000000    0.000000
   49  2   -9.773062    2.000000    0.000000
   51  2   -9.769501    2.000000    0.000000
   53  2   -9.765538    2.000000    0.000000
   55  2   -9.748454    2.000000    0.000000
   57  2   -9.112599    2.000000    0.000000
   59  2   -9.102151    2.000000    0.000000
   61  2   -9.097307    2.000000    0.000000
   63  2   -9.089926    2.000000    0.000000
   65  2   -8.978244    2.000000    0.000000
   67  2   -8.968205    2.000000    0.000000
   69  2   -8.952413    2.000000    0.000000
   71  2   -8.949837    2.000000    0.000000
   73  2   -8.937930    2.000000    0.000000
   75  2   -8.932745    2.000000    0.000000
   77  2   -8.930837    2.000000    0.000000
   79  2   -8.925923    2.000000    0.000000
   81  2   -8.882914    2.000000    0.000000
   83  2   -8.875128    2.000000    0.000000
   85  2   -8.857849    2.000000    0.000000
   87  2   -8.845796    2.000000    0.000000
   89  2   -6.880350    2.000000    0.000000
   91  2   -6.839072    2.000000    0.000000
   93  2   -6.443132    2.000000    0.000000
   95  2   -6.345656    2.000000    0.000000
   97  1   -5.183986    1.000000    0.000000
   98  1   -5.182044    1.000000    0.000000
   99  1   -5.172605    1.000000    0.000000
  100  1   -5.170032    1.000000    0.000000
  101  1   -5.114657    1.000000    0.000000
  102  1   -5.112971    1.000000    0.000000
  103  1   -5.103784    1.000000    0.000000
  104  1   -5.101519    1.000000    0.000000
  105  2   -0.803825    2.000000    0.000000
  107  2   -0.769270    2.000000    0.000000
  109  2   -0.685989    2.000000    0.000000
  111  2   -0.621931    2.000000    0.000000
  113  1   -0.139222    1.000000    0.000000
  114  1   -0.138208    1.000000    0.000000
  115  1   -0.093297    1.000000    0.000000
  116  1   -0.091518    1.000000    0.000000
  117  1   -0.044361    1.000000    0.000000
  118  1   -0.043005    1.000000    0.000000
  119  1   -0.000670    1.000000    0.000000
  120  1    0.001198    1.000000    0.000000
  121  2    0.106048    2.000000    0.000000
  123  2    0.137579    2.000000    0.000000
  125  2    0.294497    2.000000    0.000000
  127  1    0.311756    1.000000    0.000000
  128  1    0.313294    1.000000    0.000000
  129  1    0.480750    1.000000    0.000000
  130  1    0.482449    1.000000    0.000000
  131  1    0.636628    1.000000    0.000000
  132  1    0.637644    1.000000    0.000000
  133  1    0.686663    1.000000    0.000000
  134  1    0.687813    1.000000    0.000000
  135  2    0.903224    2.000000    0.000000
  137  1    1.056177    1.000000    0.000000
  138  1    1.057475    1.000000    0.000000
  139  2    1.079878    2.000000    0.000000
  141  1    1.305972    1.000000    0.000000
  142  1    1.307360    1.000000    0.000000
  143  1    1.445869    1.000000    0.000000
  144  1    1.448001    1.000000    0.000000
  145  1    1.451252    1.000000    0.000000
  146  1    1.453249    1.000000    0.000000
  147  2    1.574266    2.000000    0.000000
  149  2    1.585726    2.000000    0.000000
  151  1    1.668606    1.000000    0.000000
  152  1    1.669830    1.000000    0.000000
  153  2    1.730844    2.000000    0.000000
  155  1    1.792277    1.000000    0.000000
  156  1    1.794182    1.000000    0.000000
  157  2    1.894926    2.000000    0.000000
  159  2    1.970138    2.000000    0.000000
  161  2    2.454480    2.000000    0.000000
  163  2    2.520629    2.000000    0.000000
  165  1    3.219745    1.000000    0.000000
  166  1    3.221353    1.000000    0.000000
  167  2    3.234432    2.000000    0.000000
  169  1    3.448034    1.000000    0.000000
  170  1    3.449835    1.000000    0.000000
  171  1    3.677618    1.000000    0.000000
  172  1    3.680459    1.000000    0.000000
  173  2    3.845863    2.000000    0.000000
  175  2    3.907933    2.000000    0.000000
  177  1    3.998297    1.000000    0.000000
  178  1    3.999914    1.000000    0.000000
  179  1    4.015682    1.000000    0.000000
  180  1    4.017844    1.000000    0.000000
  181  1    4.154662    1.000000    0.000000
  182  1    4.156907    1.000000    0.000000
  183  2    4.189629    2.000000    0.000000
  185  2    4.273364    2.000000    0.000000
  187  2    4.464421    2.000000    0.000000
  189  1    4.716367    1.000000    0.000000
  190  1    4.721996    1.000000    0.000000
  191  1    4.819975    1.000000    0.000000
  192  1    4.821281    1.000000    0.000000
  193  1    4.823128    1.000000    0.000000
  194  1    4.834015    1.000000    0.000000
  195  1    5.175532    1.000000    0.000000
  196  1    5.177401    1.000000    0.000000
  197  1    5.490304    1.000000    0.000000
  198  1    5.501261    1.000000    0.000000
  199  1    5.673178    1.000000    0.000000
  200  1    5.674979    1.000000    0.000000
  201  1    5.739136    1.000000    0.000000
  202  1    5.741907    1.000000    0.000000
  203  1    5.846300    1.000000    0.000000
  204  1    5.848235    1.000000    0.000000
  205  1    5.879906    1.000000    0.000000
  206  1    5.882945    1.000000    0.000000
  207  1    5.971133    1.000000    0.000000
  208  1    5.976439    1.000000    0.000000
  209  2    6.008882    2.000000    0.000000
  211  2    6.307505    2.000000    0.000000
  213  1    6.366224    1.000000    0.000000
  214  1    6.375751    1.000000    0.000000
  215  1    6.476287    1.000000    0.000000
  216  1    6.483262    1.000000    0.000000
  217  1    6.675064    1.000000    0.000000
  218  1    6.676662    1.000000    0.000000
  219  1    6.843282    1.000000    0.000000
  220  1    6.844385    1.000000    0.000000
  221  2    6.907423    2.000000    0.000000
  223  1    6.924394    1.000000    0.000000
  224  1    6.926142    1.000000    0.000000
  225  1    7.014484    1.000000    0.000000
  226  1    7.016262    1.000000    0.000000
  227  1    7.138293    1.000000    0.000000
  228  1    7.139875    1.000000    0.000000
  229  1    7.280684    1.000000    0.000000
  230  1    7.286724    1.000000    0.000000
  231  2    7.449626    2.000000    0.000000
  233  1    7.575373    1.000000    0.000000
  234  1    7.578204    1.000000    0.000000
  235  1    7.623495    1.000000    0.000000
  236  1    7.627489    1.000000    0.000000
  237  1    7.667688    1.000000    0.000000
  238  1    7.668781    1.000000    0.000000
  239  1    7.720643    1.000000    0.000000
  240  1    7.722384    1.000000    0.000000
  241  1    7.811833    1.000000    0.000000
  242  1    7.813864    1.000000    0.000000
  243  1    7.921609    1.000000    0.000000
  244  1    7.926392    1.000000    0.000000
  245  2    7.982064    2.000000    0.000000
  247  1    8.040525    1.000000    0.000000
  248  1    8.045642    1.000000    0.000000
  249  1    8.099272    1.000000    0.000000
  250  1    8.101229    1.000000    0.000000
  251  1    8.213534    1.000000    0.000000
  252  1    8.216239    1.000000    0.000000
  253  1    8.292669    1.000000    0.000000
  254  1    8.294889    1.000000    0.000000
  255  1    8.373985    1.000000    0.000000
  256  1    8.375950    1.000000    0.000000
  257  1    8.407439    1.000000    0.000000
  258  1    8.408912    1.000000    0.000000
  259  1    8.647102    1.000000    0.000000
  260  1    8.650858    1.000000    0.000000
  261  1    8.690644    1.000000    0.000000
  262  1    8.692073    1.000000    0.000000
  263  1    8.697231    1.000000    0.000000
  264  1    8.699019    1.000000    0.000000
  265  1    8.895240    1.000000    0.000000
  266  1    8.897569    1.000000    0.000000
  267  2    8.986527    2.000000    0.000000
  269  1    9.004590    1.000000    0.000000
  270  1    9.006039    1.000000    0.000000
  271  1    9.054924    1.000000    0.000000
  272  1    9.061315    1.000000    0.000000
  273  1    9.159220    1.000000    0.000000
  274  1    9.165294    1.000000    0.000000
  275  1    9.204880    1.000000    0.000000
  276  1    9.208033    1.000000    0.000000
  277  1    9.325739    1.000000    0.000000
  278  1    9.331262    1.000000    0.000000
  279  1    9.431140    1.000000    0.000000
  280  1    9.433816    1.000000    0.000000
  281  1    9.590371    1.000000    0.000000
  282  1    9.614541    1.000000    0.000000
  283  1    9.720408    1.000000    0.000000
  284  1    9.750095    1.000000    0.000000
  285  1    9.786675    1.000000    0.000000
  286  1    9.812183    1.000000    0.000000
  287  1    9.841264    1.000000    0.000000
  288  1    9.868499    1.000000    0.000000
  1
    1
    1  2  -47.390186    2.000000    0.000000
    3  2  -47.370975    2.000000    0.000000
    5  1  -46.885278    1.000000    0.000000
    6  1  -46.883936    1.000000    0.000000
    7  2  -46.866050    2.000000    0.000000
    9  2  -46.450242    2.000000    0.000000
   11  2  -46.430922    2.000000    0.000000
   13  2  -43.494363    2.000000    0.000000
   15  2  -43.475742    2.000000    0.000000
   17  2  -43.157710    2.000000    0.000000
   19  2  -43.139348    2.000000    0.000000
   21  2  -42.761878    2.000000    0.000000
   23  2  -42.742997    2.000000    0.000000
   25  2  -25.106326    2.000000    0.000000
   27  2  -25.105216    2.000000    0.000000
   29  3  -25.103222    3.000000    0.000000
   32  1  -25.101887    1.000000    0.000000
   33  2  -25.091785    2.000000    0.000000
   35  4  -25.089065    4.000000    0.000000
   39  1  -25.086418    1.000000    0.000000
   40  1  -25.085149    1.000000    0.000000
   41  2   -9.862345    2.000000    0.000000
   43  2   -9.859528    2.000000    0.000000
   45  2   -9.855873    2.000000    0.000000
   47  2   -9.843921    2.000000    0.000000
   49  2   -9.824795    2.000000    0.000000
   51  2   -9.817623    2.000000    0.000000
   53  2   -9.815975    2.000000    0.000000
   55  2   -9.808721    2.000000    0.000000
   57  2   -9.088599    2.000000    0.000000
   59  2   -9.080863    2.000000    0.000000
   61  2   -9.078958    2.000000    0.000000
   63  2   -9.069461    2.000000    0.000000
   65  2   -9.044397    2.000000    0.000000
   67  2   -9.035288    2.000000    0.000000
   69  2   -9.020614    2.000000    0.000000
   71  2   -9.004004    2.000000    0.000000
   73  2   -8.923135    2.000000    0.000000
   75  2   -8.897522    2.000000    0.000000
   77  2   -8.890722    2.000000    0.000000
   79  2   -8.875025    2.000000    0.000000
   81  2   -8.866377    2.000000    0.000000
   83  3   -8.855825    3.000000    0.000000
   86  1   -8.854414    1.000000    0.000000
   87  2   -8.852873    2.000000    0.000000
   89  1   -6.544292    1.000000    0.000000
   90  1   -6.541432    1.000000    0.000000
   91  2   -6.530313    2.000000    0.000000
   93  1   -6.476574    1.000000    0.000000
   94  1   -6.473353    1.000000    0.000000
   95  2   -6.462910    2.000000    0.000000
   97  2   -5.346413    2.000000    0.000000
   99  1   -5.304973    1.000000    0.000000
  100  1   -5.303210    1.000000    0.000000
  101  1   -5.268197    1.000000    0.000000
  102  1   -5.266873    1.000000    0.000000
  103  2   -5.253471    2.000000    0.000000
  105  1   -0.481033    1.000000    0.000000
  106  1   -0.479459    1.000000    0.000000
  107  2   -0.422438    2.000000    0.000000
  109  1   -0.404828    1.000000    0.000000
  110  1   -0.403591    1.000000    0.000000
  111  1   -0.328900    1.000000    0.000000
  112  1   -0.327576    1.000000    0.000000
  113  2   -0.253951    2.000000    0.000000
  115  2   -0.230424    2.000000    0.000000
  117  2    0.045463    2.000000    0.000000
  119  1    0.058941    1.000000    0.000000
  120  1    0.060349    1.000000    0.000000
  121  2    0.181232    2.000000    0.000000
  123  1    0.202447    1.000000    0.000000
  124  1    0.203687    1.000000    0.000000
  125  2    0.254469    2.000000    0.000000
  127  2    0.275545    2.000000    0.000000
  129  2    0.391919    2.000000    0.000000
  131  1    0.459628    1.000000    0.000000
  132  1    0.461353    1.000000    0.000000
  133  1    0.497847    1.000000    0.000000
  134  1    0.498882    1.000000    0.000000
  135  2    0.514741    2.000000    0.000000
  137  2    0.651370    2.000000    0.000000
  139  1    0.715770    1.000000    0.000000
  140  1    0.717836    1.000000    0.000000
  141  1    1.103339    1.000000    0.000000
  142  1    1.104641    1.000000    0.000000
  143  1    1.170300    1.000000    0.000000
  144  1    1.172033    1.000000    0.000000
  145  1    1.470113    1.000000    0.000000
  146  1    1.471271    1.000000    0.000000
  147  1    1.479399    1.000000    0.000000
  148  1    1.480765    1.000000    0.000000
  149  1    1.805893    1.000000    0.000000
  150  1    1.808617    1.000000    0.000000
  151  2    1.851408    2.000000    0.000000
  153  2    1.955759    2.000000    0.000000
  155  1    1.972213    1.000000    0.000000
  156  1    1.973329    1.000000    0.000000
  157  1    2.327174    1.000000    0.000000
  158  1    2.329028    1.000000    0.000000
  159  1    2.363641    1.000000    0.000000
  160  1    2.365008    1.000000    0.000000
  161  1    2.522466    1.000000    0.000000
  162  1    2.523513    1.000000    0.000000
  163  2    2.563075    2.000000    0.000000
  165  1    3.335895    1.000000    0.000000
  166  1    3.338120    1.000000    0.000000
  167  1    3.527222    1.000000    0.000000
  168  1    3.528979    1.000000    0.000000
  169  1    3.654329    1.000000    0.000000
  170  1    3.655775    1.000000    0.000000
  171  2    3.671309    2.000000    0.000000
  173  2    3.881018    2.000000    0.000000
  175  1    3.924508    1.000000    0.000000
  176  1    3.925763    1.000000    0.000000
  177  2    4.150458    2.000000    0.000000
  179  1    4.244713    1.000000    0.000000
  180  1    4.247322    1.000000    0.000000
  181  1    4.299598    1.000000    0.000000
  182  1    4.302542    1.000000    0.000000
  183  1    4.385747    1.000000    0.000000
  184  1    4.388224    1.000000    0.000000
  185  1    4.448312    1.000000    0.000000
  186  1    4.449619    1.000000    0.000000
  187  2    4.495648    2.000000    0.000000
  189  2    4.624157    2.000000    0.000000
  191  2    4.642234    2.000000    0.000000
  193  1    5.255479    1.000000    0.000000
  194  1    5.261136    1.000000    0.000000
  195  1    5.329377    1.000000    0.000000
  196  1    5.330736    1.000000    0.000000
  197  1    5.348239    1.000000    0.000000
  198  1    5.356504    1.000000    0.000000
  199  1    5.425383    1.000000    0.000000
  200  1    5.428684    1.000000    0.000000
  201  1    5.451582    1.000000    0.000000
  202  1    5.453601    1.000000    0.000000
  203  1    5.573113    1.000000    0.000000
  204  1    5.582575    1.000000    0.000000
  205  2    5.627646    2.000000    0.000000
  207  1    5.665842    1.000000    0.000000
  208  1    5.669762    1.000000    0.000000
  209  1    5.952318    1.000000    0.000000
  210  1    5.955574    1.000000    0.000000
  211  1    6.501043    1.000000    0.000000
  212  1    6.504337    1.000000    0.000000
  213  1    6.563916    1.000000    0.000000
  214  1    6.565241    1.000000    0.000000
  215  1    6.601593    1.000000    0.000000
  216  1    6.603124    1.000000    0.000000
  217  1    6.613252    1.000000    0.000000
  218  1    6.618074    1.000000    0.000000
  219  1    6.647096    1.000000    0.000000
  220  1    6.650401    1.000000    0.000000
  221  1    6.791226    1.000000    0.000000
  222  1    6.794257    1.000000    0.000000
  223  2    6.924346    2.000000    0.000000
  225  1    6.972491    1.000000    0.000000
  226  1    6.976036    1.000000    0.000000
  227  1    7.004345    1.000000    0.000000
  228  1    7.009329    1.000000    0.000000
  229  1    7.114662    1.000000    0.000000
  230  1    7.117478    1.000000    0.000000
  231  1    7.211429    1.000000    0.000000
  232  1    7.213429    1.000000    0.000000
  233  1    7.236454    1.000000    0.000000
  234  1    7.243704    1.000000    0.000000
  235  1    7.261110    1.000000    0.000000
  236  1    7.264574    1.000000    0.000000
  237  1    7.384840    1.000000    0.000000
  238  1    7.387209    1.000000    0.000000
  239  1    7.474315    1.000000    0.000000
  240  1    7.476418    1.000000    0.000000
  241  1    7.557664    1.000000    0.000000
  242  1    7.566498    1.000000    0.000000
  243  1    7.655125    1.000000    0.000000
  244  2    7.656531    2.000000    0.000000
  246  1    7.668640    1.000000    0.000000
  247  1    7.857421    1.000000    0.000000
  248  1    7.858834    1.000000    0.000000
  249  1    8.170060    1.000000    0.000000
  250  1    8.176448    1.000000    0.000000
  251  1    8.219381    1.000000    0.000000
  252  2    8.224811    2.000000    0.000000
  254  1    8.227712    1.000000    0.000000
  255  2    8.289854    2.000000    0.000000
  257  1    8.555726    1.000000    0.000000
  258  1    8.565044    1.000000    0.000000
  259  1    8.602703    1.000000    0.000000
  260  1    8.610374    1.000000    0.000000
  261  1    8.737154    1.000000    0.000000
  262  1    8.742578    1.000000    0.000000
  263  1    8.815794    1.000000    0.000000
  264  1    8.817560    1.000000    0.000000
  265  1    8.830636    1.000000    0.000000
  266  1    8.831788    1.000000    0.000000
  267  1    8.947488    1.000000    0.000000
  268  1    8.948598    1.000000    0.000000
  269  1    8.994243    1.000000    0.000000
  270  1    8.999343    1.000000    0.000000
  271  1    9.085061    1.000000    0.000000
  272  1    9.092146    1.000000    0.000000
  273  1    9.184264    1.000000    0.000000
  274  1    9.186257    1.000000    0.000000
  275  1    9.232259    1.000000    0.000000
  276  1    9.235526    1.000000    0.000000
  277  1    9.332538    1.000000    0.000000
  278  1    9.340715    1.000000    0.000000
  279  1    9.379262    1.000000    0.000000
  280  1    9.385454    1.000000    0.000000
  281  1    9.473909    1.000000    0.000000
  282  1    9.484752    1.000000    0.000000
  283  1    9.538431    1.000000    0.000000
  284  1    9.550714    1.000000    0.000000
  285  1    9.570753    1.000000    0.000000
  286  1    9.602172    1.000000    0.000000
  287  1    9.640590    1.000000    0.000000
  288  1    9.661273    1.000000    0.000000
  1
    1
    1  2  -47.390185    2.000000    0.000000
    3  2  -47.370975    2.000000    0.000000
    5  1  -46.885277    1.000000    0.000000
    6  1  -46.883934    1.000000    0.000000
    7  2  -46.866049    2.000000    0.000000
    9  2  -46.450242    2.000000    0.000000
   11  2  -46.430923    2.000000    0.000000
   13  2  -43.494363    2.000000    0.000000
   15  2  -43.475742    2.000000    0.000000
   17  2  -43.157709    2.000000    0.000000
   19  2  -43.139347    2.000000    0.000000
   21  2  -42.761878    2.000000    0.000000
   23  2  -42.742997    2.000000    0.000000
   25  2  -25.106321    2.000000    0.000000
   27  2  -25.105216    2.000000    0.000000
   29  2  -25.103228    2.000000    0.000000
   31  2  -25.102209    2.000000    0.000000
   33  2  -25.091504    2.000000    0.000000
   35  4  -25.088818    4.000000    0.000000
   39  1  -25.087070    1.000000    0.000000
   40  1  -25.085596    1.000000    0.000000
   41  2   -9.861418    2.000000    0.000000
   43  2   -9.857725    2.000000    0.000000
   45  2   -9.853451    2.000000    0.000000
   47  2   -9.844577    2.000000    0.000000
   49  2   -9.826815    2.000000    0.000000
   51  2   -9.820750    2.000000    0.000000
   53  2   -9.818710    2.000000    0.000000
   55  2   -9.806143    2.000000    0.000000
   57  2   -9.087012    2.000000    0.000000
   59  2   -9.077758    2.000000    0.000000
   61  4   -9.073238    4.000000    0.000000
   65  2   -9.051301    2.000000    0.000000
   67  2   -9.042079    2.000000    0.000000
   69  2   -9.018977    2.000000    0.000000
   71  2   -9.002252    2.000000    0.000000
   73  2   -8.915346    2.000000    0.000000
   75  2   -8.908008    2.000000    0.000000
   77  2   -8.885669    2.000000    0.000000
   79  2   -8.877070    2.000000    0.000000
   81  2   -8.861940    2.000000    0.000000
   83  2   -8.860079    2.000000    0.000000
   85  2   -8.858202    2.000000    0.000000
   87  2   -8.851498    2.000000    0.000000
   89  1   -6.550294    1.000000    0.000000
   90  1   -6.548695    1.000000    0.000000
   91  1   -6.517627    1.000000    0.000000
   92  1   -6.516326    1.000000    0.000000
   93  1   -6.458241    1.000000    0.000000
   94  1   -6.455271    1.000000    0.000000
   95  2   -6.448295    2.000000    0.000000
   97  1   -5.329181    1.000000    0.000000
   98  1   -5.327606    1.000000    0.000000
   99  1   -5.316257    1.000000    0.000000
  100  1   -5.314834    1.000000    0.000000
  101  1   -5.287770    1.000000    0.000000
  102  1   -5.286525    1.000000    0.000000
  103  1   -5.272070    1.000000    0.000000
  104  1   -5.270733    1.000000    0.000000
  105  1   -0.616414    1.000000    0.000000
  106  1   -0.615359    1.000000    0.000000
  107  1   -0.529293    1.000000    0.000000
  108  1   -0.527971    1.000000    0.000000
  109  2   -0.390272    2.000000    0.000000
  111  1   -0.358371    1.000000    0.000000
  112  1   -0.356960    1.000000    0.000000
  113  2   -0.282495    2.000000    0.000000
  115  1   -0.252803    1.000000    0.000000
  116  1   -0.251759    1.000000    0.000000
  117  1   -0.019534    1.000000    0.000000
  118  1   -0.018463    1.000000    0.000000
  119  1    0.063135    1.000000    0.000000
  120  1    0.064209    1.000000    0.000000
  121  2    0.189296    2.000000    0.000000
  123  2    0.195752    2.000000    0.000000
  125  2    0.232889    2.000000    0.000000
  127  2    0.241794    2.000000    0.000000
  129  1    0.479653    1.000000    0.000000
  130  1    0.482204    1.000000    0.000000
  131  1    0.497375    1.000000    0.000000
  132  1    0.499935    1.000000    0.000000
  133  1    0.564671    1.000000    0.000000
  134  1    0.566155    1.000000    0.000000
  135  1    0.577233    1.000000    0.000000
  136  1    0.578578    1.000000    0.000000
  137  2    0.705976    2.000000    0.000000
  139  1    0.729385    1.000000    0.000000
  140  1    0.731620    1.000000    0.000000
  141  1    1.191156    1.000000    0.000000
  142  1    1.193415    1.000000    0.000000
  143  1    1.308014    1.000000    0.000000
  144  1    1.310203    1.000000    0.000000
  145  2    1.546144    2.000000    0.000000
  147  2    1.585211    2.000000    0.000000
  149  2    1.794950    2.000000    0.000000
  151  2    1.825174    2.000000    0.000000
  153  1    1.887341    1.000000    0.000000
  154  1    1.888483    1.000000    0.000000
  155  1    1.938636    1.000000    0.000000
  156  1    1.939727    1.000000    0.000000
  157  1    2.338024    1.000000    0.000000
  158  1    2.339834    1.000000    0.000000
  159  2    2.442659    2.000000    0.000000
  161  2    2.547533    2.000000    0.000000
  163  2    2.556998    2.000000    0.000000
  165  1    3.346053    1.000000    0.000000
  166  1    3.347625    1.000000    0.000000
  167  1    3.562491    1.000000    0.000000
  168  1    3.563556    1.000000    0.000000
  169  1    3.667093    1.000000    0.000000
  170  1    3.668982    1.000000    0.000000
  171  2    3.692463    2.000000    0.000000
  173  1    3.927214    1.000000    0.000000
  174  1    3.928313    1.000000    0.000000
  175  1    3.979468    1.000000    0.000000
  176  1    3.980716    1.000000    0.000000
  177  1    4.134765    1.000000    0.000000
  178  1    4.136247    1.000000    0.000000
  179  2    4.154180    2.000000    0.000000
  181  1    4.292947    1.000000    0.000000
  182  1    4.294433    1.000000    0.000000
  183  2    4.350967    2.000000    0.000000
  185  2    4.471193    2.000000    0.000000
  187  1    4.491215    1.000000    0.000000
  188  1    4.492640    1.000000    0.000000
  189  1    4.585489    1.000000    0.000000
  190  1    4.588113    1.000000    0.000000
  191  2    4.590380    2.000000    0.000000
  193  1    5.167647    1.000000    0.000000
  194  1    5.172495    1.000000    0.000000
  195  1    5.185372    1.000000    0.000000
  196  1    5.191466    1.000000    0.000000
  197  1    5.253804    1.000000    0.000000
  198  1    5.263242    1.000000    0.000000
  199  1    5.419491    1.000000    0.000000
  200  1    5.421946    1.000000    0.000000
  201  1    5.433973    1.000000    0.000000
  202  1    5.437833    1.000000    0.000000
  203  2    5.521193    2.000000    0.000000
  205  1    5.523852    1.000000    0.000000
  206  1    5.532573    1.000000    0.000000
  207  1    5.968348    1.000000    0.000000
  208  1    5.971607    1.000000    0.000000
  209  1    6.054035    1.000000    0.000000
  210  1    6.055275    1.000000    0.000000
  211  1    6.122633    1.000000    0.000000
  212  1    6.126681    1.000000    0.000000
  213  1    6.418882    1.000000    0.000000
  214  1    6.420286    1.000000    0.000000
  215  1    6.446603    1.000000    0.000000
  216  1    6.451580    1.000000    0.000000
  217  1    6.646334    1.000000    0.000000
  218  1    6.648554    1.000000    0.000000
  219  1    6.706770    1.000000    0.000000
  220  1    6.709795    1.000000    0.000000
  221  1    6.724448    1.000000    0.000000
  222  1    6.727344    1.000000    0.000000
  223  1    6.814440    1.000000    0.000000
  224  1    6.817855    1.000000    0.000000
  225  1    6.900054    1.000000    0.000000
  226  1    6.905352    1.000000    0.000000
  227  1    6.980372    1.000000    0.000000
  228  1    6.981723    1.000000    0.000000
  229  1    7.014440    1.000000    0.000000
  230  1    7.019659    1.000000    0.000000
  231  1    7.107143    1.000000    0.000000
  232  1    7.110651    1.000000    0.000000
  233  1    7.151566    1.000000    0.000000
  234  1    7.155466    1.000000    0.000000
  235  1    7.172263    1.000000    0.000000
  236  1    7.175931    1.000000    0.000000
  237  1    7.256713    1.000000    0.000000
  238  1    7.257757    1.000000    0.000000
  239  1    7.484616    1.000000    0.000000
  240  1    7.488204    1.000000    0.000000
  241  2    7.656424    2.000000    0.000000
  243  2    7.749737    2.000000    0.000000
  245  1    7.840807    1.000000    0.000000
  246  1    7.845062    1.000000    0.000000
  247  1    7.953726    1.000000    0.000000
  248  1    7.958163    1.000000    0.000000
  249  2    8.223075    2.000000    0.000000
  251  2    8.228700    2.000000    0.000000
  253  1    8.301718    1.000000    0.000000
  254  1    8.302839    1.000000    0.000000
  255  1    8.552279    1.000000    0.000000
  256  1    8.557413    1.000000    0.000000
  257  1    8.606247    1.000000    0.000000
  258  1    8.611323    1.000000    0.000000
  259  1    8.630301    1.000000    0.000000
  260  1    8.632918    1.000000    0.000000
  261  1    8.715492    1.000000    0.000000
  262  2    8.718032    2.000000    0.000000
  264  1    8.719955    1.000000    0.000000
  265  1    8.801305    1.000000    0.000000
  266  1    8.804808    1.000000    0.000000
  267  1    8.816121    1.000000    0.000000
  268  1    8.818045    1.000000    0.000000
  269  1    8.975804    1.000000    0.000000
  270  1    8.982906    1.000000    0.000000
  271  1    9.026618    1.000000    0.000000
  272  1    9.033937    1.000000    0.000000
  273  1    9.065201    1.000000    0.000000
  274  1    9.066596    1.000000    0.000000
  275  2    9.255277    2.000000    0.000000
  277  1    9.266634    1.000000    0.000000
  278  1    9.268939    1.000000    0.000000
  279  1    9.391150    1.000000    0.000000
  280  1    9.401222    1.000000    0.000000
  281  1    9.411412    1.000000    0.000000
  282  1    9.425284    1.000000    0.000000
  283  1    9.502963    1.000000    0.000000
  284  1    9.521084    1.000000    0.000000
  285  1    9.531999    1.000000    0.000000
  286  1    9.550265    1.000000    0.000000
  287  1    9.583414    1.000000    0.000000
  288  1    9.657818    1.000000    0.000000
  1
    1
    1  2  -47.390185    2.000000    0.000000
    3  2  -47.370975    2.000000    0.000000
    5  1  -46.885278    1.000000    0.000000
    6  1  -46.883935    1.000000    0.000000
    7  2  -46.866050    2.000000    0.000000
    9  2  -46.450242    2.000000    0.000000
   11  2  -46.430922    2.000000    0.000000
   13  2  -43.494363    2.000000    0.000000
   15  2  -43.475742    2.000000    0.000000
   17  2  -43.157709    2.000000    0.000000
   19  2  -43.139347    2.000000    0.000000
   21  2  -42.761878    2.000000    0.000000
   23  2  -42.742998    2.000000    0.000000
   25  2  -25.106328    2.000000    0.000000
   27  2  -25.105229    2.000000    0.000000
   29  3  -25.103218    3.000000    0.000000
   32  1  -25.101896    1.000000    0.000000
   33  2  -25.091759    2.000000    0.000000
   35  2  -25.089163    2.000000    0.000000
   37  2  -25.088094    2.000000    0.000000
   39  1  -25.086434    1.000000    0.000000
   40  1  -25.085153    1.000000    0.000000
   41  3   -9.862729    3.000000    0.000000
   44  1   -9.861436    1.000000    0.000000
   45  3   -9.849217    3.000000    0.000000
   48  1   -9.848046    1.000000    0.000000
   49  3   -9.822437    3.000000    0.000000
   52  1   -9.821148    1.000000    0.000000
   53  3   -9.812066    3.000000    0.000000
   56  1   -9.810696    1.000000    0.000000
   57  2   -9.088658    2.000000    0.000000
   59  2   -9.086243    2.000000    0.000000
   61  2   -9.071133    2.000000    0.000000
   63  2   -9.070054    2.000000    0.000000
   65  1   -9.041205    1.000000    0.000000
   66  1   -9.040100    1.000000    0.000000
   67  2   -9.038312    2.000000    0.000000
   69  2   -9.017930    2.000000    0.000000
   71  2   -9.015123    2.000000    0.000000
   73  1   -8.910741    1.000000    0.000000
   74  1   -8.909724    1.000000    0.000000
   75  1   -8.908221    1.000000    0.000000
   76  1   -8.907157    1.000000    0.000000
   77  2   -8.881112    2.000000    0.000000
   79  2   -8.878841    2.000000    0.000000
   81  1   -8.867805    1.000000    0.000000
   82  1   -8.866757    1.000000    0.000000
   83  1   -8.864158    1.000000    0.000000
   84  1   -8.862936    1.000000    0.000000
   85  2   -8.853082    2.000000    0.000000
   87  2   -8.850899    2.000000    0.000000
   89  1   -6.547567    1.000000    0.000000
   90  1   -6.545059    1.000000    0.000000
   91  1   -6.523718    1.000000    0.000000
   92  1   -6.522644    1.000000    0.000000
   93  1   -6.483098    1.000000    0.000000
   94  1   -6.480176    1.000000    0.000000
   95  1   -6.460030    1.000000    0.000000
   96  1   -6.458632    1.000000    0.000000
   97  1   -5.326941    1.000000    0.000000
   98  1   -5.325866    1.000000    0.000000
   99  1   -5.314404    1.000000    0.000000
  100  1   -5.313063    1.000000    0.000000
  101  2   -5.271447    2.000000    0.000000
  103  1   -5.260781    1.000000    0.000000
  104  1   -5.259562    1.000000    0.000000
  105  2   -0.466260    2.000000    0.000000
  107  2   -0.445361    2.000000    0.000000
  109  2   -0.358878    2.000000    0.000000
  111  1   -0.350716    1.000000    0.000000
  112  1   -0.349688    1.000000    0.000000
  113  2   -0.251132    2.000000    0.000000
  115  2   -0.232651    2.000000    0.000000
  117  2    0.005118    2.000000    0.000000
  119  1    0.102943    1.000000    0.000000
  120  1    0.104133    1.000000    0.000000
  121  2    0.167937    2.000000    0.000000
  123  2    0.235755    2.000000    0.000000
  125  2    0.253614    2.000000    0.000000
  127  2    0.277986    2.000000    0.000000
  129  2    0.400966    2.000000    0.000000
  131  2    0.474497    2.000000    0.000000
  133  1    0.487907    1.000000    0.000000
  134  1    0.489383    1.000000    0.000000
  135  1    0.519162    1.000000    0.000000
  136  1    0.520913    1.000000    0.000000
  137  2    0.613346    2.000000    0.000000
  139  1    0.657002    1.000000    0.000000
  140  1    0.658631    1.000000    0.000000
  141  1    1.099062    1.000000    0.000000
  142  1    1.100389    1.000000    0.000000
  143  1    1.205217    1.000000    0.000000
  144  1    1.206883    1.000000    0.000000
  145  2    1.406746    2.000000    0.000000
  147  1    1.522152    1.000000    0.000000
  148  1    1.524206    1.000000    0.000000
  149  1    1.805078    1.000000    0.000000
  150  1    1.806378    1.000000    0.000000
  151  2    1.871319    2.000000    0.000000
  153  2    1.945454    2.000000    0.000000
  155  1    1.977998    1.000000    0.000000
  156  1    1.979099    1.000000    0.000000
  157  2    2.364374    2.000000    0.000000
  159  1    2.398149    1.000000    0.000000
  160  1    2.399393    1.000000    0.000000
  161  2    2.501383    2.000000    0.000000
  163  2    2.530023    2.000000    0.000000
  165  1    3.332582    1.000000    0.000000
  166  1    3.335381    1.000000    0.000000
  167  1    3.528541    1.000000    0.000000
  168  1    3.529649    1.000000    0.000000
  169  1    3.645449    1.000000    0.000000
  170  1    3.646650    1.000000    0.000000
  171  2    3.661889    2.000000    0.000000
  173  1    3.900842    1.000000    0.000000
  174  1    3.902514    1.000000    0.000000
  175  2    3.964088    2.000000    0.000000
  177  2    4.226045    2.000000    0.000000
  179  2    4.244973    2.000000    0.000000
  181  1    4.275319    1.000000    0.000000
  182  1    4.278281    1.000000    0.000000
  183  1    4.363012    1.000000    0.000000
  184  1    4.364856    1.000000    0.000000
  185  2    4.484019    2.000000    0.000000
  187  2    4.520652    2.000000    0.000000
  189  2    4.560536    2.000000    0.000000
  191  2    4.573829    2.000000    0.000000
  193  1    5.180540    1.000000    0.000000
  194  1    5.182049    1.000000    0.000000
  195  1    5.214008    1.000000    0.000000
  196  1    5.224955    1.000000    0.000000
  197  1    5.378153    1.000000    0.000000
  198  1    5.381554    1.000000    0.000000
  199  1    5.421385    1.000000    0.000000
  200  1    5.429340    1.000000    0.000000
  201  1    5.508150    1.000000    0.000000
  202  1    5.509441    1.000000    0.000000
  203  1    5.564643    1.000000    0.000000
  204  1    5.569476    1.000000    0.000000
  205  1    5.802882    1.000000    0.000000
  206  1    5.805872    1.000000    0.000000
  207  1    5.840204    1.000000    0.000000
  208  1    5.841567    1.000000    0.000000
  209  1    6.102126    1.000000    0.000000
  210  1    6.109230    1.000000    0.000000
  211  1    6.124548    1.000000    0.000000
  212  1    6.130387    1.000000    0.000000
  213  2    6.262458    2.000000    0.000000
  215  1    6.287632    1.000000    0.000000
  216  1    6.291562    1.000000    0.000000
  217  1    6.526524    1.000000    0.000000
  218  1    6.528997    1.000000    0.000000
  219  2    6.646005    2.000000    0.000000
  221  1    6.835267    1.000000    0.000000
  222  1    6.840180    1.000000    0.000000
  223  1    6.943402    1.000000    0.000000
  224  1    6.947546    1.000000    0.000000
  225  1    6.959646    1.000000    0.000000
  226  1    6.963946    1.000000    0.000000
  227  1    7.073658    1.000000    0.000000
  228  1    7.080606    1.000000    0.000000
  229  1    7.235144    1.000000    0.000000
  230  1    7.238678    1.000000    0.000000
  231  1    7.263102    1.000000    0.000000
  232  1    7.267457    1.000000    0.000000
  233  1    7.367885    1.000000    0.000000
  234  1    7.377462    1.000000    0.000000
  235  1    7.424526    1.000000    0.000000
  236  1    7.432792    1.000000    0.000000
  237  1    7.554326    1.000000    0.000000
  238  1    7.560732    1.000000    0.000000
  239  1    7.621910    1.000000    0.000000
  240  1    7.623594    1.000000    0.000000
  241  1    7.735275    1.000000    0.000000
  242  1    7.738741    1.000000    0.000000
  243  1    7.768810    1.000000    0.000000
  244  1    7.774710    1.000000    0.000000
  245  2    8.024375    2.000000    0.000000
  247  1    8.045184    1.000000    0.000000
  248  1    8.046776    1.000000    0.000000
  249  1    8.094920    1.000000    0.000000
  250  1    8.098287    1.000000    0.000000
  251  1    8.111478    1.000000    0.000000
  252  1    8.116510    1.000000    0.000000
  253  1    8.299034    1.000000    0.000000
  254  1    8.300250    1.000000    0.000000
  255  1    8.379452    1.000000    0.000000
  256  1    8.380844    1.000000    0.000000
  257  1    8.520083    1.000000    0.000000
  258  1    8.524288    1.000000    0.000000
  259  1    8.545974    1.000000    0.000000
  260  1    8.549133    1.000000    0.000000
  261  1    8.607540    1.000000    0.000000
  262  1    8.611881    1.000000    0.000000
  263  1    8.657262    1.000000    0.000000
  264  1    8.663468    1.000000    0.000000
  265  1    8.701732    1.000000    0.000000
  266  1    8.715004    1.000000    0.000000
  267  1    8.755075    1.000000    0.000000
  268  1    8.765694    1.000000    0.000000
  269  1    8.846782    1.000000    0.000000
  270  1    8.851014    1.000000    0.000000
  271  1    8.897185    1.000000    0.000000
  272  1    8.902563    1.000000    0.000000
  273  1    9.178634    1.000000    0.000000
  274  1    9.186102    1.000000    0.000000
  275  1    9.193379    1.000000    0.000000
  276  1    9.199899    1.000000    0.000000
  277  1    9.252852    1.000000    0.000000
  278  1    9.256748    1.000000    0.000000
  279  1    9.287232    1.000000    0.000000
  280  1    9.301811    1.000000    0.000000
  281  1    9.402295    1.000000    0.000000
  282  1    9.406510    1.000000    0.000000
  283  1    9.423422    1.000000    0.000000
  284  1    9.437390    1.000000    0.000000
  285  1    9.456894    1.000000    0.000000
  286  1    9.472090    1.000000    0.000000
  287  1    9.531687    1.000000    0.000000
  288  1    9.767032    1.000000    0.000000
  1
    1
    1  2  -47.390196    2.000000    0.000000
    3  2  -47.370986    2.000000    0.000000
    5  1  -46.885282    1.000000    0.000000
    6  1  -46.883939    1.000000    0.000000
    7  2  -46.866054    2.000000    0.000000
    9  2  -46.450258    2.000000    0.000000
   11  2  -46.430938    2.000000    0.000000
   13  2  -43.494345    2.000000    0.000000
   15  2  -43.475724    2.000000    0.000000
   17  2  -43.157707    2.000000    0.000000
   19  2  -43.139345    2.000000    0.000000
   21  2  -42.761859    2.000000    0.000000
   23  2  -42.742978    2.000000    0.000000
   25  4  -25.116731    4.000000    0.000000
   29  4  -25.112517    4.000000    0.000000
   33  1  -25.081023    1.000000    0.000000
   34  2  -25.080016    2.000000    0.000000
   36  1  -25.078839    1.000000    0.000000
   37  3  -25.077672    3.000000    0.000000
   40  1  -25.076146    1.000000    0.000000
   41  4   -9.885867    4.000000    0.000000
   45  2   -9.873043    2.000000    0.000000
   47  2   -9.871987    2.000000    0.000000
   49  2   -9.775700    2.000000    0.000000
   51  2   -9.774321    2.000000    0.000000
   53  3   -9.754308    3.000000    0.000000
   56  1   -9.753059    1.000000    0.000000
   57  2   -9.109093    2.000000    0.000000
   59  2   -9.107695    2.000000    0.000000
   61  2   -9.093130    2.000000    0.000000
   63  2   -9.092068    2.000000    0.000000
   65  1   -8.973301    1.000000    0.000000
   66  2   -8.971518    2.000000    0.000000
   68  1   -8.969123    1.000000    0.000000
   69  1   -8.957952    1.000000    0.000000
   70  1   -8.956177    1.000000    0.000000
   71  1   -8.954326    1.000000    0.000000
   72  1   -8.952503    1.000000    0.000000
   73  2   -8.937329    2.000000    0.000000
   75  2   -8.934995    2.000000    0.000000
   77  2   -8.927238    2.000000    0.000000
   79  1   -8.924888    1.000000    0.000000
   80  1   -8.923761    1.000000    0.000000
   81  2   -8.879194    2.000000    0.000000
   83  2   -8.877871    2.000000    0.000000
   85  4   -8.852401    4.000000    0.000000
   89  2   -6.866747    2.000000    0.000000
   91  2   -6.855305    2.000000    0.000000
   93  2   -6.398666    2.000000    0.000000
   95  2   -6.389061    2.000000    0.000000
   97  1   -5.187502    1.000000    0.000000
   98  1   -5.185350    1.000000    0.000000
   99  1   -5.168529    1.000000    0.000000
  100  1   -5.166333    1.000000    0.000000
  101  1   -5.117845    1.000000    0.000000
  102  1   -5.116528    1.000000    0.000000
  103  1   -5.099629    1.000000    0.000000
  104  1   -5.097167    1.000000    0.000000
  105  2   -0.794822    2.000000    0.000000
  107  2   -0.781657    2.000000    0.000000
  109  2   -0.660787    2.000000    0.000000
  111  2   -0.643928    2.000000    0.000000
  113  2   -0.146732    2.000000    0.000000
  115  1   -0.071725    1.000000    0.000000
  116  1   -0.069770    1.000000    0.000000
  117  1   -0.058089    1.000000    0.000000
  118  1   -0.056756    1.000000    0.000000
  119  1    0.004328    1.000000    0.000000
  120  1    0.006747    1.000000    0.000000
  121  1    0.072851    1.000000    0.000000
  122  1    0.074360    1.000000    0.000000
  123  2    0.145919    2.000000    0.000000
  125  2    0.294471    2.000000    0.000000
  127  1    0.311058    1.000000    0.000000
  128  1    0.312566    1.000000    0.000000
  129  1    0.560932    1.000000    0.000000
  130  1    0.562122    1.000000    0.000000
  131  1    0.638207    1.000000    0.000000
  132  1    0.639770    1.000000    0.000000
  133  2    0.734170    2.000000    0.000000
  135  1    0.772637    1.000000    0.000000
  136  1    0.774320    1.000000    0.000000
  137  1    1.056569    1.000000    0.000000
  138  1    1.057809    1.000000    0.000000
  139  2    1.078462    2.000000    0.000000
  141  2    1.361845    2.000000    0.000000
  143  1    1.394218    1.000000    0.000000
  144  1    1.395245    1.000000    0.000000
  145  1    1.470978    1.000000    0.000000
  146  1    1.473367    1.000000    0.000000
  147  1    1.529675    1.000000    0.000000
  148  1    1.530799    1.000000    0.000000
  149  1    1.623740    1.000000    0.000000
  150  1    1.626062    1.000000    0.000000
  151  1    1.693390    1.000000    0.000000
  152  1    1.694925    1.000000    0.000000
  153  2    1.721342    2.000000    0.000000
  155  1    1.790815    1.000000    0.000000
  156  1    1.791953    1.000000    0.000000
  157  2    1.915891    2.000000    0.000000
  159  2    1.930148    2.000000    0.000000
  161  2    2.469866    2.000000    0.000000
  163  2    2.517761    2.000000    0.000000
  165  2    3.214788    2.000000    0.000000
  167  1    3.248766    1.000000    0.000000
  168  1    3.250834    1.000000    0.000000
  169  1    3.526868    1.000000    0.000000
  170  1    3.529414    1.000000    0.000000
  171  1    3.537652    1.000000    0.000000
  172  1    3.539583    1.000000    0.000000
  173  2    3.868531    2.000000    0.000000
  175  2    3.885248    2.000000    0.000000
  177  1    4.001179    1.000000    0.000000
  178  1    4.003223    1.000000    0.000000
  179  2    4.035092    2.000000    0.000000
  181  1    4.133254    1.000000    0.000000
  182  1    4.136247    1.000000    0.000000
  183  2    4.191598    2.000000    0.000000
  185  1    4.317202    1.000000    0.000000
  186  1    4.318482    1.000000    0.000000
  187  2    4.356540    2.000000    0.000000
  189  1    4.710169    1.000000    0.000000
  190  1    4.712371    1.000000    0.000000
  191  1    4.730543    1.000000    0.000000
  192  1    4.741183    1.000000    0.000000
  193  1    5.065429    1.000000    0.000000
  194  1    5.068075    1.000000    0.000000
  195  1    5.097346    1.000000    0.000000
  196  1    5.100128    1.000000    0.000000
  197  1    5.253647    1.000000    0.000000
  198  1    5.255164    1.000000    0.000000
  199  1    5.350889    1.000000    0.000000
  200  1    5.353043    1.000000    0.000000
  201  1    5.992449    1.000000    0.000000
  202  1    5.996468    1.000000    0.000000
  203  1    6.061210    1.000000    0.000000
  204  1    6.065599    1.000000    0.000000
  205  2    6.311658    2.000000    0.000000
  207  1    6.321259    1.000000    0.000000
  208  1    6.323528    1.000000    0.000000
  209  1    6.327613    1.000000    0.000000
  210  1    6.332688    1.000000    0.000000
  211  1    6.385783    1.000000    0.000000
  212  1    6.392909    1.000000    0.000000
  213  1    6.470707    1.000000    0.000000
  214  1    6.473132    1.000000    0.000000
  215  1    6.524290    1.000000    0.000000
  216  1    6.528801    1.000000    0.000000
  217  1    6.608968    1.000000    0.000000
  218  1    6.610889    1.000000    0.000000
  219  2    6.626730    2.000000    0.000000
  221  1    6.831415    1.000000    0.000000
  222  1    6.837730    1.000000    0.000000
  223  1    6.840321    1.000000    0.000000
  224  1    6.846605    1.000000    0.000000
  225  1    6.984906    1.000000    0.000000
  226  1    6.988025    1.000000    0.000000
  227  2    7.007566    2.000000    0.000000
  229  2    7.046791    2.000000    0.000000
  231  1    7.081611    1.000000    0.000000
  232  1    7.084657    1.000000    0.000000
  233  1    7.245315    1.000000    0.000000
  234  1    7.246364    1.000000    0.000000
  235  1    7.282159    1.000000    0.000000
  236  1    7.283645    1.000000    0.000000
  237  1    7.643377    1.000000    0.000000
  238  1    7.644829    1.000000    0.000000
  239  1    7.658345    1.000000    0.000000
  240  1    7.661720    1.000000    0.000000
  241  1    7.826257    1.000000    0.000000
  242  1    7.834614    1.000000    0.000000
  243  1    7.852127    1.000000    0.000000
  244  1    7.859694    1.000000    0.000000
  245  1    8.047483    1.000000    0.000000
  246  1    8.049339    1.000000    0.000000
  247  2    8.120244    2.000000    0.000000
  249  1    8.214864    1.000000    0.000000
  250  1    8.217539    1.000000    0.000000
  251  2    8.250531    2.000000    0.000000
  253  1    8.419022    1.000000    0.000000
  254  1    8.424088    1.000000    0.000000
  255  1    8.471082    1.000000    0.000000
  256  1    8.473452    1.000000    0.000000
  257  1    8.503365    1.000000    0.000000
  258  1    8.506553    1.000000    0.000000
  259  1    8.514621    1.000000    0.000000
  260  1    8.519382    1.000000    0.000000
  261  1    8.700335    1.000000    0.000000
  262  1    8.704078    1.000000    0.000000
  263  1    8.754638    1.000000    0.000000
  264  1    8.758786    1.000000    0.000000
  265  1    8.966597    1.000000    0.000000
  266  1    8.967904    1.000000    0.000000
  267  2    8.984228    2.000000    0.000000
  269  1    9.161258    1.000000    0.000000
  270  1    9.162935    1.000000    0.000000
  271  1    9.215713    1.000000    0.000000
  272  1    9.219680    1.000000    0.000000
  273  1    9.257282    1.000000    0.000000
  274  1    9.260397    1.000000    0.000000
  275  1    9.273460    1.000000    0.000000
  276  1    9.276165    1.000000    0.000000
  277  1    9.454749    1.000000    0.000000
  278  1    9.469905    1.000000    0.000000
  279  1    9.485281    1.000000    0.000000
  280  1    9.494875    1.000000    0.000000
  281  1    9.505561    1.000000    0.000000
  282  1    9.520647    1.000000    0.000000
  283  1    9.543598    1.000000    0.000000
  284  1    9.563041    1.000000    0.000000
  285  1    9.618743    1.000000    0.000000
  286  1    9.652687    1.000000    0.000000
  287  1    9.701588    1.000000    0.000000
  288  1    9.738184    1.000000    0.000000
  1
    1
    1  2  -47.390196    2.000000    0.000000
    3  2  -47.370986    2.000000    0.000000
    5  1  -46.885280    1.000000    0.000000
    6  1  -46.883938    1.000000    0.000000
    7  2  -46.866052    2.000000    0.000000
    9  2  -46.450258    2.000000    0.000000
   11  2  -46.430938    2.000000    0.000000
   13  2  -43.494345    2.000000    0.000000
   15  2  -43.475724    2.000000    0.000000
   17  2  -43.157705    2.000000    0.000000
   19  2  -43.139343    2.000000    0.000000
   21  2  -42.761859    2.000000    0.000000
   23  2  -42.742978    2.000000    0.000000
   25  4  -25.117034    4.000000    0.000000
   29  4  -25.112174    4.000000    0.000000
   33  1  -25.081054    1.000000    0.000000
   34  2  -25.080039    2.000000    0.000000
   36  1  -25.078878    1.000000    0.000000
   37  3  -25.077657    3.000000    0.000000
   40  1  -25.076027    1.000000    0.000000
   41  4   -9.885460    4.000000    0.000000
   45  2   -9.873753    2.000000    0.000000
   47  2   -9.872661    2.000000    0.000000
   49  2   -9.780713    2.000000    0.000000
   51  2   -9.779500    2.000000    0.000000
   53  2   -9.747995    2.000000    0.000000
   55  2   -9.746659    2.000000    0.000000
   57  2   -9.107975    2.000000    0.000000
   59  2   -9.106444    2.000000    0.000000
   61  2   -9.095203    2.000000    0.000000
   63  2   -9.093736    2.000000    0.000000
   65  1   -8.974547    1.000000    0.000000
   66  1   -8.973088    1.000000    0.000000
   67  1   -8.971108    1.000000    0.000000
   68  1   -8.969627    1.000000    0.000000
   69  2   -8.959639    2.000000    0.000000
   71  2   -8.958054    2.000000    0.000000
   73  2   -8.941465    2.000000    0.000000
   75  2   -8.940057    2.000000    0.000000
   77  1   -8.915334    1.000000    0.000000
   78  1   -8.914065    1.000000    0.000000
   79  1   -8.912490    1.000000    0.000000
   80  1   -8.911158    1.000000    0.000000
   81  2   -8.875686    2.000000    0.000000
   83  2   -8.873945    2.000000    0.000000
   85  2   -8.853906    2.000000    0.000000
   87  2   -8.852737    2.000000    0.000000
   89  2   -6.923272    2.000000    0.000000
   91  2   -6.912623    2.000000    0.000000
   93  2   -6.352130    2.000000    0.000000
   95  2   -6.342391    2.000000    0.000000
   97  1   -5.180609    1.000000    0.000000
   98  1   -5.178639    1.000000    0.000000
   99  1   -5.166804    1.000000    0.000000
  100  1   -5.164405    1.000000    0.000000
  101  1   -5.107537    1.000000    0.000000
  102  1   -5.106072    1.000000    0.000000
  103  1   -5.094216    1.000000    0.000000
  104  1   -5.091888    1.000000    0.000000
  105  2   -0.800129    2.000000    0.000000
  107  2   -0.765283    2.000000    0.000000
  109  2   -0.752014    2.000000    0.000000
  111  2   -0.715228    2.000000    0.000000
  113  1   -0.153651    1.000000    0.000000
  114  1   -0.151426    1.000000    0.000000
  115  1   -0.119577    1.000000    0.000000
  116  1   -0.118098    1.000000    0.000000
  117  1   -0.014219    1.000000    0.000000
  118  1   -0.013055    1.000000    0.000000
  119  1    0.036422    1.000000    0.000000
  120  1    0.037850    1.000000    0.000000
  121  2    0.182558    2.000000    0.000000
  123  2    0.210364    2.000000    0.000000
  125  2    0.301450    2.000000    0.000000
  127  1    0.318885    1.000000    0.000000
  128  1    0.320383    1.000000    0.000000
  129  1    0.583447    1.000000    0.000000
  130  1    0.586153    1.000000    0.000000
  131  1    0.612203    1.000000    0.000000
  132  1    0.614257    1.000000    0.000000
  133  1    0.707694    1.000000    0.000000
  134  1    0.710149    1.000000    0.000000
  135  1    0.746425    1.000000    0.000000
  136  1    0.747508    1.000000    0.000000
  137  1    1.018190    1.000000    0.000000
  138  1    1.019497    1.000000    0.000000
  139  2    1.039413    2.000000    0.000000
  141  2    1.361619    2.000000    0.000000
  143  1    1.385213    1.000000    0.000000
  144  1    1.387518    1.000000    0.000000
  145  2    1.482906    2.000000    0.000000
  147  1    1.518457    1.000000    0.000000
  148  1    1.519541    1.000000    0.000000
  149  1    1.631089    1.000000    0.000000
  150  1    1.632904    1.000000    0.000000
  151  1    1.671945    1.000000    0.000000
  152  1    1.674290    1.000000    0.000000
  153  2    1.743647    2.000000    0.000000
  155  1    1.802739    1.000000    0.000000
  156  1    1.805528    1.000000    0.000000
  157  1    2.028677    1.000000    0.000000
  158  1    2.029764    1.000000    0.000000
  159  1    2.073867    1.000000    0.000000
  160  1    2.075474    1.000000    0.000000
  161  2    2.490479    2.000000    0.000000
  163  2    2.512102    2.000000    0.000000
  165  1    3.205954    1.000000    0.000000
  166  1    3.207069    1.000000    0.000000
  167  1    3.237414    1.000000    0.000000
  168  1    3.239484    1.000000    0.000000
  169  1    3.478455    1.000000    0.000000
  170  1    3.479965    1.000000    0.000000
  171  1    3.496821    1.000000    0.000000
  172  1    3.499684    1.000000    0.000000
  173  2    3.845590    2.000000    0.000000
  175  2    3.888413    2.000000    0.000000
  177  2    3.923922    2.000000    0.000000
  179  2    3.939837    2.000000    0.000000
  181  1    4.197081    1.000000    0.000000
  182  1    4.198089    1.000000    0.000000
  183  2    4.210318    2.000000    0.000000
  185  1    4.356310    1.000000    0.000000
  186  1    4.363737    1.000000    0.000000
  187  1    4.440515    1.000000    0.000000
  188  1    4.442646    1.000000    0.000000
  189  1    4.504938    1.000000    0.000000
  190  1    4.507936    1.000000    0.000000
  191  2    4.559354    2.000000    0.000000
  193  1    5.233479    1.000000    0.000000
  194  1    5.235310    1.000000    0.000000
  195  1    5.408488    1.000000    0.000000
  196  1    5.412739    1.000000    0.000000
  197  2    5.691698    2.000000    0.000000
  199  1    5.731996    1.000000    0.000000
  200  1    5.735229    1.000000    0.000000
  201  1    5.832376    1.000000    0.000000
  202  1    5.836753    1.000000    0.000000
  203  1    5.855865    1.000000    0.000000
  204  1    5.860967    1.000000    0.000000
  205  1    5.902259    1.000000    0.000000
  206  1    5.905472    1.000000    0.000000
  207  1    5.965874    1.000000    0.000000
  208  1    5.968269    1.000000    0.000000
  209  1    6.218245    1.000000    0.000000
  210  1    6.226273    1.000000    0.000000
  211  1    6.241621    1.000000    0.000000
  212  1    6.249662    1.000000    0.000000
  213  1    6.326409    1.000000    0.000000
  214  1    6.333380    1.000000    0.000000
  215  1    6.354355    1.000000    0.000000
  216  1    6.361499    1.000000    0.000000
  217  1    6.517503    1.000000    0.000000
  218  1    6.527602    1.000000    0.000000
  219  1    6.545092    1.000000    0.000000
  220  1    6.557390    1.000000    0.000000
  221  1    6.923283    1.000000    0.000000
  222  1    6.924460    1.000000    0.000000
  223  1    6.942536    1.000000    0.000000
  224  1    6.944144    1.000000    0.000000
  225  1    7.063626    1.000000    0.000000
  226  1    7.064742    1.000000    0.000000
  227  2    7.074574    2.000000    0.000000
  229  1    7.246797    1.000000    0.000000
  230  1    7.247956    1.000000    0.000000
  231  1    7.299044    1.000000    0.000000
  232  1    7.302159    1.000000    0.000000
  233  1    7.350599    1.000000    0.000000
  234  1    7.353797    1.000000    0.000000
  235  1    7.362135    1.000000    0.000000
  236  1    7.363636    1.000000    0.000000
  237  1    7.586832    1.000000    0.000000
  238  1    7.598507    1.000000    0.000000
  239  1    7.625152    1.000000    0.000000
  240  1    7.636745    1.000000    0.000000
  241  1    7.706649    1.000000    0.000000
  242  1    7.712922    1.000000    0.000000
  243  1    7.721725    1.000000    0.000000
  244  1    7.727510    1.000000    0.000000
  245  1    7.766059    1.000000    0.000000
  246  1    7.768720    1.000000    0.000000
  247  1    7.807671    1.000000    0.000000
  248  1    7.810298    1.000000    0.000000
  249  1    7.959958    1.000000    0.000000
  250  1    7.962306    1.000000    0.000000
  251  1    7.991386    1.000000    0.000000
  252  1    7.992800    1.000000    0.000000
  253  1    8.193332    1.000000    0.000000
  254  1    8.206103    1.000000    0.000000
  255  1    8.209355    1.000000    0.000000
  256  1    8.220807    1.000000    0.000000
  257  1    8.368111    1.000000    0.000000
  258  1    8.371072    1.000000    0.000000
  259  1    8.417391    1.000000    0.000000
  260  1    8.418503    1.000000    0.000000
  261  2    8.743737    2.000000    0.000000
  263  1    8.788607    1.000000    0.000000
  264  1    8.790391    1.000000    0.000000
  265  1    8.925954    1.000000    0.000000
  266  1    8.931376    1.000000    0.000000
  267  1    8.943334    1.000000    0.000000
  268  1    8.944354    1.000000    0.000000
  269  1    9.076712    1.000000    0.000000
  270  1    9.078717    1.000000    0.000000
  271  1    9.104964    1.000000    0.000000
  272  1    9.106408    1.000000    0.000000
  273  1    9.427127    1.000000    0.000000
  274  1    9.428722    1.000000    0.000000
  275  1    9.493704    1.000000    0.000000
  276  1    9.497021    1.000000    0.000000
  277  1    9.675744    1.000000    0.000000
  278  1    9.678382    1.000000    0.000000
  279  1    9.680885    1.000000    0.000000
  280  1    9.703630    1.000000    0.000000
  281  1    9.761336    1.000000    0.000000
  282  1    9.763839    1.000000    0.000000
  283  1    9.772349    1.000000    0.000000
  284  1    9.779931    1.000000    0.000000
  285  1    9.889300    1.000000    0.000000
  286  1    9.925465    1.000000    0.000000
  287  1    9.980765    1.000000    0.000000
  288  1   10.063951    1.000000    0.000000
