  114  208
  1
  1
  1  0  0  0  1  0  0  0  1    0.000000    0.000000    0.000000    1.000000    0.000000    0.000000    0.000000    0.000000    0.000000    1.000000    0.000000  1
  8
    0.000000    0.000000    0.000000
    0.500000    0.500000    0.500000
    0.000000    0.500000    0.500000
    0.500000    0.000000    0.500000
    0.500000    0.500000    0.000000
    0.500000    0.000000    0.000000
    0.000000    0.500000    0.000000
    0.000000    0.000000    0.500000
  1
    1
    1  2  -40.737765    2.000000    0.000000
    3  2  -40.731620    2.000000    0.000000
    5  3  -40.345195    3.000000    0.000000
    8  1  -40.343916    1.000000    0.000000
    9  2  -39.976999    2.000000    0.000000
   11  2  -39.970484    2.000000    0.000000
   13  1  -38.048084    1.000000    0.000000
   14  1  -38.045042    1.000000    0.000000
   15  2  -38.036677    2.000000    0.000000
   17  1  -37.732524    1.000000    0.000000
   18  1  -37.729829    1.000000    0.000000
   19  2  -37.724223    2.000000    0.000000
   21  1  -37.473694    1.000000    0.000000
   22  1  -37.470609    1.000000    0.000000
   23  2  -37.461944    2.000000    0.000000
   25  1  -23.469008    1.000000    0.000000
   26  2  -23.467451    2.000000    0.000000
   28  1  -23.465525    1.000000    0.000000
   29  2  -10.125659    2.000000    0.000000
   31  2   -9.441138    2.000000    0.000000
   33  2   -9.422413    2.000000    0.000000
   35  2   -8.962816    2.000000    0.000000
   37  2   -8.589644    2.000000    0.000000
   39  2   -8.564369    2.000000    0.000000
   41  2   -8.414716    2.000000    0.000000
   43  2   -8.226699    2.000000    0.000000
   45  1   -7.849884    1.000000    0.000000
   46  1   -7.848578    1.000000    0.000000
   47  1   -7.845921    1.000000    0.000000
   48  1   -7.844529    1.000000    0.000000
   49  2   -7.106027    2.000000    0.000000
   51  2   -7.099463    2.000000    0.000000
   53  2   -6.858473    2.000000    0.000000
   55  2   -6.852325    2.000000    0.000000
   57  2   -1.705822    2.000000    0.000000
   59  2   -1.285962    2.000000    0.000000
   61  2   -0.734230    2.000000    0.000000
   63  2   -0.645384    2.000000    0.000000
   65  2   -0.586572    2.000000    0.000000
   67  2   -0.372263    2.000000    0.000000
   69  2   -0.072471    2.000000    0.000000
   71  2    0.401212    2.000000    0.000000
   73  2    0.483976    2.000000    0.000000
   75  2    0.508143    2.000000    0.000000
   77  1    0.653451    1.000000    0.000000
   78  1    0.654744    1.000000    0.000000
   79  1    0.996097    1.000000    0.000000
   80  1    0.999528    1.000000    0.000000
   81  1    1.017060    1.000000    0.000000
   82  1    1.019260    1.000000    0.000000
   83  2    1.078874    2.000000    0.000000
   85  1    1.193424    1.000000    0.000000
   86  1    1.194629    1.000000    0.000000
   87  2    1.545736    2.000000    0.000000
   89  1    1.695083    1.000000    0.000000
   90  1    1.697624    1.000000    0.000000
   91  2    1.757951    2.000000    0.000000
   93  2    2.238830    2.000000    0.000000
   95  2    2.358316    2.000000    0.000000
   97  1    2.412984    1.000000    0.000000
   98  1    2.414014    1.000000    0.000000
   99  2    2.728986    2.000000    0.000000
  101  1    2.798415    1.000000    0.000000
  102  1    2.799788    1.000000    0.000000
  103  2    2.958334    2.000000    0.000000
  105  1    3.220889    1.000000    0.000000
  106  1    3.222383    1.000000    0.000000
  107  1    3.242855    1.000000    0.000000
  108  1    3.245778    1.000000    0.000000
  109  2    3.291531    2.000000    0.000000
  111  2    3.423849    2.000000    0.000000
  113  2    3.676240    2.000000    0.000000
  115  1    3.982389    1.000000    0.000000
  116  1    3.984077    1.000000    0.000000
  117  1    4.740485    1.000000    0.000000
  118  1    4.741894    1.000000    0.000000
  119  2    4.832532    2.000000    0.000000
  121  2    5.367283    2.000000    0.000000
  123  2    5.383313    2.000000    0.000000
  125  2    5.441133    2.000000    0.000000
  127  2    5.523583    2.000000    0.000000
  129  2    5.742042    2.000000    0.000000
  131  2    6.024857    2.000000    0.000000
  133  1    6.089427    1.000000    0.000000
  134  1    6.090622    1.000000    0.000000
  135  2    6.284520    2.000000    0.000000
  137  2    6.780744    2.000000    0.000000
  139  1    7.072521    1.000000    0.000000
  140  1    7.074768    1.000000    0.000000
  141  2    7.080480    2.000000    0.000000
  143  2    7.138598    2.000000    0.000000
  145  2    7.154692    2.000000    0.000000
  147  2    7.525130    2.000000    0.000000
  149  2    8.039026    2.000000    0.000000
  151  1    8.312984    1.000000    0.000000
  152  1    8.314934    1.000000    0.000000
  153  2    9.110481    2.000000    0.000000
  155  2    9.416783    2.000000    0.000000
  157  2    9.652978    2.000000    0.000000
  159  2    9.665157    2.000000    0.000000
  161  2    9.695348    2.000000    0.000000
  163  2   10.072323    2.000000    0.000000
  165  2   10.128249    2.000000    0.000000
  167  2   10.291492    2.000000    0.000000
  169  2   10.500751    2.000000    0.000000
  171  2   10.547537    2.000000    0.000000
  173  2   11.149255    2.000000    0.000000
  175  2   11.266312    2.000000    0.000000
  177  2   11.489078    2.000000    0.000000
  179  2   11.766881    2.000000    0.000000
  181  2   11.836096    2.000000    0.000000
  183  2   12.108534    2.000000    0.000000
  185  2   12.261848    2.000000    0.000000
  187  2   12.645780    2.000000    0.000000
  189  2   12.664941    2.000000    0.000000
  191  2   12.835830    2.000000    0.000000
  193  1   13.123529    1.000000    0.000000
  194  1   13.127228    1.000000    0.000000
  195  1   13.147937    1.000000    0.000000
  196  1   13.149660    1.000000    0.000000
  197  1   13.221084    1.000000    0.000000
  198  1   13.238963    1.000000    0.000000
  199  1   13.276683    1.000000    0.000000
  200  1   13.448613    1.000000    0.000000
  201  1   13.518095    1.000000    0.000000
  202  1   13.546772    1.000000    0.000000
  203  1   13.559286    1.000000    0.000000
  204  1   13.622611    1.000000    0.000000
  205  1   13.772446    1.000000    0.000000
  206  1   13.813958    1.000000    0.000000
  207  1   13.925133    1.000000    0.000000
  208  1   14.076268    1.000000    0.000000
  1
    1
    1  3  -40.742745    3.000000    0.000000
    4  1  -40.741589    1.000000    0.000000
    5  3  -40.344650    3.000000    0.000000
    8  1  -40.343243    1.000000    0.000000
    9  3  -39.983447    3.000000    0.000000
   12  1  -39.982060    1.000000    0.000000
   13  1  -38.055895    1.000000    0.000000
   14  1  -38.052324    1.000000    0.000000
   15  2  -38.047156    2.000000    0.000000
   17  1  -37.731593    1.000000    0.000000
   18  1  -37.728887    1.000000    0.000000
   19  2  -37.723276    2.000000    0.000000
   21  1  -37.483142    1.000000    0.000000
   22  1  -37.479512    1.000000    0.000000
   23  2  -37.474116    2.000000    0.000000
   25  1  -23.343514    1.000000    0.000000
   26  2  -23.341904    2.000000    0.000000
   28  1  -23.340150    1.000000    0.000000
   29  2   -8.766891    2.000000    0.000000
   31  2   -8.761946    2.000000    0.000000
   33  1   -8.595727    1.000000    0.000000
   34  1   -8.593734    1.000000    0.000000
   35  1   -8.582404    1.000000    0.000000
   36  1   -8.581005    1.000000    0.000000
   37  2   -8.482198    2.000000    0.000000
   39  1   -8.472053    1.000000    0.000000
   40  1   -8.470679    1.000000    0.000000
   41  2   -8.276912    2.000000    0.000000
   43  2   -8.264865    2.000000    0.000000
   45  1   -8.073878    1.000000    0.000000
   46  1   -8.072727    1.000000    0.000000
   47  1   -8.067430    1.000000    0.000000
   48  1   -8.066210    1.000000    0.000000
   49  1   -7.447295    1.000000    0.000000
   50  2   -7.445904    2.000000    0.000000
   52  1   -7.444284    1.000000    0.000000
   53  2   -7.088334    2.000000    0.000000
   55  1   -7.086803    1.000000    0.000000
   56  1   -7.085778    1.000000    0.000000
   57  2   -1.587325    2.000000    0.000000
   59  2   -1.525183    2.000000    0.000000
   61  2   -1.397029    2.000000    0.000000
   63  2   -1.340110    2.000000    0.000000
   65  1   -0.635832    1.000000    0.000000
   66  1   -0.634832    1.000000    0.000000
   67  2   -0.615390    2.000000    0.000000
   69  2   -0.548054    2.000000    0.000000
   71  2   -0.538201    2.000000    0.000000
   73  2    0.362112    2.000000    0.000000
   75  2    0.456680    2.000000    0.000000
   77  1    0.575020    1.000000    0.000000
   78  1    0.576173    1.000000    0.000000
   79  1    0.631694    1.000000    0.000000
   80  1    0.633265    1.000000    0.000000
   81  1    0.733064    1.000000    0.000000
   82  1    0.734855    1.000000    0.000000
   83  1    0.787002    1.000000    0.000000
   84  1    0.789055    1.000000    0.000000
   85  1    1.095882    1.000000    0.000000
   86  1    1.097168    1.000000    0.000000
   87  2    1.115139    2.000000    0.000000
   89  1    1.227130    1.000000    0.000000
   90  1    1.228374    1.000000    0.000000
   91  1    1.237614    1.000000    0.000000
   92  1    1.238803    1.000000    0.000000
   93  2    1.366803    2.000000    0.000000
   95  2    1.406754    2.000000    0.000000
   97  2    1.615531    2.000000    0.000000
   99  2    1.700032    2.000000    0.000000
  101  2    1.809122    2.000000    0.000000
  103  2    1.906663    2.000000    0.000000
  105  2    2.947988    2.000000    0.000000
  107  2    2.974393    2.000000    0.000000
  109  1    3.140633    1.000000    0.000000
  110  1    3.143351    1.000000    0.000000
  111  1    3.145174    1.000000    0.000000
  112  1    3.147698    1.000000    0.000000
  113  2    3.366039    2.000000    0.000000
  115  2    3.412506    2.000000    0.000000
  117  1    5.241323    1.000000    0.000000
  118  1    5.242771    1.000000    0.000000
  119  2    5.267706    2.000000    0.000000
  121  1    5.404135    1.000000    0.000000
  122  1    5.405180    1.000000    0.000000
  123  1    5.435231    1.000000    0.000000
  124  1    5.436294    1.000000    0.000000
  125  1    5.688620    1.000000    0.000000
  126  1    5.691892    1.000000    0.000000
  127  1    5.697204    1.000000    0.000000
  128  1    5.699088    1.000000    0.000000
  129  1    5.774721    1.000000    0.000000
  130  1    5.777562    1.000000    0.000000
  131  1    5.792393    1.000000    0.000000
  132  1    5.794530    1.000000    0.000000
  133  1    5.891645    1.000000    0.000000
  134  1    5.894241    1.000000    0.000000
  135  1    5.910974    1.000000    0.000000
  136  1    5.913235    1.000000    0.000000
  137  2    6.812282    2.000000    0.000000
  139  2    6.844230    2.000000    0.000000
  141  1    7.038650    1.000000    0.000000
  142  1    7.040464    1.000000    0.000000
  143  1    7.183595    1.000000    0.000000
  144  1    7.184931    1.000000    0.000000
  145  2    7.902956    2.000000    0.000000
  147  2    7.986349    2.000000    0.000000
  149  2    9.167400    2.000000    0.000000
  151  2    9.203086    2.000000    0.000000
  153  2    9.615743    2.000000    0.000000
  155  2    9.655776    2.000000    0.000000
  157  2    9.706751    2.000000    0.000000
  159  2    9.761722    2.000000    0.000000
  161  1    9.902227    1.000000    0.000000
  162  1    9.903704    1.000000    0.000000
  163  2    9.989566    2.000000    0.000000
  165  2   10.446595    2.000000    0.000000
  167  2   10.463251    2.000000    0.000000
  169  1   10.673795    1.000000    0.000000
  170  1   10.675109    1.000000    0.000000
  171  1   10.687267    1.000000    0.000000
  172  1   10.689101    1.000000    0.000000
  173  2   10.919253    2.000000    0.000000
  175  2   11.146043    2.000000    0.000000
  177  2   11.613498    2.000000    0.000000
  179  2   11.619188    2.000000    0.000000
  181  2   11.825132    2.000000    0.000000
  183  2   11.889032    2.000000    0.000000
  185  2   11.990130    2.000000    0.000000
  187  1   12.094878    1.000000    0.000000
  188  1   12.095890    1.000000    0.000000
  189  1   12.132162    1.000000    0.000000
  190  1   12.133809    1.000000    0.000000
  191  1   12.169527    1.000000    0.000000
  192  1   12.170905    1.000000    0.000000
  193  1   12.500530    1.000000    0.000000
  194  1   12.501684    1.000000    0.000000
  195  2   12.682457    2.000000    0.000000
  197  2   12.727871    2.000000    0.000000
  199  2   12.836976    2.000000    0.000000
  201  1   13.110516    1.000000    0.000000
  202  1   13.115655    1.000000    0.000000
  203  1   13.120976    1.000000    0.000000
  204  1   13.127147    1.000000    0.000000
  205  1   13.211115    1.000000    0.000000
  206  1   13.549044    1.000000    0.000000
  207  1   14.002172    1.000000    0.000000
  208  1   14.249864    1.000000    0.000000
  1
    1
    1  2  -40.737769    2.000000    0.000000
    3  2  -40.731619    2.000000    0.000000
    5  3  -40.345194    3.000000    0.000000
    8  1  -40.343921    1.000000    0.000000
    9  2  -39.977002    2.000000    0.000000
   11  2  -39.970483    2.000000    0.000000
   13  1  -38.048085    1.000000    0.000000
   14  1  -38.045043    1.000000    0.000000
   15  2  -38.036675    2.000000    0.000000
   17  1  -37.732520    1.000000    0.000000
   18  1  -37.729825    1.000000    0.000000
   19  2  -37.724219    2.000000    0.000000
   21  1  -37.473695    1.000000    0.000000
   22  1  -37.470610    1.000000    0.000000
   23  2  -37.461942    2.000000    0.000000
   25  1  -23.468997    1.000000    0.000000
   26  2  -23.467393    2.000000    0.000000
   28  1  -23.465522    1.000000    0.000000
   29  2  -10.005328    2.000000    0.000000
   31  2   -9.982197    2.000000    0.000000
   33  1   -8.809262    1.000000    0.000000
   34  1   -8.807975    1.000000    0.000000
   35  1   -8.804159    1.000000    0.000000
   36  1   -8.802698    1.000000    0.000000
   37  2   -8.709639    2.000000    0.000000
   39  2   -8.701107    2.000000    0.000000
   41  2   -8.219317    2.000000    0.000000
   43  2   -8.212104    2.000000    0.000000
   45  1   -7.920513    1.000000    0.000000
   46  2   -7.919043    2.000000    0.000000
   48  1   -7.916696    1.000000    0.000000
   49  1   -7.196897    1.000000    0.000000
   50  2   -7.195489    2.000000    0.000000
   52  1   -7.193860    1.000000    0.000000
   53  1   -6.896431    1.000000    0.000000
   54  2   -6.895004    2.000000    0.000000
   56  1   -6.893417    1.000000    0.000000
   57  2   -1.314989    2.000000    0.000000
   59  2   -1.142333    2.000000    0.000000
   61  2   -0.927988    2.000000    0.000000
   63  2   -0.759865    2.000000    0.000000
   65  2   -0.475761    2.000000    0.000000
   67  2   -0.444627    2.000000    0.000000
   69  2    0.201210    2.000000    0.000000
   71  1    0.296901    1.000000    0.000000
   72  1    0.297919    1.000000    0.000000
   73  2    0.405983    2.000000    0.000000
   75  2    0.487552    2.000000    0.000000
   77  2    0.549971    2.000000    0.000000
   79  2    0.644423    2.000000    0.000000
   81  1    0.987398    1.000000    0.000000
   82  1    0.992576    1.000000    0.000000
   83  1    1.007845    1.000000    0.000000
   84  1    1.011651    1.000000    0.000000
   85  1    1.701366    1.000000    0.000000
   86  1    1.703473    1.000000    0.000000
   87  1    1.706318    1.000000    0.000000
   88  1    1.709489    1.000000    0.000000
   89  2    1.804774    2.000000    0.000000
   91  2    1.920368    2.000000    0.000000
   93  2    2.161618    2.000000    0.000000
   95  2    2.407042    2.000000    0.000000
   97  2    2.441190    2.000000    0.000000
   99  2    2.473128    2.000000    0.000000
  101  1    2.689885    1.000000    0.000000
  102  1    2.692010    1.000000    0.000000
  103  1    2.777985    1.000000    0.000000
  104  1    2.780179    1.000000    0.000000
  105  2    2.906594    2.000000    0.000000
  107  1    2.931544    1.000000    0.000000
  108  1    2.934336    1.000000    0.000000
  109  2    3.271076    2.000000    0.000000
  111  2    3.373102    2.000000    0.000000
  113  1    3.845130    1.000000    0.000000
  114  1    3.846426    1.000000    0.000000
  115  2    4.009291    2.000000    0.000000
  117  1    4.706279    1.000000    0.000000
  118  1    4.707319    1.000000    0.000000
  119  2    4.873649    2.000000    0.000000
  121  2    5.327343    2.000000    0.000000
  123  2    5.405696    2.000000    0.000000
  125  2    5.453546    2.000000    0.000000
  127  2    5.716886    2.000000    0.000000
  129  2    5.828273    2.000000    0.000000
  131  1    5.926365    1.000000    0.000000
  132  1    5.927454    1.000000    0.000000
  133  1    6.144034    1.000000    0.000000
  134  1    6.145782    1.000000    0.000000
  135  2    6.237340    2.000000    0.000000
  137  2    6.708878    2.000000    0.000000
  139  1    6.774236    1.000000    0.000000
  140  1    6.775296    1.000000    0.000000
  141  1    7.035091    1.000000    0.000000
  142  1    7.037403    1.000000    0.000000
  143  2    7.166011    2.000000    0.000000
  145  2    7.315582    2.000000    0.000000
  147  2    7.414973    2.000000    0.000000
  149  2    8.684968    2.000000    0.000000
  151  2    8.718581    2.000000    0.000000
  153  2    9.175638    2.000000    0.000000
  155  2    9.197050    2.000000    0.000000
  157  1    9.662041    1.000000    0.000000
  158  3    9.663198    3.000000    0.000000
  161  1   10.237564    1.000000    0.000000
  162  1   10.238863    1.000000    0.000000
  163  1   10.272932    1.000000    0.000000
  164  1   10.274225    1.000000    0.000000
  165  2   10.385129    2.000000    0.000000
  167  2   10.419350    2.000000    0.000000
  169  2   10.712758    2.000000    0.000000
  171  1   10.927734    1.000000    0.000000
  172  1   10.928753    1.000000    0.000000
  173  2   10.970647    2.000000    0.000000
  175  2   11.138129    2.000000    0.000000
  177  2   11.811319    2.000000    0.000000
  179  2   11.869590    2.000000    0.000000
  181  2   12.038776    2.000000    0.000000
  183  2   12.100234    2.000000    0.000000
  185  2   12.518651    2.000000    0.000000
  187  1   12.565431    1.000000    0.000000
  188  1   12.566642    1.000000    0.000000
  189  2   12.607121    2.000000    0.000000
  191  1   12.635607    1.000000    0.000000
  192  1   12.637296    1.000000    0.000000
  193  1   12.709507    1.000000    0.000000
  194  1   12.711460    1.000000    0.000000
  195  1   12.728266    1.000000    0.000000
  196  1   12.729712    1.000000    0.000000
  197  1   13.111022    1.000000    0.000000
  198  1   13.114843    1.000000    0.000000
  199  1   13.131569    1.000000    0.000000
  200  1   13.139606    1.000000    0.000000
  201  1   13.203575    1.000000    0.000000
  202  1   13.209725    1.000000    0.000000
  203  1   13.295746    1.000000    0.000000
  204  1   13.300220    1.000000    0.000000
  205  1   13.377021    1.000000    0.000000
  206  1   13.474057    1.000000    0.000000
  207  1   13.566141    1.000000    0.000000
  208  1   13.696486    1.000000    0.000000
  1
    1
    1  3  -40.742741    3.000000    0.000000
    4  1  -40.741593    1.000000    0.000000
    5  3  -40.344656    3.000000    0.000000
    8  1  -40.343238    1.000000    0.000000
    9  3  -39.983444    3.000000    0.000000
   12  1  -39.982063    1.000000    0.000000
   13  1  -38.055894    1.000000    0.000000
   14  1  -38.052323    1.000000    0.000000
   15  2  -38.047155    2.000000    0.000000
   17  1  -37.731595    1.000000    0.000000
   18  1  -37.728889    1.000000    0.000000
   19  2  -37.723277    2.000000    0.000000
   21  1  -37.483141    1.000000    0.000000
   22  1  -37.479511    1.000000    0.000000
   23  2  -37.474115    2.000000    0.000000
   25  1  -23.343514    1.000000    0.000000
   26  2  -23.341904    2.000000    0.000000
   28  1  -23.340150    1.000000    0.000000
   29  2   -8.766911    2.000000    0.000000
   31  2   -8.762038    2.000000    0.000000
   33  1   -8.595535    1.000000    0.000000
   34  1   -8.593668    1.000000    0.000000
   35  1   -8.582396    1.000000    0.000000
   36  1   -8.580999    1.000000    0.000000
   37  2   -8.482224    2.000000    0.000000
   39  1   -8.471930    1.000000    0.000000
   40  1   -8.470536    1.000000    0.000000
   41  2   -8.276958    2.000000    0.000000
   43  2   -8.264788    2.000000    0.000000
   45  1   -8.073905    1.000000    0.000000
   46  1   -8.072805    1.000000    0.000000
   47  1   -8.067514    1.000000    0.000000
   48  1   -8.066353    1.000000    0.000000
   49  1   -7.447292    1.000000    0.000000
   50  2   -7.445914    2.000000    0.000000
   52  1   -7.444303    1.000000    0.000000
   53  2   -7.088338    2.000000    0.000000
   55  1   -7.086806    1.000000    0.000000
   56  1   -7.085776    1.000000    0.000000
   57  2   -1.587196    2.000000    0.000000
   59  2   -1.525251    2.000000    0.000000
   61  2   -1.396967    2.000000    0.000000
   63  2   -1.340160    2.000000    0.000000
   65  1   -0.636259    1.000000    0.000000
   66  1   -0.635243    1.000000    0.000000
   67  2   -0.615701    2.000000    0.000000
   69  2   -0.547703    2.000000    0.000000
   71  2   -0.537804    2.000000    0.000000
   73  2    0.362268    2.000000    0.000000
   75  2    0.456637    2.000000    0.000000
   77  1    0.575072    1.000000    0.000000
   78  1    0.576193    1.000000    0.000000
   79  1    0.631463    1.000000    0.000000
   80  1    0.633072    1.000000    0.000000
   81  1    0.733640    1.000000    0.000000
   82  1    0.735340    1.000000    0.000000
   83  1    0.786589    1.000000    0.000000
   84  1    0.788653    1.000000    0.000000
   85  1    1.096166    1.000000    0.000000
   86  1    1.097517    1.000000    0.000000
   87  2    1.114797    2.000000    0.000000
   89  1    1.227039    1.000000    0.000000
   90  1    1.228272    1.000000    0.000000
   91  1    1.237788    1.000000    0.000000
   92  1    1.238959    1.000000    0.000000
   93  2    1.366014    2.000000    0.000000
   95  2    1.407568    2.000000    0.000000
   97  2    1.615473    2.000000    0.000000
   99  2    1.699927    2.000000    0.000000
  101  2    1.809182    2.000000    0.000000
  103  2    1.906533    2.000000    0.000000
  105  2    2.947843    2.000000    0.000000
  107  2    2.974515    2.000000    0.000000
  109  1    3.140661    1.000000    0.000000
  110  1    3.143537    1.000000    0.000000
  111  1    3.144939    1.000000    0.000000
  112  1    3.147620    1.000000    0.000000
  113  2    3.365544    2.000000    0.000000
  115  2    3.413062    2.000000    0.000000
  117  1    5.241088    1.000000    0.000000
  118  1    5.242557    1.000000    0.000000
  119  2    5.267733    2.000000    0.000000
  121  1    5.403840    1.000000    0.000000
  122  1    5.404908    1.000000    0.000000
  123  1    5.435584    1.000000    0.000000
  124  1    5.436761    1.000000    0.000000
  125  1    5.688913    1.000000    0.000000
  126  1    5.692113    1.000000    0.000000
  127  1    5.697320    1.000000    0.000000
  128  1    5.698460    1.000000    0.000000
  129  1    5.774722    1.000000    0.000000
  130  1    5.777586    1.000000    0.000000
  131  1    5.792218    1.000000    0.000000
  132  1    5.794473    1.000000    0.000000
  133  1    5.891812    1.000000    0.000000
  134  1    5.894610    1.000000    0.000000
  135  1    5.910785    1.000000    0.000000
  136  1    5.913243    1.000000    0.000000
  137  2    6.812427    2.000000    0.000000
  139  2    6.844241    2.000000    0.000000
  141  1    7.038376    1.000000    0.000000
  142  1    7.040198    1.000000    0.000000
  143  1    7.183920    1.000000    0.000000
  144  1    7.185259    1.000000    0.000000
  145  2    7.902974    2.000000    0.000000
  147  2    7.986187    2.000000    0.000000
  149  2    9.167213    2.000000    0.000000
  151  1    9.202929    1.000000    0.000000
  152  1    9.203961    1.000000    0.000000
  153  2    9.615801    2.000000    0.000000
  155  2    9.655632    2.000000    0.000000
  157  2    9.706894    2.000000    0.000000
  159  2    9.761824    2.000000    0.000000
  161  1    9.902665    1.000000    0.000000
  162  1    9.904211    1.000000    0.000000
  163  2    9.990135    2.000000    0.000000
  165  2   10.446272    2.000000    0.000000
  167  2   10.462902    2.000000    0.000000
  169  1   10.673955    1.000000    0.000000
  170  1   10.675143    1.000000    0.000000
  171  1   10.687579    1.000000    0.000000
  172  1   10.689210    1.000000    0.000000
  173  2   10.919256    2.000000    0.000000
  175  2   11.145764    2.000000    0.000000
  177  2   11.614021    2.000000    0.000000
  179  2   11.619850    2.000000    0.000000
  181  2   11.823987    2.000000    0.000000
  183  2   11.888340    2.000000    0.000000
  185  2   11.989701    2.000000    0.000000
  187  2   12.095200    2.000000    0.000000
  189  1   12.131320    1.000000    0.000000
  190  1   12.133244    1.000000    0.000000
  191  1   12.169965    1.000000    0.000000
  192  1   12.171117    1.000000    0.000000
  193  2   12.500612    2.000000    0.000000
  195  1   12.682701    1.000000    0.000000
  196  1   12.683766    1.000000    0.000000
  197  2   12.727786    2.000000    0.000000
  199  2   12.836927    2.000000    0.000000
  201  1   13.110003    1.000000    0.000000
  202  1   13.117508    1.000000    0.000000
  203  1   13.124486    1.000000    0.000000
  204  1   13.126481    1.000000    0.000000
  205  1   13.236606    1.000000    0.000000
  206  1   13.694766    1.000000    0.000000
  207  1   14.042995    1.000000    0.000000
  208  1   14.236821    1.000000    0.000000
  1
    1
    1  3  -40.742742    3.000000    0.000000
    4  1  -40.741589    1.000000    0.000000
    5  3  -40.344651    3.000000    0.000000
    8  1  -40.343241    1.000000    0.000000
    9  3  -39.983444    3.000000    0.000000
   12  1  -39.982060    1.000000    0.000000
   13  1  -38.055894    1.000000    0.000000
   14  1  -38.052323    1.000000    0.000000
   15  2  -38.047153    2.000000    0.000000
   17  1  -37.731595    1.000000    0.000000
   18  1  -37.728890    1.000000    0.000000
   19  2  -37.723278    2.000000    0.000000
   21  1  -37.483141    1.000000    0.000000
   22  1  -37.479512    1.000000    0.000000
   23  2  -37.474115    2.000000    0.000000
   25  1  -23.343516    1.000000    0.000000
   26  2  -23.341961    2.000000    0.000000
   28  1  -23.340147    1.000000    0.000000
   29  2   -8.798282    2.000000    0.000000
   31  2   -8.731836    2.000000    0.000000
   33  2   -8.631738    2.000000    0.000000
   35  1   -8.512675    1.000000    0.000000
   36  1   -8.511499    1.000000    0.000000
   37  1   -8.493882    1.000000    0.000000
   38  1   -8.492283    1.000000    0.000000
   39  2   -8.465576    2.000000    0.000000
   41  2   -8.343739    2.000000    0.000000
   43  2   -8.209397    2.000000    0.000000
   45  2   -8.100867    2.000000    0.000000
   47  2   -8.052963    2.000000    0.000000
   49  2   -7.449227    2.000000    0.000000
   51  2   -7.443254    2.000000    0.000000
   53  2   -7.093606    2.000000    0.000000
   55  2   -7.080054    2.000000    0.000000
   57  2   -1.831666    2.000000    0.000000
   59  2   -1.765198    2.000000    0.000000
   61  2   -0.791797    2.000000    0.000000
   63  2   -0.757537    2.000000    0.000000
   65  1   -0.747674    1.000000    0.000000
   66  1   -0.746604    1.000000    0.000000
   67  1   -0.701835    1.000000    0.000000
   68  1   -0.700691    1.000000    0.000000
   69  2   -0.658567    2.000000    0.000000
   71  2   -0.587394    2.000000    0.000000
   73  2    0.197629    2.000000    0.000000
   75  2    0.250844    2.000000    0.000000
   77  2    0.416453    2.000000    0.000000
   79  2    0.524064    2.000000    0.000000
   81  2    0.663107    2.000000    0.000000
   83  2    0.743670    2.000000    0.000000
   85  2    0.984218    2.000000    0.000000
   87  2    1.028629    2.000000    0.000000
   89  2    1.166267    2.000000    0.000000
   91  2    1.208987    2.000000    0.000000
   93  2    1.375702    2.000000    0.000000
   95  2    1.549921    2.000000    0.000000
   97  2    1.706917    2.000000    0.000000
   99  2    1.899761    2.000000    0.000000
  101  2    2.073722    2.000000    0.000000
  103  2    2.095481    2.000000    0.000000
  105  2    2.945647    2.000000    0.000000
  107  2    3.010390    2.000000    0.000000
  109  2    3.120947    2.000000    0.000000
  111  2    3.127352    2.000000    0.000000
  113  2    3.309988    2.000000    0.000000
  115  2    3.345854    2.000000    0.000000
  117  2    5.188301    2.000000    0.000000
  119  2    5.285658    2.000000    0.000000
  121  2    5.363082    2.000000    0.000000
  123  2    5.440276    2.000000    0.000000
  125  1    5.565623    1.000000    0.000000
  126  1    5.566905    1.000000    0.000000
  127  1    5.600152    1.000000    0.000000
  128  1    5.601522    1.000000    0.000000
  129  1    5.754282    1.000000    0.000000
  130  1    5.755833    1.000000    0.000000
  131  2    5.780837    2.000000    0.000000
  133  2    5.936645    2.000000    0.000000
  135  2    6.074671    2.000000    0.000000
  137  1    6.892967    1.000000    0.000000
  138  1    6.894429    1.000000    0.000000
  139  2    7.002550    2.000000    0.000000
  141  2    7.069873    2.000000    0.000000
  143  1    7.241740    1.000000    0.000000
  144  1    7.243643    1.000000    0.000000
  145  2    7.609492    2.000000    0.000000
  147  2    8.417706    2.000000    0.000000
  149  2    8.953993    2.000000    0.000000
  151  2    9.337111    2.000000    0.000000
  153  2    9.375770    2.000000    0.000000
  155  2    9.485755    2.000000    0.000000
  157  2    9.628699    2.000000    0.000000
  159  2    9.664912    2.000000    0.000000
  161  2    9.672200    2.000000    0.000000
  163  2    9.725002    2.000000    0.000000
  165  2   10.187843    2.000000    0.000000
  167  2   10.377993    2.000000    0.000000
  169  2   10.610332    2.000000    0.000000
  171  2   11.039033    2.000000    0.000000
  173  2   11.063042    2.000000    0.000000
  175  2   11.392033    2.000000    0.000000
  177  2   11.443681    2.000000    0.000000
  179  2   11.516066    2.000000    0.000000
  181  1   11.571753    1.000000    0.000000
  182  1   11.572978    1.000000    0.000000
  183  2   11.766973    2.000000    0.000000
  185  2   12.056260    2.000000    0.000000
  187  2   12.158161    2.000000    0.000000
  189  2   12.208012    2.000000    0.000000
  191  2   12.637195    2.000000    0.000000
  193  2   12.773304    2.000000    0.000000
  195  1   12.980893    1.000000    0.000000
  196  1   12.982315    1.000000    0.000000
  197  1   13.085494    1.000000    0.000000
  198  1   13.087354    1.000000    0.000000
  199  1   13.289576    1.000000    0.000000
  200  1   13.319268    1.000000    0.000000
  201  1   13.347188    1.000000    0.000000
  202  1   13.369952    1.000000    0.000000
  203  1   13.425783    1.000000    0.000000
  204  1   13.596030    1.000000    0.000000
  205  1   13.725360    1.000000    0.000000
  206  1   13.824298    1.000000    0.000000
  207  1   13.869959    1.000000    0.000000
  208  1   14.084016    1.000000    0.000000
  1
    1
    1  3  -40.742742    3.000000    0.000000
    4  1  -40.741590    1.000000    0.000000
    5  3  -40.344653    3.000000    0.000000
    8  1  -40.343238    1.000000    0.000000
    9  3  -39.983444    3.000000    0.000000
   12  1  -39.982061    1.000000    0.000000
   13  1  -38.055894    1.000000    0.000000
   14  1  -38.052323    1.000000    0.000000
   15  2  -38.047153    2.000000    0.000000
   17  1  -37.731595    1.000000    0.000000
   18  1  -37.728890    1.000000    0.000000
   19  2  -37.723277    2.000000    0.000000
   21  1  -37.483141    1.000000    0.000000
   22  1  -37.479511    1.000000    0.000000
   23  2  -37.474115    2.000000    0.000000
   25  1  -23.343516    1.000000    0.000000
   26  2  -23.341961    2.000000    0.000000
   28  1  -23.340147    1.000000    0.000000
   29  2   -8.798435    2.000000    0.000000
   31  2   -8.731794    2.000000    0.000000
   33  2   -8.631553    2.000000    0.000000
   35  1   -8.512635    1.000000    0.000000
   36  1   -8.511481    1.000000    0.000000
   37  1   -8.493828    1.000000    0.000000
   38  1   -8.492228    1.000000    0.000000
   39  2   -8.465975    2.000000    0.000000
   41  2   -8.343286    2.000000    0.000000
   43  2   -8.209449    2.000000    0.000000
   45  2   -8.100970    2.000000    0.000000
   47  2   -8.052993    2.000000    0.000000
   49  2   -7.449228    2.000000    0.000000
   51  2   -7.443266    2.000000    0.000000
   53  2   -7.093607    2.000000    0.000000
   55  2   -7.080060    2.000000    0.000000
   57  2   -1.831685    2.000000    0.000000
   59  2   -1.765152    2.000000    0.000000
   61  2   -0.791650    2.000000    0.000000
   63  2   -0.757577    2.000000    0.000000
   65  1   -0.747757    1.000000    0.000000
   66  1   -0.746671    1.000000    0.000000
   67  1   -0.702096    1.000000    0.000000
   68  1   -0.700941    1.000000    0.000000
   69  2   -0.658665    2.000000    0.000000
   71  2   -0.587108    2.000000    0.000000
   73  2    0.197743    2.000000    0.000000
   75  2    0.250826    2.000000    0.000000
   77  2    0.416562    2.000000    0.000000
   79  2    0.524078    2.000000    0.000000
   81  2    0.663187    2.000000    0.000000
   83  2    0.743557    2.000000    0.000000
   85  2    0.984421    2.000000    0.000000
   87  2    1.028509    2.000000    0.000000
   89  2    1.165514    2.000000    0.000000
   91  2    1.209523    2.000000    0.000000
   93  2    1.375767    2.000000    0.000000
   95  2    1.549673    2.000000    0.000000
   97  2    1.707116    2.000000    0.000000
   99  2    1.899545    2.000000    0.000000
  101  2    2.074770    2.000000    0.000000
  103  2    2.094463    2.000000    0.000000
  105  2    2.945547    2.000000    0.000000
  107  2    3.010440    2.000000    0.000000
  109  2    3.120858    2.000000    0.000000
  111  2    3.127463    2.000000    0.000000
  113  2    3.310484    2.000000    0.000000
  115  2    3.345327    2.000000    0.000000
  117  2    5.187875    2.000000    0.000000
  119  2    5.286088    2.000000    0.000000
  121  2    5.362329    2.000000    0.000000
  123  2    5.441030    2.000000    0.000000
  125  1    5.565811    1.000000    0.000000
  126  1    5.567181    1.000000    0.000000
  127  1    5.599854    1.000000    0.000000
  128  1    5.601137    1.000000    0.000000
  129  1    5.754469    1.000000    0.000000
  130  1    5.755995    1.000000    0.000000
  131  2    5.780729    2.000000    0.000000
  133  2    5.936152    2.000000    0.000000
  135  2    6.075315    2.000000    0.000000
  137  1    6.893060    1.000000    0.000000
  138  1    6.894646    1.000000    0.000000
  139  2    7.001975    2.000000    0.000000
  141  2    7.069785    2.000000    0.000000
  143  1    7.242011    1.000000    0.000000
  144  1    7.243920    1.000000    0.000000
  145  2    7.609992    2.000000    0.000000
  147  2    8.417071    2.000000    0.000000
  149  2    8.953754    2.000000    0.000000
  151  2    9.337699    2.000000    0.000000
  153  2    9.376011    2.000000    0.000000
  155  2    9.486301    2.000000    0.000000
  157  2    9.629271    2.000000    0.000000
  159  2    9.664897    2.000000    0.000000
  161  2    9.672236    2.000000    0.000000
  163  2    9.725024    2.000000    0.000000
  165  2   10.186730    2.000000    0.000000
  167  2   10.377656    2.000000    0.000000
  169  2   10.610559    2.000000    0.000000
  171  2   11.038952    2.000000    0.000000
  173  2   11.062778    2.000000    0.000000
  175  2   11.391780    2.000000    0.000000
  177  2   11.444316    2.000000    0.000000
  179  2   11.516345    2.000000    0.000000
  181  1   11.571759    1.000000    0.000000
  182  1   11.573001    1.000000    0.000000
  183  2   11.766671    2.000000    0.000000
  185  2   12.057025    2.000000    0.000000
  187  2   12.157575    2.000000    0.000000
  189  2   12.208388    2.000000    0.000000
  191  2   12.636789    2.000000    0.000000
  193  2   12.774142    2.000000    0.000000
  195  2   12.980530    2.000000    0.000000
  197  1   13.086217    1.000000    0.000000
  198  1   13.087760    1.000000    0.000000
  199  1   13.299345    1.000000    0.000000
  200  1   13.318707    1.000000    0.000000
  201  1   13.359063    1.000000    0.000000
  202  1   13.361786    1.000000    0.000000
  203  1   13.621040    1.000000    0.000000
  204  1   13.719195    1.000000    0.000000
  205  1   13.811154    1.000000    0.000000
  206  1   13.862501    1.000000    0.000000
  207  1   13.948246    1.000000    0.000000
  208  1   14.057202    1.000000    0.000000
  1
    1
    1  2  -40.737767    2.000000    0.000000
    3  2  -40.731621    2.000000    0.000000
    5  3  -40.345191    3.000000    0.000000
    8  1  -40.343919    1.000000    0.000000
    9  2  -39.977001    2.000000    0.000000
   11  2  -39.970484    2.000000    0.000000
   13  1  -38.048084    1.000000    0.000000
   14  1  -38.045043    1.000000    0.000000
   15  2  -38.036674    2.000000    0.000000
   17  1  -37.732521    1.000000    0.000000
   18  1  -37.729826    1.000000    0.000000
   19  2  -37.724221    2.000000    0.000000
   21  1  -37.473696    1.000000    0.000000
   22  1  -37.470611    1.000000    0.000000
   23  2  -37.461941    2.000000    0.000000
   25  1  -23.469000    1.000000    0.000000
   26  2  -23.467442    2.000000    0.000000
   28  1  -23.465518    1.000000    0.000000
   29  2  -10.190004    2.000000    0.000000
   31  2   -9.536551    2.000000    0.000000
   33  2   -9.366099    2.000000    0.000000
   35  2   -8.783731    2.000000    0.000000
   37  2   -8.689983    2.000000    0.000000
   39  2   -8.345536    2.000000    0.000000
   41  2   -8.283440    2.000000    0.000000
   43  2   -8.246966    2.000000    0.000000
   45  2   -7.917779    2.000000    0.000000
   47  1   -7.914142    1.000000    0.000000
   48  1   -7.913129    1.000000    0.000000
   49  2   -7.208460    2.000000    0.000000
   51  2   -7.177325    2.000000    0.000000
   53  2   -6.899234    2.000000    0.000000
   55  2   -6.888840    2.000000    0.000000
   57  2   -1.747146    2.000000    0.000000
   59  2   -1.015018    2.000000    0.000000
   61  2   -0.716012    2.000000    0.000000
   63  2   -0.638429    2.000000    0.000000
   65  2   -0.537589    2.000000    0.000000
   67  2   -0.111992    2.000000    0.000000
   69  2   -0.088019    2.000000    0.000000
   71  2    0.406931    2.000000    0.000000
   73  2    0.476574    2.000000    0.000000
   75  2    0.508956    2.000000    0.000000
   77  1    0.543245    1.000000    0.000000
   78  1    0.544441    1.000000    0.000000
   79  1    0.999759    1.000000    0.000000
   80  1    1.005892    1.000000    0.000000
   81  1    1.013809    1.000000    0.000000
   82  1    1.018692    1.000000    0.000000
   83  2    1.083154    2.000000    0.000000
   85  2    1.098855    2.000000    0.000000
   87  1    1.688956    1.000000    0.000000
   88  1    1.690157    1.000000    0.000000
   89  1    1.717207    1.000000    0.000000
   90  1    1.718335    1.000000    0.000000
   91  2    1.785294    2.000000    0.000000
   93  2    1.863191    2.000000    0.000000
   95  2    2.215958    2.000000    0.000000
   97  2    2.377071    2.000000    0.000000
   99  1    2.645808    1.000000    0.000000
  100  1    2.648396    1.000000    0.000000
  101  1    2.726817    1.000000    0.000000
  102  1    2.728633    1.000000    0.000000
  103  2    2.769977    2.000000    0.000000
  105  1    3.230746    1.000000    0.000000
  106  1    3.231905    1.000000    0.000000
  107  1    3.248977    1.000000    0.000000
  108  1    3.251937    1.000000    0.000000
  109  2    3.283945    2.000000    0.000000
  111  2    3.574024    2.000000    0.000000
  113  2    3.658437    2.000000    0.000000
  115  1    3.980730    1.000000    0.000000
  116  1    3.982243    1.000000    0.000000
  117  1    4.684492    1.000000    0.000000
  118  1    4.685587    1.000000    0.000000
  119  2    4.915881    2.000000    0.000000
  121  2    5.095475    2.000000    0.000000
  123  2    5.384769    2.000000    0.000000
  125  2    5.424170    2.000000    0.000000
  127  1    5.769428    1.000000    0.000000
  128  1    5.770734    1.000000    0.000000
  129  2    5.796746    2.000000    0.000000
  131  2    5.949208    2.000000    0.000000
  133  2    6.056034    2.000000    0.000000
  135  2    6.309967    2.000000    0.000000
  137  1    6.612612    1.000000    0.000000
  138  1    6.613855    1.000000    0.000000
  139  1    7.028922    1.000000    0.000000
  140  1    7.031181    1.000000    0.000000
  141  2    7.100233    2.000000    0.000000
  143  2    7.155696    2.000000    0.000000
  145  2    7.190530    2.000000    0.000000
  147  2    7.626913    2.000000    0.000000
  149  2    8.506318    2.000000    0.000000
  151  1    9.040250    1.000000    0.000000
  152  1    9.042016    1.000000    0.000000
  153  2    9.050218    2.000000    0.000000
  155  2    9.209366    2.000000    0.000000
  157  2    9.654781    2.000000    0.000000
  159  2    9.663333    2.000000    0.000000
  161  2    9.760349    2.000000    0.000000
  163  2   10.293683    2.000000    0.000000
  165  2   10.366436    2.000000    0.000000
  167  2   10.465797    2.000000    0.000000
  169  2   10.742432    2.000000    0.000000
  171  2   10.878651    2.000000    0.000000
  173  2   10.892636    2.000000    0.000000
  175  2   11.060240    2.000000    0.000000
  177  2   11.462783    2.000000    0.000000
  179  2   12.156451    2.000000    0.000000
  181  2   12.186114    2.000000    0.000000
  183  2   12.192468    2.000000    0.000000
  185  2   12.232518    2.000000    0.000000
  187  2   12.446426    2.000000    0.000000
  189  2   12.673323    2.000000    0.000000
  191  2   12.745700    2.000000    0.000000
  193  2   12.776986    2.000000    0.000000
  195  2   12.808956    2.000000    0.000000
  197  2   13.068591    2.000000    0.000000
  199  1   13.451503    1.000000    0.000000
  200  1   13.535088    1.000000    0.000000
  201  1   13.542767    1.000000    0.000000
  202  1   13.547661    1.000000    0.000000
  203  1   13.560810    1.000000    0.000000
  204  1   13.565296    1.000000    0.000000
  205  1   13.694090    1.000000    0.000000
  206  1   13.718623    1.000000    0.000000
  207  1   13.765824    1.000000    0.000000
  208  1   13.820362    1.000000    0.000000
  1
    1
    1  2  -40.737768    2.000000    0.000000
    3  2  -40.731625    2.000000    0.000000
    5  3  -40.345199    3.000000    0.000000
    8  1  -40.343919    1.000000    0.000000
    9  2  -39.977000    2.000000    0.000000
   11  2  -39.970487    2.000000    0.000000
   13  1  -38.048089    1.000000    0.000000
   14  1  -38.045047    1.000000    0.000000
   15  2  -38.036680    2.000000    0.000000
   17  1  -37.732526    1.000000    0.000000
   18  1  -37.729830    1.000000    0.000000
   19  2  -37.724224    2.000000    0.000000
   21  1  -37.473698    1.000000    0.000000
   22  1  -37.470613    1.000000    0.000000
   23  2  -37.461946    2.000000    0.000000
   25  1  -23.469004    1.000000    0.000000
   26  2  -23.467400    2.000000    0.000000
   28  1  -23.465529    1.000000    0.000000
   29  2   -9.952337    2.000000    0.000000
   31  2   -9.928374    2.000000    0.000000
   33  2   -8.863451    2.000000    0.000000
   35  2   -8.851077    2.000000    0.000000
   37  1   -8.771557    1.000000    0.000000
   38  1   -8.770399    1.000000    0.000000
   39  1   -8.763065    1.000000    0.000000
   40  1   -8.761919    1.000000    0.000000
   41  2   -8.339387    2.000000    0.000000
   43  2   -8.325448    2.000000    0.000000
   45  1   -7.833887    1.000000    0.000000
   46  1   -7.832439    1.000000    0.000000
   47  1   -7.828912    1.000000    0.000000
   48  1   -7.827393    1.000000    0.000000
   49  1   -7.101515    1.000000    0.000000
   50  1   -7.099980    1.000000    0.000000
   51  1   -7.098881    1.000000    0.000000
   52  1   -7.097283    1.000000    0.000000
   53  1   -6.857217    1.000000    0.000000
   54  2   -6.855643    2.000000    0.000000
   56  1   -6.853078    1.000000    0.000000
   57  2   -1.362178    2.000000    0.000000
   59  2   -1.262479    2.000000    0.000000
   61  2   -0.995852    2.000000    0.000000
   63  2   -0.867520    2.000000    0.000000
   65  2   -0.561780    2.000000    0.000000
   67  2   -0.538233    2.000000    0.000000
   69  2    0.212936    2.000000    0.000000
   71  1    0.284400    1.000000    0.000000
   72  1    0.285460    1.000000    0.000000
   73  2    0.400812    2.000000    0.000000
   75  2    0.492777    2.000000    0.000000
   77  2    0.629291    2.000000    0.000000
   79  2    0.730151    2.000000    0.000000
   81  1    0.989638    1.000000    0.000000
   82  1    0.995937    1.000000    0.000000
   83  1    1.004370    1.000000    0.000000
   84  1    1.009333    1.000000    0.000000
   85  1    1.692121    1.000000    0.000000
   86  1    1.693721    1.000000    0.000000
   87  1    1.697592    1.000000    0.000000
   88  1    1.700686    1.000000    0.000000
   89  2    1.816024    2.000000    0.000000
   91  2    1.956749    2.000000    0.000000
   93  2    2.222119    2.000000    0.000000
   95  1    2.450773    1.000000    0.000000
   96  1    2.451825    1.000000    0.000000
   97  1    2.569755    1.000000    0.000000
   98  1    2.570987    1.000000    0.000000
   99  1    2.677056    1.000000    0.000000
  100  1    2.678885    1.000000    0.000000
  101  1    2.750486    1.000000    0.000000
  102  1    2.752128    1.000000    0.000000
  103  1    2.931886    1.000000    0.000000
  104  1    2.933601    1.000000    0.000000
  105  1    2.944463    1.000000    0.000000
  106  1    2.945811    1.000000    0.000000
  107  1    2.955785    1.000000    0.000000
  108  1    2.958382    1.000000    0.000000
  109  2    3.280356    2.000000    0.000000
  111  2    3.353570    2.000000    0.000000
  113  2    3.832582    2.000000    0.000000
  115  2    3.872031    2.000000    0.000000
  117  1    4.716429    1.000000    0.000000
  118  1    4.718223    1.000000    0.000000
  119  2    4.863286    2.000000    0.000000
  121  2    5.336907    2.000000    0.000000
  123  2    5.389574    2.000000    0.000000
  125  2    5.440759    2.000000    0.000000
  127  1    5.703399    1.000000    0.000000
  128  1    5.704481    1.000000    0.000000
  129  2    5.817055    2.000000    0.000000
  131  1    5.891879    1.000000    0.000000
  132  1    5.893202    1.000000    0.000000
  133  1    6.168403    1.000000    0.000000
  134  1    6.170631    1.000000    0.000000
  135  1    6.222264    1.000000    0.000000
  136  1    6.223656    1.000000    0.000000
  137  2    6.927234    2.000000    0.000000
  139  1    7.070246    1.000000    0.000000
  140  1    7.072778    1.000000    0.000000
  141  1    7.077067    1.000000    0.000000
  142  1    7.078163    1.000000    0.000000
  143  2    7.114110    2.000000    0.000000
  145  2    7.138107    2.000000    0.000000
  147  2    7.238386    2.000000    0.000000
  149  2    8.135055    2.000000    0.000000
  151  1    8.143618    1.000000    0.000000
  152  1    8.144719    1.000000    0.000000
  153  2    9.223212    2.000000    0.000000
  155  1    9.329521    1.000000    0.000000
  156  1    9.330669    1.000000    0.000000
  157  2    9.660789    2.000000    0.000000
  159  2    9.665912    2.000000    0.000000
  161  2    9.916923    2.000000    0.000000
  163  2    9.989391    2.000000    0.000000
  165  2   10.189726    2.000000    0.000000
  167  1   10.267122    1.000000    0.000000
  168  1   10.268216    1.000000    0.000000
  169  2   10.642387    2.000000    0.000000
  171  2   10.839181    2.000000    0.000000
  173  2   11.016239    2.000000    0.000000
  175  2   11.269230    2.000000    0.000000
  177  2   11.666979    2.000000    0.000000
  179  2   11.729724    2.000000    0.000000
  181  2   11.945849    2.000000    0.000000
  183  2   12.012199    2.000000    0.000000
  185  2   12.597197    2.000000    0.000000
  187  1   12.611328    1.000000    0.000000
  188  1   12.613726    1.000000    0.000000
  189  2   12.631156    2.000000    0.000000
  191  1   12.687857    1.000000    0.000000
  192  1   12.690490    1.000000    0.000000
  193  1   13.073119    1.000000    0.000000
  194  1   13.074372    1.000000    0.000000
  195  1   13.140258    1.000000    0.000000
  196  1   13.145615    1.000000    0.000000
  197  1   13.327309    1.000000    0.000000
  198  1   13.342738    1.000000    0.000000
  199  1   13.355298    1.000000    0.000000
  200  1   13.360437    1.000000    0.000000
  201  1   13.377865    1.000000    0.000000
  202  1   13.392939    1.000000    0.000000
  203  1   13.502642    1.000000    0.000000
  204  1   13.572554    1.000000    0.000000
  205  1   13.586870    1.000000    0.000000
  206  1   13.602801    1.000000    0.000000
  207  1   13.620115    1.000000    0.000000
  208  1   13.646154    1.000000    0.000000
