   34   64
  1
  2
  1  0  0  0  1  0  0  0  1    0.000000    0.000000    0.000000    1.000000    0.000000    0.000000    0.000000    0.000000    0.000000    1.000000    0.000000  1
  0 -1  0 -1  0  0  0  0 -1    0.000000    0.000000    0.000000    0.000000    0.000000   -0.707107   -0.707107    0.707107   -0.707107    0.000000    0.000000 -1
  8
    0.000000    0.000000    0.000000
    0.000000    0.000000    0.500000
    0.000000    0.500000    0.500000
    0.500000    0.000000    0.500000
    0.500000    0.500000    0.500000
    0.000000    0.500000    0.000000
    0.500000    0.000000    0.000000
    0.500000    0.500000    0.000000
  1
    1
    1  1  -48.557309    1.000000    0.000000
    2  1  -48.247376    1.000000    0.000000
    3  1  -47.638960    1.000000    0.000000
    4  1  -44.385844    1.000000    0.000000
    5  1  -44.060848    1.000000    0.000000
    6  1  -43.645648    1.000000    0.000000
    7  1  -27.975345    1.000000    0.000000
    8  1  -27.964889    1.000000    0.000000
    9  1  -11.666791    1.000000    0.000000
   10  1  -11.665166    1.000000    0.000000
   11  1  -11.415839    1.000000    0.000000
   12  1  -11.411646    1.000000    0.000000
   13  1  -11.322874    1.000000    0.000000
   14  1  -11.314175    1.000000    0.000000
   15  1  -10.657524    1.000000    0.000000
   16  1  -10.635859    1.000000    0.000000
   17  1   -9.882639    1.000000    0.000000
   18  1   -9.867620    1.000000    0.000000
   19  1   -2.134845    1.000000    0.000000
   20  1   -1.675216    1.000000    0.000000
   21  1   -1.649636    1.000000    0.000000
   22  1   -1.597819    1.000000    0.000000
   23  1   -1.380207    1.000000    0.000000
   24  1   -0.338992    1.000000    0.000000
   25  1   -0.325967    1.000000    0.000000
   26  1   -0.306047    1.000000    0.000000
   27  1   -0.143487    1.000000    0.000000
   28  1    0.102827    1.000000    0.000000
   29  1    0.845793    1.000000    0.000000
   30  1    1.005085    1.000000    0.000000
   31  1    1.184661    1.000000    0.000000
   32  1    1.225425    1.000000    0.000000
   33  1    2.698477    1.000000    0.000000
   34  1    2.789743    1.000000    0.000000
   35  1    2.876925    1.000000    0.000000
   36  1    3.009087    1.000000    0.000000
   37  1    3.260790    1.000000    0.000000
   38  1    4.530632    1.000000    0.000000
   39  1    4.533166    1.000000    0.000000
   40  1    4.668818    1.000000    0.000000
   41  1    4.714065    1.000000    0.000000
   42  1    4.955535    1.000000    0.000000
   43  1    5.906807    1.000000    0.000000
   44  1    6.412104    1.000000    0.000000
   45  1    6.966991    1.000000    0.000000
   46  1    7.400386    1.000000    0.000000
   47  1    7.807495    1.000000    0.000000
   48  1    7.962365    1.000000    0.000000
   49  1    8.198947    1.000000    0.000000
   50  1    8.850053    1.000000    0.000000
   51  1    9.799799    1.000000    0.000000
   52  1    9.814474    1.000000    0.000000
   53  1   10.012341    1.000000    0.000000
   54  1   10.018747    1.000000    0.000000
   55  1   10.534820    1.000000    0.000000
   56  1   10.563602    1.000000    0.000000
   57  1   11.398798    1.000000    0.000000
   58  1   11.499051    1.000000    0.000000
   59  1   11.599750    1.000000    0.000000
   60  1   11.659911    1.000000    0.000000
   61  1   11.696023    1.000000    0.000000
   62  1   11.882229    1.000000    0.000000
   63  1   12.102332    1.000000    0.000000
   64  1   12.124475    1.000000    0.000000
  1
    1
    1  1  -48.557326    1.000000    0.000000
    2  1  -48.247383    1.000000    0.000000
    3  1  -47.638972    1.000000    0.000000
    4  1  -44.385866    1.000000    0.000000
    5  1  -44.060862    1.000000    0.000000
    6  1  -43.645665    1.000000    0.000000
    7  1  -27.975332    1.000000    0.000000
    8  1  -27.964875    1.000000    0.000000
    9  1  -11.704835    1.000000    0.000000
   10  1  -11.699057    1.000000    0.000000
   11  1  -11.437386    1.000000    0.000000
   12  1  -11.433256    1.000000    0.000000
   13  1  -11.322889    1.000000    0.000000
   14  1  -11.314208    1.000000    0.000000
   15  1  -10.364008    1.000000    0.000000
   16  1  -10.346771    1.000000    0.000000
   17  1  -10.138243    1.000000    0.000000
   18  1  -10.124134    1.000000    0.000000
   19  1   -1.772555    1.000000    0.000000
   20  1   -1.656444    1.000000    0.000000
   21  1   -1.649079    1.000000    0.000000
   22  1   -1.641712    1.000000    0.000000
   23  1   -0.825166    1.000000    0.000000
   24  1   -0.777359    1.000000    0.000000
   25  1   -0.340458    1.000000    0.000000
   26  1   -0.317082    1.000000    0.000000
   27  1   -0.307073    1.000000    0.000000
   28  1    0.241185    1.000000    0.000000
   29  1    0.854642    1.000000    0.000000
   30  1    1.011674    1.000000    0.000000
   31  1    1.188924    1.000000    0.000000
   32  1    1.223730    1.000000    0.000000
   33  1    1.534826    1.000000    0.000000
   34  1    2.731425    1.000000    0.000000
   35  1    2.899102    1.000000    0.000000
   36  1    3.139035    1.000000    0.000000
   37  1    3.258929    1.000000    0.000000
   38  1    3.568063    1.000000    0.000000
   39  1    4.704653    1.000000    0.000000
   40  1    4.752598    1.000000    0.000000
   41  1    5.516094    1.000000    0.000000
   42  1    5.985837    1.000000    0.000000
   43  1    6.218510    1.000000    0.000000
   44  1    6.646011    1.000000    0.000000
   45  1    6.728713    1.000000    0.000000
   46  1    6.855305    1.000000    0.000000
   47  1    7.572640    1.000000    0.000000
   48  1    7.905264    1.000000    0.000000
   49  1    9.182255    1.000000    0.000000
   50  1    9.475162    1.000000    0.000000
   51  1    9.785519    1.000000    0.000000
   52  1    9.924699    1.000000    0.000000
   53  1    9.942346    1.000000    0.000000
   54  1   10.244640    1.000000    0.000000
   55  1   10.252593    1.000000    0.000000
   56  1   10.284229    1.000000    0.000000
   57  1   10.459610    1.000000    0.000000
   58  1   10.479577    1.000000    0.000000
   59  1   10.536869    1.000000    0.000000
   60  1   10.550586    1.000000    0.000000
   61  1   10.622514    1.000000    0.000000
   62  1   10.629197    1.000000    0.000000
   63  1   12.183543    1.000000    0.000000
   64  1   12.429101    1.000000    0.000000
  1
    1
    1  1  -48.558025    1.000000    0.000000
    2  1  -48.247379    1.000000    0.000000
    3  1  -47.639870    1.000000    0.000000
    4  1  -44.386890    1.000000    0.000000
    5  1  -44.060807    1.000000    0.000000
    6  1  -43.646937    1.000000    0.000000
    7  1  -27.962444    1.000000    0.000000
    8  1  -27.952061    1.000000    0.000000
    9  1  -11.765653    1.000000    0.000000
   10  1  -11.756949    1.000000    0.000000
   11  1  -11.463437    1.000000    0.000000
   12  1  -11.461848    1.000000    0.000000
   13  1  -11.326663    1.000000    0.000000
   14  1  -11.321683    1.000000    0.000000
   15  2  -10.074794    2.000000    0.000000
   17  1   -9.979999    1.000000    0.000000
   18  1   -9.965077    1.000000    0.000000
   19  1   -2.322036    1.000000    0.000000
   20  1   -1.953860    1.000000    0.000000
   21  1   -1.569675    1.000000    0.000000
   22  1   -1.555160    1.000000    0.000000
   23  1   -1.284309    1.000000    0.000000
   24  1   -1.009606    1.000000    0.000000
   25  1   -0.712233    1.000000    0.000000
   26  1   -0.650556    1.000000    0.000000
   27  1   -0.382924    1.000000    0.000000
   28  1   -0.337577    1.000000    0.000000
   29  1   -0.151308    1.000000    0.000000
   30  1    0.349626    1.000000    0.000000
   31  1    1.202641    1.000000    0.000000
   32  1    1.422583    1.000000    0.000000
   33  1    1.803711    1.000000    0.000000
   34  1    2.143832    1.000000    0.000000
   35  1    2.307682    1.000000    0.000000
   36  1    3.149756    1.000000    0.000000
   37  1    3.638377    1.000000    0.000000
   38  1    3.795714    1.000000    0.000000
   39  1    3.928341    1.000000    0.000000
   40  1    4.265514    1.000000    0.000000
   41  1    5.990609    1.000000    0.000000
   42  1    6.416078    1.000000    0.000000
   43  1    6.830852    1.000000    0.000000
   44  1    7.333527    1.000000    0.000000
   45  1    7.872224    1.000000    0.000000
   46  1    8.044013    1.000000    0.000000
   47  1    8.596439    1.000000    0.000000
   48  1    8.874611    1.000000    0.000000
   49  1    8.887858    1.000000    0.000000
   50  1    9.142105    1.000000    0.000000
   51  1    9.155519    1.000000    0.000000
   52  1    9.481605    1.000000    0.000000
   53  1    9.566157    1.000000    0.000000
   54  1    9.601043    1.000000    0.000000
   55  1   10.510267    1.000000    0.000000
   56  1   10.578710    1.000000    0.000000
   57  1   10.898128    1.000000    0.000000
   58  1   10.925923    1.000000    0.000000
   59  1   11.023326    1.000000    0.000000
   60  1   11.069713    1.000000    0.000000
   61  1   11.466705    1.000000    0.000000
   62  1   11.790247    1.000000    0.000000
   63  1   11.793949    1.000000    0.000000
   64  1   12.011860    1.000000    0.000000
  1
    1
    1  1  -48.558025    1.000000    0.000000
    2  1  -48.247379    1.000000    0.000000
    3  1  -47.639871    1.000000    0.000000
    4  1  -44.386890    1.000000    0.000000
    5  1  -44.060807    1.000000    0.000000
    6  1  -43.646937    1.000000    0.000000
    7  1  -27.962444    1.000000    0.000000
    8  1  -27.952061    1.000000    0.000000
    9  1  -11.765653    1.000000    0.000000
   10  1  -11.756949    1.000000    0.000000
   11  1  -11.463438    1.000000    0.000000
   12  1  -11.461847    1.000000    0.000000
   13  1  -11.326663    1.000000    0.000000
   14  1  -11.321683    1.000000    0.000000
   15  2  -10.074864    2.000000    0.000000
   17  1   -9.979998    1.000000    0.000000
   18  1   -9.965078    1.000000    0.000000
   19  1   -2.322035    1.000000    0.000000
   20  1   -1.953863    1.000000    0.000000
   21  1   -1.569678    1.000000    0.000000
   22  1   -1.555155    1.000000    0.000000
   23  1   -1.284312    1.000000    0.000000
   24  1   -1.009604    1.000000    0.000000
   25  1   -0.712236    1.000000    0.000000
   26  1   -0.650558    1.000000    0.000000
   27  1   -0.382923    1.000000    0.000000
   28  1   -0.337569    1.000000    0.000000
   29  1   -0.151310    1.000000    0.000000
   30  1    0.349619    1.000000    0.000000
   31  1    1.202645    1.000000    0.000000
   32  1    1.422579    1.000000    0.000000
   33  1    1.803714    1.000000    0.000000
   34  1    2.143834    1.000000    0.000000
   35  1    2.307683    1.000000    0.000000
   36  1    3.149756    1.000000    0.000000
   37  1    3.638376    1.000000    0.000000
   38  1    3.795713    1.000000    0.000000
   39  1    3.928340    1.000000    0.000000
   40  1    4.265514    1.000000    0.000000
   41  1    5.990609    1.000000    0.000000
   42  1    6.416078    1.000000    0.000000
   43  1    6.830852    1.000000    0.000000
   44  1    7.333528    1.000000    0.000000
   45  1    7.872223    1.000000    0.000000
   46  1    8.044014    1.000000    0.000000
   47  1    8.596439    1.000000    0.000000
   48  1    8.874615    1.000000    0.000000
   49  1    8.887857    1.000000    0.000000
   50  1    9.142108    1.000000    0.000000
   51  1    9.155518    1.000000    0.000000
   52  1    9.481608    1.000000    0.000000
   53  1    9.566159    1.000000    0.000000
   54  1    9.601046    1.000000    0.000000
   55  1   10.510275    1.000000    0.000000
   56  1   10.578719    1.000000    0.000000
   57  1   10.898200    1.000000    0.000000
   58  1   10.926007    1.000000    0.000000
   59  1   11.023407    1.000000    0.000000
   60  1   11.069728    1.000000    0.000000
   61  1   11.467496    1.000000    0.000000
   62  1   11.785100    1.000000    0.000000
   63  1   11.838991    1.000000    0.000000
   64  1   12.004984    1.000000    0.000000
  1
    1
    1  1  -48.558716    1.000000    0.000000
    2  1  -48.247363    1.000000    0.000000
    3  1  -47.640761    1.000000    0.000000
    4  1  -44.387908    1.000000    0.000000
    5  1  -44.060738    1.000000    0.000000
    6  1  -43.648207    1.000000    0.000000
    7  1  -27.950253    1.000000    0.000000
    8  1  -27.939934    1.000000    0.000000
    9  1  -11.717477    1.000000    0.000000
   10  1  -11.709942    1.000000    0.000000
   11  1  -11.494296    1.000000    0.000000
   12  1  -11.484269    1.000000    0.000000
   13  1  -11.373296    1.000000    0.000000
   14  1  -11.369027    1.000000    0.000000
   15  1   -9.905522    1.000000    0.000000
   16  1   -9.887605    1.000000    0.000000
   17  1   -9.815693    1.000000    0.000000
   18  1   -9.796080    1.000000    0.000000
   19  1   -2.506828    1.000000    0.000000
   20  1   -1.976955    1.000000    0.000000
   21  1   -1.709868    1.000000    0.000000
   22  1   -1.476453    1.000000    0.000000
   23  1   -1.004097    1.000000    0.000000
   24  1   -0.832974    1.000000    0.000000
   25  1   -0.814029    1.000000    0.000000
   26  1   -0.524026    1.000000    0.000000
   27  1   -0.286430    1.000000    0.000000
   28  1   -0.202230    1.000000    0.000000
   29  1    0.175884    1.000000    0.000000
   30  1    0.391825    1.000000    0.000000
   31  1    0.419412    1.000000    0.000000
   32  1    0.431937    1.000000    0.000000
   33  1    0.636204    1.000000    0.000000
   34  1    0.762433    1.000000    0.000000
   35  1    1.091398    1.000000    0.000000
   36  1    2.752733    1.000000    0.000000
   37  1    2.849243    1.000000    0.000000
   38  1    3.333465    1.000000    0.000000
   39  1    3.369822    1.000000    0.000000
   40  1    3.761276    1.000000    0.000000
   41  1    5.906809    1.000000    0.000000
   42  1    6.610000    1.000000    0.000000
   43  1    7.109537    1.000000    0.000000
   44  1    7.258600    1.000000    0.000000
   45  1    7.716585    1.000000    0.000000
   46  1    7.996610    1.000000    0.000000
   47  1    8.321463    1.000000    0.000000
   48  1    8.600131    1.000000    0.000000
   49  1    8.645974    1.000000    0.000000
   50  1    8.696784    1.000000    0.000000
   51  1    9.217332    1.000000    0.000000
   52  1    9.396317    1.000000    0.000000
   53  1    9.602079    1.000000    0.000000
   54  1    9.644192    1.000000    0.000000
   55  1   11.556118    1.000000    0.000000
   56  1   11.831547    1.000000    0.000000
   57  1   11.839615    1.000000    0.000000
   58  1   11.850360    1.000000    0.000000
   59  1   11.882376    1.000000    0.000000
   60  1   11.969310    1.000000    0.000000
   61  1   12.391838    1.000000    0.000000
   62  1   12.673558    1.000000    0.000000
   63  1   12.705171    1.000000    0.000000
   64  1   12.900730    1.000000    0.000000
  1
    1
    1  1  -48.558027    1.000000    0.000000
    2  1  -48.247377    1.000000    0.000000
    3  1  -47.639871    1.000000    0.000000
    4  1  -44.386891    1.000000    0.000000
    5  1  -44.060805    1.000000    0.000000
    6  1  -43.646937    1.000000    0.000000
    7  1  -27.962444    1.000000    0.000000
    8  1  -27.952061    1.000000    0.000000
    9  1  -11.765639    1.000000    0.000000
   10  1  -11.756961    1.000000    0.000000
   11  1  -11.463577    1.000000    0.000000
   12  1  -11.461703    1.000000    0.000000
   13  1  -11.326693    1.000000    0.000000
   14  1  -11.321656    1.000000    0.000000
   15  2  -10.074713    2.000000    0.000000
   17  1   -9.979970    1.000000    0.000000
   18  1   -9.965072    1.000000    0.000000
   19  1   -2.321970    1.000000    0.000000
   20  1   -1.954076    1.000000    0.000000
   21  1   -1.574242    1.000000    0.000000
   22  1   -1.549874    1.000000    0.000000
   23  1   -1.284554    1.000000    0.000000
   24  1   -1.010897    1.000000    0.000000
   25  1   -0.711274    1.000000    0.000000
   26  1   -0.651137    1.000000    0.000000
   27  1   -0.383790    1.000000    0.000000
   28  1   -0.326736    1.000000    0.000000
   29  1   -0.163552    1.000000    0.000000
   30  1    0.352814    1.000000    0.000000
   31  1    1.199048    1.000000    0.000000
   32  1    1.429294    1.000000    0.000000
   33  1    1.798022    1.000000    0.000000
   34  1    2.147670    1.000000    0.000000
   35  1    2.306000    1.000000    0.000000
   36  1    3.149693    1.000000    0.000000
   37  1    3.638415    1.000000    0.000000
   38  1    3.796469    1.000000    0.000000
   39  1    3.927604    1.000000    0.000000
   40  1    4.265515    1.000000    0.000000
   41  1    5.990541    1.000000    0.000000
   42  1    6.416275    1.000000    0.000000
   43  1    6.830938    1.000000    0.000000
   44  1    7.333470    1.000000    0.000000
   45  1    7.872232    1.000000    0.000000
   46  1    8.044093    1.000000    0.000000
   47  1    8.596364    1.000000    0.000000
   48  1    8.874759    1.000000    0.000000
   49  1    8.887495    1.000000    0.000000
   50  1    9.141908    1.000000    0.000000
   51  1    9.155793    1.000000    0.000000
   52  1    9.481768    1.000000    0.000000
   53  1    9.566294    1.000000    0.000000
   54  1    9.600931    1.000000    0.000000
   55  1   10.511696    1.000000    0.000000
   56  1   10.576927    1.000000    0.000000
   57  1   10.898109    1.000000    0.000000
   58  1   10.926739    1.000000    0.000000
   59  1   11.023369    1.000000    0.000000
   60  1   11.069378    1.000000    0.000000
   61  1   11.466514    1.000000    0.000000
   62  1   11.784392    1.000000    0.000000
   63  1   11.799301    1.000000    0.000000
   64  1   12.005312    1.000000    0.000000
  1
    1
    1  1  -48.558027    1.000000    0.000000
    2  1  -48.247376    1.000000    0.000000
    3  1  -47.639871    1.000000    0.000000
    4  1  -44.386891    1.000000    0.000000
    5  1  -44.060804    1.000000    0.000000
    6  1  -43.646937    1.000000    0.000000
    7  1  -27.962444    1.000000    0.000000
    8  1  -27.952061    1.000000    0.000000
    9  1  -11.765639    1.000000    0.000000
   10  1  -11.756961    1.000000    0.000000
   11  1  -11.463577    1.000000    0.000000
   12  1  -11.461703    1.000000    0.000000
   13  1  -11.326693    1.000000    0.000000
   14  1  -11.321656    1.000000    0.000000
   15  2  -10.074787    2.000000    0.000000
   17  1   -9.979968    1.000000    0.000000
   18  1   -9.965074    1.000000    0.000000
   19  1   -2.321969    1.000000    0.000000
   20  1   -1.954077    1.000000    0.000000
   21  1   -1.574246    1.000000    0.000000
   22  1   -1.549873    1.000000    0.000000
   23  1   -1.284545    1.000000    0.000000
   24  1   -1.010901    1.000000    0.000000
   25  1   -0.711277    1.000000    0.000000
   26  1   -0.651141    1.000000    0.000000
   27  1   -0.383790    1.000000    0.000000
   28  1   -0.326735    1.000000    0.000000
   29  1   -0.163551    1.000000    0.000000
   30  1    0.352817    1.000000    0.000000
   31  1    1.199054    1.000000    0.000000
   32  1    1.429289    1.000000    0.000000
   33  1    1.798020    1.000000    0.000000
   34  1    2.147671    1.000000    0.000000
   35  1    2.306002    1.000000    0.000000
   36  1    3.149693    1.000000    0.000000
   37  1    3.638414    1.000000    0.000000
   38  1    3.796469    1.000000    0.000000
   39  1    3.927605    1.000000    0.000000
   40  1    4.265515    1.000000    0.000000
   41  1    5.990541    1.000000    0.000000
   42  1    6.416275    1.000000    0.000000
   43  1    6.830938    1.000000    0.000000
   44  1    7.333469    1.000000    0.000000
   45  1    7.872232    1.000000    0.000000
   46  1    8.044094    1.000000    0.000000
   47  1    8.596364    1.000000    0.000000
   48  1    8.874754    1.000000    0.000000
   49  1    8.887496    1.000000    0.000000
   50  1    9.141921    1.000000    0.000000
   51  1    9.155778    1.000000    0.000000
   52  1    9.481768    1.000000    0.000000
   53  1    9.566294    1.000000    0.000000
   54  1    9.600933    1.000000    0.000000
   55  1   10.511689    1.000000    0.000000
   56  1   10.576925    1.000000    0.000000
   57  1   10.898186    1.000000    0.000000
   58  1   10.926672    1.000000    0.000000
   59  1   11.023301    1.000000    0.000000
   60  1   11.069410    1.000000    0.000000
   61  1   11.466663    1.000000    0.000000
   62  1   11.788360    1.000000    0.000000
   63  1   11.835905    1.000000    0.000000
   64  1   12.001391    1.000000    0.000000
  1
    1
    1  1  -48.558715    1.000000    0.000000
    2  1  -48.247364    1.000000    0.000000
    3  1  -47.640761    1.000000    0.000000
    4  1  -44.387907    1.000000    0.000000
    5  1  -44.060739    1.000000    0.000000
    6  1  -43.648206    1.000000    0.000000
    7  1  -27.950253    1.000000    0.000000
    8  1  -27.939934    1.000000    0.000000
    9  1  -11.717478    1.000000    0.000000
   10  1  -11.709941    1.000000    0.000000
   11  1  -11.494296    1.000000    0.000000
   12  1  -11.484269    1.000000    0.000000
   13  1  -11.373296    1.000000    0.000000
   14  1  -11.369027    1.000000    0.000000
   15  1   -9.905523    1.000000    0.000000
   16  1   -9.887607    1.000000    0.000000
   17  1   -9.815690    1.000000    0.000000
   18  1   -9.796078    1.000000    0.000000
   19  1   -2.506824    1.000000    0.000000
   20  1   -1.976990    1.000000    0.000000
   21  1   -1.709865    1.000000    0.000000
   22  1   -1.476606    1.000000    0.000000
   23  1   -1.003266    1.000000    0.000000
   24  1   -0.829705    1.000000    0.000000
   25  1   -0.817434    1.000000    0.000000
   26  1   -0.525050    1.000000    0.000000
   27  1   -0.287679    1.000000    0.000000
   28  1   -0.200471    1.000000    0.000000
   29  1    0.175425    1.000000    0.000000
   30  1    0.392391    1.000000    0.000000
   31  1    0.423127    1.000000    0.000000
   32  1    0.427768    1.000000    0.000000
   33  1    0.637805    1.000000    0.000000
   34  1    0.761289    1.000000    0.000000
   35  1    1.091283    1.000000    0.000000
   36  1    2.752996    1.000000    0.000000
   37  1    2.848934    1.000000    0.000000
   38  1    3.333530    1.000000    0.000000
   39  1    3.369800    1.000000    0.000000
   40  1    3.761291    1.000000    0.000000
   41  1    5.906818    1.000000    0.000000
   42  1    6.609991    1.000000    0.000000
   43  1    7.109440    1.000000    0.000000
   44  1    7.258695    1.000000    0.000000
   45  1    7.716569    1.000000    0.000000
   46  1    7.996634    1.000000    0.000000
   47  1    8.321415    1.000000    0.000000
   48  1    8.600132    1.000000    0.000000
   49  1    8.646043    1.000000    0.000000
   50  1    8.696723    1.000000    0.000000
   51  1    9.217333    1.000000    0.000000
   52  1    9.396273    1.000000    0.000000
   53  1    9.602107    1.000000    0.000000
   54  1    9.644262    1.000000    0.000000
   55  1   11.556263    1.000000    0.000000
   56  1   11.830967    1.000000    0.000000
   57  1   11.839614    1.000000    0.000000
   58  1   11.850347    1.000000    0.000000
   59  1   11.882722    1.000000    0.000000
   60  1   11.969021    1.000000    0.000000
   61  1   12.391688    1.000000    0.000000
   62  1   12.669932    1.000000    0.000000
   63  1   12.701457    1.000000    0.000000
   64  1   12.900852    1.000000    0.000000
