   92  136
  1
 24
  1  0  0  0  1  0  0  0  1    0.000000    0.000000    0.000000    1.000000    0.000000    0.000000    0.000000    0.000000    0.000000    1.000000    0.000000  1
  0 -1  0  1 -1  0  0  0  1    0.000000    0.000000    0.000000    0.500000    0.866025    0.000000    0.000000    0.000000    0.000000    0.500000   -0.866025  1
 -1  1  0 -1  0  0  0  0  1    0.000000    0.000000    0.000000    0.500000   -0.866025    0.000000    0.000000    0.000000    0.000000    0.500000    0.866025  1
  0  1  0  1  0  0  0  0 -1    0.000000    0.000000    0.500000    0.000000    0.000000   -0.866025   -0.500000    0.866025   -0.500000    0.000000    0.000000  1
  1 -1  0  0 -1  0  0  0 -1    0.000000    0.000000    0.500000    0.000000    0.000000   -0.866025    0.500000    0.866025    0.500000    0.000000    0.000000  1
 -1  0  0 -1  1  0  0  0 -1    0.000000    0.000000    0.500000    0.000000    0.000000    0.000000   -1.000000    0.000000   -1.000000    0.000000    0.000000  1
 -1  0  0  0 -1  0  0  0 -1    0.000000    0.000000    0.000000    1.000000    0.000000    0.000000    0.000000    0.000000    0.000000    1.000000    0.000000  1
  0  1  0 -1  1  0  0  0 -1    0.000000    0.000000    0.000000    0.500000    0.866025    0.000000    0.000000    0.000000    0.000000    0.500000   -0.866025  1
  1 -1  0  1  0  0  0  0 -1    0.000000    0.000000    0.000000    0.500000   -0.866025    0.000000    0.000000    0.000000    0.000000    0.500000    0.866025  1
  0 -1  0 -1  0  0  0  0  1    0.000000    0.000000    0.500000    0.000000    0.000000   -0.866025   -0.500000    0.866025   -0.500000    0.000000    0.000000  1
 -1  1  0  0  1  0  0  0  1    0.000000    0.000000    0.500000    0.000000    0.000000   -0.866025    0.500000    0.866025    0.500000    0.000000    0.000000  1
  1  0  0  1 -1  0  0  0  1    0.000000    0.000000    0.500000    0.000000    0.000000    0.000000   -1.000000    0.000000   -1.000000    0.000000    0.000000  1
  1  0  0  0  1  0  0  0  1    0.000000    0.000000    0.500000    1.000000    0.000000    0.000000    0.000000    0.000000    0.000000    1.000000    0.000000 -1
  0 -1  0  1 -1  0  0  0  1    0.000000    0.000000    0.500000    0.500000    0.866025    0.000000    0.000000    0.000000    0.000000    0.500000   -0.866025 -1
 -1  1  0 -1  0  0  0  0  1    0.000000    0.000000    0.500000    0.500000   -0.866025    0.000000    0.000000    0.000000    0.000000    0.500000    0.866025 -1
  0  1  0  1  0  0  0  0 -1    0.000000    0.000000    0.000000    0.000000    0.000000   -0.866025   -0.500000    0.866025   -0.500000    0.000000    0.000000 -1
  1 -1  0  0 -1  0  0  0 -1    0.000000    0.000000    0.000000    0.000000    0.000000   -0.866025    0.500000    0.866025    0.500000    0.000000    0.000000 -1
 -1  0  0 -1  1  0  0  0 -1    0.000000    0.000000    0.000000    0.000000    0.000000    0.000000   -1.000000    0.000000   -1.000000    0.000000    0.000000 -1
 -1  0  0  0 -1  0  0  0 -1    0.000000    0.000000    0.500000    1.000000    0.000000    0.000000    0.000000    0.000000    0.000000    1.000000    0.000000 -1
  0  1  0 -1  1  0  0  0 -1    0.000000    0.000000    0.500000    0.500000    0.866025    0.000000    0.000000    0.000000    0.000000    0.500000   -0.866025 -1
  1 -1  0  1  0  0  0  0 -1    0.000000    0.000000    0.500000    0.500000   -0.866025    0.000000    0.000000    0.000000    0.000000    0.500000    0.866025 -1
  0 -1  0 -1  0  0  0  0  1    0.000000    0.000000    0.000000    0.000000    0.000000   -0.866025   -0.500000    0.866025   -0.500000    0.000000    0.000000 -1
 -1  1  0  0  1  0  0  0  1    0.000000    0.000000    0.000000    0.000000    0.000000   -0.866025    0.500000    0.866025    0.500000    0.000000    0.000000 -1
  1  0  0  1 -1  0  0  0  1    0.000000    0.000000    0.000000    0.000000    0.000000    0.000000   -1.000000    0.000000   -1.000000    0.000000    0.000000 -1
  6
    0.000000    0.000000    0.000000
    0.000000    0.000000    0.500000
    0.333333    0.333333    0.500000
    0.333333    0.333333    0.000000
    0.500000    0.000000    0.500000
    0.500000    0.000000    0.000000
 12
    1    2    3    4    5    6    7    8    9   10   11   12
    1  4  -45.701362    4.000000    0.000000    2.000000    0.000000    2.000000   -0.000000    0.000000    0.000000    0.000000   -0.000000    0.000000    0.000000    0.000000    0.000000    0.000000   -0.000000    0.000000    0.000001    0.000000    0.000000    0.000000    0.000000    0.000000   -0.000000
    5  4  -45.125333    4.000000    0.000000    2.000000    0.000000    2.000000    0.000000    0.000000    0.000000    0.000000   -0.000000    0.000000    0.000001    0.000000    0.000000    0.000000    0.000000    0.000000   -0.000000    0.000000    0.000000    0.000000   -0.000001    0.000000    0.000001
    9  4  -44.792349    4.000000    0.000000   -4.000000    0.000000   -4.000000    0.000000    0.000000    0.000000    0.000000    0.000000    0.000000    0.000000    0.000000    0.000000    0.000000    0.000000    0.000000    0.000000    0.000000    0.000000    0.000000    0.000000    0.000000    0.000000
   13  4  -41.391925    4.000000    0.000000    2.000000    0.000000    2.000000    0.000000    0.000000    0.000000    0.000000   -0.000001    0.000000    0.000001    0.000000    0.000000    0.000000   -0.000000    0.000000    0.000000    0.000000    0.000000    0.000000    0.000001    0.000000   -0.000001
   17  4  -41.026569    4.000000    0.000000    2.000000   -0.000000    2.000000    0.000000    0.000000    0.000000    0.000000   -0.000000    0.000000    0.000000    0.000000    0.000000    0.000000    0.000000    0.000000   -0.000000    0.000000    0.000000    0.000000    0.000000    0.000000    0.000000
   21  4  -40.659017    4.000000    0.000000   -4.000000    0.000000   -4.000000    0.000000    0.000000    0.000000    0.000000    0.000000    0.000000    0.000000    0.000000    0.000000    0.000000    0.000000    0.000000    0.000000    0.000000    0.000000    0.000000    0.000000    0.000000    0.000000
   25  4  -30.667482    4.000000    0.000000    2.000000   -0.000001    2.000000    0.000001    0.000000    0.000000    0.000000    0.000000    0.000000    0.000000    4.000000    0.000000    2.000000   -0.000001    2.000000    0.000001    0.000000    0.000000    0.000000    0.000000    0.000000    0.000000
   29  2  -13.450236    2.000000    0.000000    1.000000    0.000000    1.000000    0.000000    0.000000    0.000000    0.000000    0.000000    0.000000    0.000000   -2.000000    0.000000   -1.000000    0.000000   -1.000000    0.000000    0.000000    0.000000    0.000000    0.000000    0.000000    0.000000
   31  2  -13.440421    2.000000    0.000000    1.000000    0.000000    1.000000    0.000000    0.000000    0.000000    0.000000    0.000000    0.000000    0.000000   -2.000000    0.000000   -1.000000    0.000000   -1.000000    0.000000    0.000000    0.000000    0.000000    0.000000    0.000000    0.000000
   33  2  -12.356647    2.000000    0.000000    1.000000    0.000000    1.000000    0.000000    0.000000    0.000000    0.000000    0.000000    0.000000    0.000000   -2.000000    0.000000   -1.000000    0.000000   -1.000000    0.000000    0.000000    0.000000    0.000000    0.000000    0.000000    0.000000
   35  2  -12.344337    2.000000    0.000000    1.000000    0.000000    1.000000    0.000000    0.000000    0.000000    0.000000    0.000000    0.000000    0.000000   -2.000000    0.000000   -0.999999    0.000000   -0.999999    0.000000    0.000000    0.000000    0.000000    0.000000    0.000000    0.000000
   37  2  -12.309009    2.000000    0.000000   -2.000000    0.000000   -2.000000    0.000000    0.000000    0.000000    0.000000    0.000000    0.000000    0.000000   -2.000000    0.000000    2.000000    0.000000    2.000000    0.000000    0.000000    0.000000    0.000000    0.000000    0.000000    0.000000
   39  2  -12.294358    2.000000    0.000000   -2.000000    0.000000   -2.000000    0.000000    0.000000    0.000000    0.000000    0.000000    0.000000    0.000000   -2.000000    0.000000    2.000000    0.000000    2.000000    0.000000    0.000000    0.000000    0.000000    0.000000    0.000000    0.000000
   41  2   -5.035845    2.000000    0.000000    1.000000    0.000002    1.000000   -0.000001    0.000000    0.000000    0.000000    0.000001    0.000000   -0.000001    2.000000    0.000000    1.000000    0.000002    1.000000   -0.000001    0.000000    0.000000    0.000000    0.000001    0.000000   -0.000001
   43  2   -4.781798    2.000000    0.000000    1.000000    0.000000    1.000000    0.000000    0.000000    0.000000    0.000000    0.000000    0.000000    0.000000   -2.000000    0.000000   -1.000000    0.000000   -1.000000    0.000000    0.000000    0.000000    0.000000    0.000000    0.000000    0.000000
   45  2   -4.365786    2.000000    0.000000    1.000000   -0.000000    1.000000    0.000000    0.000000    0.000000    0.000000   -0.000001    0.000000    0.000001    2.000000    0.000000    1.000000   -0.000000    1.000000    0.000000    0.000000    0.000000    0.000000   -0.000001    0.000000    0.000001
   47  2   -4.007955    2.000000    0.000000    1.000000    0.000000    1.000000    0.000000    0.000000    0.000000    0.000000    0.000000    0.000000    0.000000   -2.000000    0.000000   -1.000000    0.000000   -1.000000    0.000000    0.000000    0.000000    0.000000    0.000000    0.000000    0.000000
   49  2    0.763804    2.000000    0.000000    1.000000    0.000000    1.000000   -0.000000    0.000000    0.000000    0.000000    0.000003    0.000000   -0.000003    2.000000    0.000000    1.000000    0.000000    1.000000   -0.000000    0.000000    0.000000    0.000000    0.000003    0.000000   -0.000003
   51  2    1.267527    2.000000    0.000000    1.000000    0.000001    1.000000   -0.000001    0.000000    0.000000    0.000000    0.000001    0.000000   -0.000001    2.000000    0.000000    1.000000    0.000001    1.000000   -0.000001    0.000000    0.000000    0.000000    0.000001    0.000000   -0.000001
   53  2    1.602582    2.000000    0.000000    0.999998    0.000001    0.999998   -0.000001    0.000000    0.000000    0.000000   -0.000001    0.000000    0.000001    2.000000    0.000000    0.999998    0.000001    0.999998   -0.000001    0.000000    0.000000    0.000000   -0.000001    0.000000    0.000001
   55  2    1.617949    2.000000    0.000000    0.999999    0.000000    0.999999   -0.000000    0.000000    0.000000    0.000000    0.000000    0.000000    0.000000   -2.000000    0.000000   -0.999999   -0.000000   -0.999999    0.000000    0.000000    0.000000    0.000000   -0.000000    0.000000    0.000000
   57  2    1.618961    2.000000    0.000000   -1.999998    0.000000   -1.999998    0.000000    0.000000    0.000000    0.000000    0.000000    0.000000    0.000000    2.000000    0.000000   -1.999998    0.000000   -1.999998    0.000000    0.000000    0.000000    0.000000    0.000000    0.000000    0.000000
   59  2    1.658707    2.000000    0.000000   -1.999999    0.000000   -1.999999    0.000000    0.000000    0.000000    0.000000    0.000000    0.000000    0.000000   -2.000000    0.000000    1.999999    0.000000    1.999999    0.000000    0.000000    0.000000    0.000000    0.000000    0.000000    0.000000
   61  2    1.841122    2.000000    0.000000    1.000000   -0.000000    1.000000    0.000001    0.000000    0.000000    0.000000    0.000000    0.000000   -0.000000   -2.000000    0.000000   -1.000000    0.000001   -1.000000   -0.000000    0.000000    0.000000    0.000000   -0.000000    0.000000    0.000000
   63  2    2.059011    2.000000    0.000000    1.000000   -0.000000    1.000000    0.000000    0.000000    0.000000    0.000000   -0.000000    0.000000    0.000000   -2.000000    0.000000   -1.000000    0.000000   -1.000000   -0.000000    0.000000    0.000000    0.000000    0.000000    0.000000   -0.000000
   65  2    2.127961    2.000000    0.000000    1.000000    0.000001    1.000000   -0.000000    0.000000    0.000000    0.000000   -0.000000    0.000000    0.000001    2.000000    0.000000    1.000000    0.000001    1.000000   -0.000000    0.000000    0.000000    0.000000   -0.000000    0.000000    0.000001
   67  2    2.163676    2.000000    0.000000    1.000000   -0.000000    1.000000    0.000000    0.000000    0.000000    0.000000    0.000000    0.000000    0.000000   -2.000000    0.000000   -1.000000    0.000000   -1.000000   -0.000000    0.000000    0.000000    0.000000    0.000000    0.000000    0.000000
   69  1    2.188495    1.000000    0.000000   -1.000000    0.000000   -1.000000    0.000000    0.000000   -1.000000    0.000000    1.000000    0.000000    1.000000    1.000000    0.000000   -1.000000    0.000000   -1.000000    0.000000    0.000000   -1.000000    0.000000    1.000000    0.000000    1.000000
   70  1    2.190762    1.000000    0.000000   -1.000000    0.000000   -1.000000    0.000000    0.000000    1.000000    0.000000   -1.000000    0.000000   -1.000000    1.000000    0.000000   -1.000000    0.000000   -1.000000    0.000000    0.000000    1.000000    0.000000   -1.000000    0.000000   -1.000000
   71  1    2.213201    1.000000    0.000000   -1.000000    0.000000   -1.000000    0.000000    0.000000   -1.000000    0.000000    1.000000    0.000000    1.000000   -1.000000    0.000000    1.000000    0.000000    1.000000    0.000000    0.000000    1.000000    0.000000   -1.000000    0.000000   -1.000000
   72  1    2.215447    1.000000    0.000000   -1.000000    0.000000   -1.000000    0.000000    0.000000    1.000000    0.000000   -1.000000    0.000000   -1.000000   -1.000000    0.000000    1.000000    0.000000    1.000000    0.000000    0.000000   -1.000000    0.000000    1.000000    0.000000    1.000000
   73  2    3.416375    2.000000    0.000000    1.000000   -0.000001    1.000000    0.000001    0.000000    0.000000    0.000000   -0.000000    0.000000    0.000000    2.000000    0.000000    1.000000   -0.000001    1.000000    0.000001    0.000000    0.000000    0.000000   -0.000000    0.000000    0.000000
   75  2    3.683108    2.000000    0.000000   -1.999994    0.000000   -1.999994    0.000000    0.000000    0.000000    0.000000    0.000000    0.000000    0.000000    2.000000    0.000000   -1.999994    0.000000   -1.999994    0.000000    0.000000    0.000000    0.000000    0.000000    0.000000    0.000000
   77  2    3.692539    2.000000    0.000000    0.999992   -0.000008    0.999992    0.000008    0.000000    0.000000    0.000000    0.000002    0.000000   -0.000001    2.000000    0.000000    0.999992   -0.000008    0.999992    0.000008    0.000000    0.000000    0.000000    0.000002    0.000000   -0.000001
   79  2    3.696686    2.000000    0.000000    1.000000    0.000000    1.000000   -0.000000    0.000000    0.000000    0.000000    0.000000    0.000000    0.000000   -2.000000    0.000000   -1.000000   -0.000000   -1.000000    0.000000    0.000000    0.000000    0.000000    0.000000    0.000000    0.000000
   81  2    3.951885    2.000000    0.000000   -2.000000    0.000000   -2.000000    0.000000    0.000000    0.000000    0.000000    0.000000    0.000000    0.000000   -2.000000    0.000000    2.000000    0.000000    2.000000    0.000000    0.000000    0.000000    0.000000    0.000000    0.000000    0.000000
   83  2    4.519708    2.000000    0.000000    1.000000    0.000000    1.000000    0.000000    0.000000    0.000000    0.000000    0.000000    0.000000    0.000000   -2.000000    0.000000   -1.000000    0.000000   -1.000000    0.000000    0.000000    0.000000    0.000000    0.000000    0.000000    0.000000
   85  2    4.886371    2.000000    0.000000    1.000000    0.000000    1.000000    0.000000    0.000000    0.000000    0.000000   -0.000001    0.000000    0.000001    2.000000    0.000000    1.000000    0.000000    1.000000    0.000000    0.000000    0.000000    0.000000   -0.000001    0.000000    0.000001
   87  1    5.056864    1.000000    0.000000   -1.000000    0.000000   -1.000000    0.000000    0.000000   -1.000000    0.000000    1.000000    0.000000    1.000000    1.000000    0.000000   -1.000000    0.000000   -1.000000    0.000000    0.000000   -1.000000    0.000000    1.000000    0.000000    1.000000
   88  1    5.058290    1.000000    0.000000   -1.000000    0.000000   -1.000000    0.000000    0.000000    1.000000    0.000000   -1.000000    0.000000   -1.000000    1.000000    0.000000   -1.000000    0.000000   -1.000000    0.000000    0.000000    1.000000    0.000000   -1.000000    0.000000   -1.000000
   89  2    5.251102    2.000000    0.000000    1.000000    0.000000    1.000000    0.000000    0.000000    0.000000    0.000000   -0.000001    0.000000    0.000001   -2.000000    0.000000   -1.000000    0.000000   -1.000000    0.000000    0.000000    0.000000    0.000000    0.000001    0.000000   -0.000001
   91  1    5.390171    1.000000    0.000000   -1.000000    0.000000   -1.000000    0.000000    0.000000   -1.000000    0.000000    1.000000    0.000000    1.000000   -1.000000    0.000000    1.000000    0.000000    1.000000    0.000000    0.000000    1.000000    0.000000   -1.000000    0.000000   -1.000000
   92  1    5.392495    1.000000    0.000000   -1.000000    0.000000   -1.000000    0.000000    0.000000    1.000000    0.000000   -1.000000    0.000000   -1.000000   -1.000000    0.000000    1.000000    0.000000    1.000000    0.000000    0.000000   -1.000000    0.000000    1.000000    0.000000    1.000000
   93  2    5.873238    2.000000    0.000000    1.000000    0.000001    1.000000   -0.000000    0.000000    0.000000    0.000000    0.000001    0.000000   -0.000001    2.000000    0.000000    1.000000    0.000001    1.000000   -0.000000    0.000000    0.000000    0.000000    0.000001    0.000000   -0.000001
   95  2    5.930276    2.000000    0.000000   -2.000000    0.000000   -2.000000    0.000000    0.000000    0.000000    0.000000    0.000000    0.000000    0.000000    2.000000    0.000000   -2.000000    0.000000   -2.000000    0.000000    0.000000    0.000000    0.000000    0.000000    0.000000    0.000000
   97  2    6.091538    2.000000    0.000000    1.000000   -0.000003    1.000000    0.000003    0.000000    0.000000    0.000000   -0.000001    0.000000    0.000001    2.000000    0.000000    1.000000   -0.000003    1.000000    0.000003    0.000000    0.000000    0.000000   -0.000001    0.000000    0.000001
   99  2    6.314114    2.000000    0.000000    1.000000    0.000000    1.000000    0.000000    0.000000    0.000000    0.000000   -0.000000    0.000000    0.000000   -2.000000    0.000000   -1.000000    0.000000   -1.000000    0.000000    0.000000    0.000000    0.000000    0.000000    0.000000   -0.000000
  101  2    6.511977    2.000000    0.000000   -2.000000    0.000000   -2.000000    0.000000    0.000000    0.000000    0.000000    0.000000    0.000000    0.000000   -2.000000    0.000000    2.000000    0.000000    2.000000    0.000000    0.000000    0.000000    0.000000    0.000000    0.000000    0.000000
  103  2    6.771487    2.000000    0.000000    1.000000    0.000008    1.000000   -0.000008    0.000000    0.000000    0.000000   -0.000005    0.000000    0.000005    2.000000    0.000000    1.000000    0.000008    1.000000   -0.000008    0.000000    0.000000    0.000000   -0.000005    0.000000    0.000005
  105  2    6.798935    2.000000    0.000000    1.000000   -0.000001    1.000000    0.000001    0.000000    0.000000    0.000000    0.000000    0.000000   -0.000000   -2.000000    0.000000   -1.000000    0.000001   -1.000000   -0.000001    0.000000    0.000000    0.000000   -0.000000    0.000000    0.000000
  107  2    6.820033    2.000000    0.000000    1.000000    0.000002    1.000000   -0.000002    0.000000    0.000000    0.000000    0.000001    0.000000   -0.000001    2.000000    0.000000    1.000000    0.000002    1.000000   -0.000002    0.000000    0.000000    0.000000    0.000001    0.000000   -0.000001
  109  2    6.837565    2.000000    0.000000   -1.999999    0.000000   -1.999999    0.000000    0.000000    0.000000    0.000000    0.000000    0.000000    0.000000    2.000000    0.000000   -1.999999    0.000000   -1.999999    0.000000    0.000000    0.000000    0.000000    0.000000    0.000000    0.000000
  111  2    7.562338    2.000000    0.000000    1.000000    0.000037    1.000000   -0.000036    0.000000    0.000001    0.000000   -0.000003    0.000000    0.000004    2.000000    0.000000    1.000000    0.000037    1.000000   -0.000036    0.000000    0.000001    0.000000   -0.000003    0.000000    0.000004
  113  2    7.607598    2.000000    0.000000    1.000000   -0.000002    1.000000    0.000002    0.000000    0.000000    0.000000   -0.000002    0.000000    0.000002   -2.000000    0.000000   -1.000000    0.000002   -1.000000   -0.000002    0.000000    0.000000    0.000000    0.000002    0.000000   -0.000002
  115  2    7.789331    2.000000    0.000000   -1.999999    0.000000   -1.999999    0.000000    0.000000    0.000000    0.000000    0.000000    0.000000    0.000000   -2.000000    0.000000    1.999999    0.000000    1.999999    0.000000    0.000000    0.000000    0.000000    0.000000    0.000000    0.000000
  117  2    7.840377    2.000000    0.000000    1.000000    0.000036    1.000000   -0.000036    0.000000    0.000008    0.000000   -0.000098    0.000000    0.000106    2.000000    0.000000    1.000000    0.000036    1.000000   -0.000036    0.000000    0.000008    0.000000   -0.000098    0.000000    0.000106
  119  2    7.859801    2.000000    0.000000    1.000000   -0.000002    1.000000    0.000002    0.000000    0.000000    0.000000    0.000002    0.000000   -0.000002   -2.000000    0.000000   -0.999999    0.000002   -0.999999   -0.000002    0.000000    0.000000    0.000000   -0.000002    0.000000    0.000002
  121  2    8.038565    2.000000    0.000000    0.999998   -0.000005    0.999998    0.000005    0.000000    0.000001    0.000000   -0.000000    0.000000    0.000001    1.999999    0.000000    0.999998   -0.000005    0.999998    0.000005    0.000000    0.000001    0.000000    0.000000    0.000000    0.000001
  123  1    8.045819    1.000000    0.000000   -0.999998    0.000000   -0.999998    0.000000    0.000000   -0.999999    0.000000    0.999998    0.000000    0.999998    1.000000    0.000000   -0.999998    0.000000   -0.999998    0.000000    0.000000   -0.999999    0.000000    0.999998    0.000000    0.999998
  124  1    8.046952    1.000000    0.000000   -0.999998    0.000000   -0.999998    0.000000    0.000000    0.999999    0.000000   -0.999998    0.000000   -0.999998    1.000000    0.000000   -0.999998    0.000000   -0.999998    0.000000    0.000000    0.999999    0.000000   -0.999998    0.000000   -0.999998
  125  2    8.250822    2.000000    0.000000    0.999515   -0.000017    0.999515    0.000017    0.000000    0.000004    0.000000    0.000161    0.000000    0.000168    1.999998    0.000000    0.999515   -0.000018    0.999515    0.000018    0.000000    0.000003    0.000000    0.000161    0.000000    0.000169
  127  1    8.253606    1.000000    0.000000   -0.999674    0.000009   -0.999674   -0.000009    0.000000   -0.999999    0.000000    0.999671    0.000000    0.999678    1.000000    0.000000   -0.999674    0.000009   -0.999674   -0.000009    0.000000   -0.999999    0.000000    0.999670    0.000000    0.999678
  128  1    8.254684    1.000000    0.000000   -0.999838    0.000000   -0.999838    0.000000    0.000000    0.999999    0.000000   -0.999842    0.000000   -0.999834    0.999999    0.000000   -0.999838   -0.000000   -0.999838    0.000000    0.000000    0.999999    0.000000   -0.999842    0.000000   -0.999835
  129  2    8.331347    2.000000    0.000000    1.000000    0.000005    1.000000   -0.000005    0.000000    0.000000    0.000000    0.000006    0.000000   -0.000006   -2.000000    0.000000   -1.000000   -0.000005   -1.000000    0.000005    0.000000   -0.000000    0.000000   -0.000006    0.000000    0.000006
  131  2    8.868089    2.000000    0.000000    0.999981   -0.000008    0.999981    0.000008    0.000000    0.000006    0.000000   -0.000031    0.000000    0.000029    1.999953    0.000000    0.999988   -0.000001    0.999988    0.000001    0.000000   -0.000011    0.000000   -0.000029    0.000000    0.000022
  133  1    8.906798    1.000000    0.000000   -0.999983   -0.000002   -0.999983    0.000002    0.000000   -0.999403    0.000000    0.999406    0.000000    0.999399    0.999975    0.000000   -0.999979    0.000006   -0.999979   -0.000006    0.000000   -0.999392    0.000000    0.999391    0.000000    0.999401
  134  1    8.908140    1.000000    0.000000   -0.999952   -0.000020   -0.999952    0.000020    0.000000    0.999376    0.000000   -0.999360    0.000000   -0.999357    0.999928    0.000000   -0.999958    0.000017   -0.999958   -0.000017    0.000000    0.999366    0.000000   -0.999382    0.000000   -0.999394
  135  1    9.204153    1.000000    0.000000    0.499908    0.128588    0.499908   -0.128588    0.000000    0.915335    0.000000    0.134225    0.000000    0.781013    0.999328    0.000000    0.499742    0.128225    0.499742   -0.128225    0.000000    0.915281    0.000000    0.134596    0.000000    0.780788
  136  1    9.205607    1.000000    0.000000    0.498213   -0.128653    0.498213    0.128653    0.000000   -0.914372    0.000000   -0.133598    0.000000   -0.779497    0.996675    0.000000    0.499943   -0.127775    0.499943    0.127775    0.000000   -0.913585    0.000000   -0.134504    0.000000   -0.780177
 12
    1    2    3    4    5    6    7    8    9   10   11   12
    1  4  -45.701361    4.000000    0.000000    2.000000    0.000000    2.000000    0.000000    0.000000   -0.000000    0.000000    0.000000    0.000000   -0.000000   -0.000000    0.000000   -0.000000    0.000000   -0.000000    0.000000   -0.000000    0.000000    0.000000    0.000000   -0.000000    0.000000
    5  4  -45.125334    4.000000    0.000000    2.000000    0.000000    2.000000    0.000000    0.000000   -0.000000    0.000000    0.000001    0.000000   -0.000001    0.000000    0.000000    0.000000    0.000000    0.000000    0.000000   -0.000001    0.000000   -0.000000    0.000000   -0.000000    0.000000
    9  4  -44.792347    4.000000    0.000000   -4.000000    0.000000   -4.000000    0.000000    0.000000    0.000000    0.000000   -0.000000    0.000000   -0.000000   -0.000000    0.000000    0.000000    0.000000    0.000000    0.000000   -0.000000    0.000000    0.000000    0.000000    0.000000    0.000000
   13  4  -41.391924    4.000000    0.000000    2.000000   -0.000000    2.000000    0.000000    0.000000    0.000000    0.000000   -0.000000    0.000000    0.000001    0.000000    0.000000    0.000000    0.000000    0.000000    0.000000    0.000000    0.000000    0.000000    0.000000    0.000000    0.000000
   17  4  -41.026570    4.000000    0.000000    2.000000    0.000000    2.000000    0.000000    0.000000    0.000000    0.000000    0.000000    0.000000   -0.000000    0.000000    0.000000    0.000000    0.000000    0.000000    0.000000    0.000000    0.000000    0.000000    0.000000    0.000000    0.000000
   21  4  -40.659014    4.000000    0.000000   -4.000000    0.000000   -4.000000    0.000000    0.000000    0.000000    0.000000   -0.000000    0.000000   -0.000000   -0.000000    0.000000    0.000001    0.000000    0.000001    0.000000    0.000001    0.000000   -0.000000    0.000000   -0.000000    0.000000
   25  4  -30.667482    4.000000    0.000000    2.000000   -0.000000    2.000000    0.000001    0.000000    0.000000    0.000000    0.000000    0.000000    0.000000   -0.000000    0.000000   -0.000000    0.000003   -0.000000   -0.000003    0.000000    0.000000    0.000001    0.000000   -0.000001    0.000000
   29  2  -13.450235    2.000000    0.000000    1.000000    0.000000    1.000000    0.000000    0.000000    0.000000    0.000000    0.000000    0.000000    0.000000    0.000000    0.000000    0.000000   -1.732050    0.000000    1.732050    0.000000    0.000000    0.000000    0.000000    0.000000    0.000000
   31  2  -13.440421    2.000000    0.000000    1.000000    0.000000    1.000000    0.000000    0.000000    0.000000    0.000000    0.000000    0.000000    0.000000    0.000000    0.000000    0.000000    1.732050    0.000000   -1.732050    0.000000    0.000000    0.000000    0.000000    0.000000    0.000000
   33  2  -12.356641    2.000000    0.000000    1.000000    0.000000    1.000000    0.000000    0.000000    0.000000    0.000000    0.000000    0.000000    0.000000    0.000000    0.000000    0.000000   -1.732044    0.000000    1.732044    0.000000    0.000000    0.000000    0.000000    0.000000    0.000000
   35  2  -12.344345    2.000000    0.000000    1.000000    0.000000    1.000000    0.000000    0.000000    0.000000    0.000000    0.000000    0.000000    0.000000    0.000000    0.000000    0.000000    1.732044    0.000000   -1.732044    0.000000    0.000000    0.000000    0.000000    0.000000    0.000000
   37  2  -12.309008    2.000000    0.000000   -2.000000    0.000000   -2.000000    0.000000    0.000000    0.000000    0.000000    0.000000    0.000000    0.000000    0.000000    0.000000    0.000000    0.000000    0.000000    0.000000    0.000000    0.000000    0.000000    0.000000    0.000000    0.000000
   39  2  -12.294356    2.000000    0.000000   -2.000000    0.000000   -2.000000    0.000000    0.000000    0.000000    0.000000    0.000000    0.000000    0.000000    0.000000    0.000000    0.000000    0.000000    0.000000   -0.000000    0.000000    0.000000    0.000000    0.000000    0.000000    0.000000
   41  2   -4.953370    2.000000    0.000000    1.000000    0.000000    1.000000    0.000000    0.000000    0.000000    0.000000    0.000000    0.000000   -0.000000    0.000000    0.000000    0.000000   -1.732049    0.000000    1.732049   -0.000000    0.000000    0.000000    0.000000   -0.000000    0.000000
   43  2   -4.920431    2.000000    0.000000    1.000000    0.000000    1.000000    0.000000    0.000000    0.000000    0.000000    0.000000    0.000000   -0.000000    0.000000    0.000000    0.000000    1.732049    0.000000   -1.732049    0.000000    0.000000    0.000000    0.000000    0.000000    0.000000
   45  2   -4.179002    2.000000    0.000000    1.000000    0.000000    1.000000    0.000000    0.000000    0.000000    0.000000    0.000000    0.000000    0.000000    0.000000    0.000000    0.000000    1.732050    0.000000   -1.732050    0.000000    0.000000    0.000000    0.000000    0.000000    0.000000
   47  2   -4.141224    2.000000    0.000000    1.000000    0.000000    1.000000    0.000000    0.000000    0.000000    0.000000    0.000000    0.000000    0.000000    0.000000    0.000000    0.000000   -1.732050    0.000000    1.732050    0.000000    0.000000    0.000000    0.000000    0.000000    0.000000
   49  2    0.911362    2.000000    0.000000    1.000000   -0.000000    1.000000    0.000000    0.000000    0.000000    0.000000    0.000000    0.000000    0.000000    0.000000    0.000000    0.000000   -1.732050    0.000000    1.732051    0.000000    0.000000    0.000000    0.000000   -0.000000    0.000000
   51  2    1.089307    2.000000    0.000000    1.000000   -0.000000    1.000000    0.000000    0.000000   -0.000000    0.000000    0.000000    0.000000   -0.000000   -0.000000    0.000000   -0.000000    1.732051   -0.000000   -1.732050    0.000000    0.000000    0.000000    0.000000    0.000000    0.000000
   53  2    1.598533    2.000000    0.000000    1.000000    0.000000    1.000000    0.000000    0.000000    0.000000    0.000000    0.000000    0.000000    0.000000    0.000000    0.000000    0.000000    1.732051    0.000000   -1.732051    0.000000    0.000000    0.000000    0.000000    0.000000    0.000000
   55  2    1.617993    2.000000    0.000000    0.999739    0.000000    0.999739    0.000000    0.000000    0.000000    0.000000    0.000000    0.000000    0.000000    0.000000    0.000000    0.000000   -1.731900    0.000000    1.731900    0.000000    0.000000    0.000000    0.000000   -0.000000    0.000000
   57  2    1.619670    2.000000    0.000000   -1.999707    0.000000   -1.999707    0.000000    0.000000   -0.000000    0.000000    0.000000    0.000000    0.000000    0.000000    0.000000    0.000000   -0.000169    0.000000    0.000169    0.000000    0.000000    0.000000    0.000000    0.000000    0.000000
   59  2    1.658847    2.000000    0.000000   -1.999999    0.000000   -1.999999    0.000000    0.000000    0.000000    0.000000    0.000000    0.000000    0.000000    0.000000    0.000000    0.000000   -0.000000    0.000000    0.000000    0.000000    0.000000    0.000000    0.000000    0.000000    0.000000
   61  2    1.843409    2.000000    0.000000    1.000000    0.000000    1.000000    0.000000    0.000000    0.000000    0.000000    0.000000    0.000000    0.000000    0.000000    0.000000    0.000000    1.732051    0.000000   -1.732051    0.000000    0.000000    0.000000    0.000000    0.000000    0.000000
   63  2    2.047544    2.000000    0.000000    1.000000   -0.000000    1.000000    0.000000    0.000000    0.000000    0.000000    0.000000    0.000000   -0.000000    0.000000    0.000000    0.000000   -1.732051    0.000000    1.732051   -0.000000    0.000000    0.000000    0.000000   -0.000000    0.000000
   65  2    2.137307    2.000000    0.000000    1.000000   -0.000000    1.000000    0.000000    0.000000   -0.000000    0.000000   -0.000000    0.000000   -0.000000    0.000000    0.000000    0.000000   -1.732047    0.000000    1.732047    0.000000    0.000000   -0.000000    0.000000    0.000001    0.000000
   67  2    2.150693    2.000000    0.000000    1.000000   -0.000000    1.000000    0.000000    0.000000    0.000000    0.000000    0.000000    0.000000    0.000000   -0.000000    0.000000    0.000000    1.732047    0.000000   -1.732047    0.000000    0.000000   -0.000000    0.000000    0.000000    0.000000
   69  2    2.199386    2.000000    0.000000   -2.000000    0.000000   -2.000000    0.000000    0.000000    0.000000    0.000000    0.000000    0.000000    0.000000    0.000000    0.000000   -0.000000    0.000000   -0.000000    0.000000    0.000000    0.000000    0.000000    0.000000    0.000000    0.000000
   71  2    2.204076    2.000000    0.000000   -2.000000    0.000000   -2.000000    0.000000    0.000000    0.000000    0.000000   -0.000000    0.000000   -0.000000    0.000000    0.000000   -0.000000    0.000000   -0.000000    0.000000   -0.000000    0.000000    0.000000    0.000000    0.000000    0.000000
   73  2    3.452817    2.000000    0.000000    1.000000   -0.000000    1.000000    0.000000    0.000000    0.000000    0.000000    0.000001    0.000000   -0.000000    0.000000    0.000000    0.000000   -1.732051    0.000000    1.732051   -0.000000    0.000000   -0.000000    0.000000   -0.000000    0.000000
   75  2    3.653182    2.000000    0.000000    0.999998   -0.000000    0.999998    0.000000    0.000000   -0.000000    0.000000    0.000000    0.000000   -0.000000   -0.000000    0.000000   -0.000000    1.732050   -0.000000   -1.732050    0.000001    0.000000    0.000000    0.000000    0.000000    0.000000
   77  2    3.698004    2.000000    0.000000   -1.999998    0.000000   -1.999998    0.000000    0.000000    0.000000    0.000000   -0.000000    0.000000   -0.000000   -0.000000    0.000000    0.000000    0.000001    0.000000   -0.000001    0.000000    0.000000    0.000000    0.000000    0.000000    0.000000
   79  2    3.932333    2.000000    0.000000   -2.000000    0.000000   -2.000000    0.000000    0.000000   -0.000000    0.000000    0.000000    0.000000    0.000000    0.000000    0.000000    0.000000    0.000000    0.000000    0.000000    0.000000    0.000000   -0.000000    0.000000   -0.000000    0.000000
   81  2    4.103467    2.000000    0.000000    1.000000   -0.000000    1.000000    0.000000    0.000000    0.000001    0.000000    0.000004    0.000000   -0.000003    0.000000    0.000000    0.000000   -1.732050    0.000000    1.732050   -0.000004    0.000000   -0.000001    0.000000   -0.000003    0.000000
   83  2    4.134339    2.000000    0.000000    1.000000   -0.000001    1.000000    0.000001    0.000000    0.000001    0.000000    0.000001    0.000000    0.000000   -0.000001    0.000000   -0.000001    1.732050   -0.000001   -1.732050    0.000000    0.000000   -0.000000    0.000000    0.000001    0.000000
   85  2    4.915935    2.000000    0.000000    1.000000    0.000000    1.000000    0.000000    0.000000   -0.000000    0.000000   -0.000000    0.000000   -0.000000   -0.000000    0.000000    0.000000    1.732051    0.000000   -1.732051    0.000000    0.000000    0.000000    0.000000   -0.000000    0.000000
   87  2    5.090008    2.000000    0.000000   -2.000000    0.000000   -2.000000    0.000000    0.000000    0.000000    0.000000   -0.000000    0.000000   -0.000000   -0.000000    0.000000    0.000000    0.000000    0.000000    0.000000   -0.000000    0.000000    0.000000    0.000000    0.000000    0.000000
   89  2    5.208261    2.000000    0.000000    1.000000   -0.000000    1.000000    0.000001    0.000000    0.000001    0.000000    0.000001    0.000000    0.000000    0.000001    0.000000    0.000000   -1.732051    0.000000    1.732051   -0.000000    0.000000    0.000000    0.000000   -0.000000    0.000000
   91  2    5.337454    2.000000    0.000000   -2.000000    0.000000   -2.000000    0.000000    0.000000   -0.000000    0.000000    0.000000    0.000000    0.000000   -0.000000    0.000000    0.000000    0.000000    0.000000    0.000000    0.000000    0.000000    0.000000    0.000000    0.000000    0.000000
   93  2    5.961136    2.000000    0.000000    1.000000    0.000000    1.000000   -0.000000    0.000000    0.000000    0.000000   -0.000001    0.000000    0.000001    0.000000    0.000000    0.000000    1.732051    0.000000   -1.732051   -0.000001    0.000000   -0.000001    0.000000   -0.000000    0.000000
   95  2    6.022118    2.000000    0.000000   -2.000000    0.000000   -2.000000    0.000000    0.000000    0.000001    0.000000   -0.000001    0.000000   -0.000001    0.000001    0.000000   -0.000001    0.000000   -0.000001    0.000000    0.000000    0.000000   -0.000000    0.000000   -0.000000    0.000000
   97  2    6.168215    2.000000    0.000000    1.000000    0.000003    1.000000   -0.000003    0.000000    0.000001    0.000000   -0.000001    0.000000    0.000002   -0.000004    0.000000   -0.000002   -1.732051   -0.000002    1.732051    0.000002    0.000000    0.000002    0.000000    0.000000    0.000000
   99  2    6.201762    2.000000    0.000000    1.000000    0.000001    1.000000   -0.000001    0.000000   -0.000000    0.000000    0.000000    0.000000   -0.000000    0.000001    0.000000    0.000000    1.732051    0.000000   -1.732051    0.000000    0.000000    0.000000    0.000000    0.000000    0.000000
  101  2    6.243048    2.000000    0.000000    1.000000   -0.000000    1.000000    0.000000    0.000000   -0.000000    0.000000    0.000001    0.000000   -0.000002    0.000000    0.000000    0.000000   -1.732051    0.000000    1.732051   -0.000002    0.000000   -0.000001    0.000000   -0.000000    0.000000
  103  2    6.395430    2.000000    0.000000   -2.000000    0.000000   -2.000000    0.000000    0.000000   -0.000000    0.000000    0.000000    0.000000    0.000000    0.000001    0.000000   -0.000000    0.000000   -0.000000    0.000000    0.000007    0.000000   -0.000007    0.000000   -0.000007    0.000000
  105  2    6.856398    2.000000    0.000000    1.000000   -0.000005    1.000000    0.000005    0.000000    0.000003    0.000000   -0.000003    0.000000    0.000006    0.000006    0.000000    0.000003   -1.732051    0.000003    1.732051    0.000005    0.000000    0.000005    0.000000   -0.000000    0.000000
  107  2    6.914332    2.000000    0.000000   -2.000000    0.000000   -2.000000    0.000000    0.000000    0.000012    0.000000   -0.000011    0.000000   -0.000011   -0.000004    0.000000    0.000005    0.000000    0.000005    0.000000   -0.000004    0.000000    0.000004    0.000000    0.000004    0.000000
  109  2    7.481690    2.000000    0.000000    1.000000   -0.000008    1.000000    0.000008    0.000000    0.000002    0.000000   -0.000000    0.000000    0.000002    0.000009    0.000000    0.000005   -1.732050    0.000005    1.732050    0.000002    0.000000    0.000002    0.000000   -0.000001    0.000000
  111  2    7.511389    2.000000    0.000000    1.000000    0.000003    1.000000   -0.000003    0.000000   -0.000002    0.000000    0.000001    0.000000   -0.000003    0.000004    0.000000    0.000002    1.732051    0.000002   -1.732050    0.000003    0.000000    0.000003    0.000000   -0.000000    0.000000
  113  2    7.593033    2.000000    0.000000    0.999999   -0.000001    0.999999    0.000001    0.000000   -0.000001    0.000000   -0.000004    0.000000    0.000002   -0.000001    0.000000   -0.000000    1.732050   -0.000000   -1.732049   -0.000003    0.000000   -0.000000    0.000000   -0.000003    0.000000
  115  2    7.646906    2.000000    0.000000   -1.999996    0.000000   -1.999996    0.000000    0.000000   -0.000001    0.000000    0.000001    0.000000    0.000001    0.000000    0.000000    0.000000    0.000002    0.000000   -0.000002   -0.000001    0.000000    0.000001    0.000000    0.000001    0.000000
  117  2    7.887237    2.000000    0.000000    1.000000   -0.000005    1.000000    0.000005    0.000000   -0.000009    0.000000   -0.000039    0.000000    0.000030   -0.000006    0.000000   -0.000003    1.732050   -0.000003   -1.732050   -0.000039    0.000000   -0.000012    0.000000   -0.000028    0.000000
  119  2    8.021243    2.000000    0.000000    1.000000    0.000000    1.000000    0.000000    0.000000   -0.000000    0.000000    0.000000    0.000000   -0.000000    0.000000    0.000000    0.000000   -1.732050    0.000000    1.732050   -0.000000    0.000000   -0.000000    0.000000    0.000000    0.000000
  121  2    8.079179    2.000000    0.000000    0.999996    0.000002    0.999996   -0.000002    0.000000    0.000001    0.000000    0.000000    0.000000   -0.000000    0.000003    0.000000    0.000002    1.732047    0.000002   -1.732047    0.000001    0.000000    0.000001    0.000000    0.000000    0.000000
  123  2    8.081979    2.000000    0.000000   -1.999995   -0.000000   -1.999995    0.000000    0.000000    0.000000    0.000000    0.000000    0.000000    0.000001   -0.000000    0.000000    0.000000    0.000001    0.000000   -0.000001   -0.000000    0.000000   -0.000000    0.000000    0.000000    0.000000
  125  2    8.360297    2.000000    0.000000    0.999986   -0.000162    0.999986    0.000163    0.000000   -0.000116    0.000000   -0.000165    0.000000    0.000041    0.000187    0.000000    0.000097   -1.732039    0.000097    1.732039    0.000123    0.000000   -0.000044    0.000000    0.000162    0.000000
  127  2    8.377331    2.000000    0.000000   -1.999955   -0.000011   -1.999955    0.000012    0.000000    0.000003    0.000000    0.000010    0.000000   -0.000018   -0.000150    0.000000    0.000172   -0.000019    0.000172    0.000020   -0.000181    0.000000    0.000161    0.000000    0.000163    0.000000
  129  2    8.426856    2.000000    0.000000    0.999843    0.000112    0.999843   -0.000112    0.000000    0.000148    0.000000   -0.000101    0.000000    0.000071    0.000171    0.000000    0.000104    1.731865    0.000104   -1.731864   -0.000005    0.000000   -0.000242    0.000000    0.000042    0.000000
  131  2    8.478434    2.000000    0.000000    0.999950    0.000028    0.999950   -0.000028    0.000000    0.000006    0.000000   -0.000013    0.000000    0.000055   -0.000036    0.000000   -0.000012   -1.732009   -0.000012    1.732010    0.000070    0.000000    0.000014    0.000000   -0.000007    0.000000
  133  1    9.011470    1.000000    0.000000    0.496972   -0.175262    0.496972    0.175263    0.000000   -0.577838    0.000000   -0.972301    0.000000    0.390281   -0.203040    0.000000   -0.101755    0.862122   -0.101755   -0.862121   -0.784375    0.000000    0.105789    0.000000   -0.893891    0.000000
  134  1    9.019095    1.000000    0.000000    0.467104    0.157971    0.467104   -0.157971    0.000000    0.552562    0.000000    0.951358    0.000000   -0.381385    0.191831    0.000000    0.111258    0.826905    0.111258   -0.826905    0.767553    0.000000   -0.117098    0.000000    0.856047    0.000000
  135  1    9.097153    1.000000    0.000000   -0.998043   -0.000523   -0.998043    0.000523    0.000000   -0.280339    0.000000    0.279480    0.000000    0.280768    0.886232    0.000000   -0.885395   -0.000755   -0.885395    0.000755   -0.346048    0.000000    0.347742    0.000000    0.347596    0.000000
  136  1    9.112222    1.000000    0.000000   -0.898180   -0.030421   -0.898180    0.030422    0.000000    0.236319    0.000000   -0.221406    0.000000   -0.299785   -0.785784    0.000000    0.849309   -0.045501    0.849309    0.045502    0.280020    0.000000   -0.357026    0.000000   -0.312123    0.000000
  6
    1    2    3    4    5    6
    1  4  -45.701768    4.000000    0.000000   -1.000000   -0.000000   -1.000000    0.000000    0.000000   -0.000000    0.000000    0.000000    0.000000   -0.000000
    5  4  -45.125315    4.000000    0.000000   -1.000000    0.000001   -1.000000   -0.000001    0.000000    0.000000    0.000000    0.000002    0.000000   -0.000001
    9  4  -44.792813    4.000000    0.000000    2.000000   -0.000000    2.000000    0.000000    0.000000    0.000000    0.000000   -0.000000    0.000000    0.000000
   13  4  -41.392498    4.000000    0.000000   -1.000000    0.000000   -1.000000    0.000000    0.000000   -0.000000    0.000000   -0.000000    0.000000    0.000000
   17  4  -41.026513    4.000000    0.000000   -1.000000    0.000000   -1.000000   -0.000000    0.000000    0.000000    0.000000    0.000000    0.000000   -0.000000
   21  4  -40.659681    4.000000    0.000000    2.000000   -0.000000    2.000000    0.000000    0.000000    0.000000    0.000000    0.000000    0.000000   -0.000000
   25  4  -30.662083    4.000000    0.000000    2.000000    0.000001    2.000000   -0.000001    0.000000    0.000001    0.000000    0.000003    0.000000   -0.000001
   29  2  -13.483451    2.000000    0.000000    1.000000    0.000000    1.000000    0.000000    0.000000    0.000000    0.000000    0.000000    0.000000    0.000000
   31  2  -13.472705    2.000000    0.000000    1.000000    0.000000    1.000000    0.000000    0.000000    0.000000    0.000000    0.000000    0.000000    0.000000
   33  2  -12.391813    2.000000    0.000000   -1.999999    0.000000   -1.999999    0.000000    0.000000    0.000000    0.000000    0.000000    0.000000    0.000000
   35  2  -12.376098    2.000000    0.000000   -1.999998    0.000000   -1.999998    0.000000    0.000000    0.000000    0.000000    0.000000    0.000000    0.000000
   37  2  -12.357890    2.000000    0.000000    0.999999    0.000000    0.999999    0.000000    0.000000    0.000000    0.000000    0.000000    0.000000    0.000000
   39  2  -12.345408    2.000000    0.000000    0.999999    0.000000    0.999999    0.000000    0.000000    0.000000    0.000000    0.000000    0.000000    0.000000
   41  2   -3.878242    2.000000    0.000000    0.999982    0.000000    0.999982    0.000000    0.000000    0.000000    0.000000   -0.000000    0.000000   -0.000000
   43  2   -3.875993    2.000000    0.000000   -1.999971    0.000000   -1.999971    0.000000    0.000000    0.000000    0.000000    0.000001    0.000000    0.000001
   45  2   -3.857141    2.000000    0.000000    0.999972   -0.000000    0.999972    0.000000    0.000000    0.000000    0.000000   -0.000001    0.000000   -0.000001
   47  2   -3.855374    2.000000    0.000000   -1.999981    0.000000   -1.999981    0.000000    0.000000    0.000000    0.000000    0.000001    0.000000    0.000001
   49  1    0.988613    1.000000    0.000000   -1.000000    0.000000   -1.000000    0.000000    0.000000    1.000000    0.000000   -1.000000    0.000000   -1.000000
   50  1    0.991381    1.000000    0.000000   -1.000000    0.000000   -1.000000    0.000000    0.000000   -1.000000    0.000000    1.000000    0.000000    1.000000
   51  1    1.115348    1.000000    0.000000   -0.999981    0.000000   -0.999981    0.000000    0.000000   -1.000000    0.000000    0.999981    0.000000    0.999981
   52  1    1.118964    1.000000    0.000000   -0.999962    0.000000   -0.999962    0.000000    0.000000    1.000000    0.000000   -0.999962    0.000000   -0.999962
   53  2    1.126893    2.000000    0.000000    0.999958   -0.000000    0.999958    0.000000    0.000000    0.000000    0.000000   -0.000015    0.000000   -0.000013
   55  2    1.218745    2.000000    0.000000    1.000000    0.000000    1.000000    0.000000    0.000000    0.000000    0.000000   -0.000000    0.000000    0.000000
   57  2    1.476687    2.000000    0.000000    1.000000   -0.000001    1.000000    0.000001    0.000000    0.000000    0.000000   -0.000005    0.000000    0.000005
   59  2    1.650743    2.000000    0.000000    1.000000   -0.000001    1.000000    0.000001    0.000000    0.000000    0.000000   -0.000000    0.000000    0.000000
   61  2    1.894471    2.000000    0.000000    1.000000   -0.000001    1.000000    0.000001    0.000000    0.000000    0.000000   -0.000000    0.000000    0.000001
   63  2    2.010620    2.000000    0.000000    1.000000    0.000000    1.000000   -0.000000    0.000000    0.000000    0.000000   -0.000000    0.000000    0.000000
   65  2    2.091281    2.000000    0.000000   -2.000000    0.000000   -2.000000    0.000000    0.000000    0.000000    0.000000    0.000000    0.000000    0.000000
   67  2    2.109140    2.000000    0.000000    1.000000    0.000000    1.000000    0.000000    0.000000    0.000000    0.000000    0.000000    0.000000   -0.000000
   69  2    2.215485    2.000000    0.000000    1.000000    0.000000    1.000000    0.000000    0.000000    0.000000    0.000000    0.000000    0.000000    0.000000
   71  2    2.283650    2.000000    0.000000    1.000000    0.000001    1.000000   -0.000000    0.000000    0.000000    0.000000    0.000000    0.000000   -0.000000
   73  2    2.332381    2.000000    0.000000    0.999988    0.000000    0.999988   -0.000000    0.000000    0.000000    0.000000    0.000002    0.000000    0.000002
   75  2    2.334701    2.000000    0.000000   -1.999989    0.000000   -1.999989    0.000000    0.000000    0.000000    0.000000   -0.000001    0.000000   -0.000001
   77  2    2.835612    2.000000    0.000000   -2.000000    0.000000   -2.000000    0.000000    0.000000    0.000000    0.000000    0.000000    0.000000    0.000000
   79  2    2.912755    2.000000    0.000000    1.000000    0.000001    1.000000   -0.000000    0.000000    0.000000    0.000000   -0.000000    0.000000    0.000000
   81  2    3.134441    2.000000    0.000000    1.000000    0.000001    1.000000   -0.000000    0.000000    0.000000    0.000000    0.000000    0.000000   -0.000000
   83  2    3.294945    2.000000    0.000000    1.000000   -0.000000    1.000000    0.000000    0.000000    0.000000    0.000000    0.000000    0.000000    0.000000
   85  1    3.443099    1.000000    0.000000   -1.000000    0.000000   -1.000000    0.000000    0.000000    1.000000    0.000000   -1.000000    0.000000   -1.000000
   86  1    3.444465    1.000000    0.000000   -1.000000    0.000000   -1.000000    0.000000    0.000000   -1.000000    0.000000    1.000000    0.000000    1.000000
   87  2    3.488560    2.000000    0.000000    1.000000    0.000000    1.000000    0.000000    0.000000    0.000000    0.000000    0.000000    0.000000    0.000000
   89  2    3.671223    2.000000    0.000000   -1.999999    0.000000   -1.999999    0.000000    0.000000    0.000000    0.000000    0.000000    0.000000    0.000000
   91  2    3.695443    2.000000    0.000000    0.999999    0.000000    0.999999   -0.000000    0.000000    0.000000    0.000000    0.000000    0.000000   -0.000000
   93  2    5.646830    2.000000    0.000000    0.999998   -0.000001    0.999998    0.000001    0.000000    0.000000    0.000000   -0.000001    0.000000    0.000003
   95  2    5.659382    2.000000    0.000000   -1.999990    0.000000   -1.999990    0.000000    0.000000    0.000000    0.000000    0.000000    0.000000    0.000000
   97  2    5.674656    2.000000    0.000000    0.999992   -0.000000    0.999992    0.000000    0.000000    0.000000    0.000000   -0.000003    0.000000    0.000002
   99  2    5.707514    2.000000    0.000000    1.000000   -0.000000    1.000000    0.000000    0.000000    0.000000    0.000000    0.000002    0.000000   -0.000002
  101  2    6.032840    2.000000    0.000000   -1.999995    0.000000   -1.999995    0.000000    0.000000    0.000000    0.000000   -0.000000    0.000000   -0.000000
  103  2    6.048433    2.000000    0.000000    0.999995   -0.000000    0.999995    0.000000    0.000000    0.000000    0.000000    0.000000    0.000000    0.000000
  105  2    6.272296    2.000000    0.000000    1.000000    0.000008    1.000000   -0.000007    0.000000    0.000000    0.000000   -0.000001    0.000000    0.000001
  107  2    6.413362    2.000000    0.000000    1.000000    0.000000    1.000000   -0.000000    0.000000    0.000000    0.000000    0.000000    0.000000   -0.000000
  109  2    6.478150    2.000000    0.000000   -2.000000    0.000000   -2.000000    0.000000    0.000000    0.000000    0.000000    0.000000    0.000000    0.000000
  111  2    6.553315    2.000000    0.000000    1.000000    0.000004    1.000000   -0.000004    0.000000    0.000000    0.000000    0.000001    0.000000   -0.000001
  113  2    8.196879    2.000000    0.000000   -1.999994    0.000000   -1.999994    0.000000    0.000000    0.000000    0.000000    0.000000    0.000000    0.000000
  115  2    8.229475    2.000000    0.000000    0.999994    0.000001    0.999994   -0.000001    0.000000    0.000000    0.000000   -0.000001    0.000000    0.000001
  117  2    8.482169    2.000000    0.000000   -1.999999    0.000000   -1.999999    0.000000    0.000000    0.000000    0.000000    0.000000    0.000000    0.000000
  119  2    8.524385    2.000000    0.000000    0.999999    0.000000    0.999999   -0.000000    0.000000    0.000000    0.000000    0.000005    0.000000   -0.000005
  121  2    8.592088    2.000000    0.000000    1.000000    0.000003    1.000000   -0.000003    0.000000    0.000000    0.000000    0.000010    0.000000   -0.000010
  123  2    8.600064    2.000000    0.000000    1.000000    0.000011    1.000000   -0.000011    0.000000    0.000000    0.000000   -0.000014    0.000000    0.000014
  125  2    9.424756    2.000000    0.000000    1.000000   -0.000020    1.000000    0.000021    0.000000    0.000001    0.000000    0.000004    0.000000   -0.000003
  127  2    9.544326    2.000000    0.000000    0.999999    0.000005    0.999999   -0.000005    0.000000   -0.000001    0.000000   -0.000000    0.000000   -0.000001
  129  2    9.623309    2.000000    0.000000   -1.999996   -0.000000   -1.999996    0.000000    0.000000   -0.000003    0.000000    0.000003    0.000000    0.000002
  131  2    9.682746    2.000000    0.000000    0.999994    0.000005    0.999994   -0.000005    0.000000    0.000022    0.000000    0.000016    0.000000    0.000004
  133  2    9.819040    2.000000    0.000000   -1.999916   -0.000020   -1.999916    0.000020    0.000000   -0.000071    0.000000    0.000092    0.000000    0.000066
  135  2    9.847463    2.000000    0.000000    0.999888    0.000146    0.999888   -0.000146    0.000000    0.000017    0.000000   -0.000025    0.000000    0.000024
  6
    1    2    3    4    5    6
    1  4  -45.701764    4.000000    0.000000   -1.000000    0.000000   -1.000000    0.000000    0.000000    0.000000    0.000000    0.000000    0.000000    0.000000
    5  4  -45.125313    4.000000    0.000000   -1.000000   -0.000000   -1.000000    0.000000    0.000000    0.000000    0.000000   -0.000000    0.000000    0.000000
    9  4  -44.792810    4.000000    0.000000    2.000000   -0.000000    2.000000    0.000000    0.000000    0.000000    0.000000   -0.000000    0.000000    0.000000
   13  4  -41.392493    4.000000    0.000000   -1.000000    0.000000   -1.000000    0.000000    0.000000    0.000000    0.000000   -0.000000    0.000000    0.000000
   17  4  -41.026511    4.000000    0.000000   -1.000000    0.000000   -1.000000   -0.000000    0.000000    0.000000    0.000000    0.000001    0.000000   -0.000000
   21  4  -40.659677    4.000000    0.000000    2.000000   -0.000000    2.000000    0.000000    0.000000    0.000000    0.000000    0.000000    0.000000   -0.000000
   25  4  -30.662083    4.000000    0.000000    2.000000    0.000001    2.000000   -0.000001    0.000000    0.000001    0.000000    0.000001    0.000000   -0.000000
   29  2  -13.483450    2.000000    0.000000    1.000000    0.000000    1.000000    0.000000    0.000000    0.000000    0.000000    0.000000    0.000000    0.000000
   31  2  -13.472705    2.000000    0.000000    1.000000    0.000000    1.000000    0.000000    0.000000    0.000000    0.000000    0.000000    0.000000    0.000000
   33  2  -12.391810    2.000000    0.000000   -1.999999    0.000000   -1.999999    0.000000    0.000000    0.000000    0.000000    0.000000    0.000000    0.000000
   35  2  -12.376095    2.000000    0.000000   -1.999998    0.000000   -1.999998    0.000000    0.000000    0.000000    0.000000    0.000000    0.000000    0.000000
   37  2  -12.357889    2.000000    0.000000    0.999999    0.000000    0.999999    0.000000    0.000000    0.000000    0.000000    0.000000    0.000000    0.000000
   39  2  -12.345406    2.000000    0.000000    0.999999    0.000000    0.999999    0.000000    0.000000    0.000000    0.000000    0.000000    0.000000    0.000000
   41  2   -3.878239    2.000000    0.000000    0.999981   -0.000000    0.999981    0.000000    0.000000    0.000000    0.000000    0.000001    0.000000    0.000001
   43  2   -3.876007    2.000000    0.000000   -1.999971    0.000000   -1.999971    0.000000    0.000000    0.000000    0.000000    0.000001    0.000000    0.000001
   45  2   -3.857143    2.000000    0.000000    0.999971    0.000000    0.999971    0.000000    0.000000    0.000000    0.000000   -0.000000    0.000000   -0.000000
   47  2   -3.855360    2.000000    0.000000   -1.999980    0.000000   -1.999980    0.000000    0.000000    0.000000    0.000000   -0.000001    0.000000   -0.000001
   49  1    0.983887    1.000000    0.000000   -1.000000    0.000000   -1.000000    0.000000    0.000000   -1.000000    0.000000    1.000000    0.000000    1.000000
   50  1    0.986688    1.000000    0.000000   -1.000000    0.000000   -1.000000    0.000000    0.000000    1.000000    0.000000   -1.000000    0.000000   -1.000000
   51  2    1.114224    2.000000    0.000000    0.999942    0.000000    0.999942   -0.000000    0.000000    0.000000    0.000000    0.000024    0.000000    0.000024
   53  1    1.120999    1.000000    0.000000   -0.999947    0.000000   -0.999947    0.000000    0.000000   -1.000000    0.000000    0.999947    0.000000    0.999947
   54  1    1.124615    1.000000    0.000000   -0.999978    0.000000   -0.999978    0.000000    0.000000    1.000000    0.000000   -0.999978    0.000000   -0.999978
   55  2    1.233688    2.000000    0.000000    1.000000    0.000000    1.000000   -0.000000    0.000000    0.000000    0.000000    0.000000    0.000000   -0.000000
   57  2    1.473932    2.000000    0.000000    1.000000   -0.000002    1.000000    0.000002    0.000000    0.000000    0.000000    0.000004    0.000000   -0.000003
   59  2    1.686361    2.000000    0.000000    1.000000   -0.000001    1.000000    0.000001    0.000000    0.000000    0.000000   -0.000002    0.000000    0.000003
   61  2    1.797607    2.000000    0.000000    1.000000   -0.000000    1.000000    0.000001    0.000000    0.000000    0.000000   -0.000001    0.000000    0.000002
   63  2    2.077827    2.000000    0.000000    1.000000    0.000000    1.000000    0.000000    0.000000    0.000000    0.000000    0.000000    0.000000   -0.000000
   65  2    2.096238    2.000000    0.000000   -1.999999    0.000000   -1.999999    0.000000    0.000000    0.000000    0.000000    0.000000    0.000000    0.000000
   67  2    2.119893    2.000000    0.000000    1.000000   -0.000000    1.000000    0.000000    0.000000    0.000000    0.000000   -0.000000    0.000000    0.000000
   69  2    2.223498    2.000000    0.000000    1.000000    0.000001    1.000000   -0.000001    0.000000    0.000000    0.000000    0.000001    0.000000   -0.000001
   71  2    2.286037    2.000000    0.000000    1.000000    0.000000    1.000000   -0.000000    0.000000    0.000000    0.000000   -0.000000    0.000000    0.000001
   73  2    2.325515    2.000000    0.000000   -1.999993    0.000000   -1.999993    0.000000    0.000000    0.000000    0.000000   -0.000002    0.000000   -0.000002
   75  2    2.327871    2.000000    0.000000    0.999992   -0.000000    0.999992    0.000001    0.000000    0.000000    0.000000    0.000003    0.000000    0.000002
   77  2    2.847248    2.000000    0.000000   -2.000000    0.000000   -2.000000    0.000000    0.000000    0.000000    0.000000    0.000000    0.000000    0.000000
   79  2    2.930733    2.000000    0.000000    1.000000   -0.000000    1.000000    0.000000    0.000000    0.000000    0.000000   -0.000000    0.000000    0.000000
   81  2    3.039098    2.000000    0.000000    1.000000   -0.000002    1.000000    0.000002    0.000000    0.000000    0.000000   -0.000006    0.000000    0.000006
   83  2    3.320272    2.000000    0.000000    1.000000   -0.000000    1.000000    0.000000    0.000000    0.000000    0.000000    0.000000    0.000000   -0.000000
   85  1    3.405195    1.000000    0.000000   -1.000000    0.000000   -1.000000    0.000000    0.000000   -1.000000    0.000000    1.000000    0.000000    1.000000
   86  1    3.406776    1.000000    0.000000   -1.000000    0.000000   -1.000000    0.000000    0.000000    1.000000    0.000000   -1.000000    0.000000   -1.000000
   87  2    3.475665    2.000000    0.000000    1.000000   -0.000000    1.000000    0.000000    0.000000    0.000000    0.000000    0.000000    0.000000    0.000000
   89  1    3.698429    1.000000    0.000000   -1.000000    0.000000   -1.000000    0.000000    0.000000   -1.000000    0.000000    1.000000    0.000000    1.000000
   90  1    3.699497    1.000000    0.000000   -1.000000    0.000000   -1.000000    0.000000    0.000000    1.000000    0.000000   -1.000000    0.000000   -1.000000
   91  2    3.738999    2.000000    0.000000    1.000000    0.000000    1.000000   -0.000000    0.000000    0.000000    0.000000    0.000000    0.000000    0.000000
   93  2    5.631696    2.000000    0.000000    1.000000    0.000002    1.000000   -0.000002    0.000000    0.000000    0.000000    0.000008    0.000000   -0.000008
   95  1    5.714202    1.000000    0.000000   -1.000000    0.000000   -1.000000    0.000000    0.000000   -1.000000    0.000000    1.000000    0.000000    1.000000
   96  1    5.715656    1.000000    0.000000   -0.999998    0.000000   -0.999998    0.000000    0.000000    1.000000    0.000000   -0.999998    0.000000   -0.999998
   97  2    5.722558    2.000000    0.000000    0.999998    0.000001    0.999998   -0.000001    0.000000    0.000000    0.000000   -0.000002    0.000000   -0.000002
   99  2    5.735871    2.000000    0.000000    1.000000    0.000000    1.000000   -0.000000    0.000000    0.000000    0.000000   -0.000000    0.000000    0.000000
  101  2    5.972041    2.000000    0.000000   -1.999996    0.000000   -1.999996    0.000000    0.000000    0.000000    0.000000    0.000000    0.000000    0.000000
  103  2    5.983421    2.000000    0.000000    0.999997   -0.000000    0.999997    0.000000    0.000000    0.000000    0.000000   -0.000001    0.000000    0.000001
  105  2    6.267974    2.000000    0.000000    1.000000   -0.000001    1.000000    0.000001    0.000000    0.000000    0.000000    0.000004    0.000000   -0.000004
  107  2    6.432453    2.000000    0.000000    1.000000    0.000000    1.000000    0.000000    0.000000    0.000000    0.000000    0.000000    0.000000   -0.000000
  109  2    6.497315    2.000000    0.000000   -2.000000    0.000000   -2.000000    0.000000    0.000000    0.000000    0.000000    0.000000    0.000000    0.000000
  111  2    6.582762    2.000000    0.000000    1.000000   -0.000000    1.000000    0.000000    0.000000    0.000000    0.000000   -0.000000    0.000000    0.000000
  113  2    7.984241    2.000000    0.000000   -2.000000    0.000000   -2.000000    0.000000    0.000000    0.000000    0.000000    0.000000    0.000000    0.000000
  115  2    8.003898    2.000000    0.000000    1.000000    0.000000    1.000000    0.000000    0.000000    0.000000    0.000000    0.000000    0.000000    0.000000
  117  2    8.228620    2.000000    0.000000    1.000000   -0.000002    1.000000    0.000002    0.000000    0.000000    0.000000   -0.000000    0.000000    0.000000
  119  2    8.868348    2.000000    0.000000    1.000000    0.000033    1.000000   -0.000032    0.000000    0.000001    0.000000   -0.000029    0.000000    0.000030
  121  1    8.944935    1.000000    0.000000   -1.000000    0.000000   -1.000000    0.000000    0.000000   -1.000000    0.000000    1.000000    0.000000    1.000000
  122  1    8.946470    1.000000    0.000000   -1.000000    0.000000   -1.000000    0.000000    0.000000    1.000000    0.000000   -1.000000    0.000000   -1.000000
  123  2    9.047233    2.000000    0.000000    1.000000    0.000005    1.000000   -0.000005    0.000000    0.000000    0.000000   -0.000000    0.000000    0.000001
  125  2    9.127643    2.000000    0.000000   -1.999996   -0.000000   -1.999996    0.000001    0.000000   -0.000001    0.000000   -0.000000    0.000000   -0.000000
  127  2    9.134597    2.000000    0.000000    0.999999    0.000005    0.999999   -0.000005    0.000000   -0.000000    0.000000   -0.000002    0.000000    0.000003
  129  2    9.304901    2.000000    0.000000    0.999999    0.000016    0.999999   -0.000016    0.000000    0.000034    0.000000    0.000039    0.000000   -0.000005
  131  2   10.098333    2.000000    0.000000    0.997412   -0.000750    0.997412    0.000751    0.000000   -0.000818    0.000000   -0.002338    0.000000    0.000191
  133  1   10.144790    1.000000    0.000000   -0.999395    0.000081   -0.999395   -0.000081    0.000000   -0.312792    0.000000    0.312709    0.000000    0.312631
  134  1   10.152057    1.000000    0.000000   -0.847017    0.082833   -0.847017   -0.082833    0.000000    0.268185    0.000000   -0.282827    0.000000   -0.298728
  135  1   10.167469    1.000000    0.000000    0.499722   -0.856329    0.499722    0.856329    0.000000    0.122550    0.000000   -0.009033    0.000000    0.131521
  136  1   10.174019    1.000000    0.000000    0.358186    0.770120    0.358186   -0.770120    0.000000   -0.084689    0.000000   -0.014255    0.000000   -0.158267
  4
    1    6    7   12
    1  4  -45.701637    4.000000    0.000000    0.000000   -0.000001    0.000001    0.000000    0.000000    0.000000
    5  4  -45.125311    4.000000    0.000000    0.000000   -0.000001   -0.000000    0.000000   -0.000000    0.000000
    9  4  -44.792672    4.000000    0.000000    0.000000   -0.000001    0.000001    0.000000   -0.000001    0.000000
   13  4  -41.392304    4.000000    0.000000    0.000000    0.000000    0.000000    0.000000   -0.000000    0.000000
   17  4  -41.026508    4.000000    0.000000    0.000000    0.000001    0.000001    0.000000    0.000000    0.000000
   21  4  -40.659471    4.000000    0.000000    0.000000    0.000000   -0.000001    0.000000    0.000001    0.000000
   25  4  -30.662683    4.000000    0.000000    0.000000   -0.000002    0.000001    0.000000    0.000002    0.000000
   29  2  -13.480526    2.000000    0.000000    0.000000    0.000000    0.000000    0.000000    0.000000    0.000000
   31  2  -13.469847    2.000000    0.000000    0.000000    0.000000    0.000000    0.000000    0.000000    0.000000
   33  2  -12.399243    2.000000    0.000000    0.000000    0.000000    0.000000    0.000000    0.000000    0.000000
   35  2  -12.384459    2.000000    0.000000    0.000000    0.000000    0.000000    0.000000    0.000000    0.000000
   37  2  -12.339894    2.000000    0.000000    0.000000    0.000000    0.000000    0.000000    0.000000    0.000000
   39  2  -12.326855    2.000000    0.000000    0.000000    0.000000    0.000000    0.000000    0.000000    0.000000
   41  2   -4.092840    2.000000    0.000000    0.000000    0.000001    0.000000    0.000000   -0.000001    0.000000
   43  2   -4.084755    2.000000    0.000000    0.000000    0.000000    0.000000    0.000000   -0.000000    0.000000
   45  2   -3.813182    2.000000    0.000000    0.000000    0.000000    0.000000    0.000000    0.000000    0.000000
   47  2   -3.802695    2.000000    0.000000    0.000000   -0.000000    0.000000    0.000000   -0.000000    0.000000
   49  2    0.586814    2.000000    0.000000    0.000000   -0.000000    0.000000    0.000000   -0.000000    0.000000
   51  2    0.827654    2.000000    0.000000    0.000000    0.000000    0.000000    0.000000    0.000000    0.000000
   53  2    0.904699    2.000000    0.000000    0.000000    0.000000    0.000000    0.000000    0.000000    0.000000
   55  2    1.063358    2.000000    0.000000    0.000000    0.000000    0.000000    0.000000    0.000000    0.000000
   57  2    1.816427    2.000000    0.000000    0.000000   -0.000000    0.000000    0.000000    0.000000    0.000000
   59  2    1.910035    2.000000    0.000000    0.000000    0.000000    0.000000    0.000000    0.000001    0.000000
   61  2    1.914383    2.000000    0.000000    0.000000   -0.000000    0.000000    0.000000    0.000000    0.000000
   63  2    2.005706    2.000000    0.000000    0.000000   -0.000000    0.000000    0.000000   -0.000000    0.000000
   65  2    2.194244    2.000000    0.000000    0.000000   -0.000000    0.000000    0.000000    0.000000    0.000000
   67  2    2.196850    2.000000    0.000000    0.000000    0.000000    0.000000    0.000000   -0.000000    0.000000
   69  2    2.274187    2.000000    0.000000    0.000000    0.000000    0.000000    0.000000    0.000001    0.000000
   71  2    2.276930    2.000000    0.000000    0.000000   -0.000000    0.000000    0.000000    0.000000    0.000000
   73  2    2.634281    2.000000    0.000000    0.000000   -0.000001    0.000000    0.000000    0.000001    0.000000
   75  2    2.821785    2.000000    0.000000    0.000000   -0.000000    0.000000    0.000000    0.000000    0.000000
   77  2    2.986313    2.000000    0.000000    0.000000    0.000000    0.000000    0.000000    0.000000    0.000000
   79  2    3.011341    2.000000    0.000000    0.000000    0.000000    0.000000    0.000000   -0.000000    0.000000
   81  2    3.348539    2.000000    0.000000    0.000000    0.000000    0.000000    0.000000    0.000000    0.000000
   83  2    3.435930    2.000000    0.000000    0.000000    0.000000    0.000000    0.000000    0.000000    0.000000
   85  2    3.519407    2.000000    0.000000    0.000000   -0.000000    0.000000    0.000000   -0.000001    0.000000
   87  2    3.975796    2.000000    0.000000    0.000000   -0.000000    0.000000    0.000000    0.000000    0.000000
   89  2    4.111022    2.000000    0.000000    0.000000   -0.000001    0.000000    0.000000    0.000001    0.000000
   91  2    4.221256    2.000000    0.000000    0.000000    0.000001    0.000000    0.000000   -0.000000    0.000000
   93  2    5.206114    2.000000    0.000000    0.000000    0.000001    0.000000    0.000000    0.000001    0.000000
   95  2    5.415399    2.000000    0.000000    0.000000   -0.000001    0.000000    0.000000   -0.000002    0.000000
   97  2    5.857973    2.000000    0.000000    0.000000    0.000001    0.000000    0.000000    0.000001    0.000000
   99  2    5.907594    2.000000    0.000000    0.000000    0.000000    0.000000    0.000000   -0.000000    0.000000
  101  2    5.938468    2.000000    0.000000    0.000000    0.000000    0.000000    0.000000   -0.000000    0.000000
  103  2    6.062997    2.000000    0.000000    0.000000    0.000001    0.000000    0.000000   -0.000001    0.000000
  105  2    6.094121    2.000000    0.000000    0.000000    0.000000    0.000000    0.000000   -0.000000    0.000000
  107  2    6.316174    2.000000    0.000000    0.000000   -0.000000   -0.000000    0.000000   -0.000006    0.000000
  109  2    6.711388    2.000000    0.000000    0.000000   -0.000000    0.000000    0.000000    0.000002    0.000000
  111  2    6.758460    2.000000    0.000000    0.000000    0.000000    0.000000    0.000000   -0.000001    0.000000
  113  2    7.072483    2.000000    0.000000    0.000000   -0.000000    0.000000    0.000000   -0.000001    0.000000
  115  2    7.850632    2.000000    0.000000    0.000000   -0.000002    0.000000    0.000000   -0.000003    0.000000
  117  2    8.013197    2.000000    0.000000    0.000000   -0.000001    0.000000    0.000000   -0.000000    0.000000
  119  2    8.058243    2.000000    0.000000    0.000000   -0.000001    0.000004    0.000000   -0.000020    0.000000
  121  2    8.613778    2.000000    0.000000    0.000000   -0.000025   -0.000019    0.000000    0.000074    0.000000
  123  2    8.859401    2.000000    0.000000    0.000000   -0.000007   -0.000001    0.000000   -0.000017    0.000000
  125  2    9.249664    2.000000    0.000000    0.000000   -0.000908   -0.000275    0.000000    0.000492    0.000000
  127  2    9.539172    2.000000    0.000000    0.000000    0.000937    0.001067    0.000000    0.000042    0.000000
  129  1    9.552857    1.000000    0.000000    0.000000   -0.433747    0.539251    0.000000   -0.717668    0.000000
  130  1    9.554125    1.000000    0.000000    0.000000    0.434339   -0.538813    0.000000    0.716431    0.000000
  131  1    9.572020    1.000000    0.000000    0.000000   -0.708356   -0.293295    0.000000   -0.640253    0.000000
  132  1    9.575686    1.000000    0.000000    0.000000    0.696997    0.297668    0.000000    0.636742    0.000000
  133  1    9.947563    1.000000    0.000000    0.000000   -0.640117   -0.484467    0.000000   -0.152192    0.000000
  134  1    9.964222    1.000000    0.000000    0.000000    0.528825    0.342080    0.000000    0.190882    0.000000
  135  1    9.995561    1.000000    0.000000    0.000000   -0.029945   -0.051736    0.000000   -0.790384    0.000000
  136  1   10.013910    1.000000    0.000000    0.000000    0.252669   -0.307737    0.000000    0.233602    0.000000
  4
    1    6    7   12
    1  4  -45.701637    4.000000    0.000000    0.000000    0.000000    0.000000    0.000000    0.000000    0.000000
    5  4  -45.125314    4.000000    0.000000    0.000000    0.000000    0.000000    0.000000    0.000000    0.000000
    9  4  -44.792672    4.000000    0.000000    0.000000    0.000000    0.000000    0.000000    0.000000    0.000000
   13  4  -41.392304    4.000000    0.000000    0.000000    0.000000    0.000000    0.000000    0.000000    0.000000
   17  4  -41.026514    4.000000    0.000000    0.000000    0.000000    0.000000    0.000000    0.000000    0.000000
   21  4  -40.659471    4.000000    0.000000    0.000000    0.000000    0.000000    0.000000    0.000000    0.000000
   25  4  -30.662683    4.000000    0.000000    0.000000    0.000001    4.000000    0.000000    0.000000    0.000001
   29  2  -13.480526    2.000000    0.000000    0.000000    0.000000   -2.000000    0.000000    0.000000    0.000000
   31  2  -13.469847    2.000000    0.000000    0.000000    0.000000   -2.000000    0.000000    0.000000    0.000000
   33  2  -12.399245    2.000000    0.000000    0.000000    0.000000   -2.000000    0.000000    0.000000    0.000000
   35  2  -12.384461    2.000000    0.000000    0.000000    0.000000   -2.000000    0.000000    0.000000    0.000000
   37  2  -12.339894    2.000000    0.000000    0.000000    0.000000   -2.000000    0.000000    0.000000    0.000000
   39  2  -12.326855    2.000000    0.000000    0.000000    0.000000   -2.000000    0.000000    0.000000    0.000000
   41  2   -4.123726    2.000000    0.000000    0.000000    0.000000    2.000000    0.000000    0.000000    0.000000
   43  2   -4.037944    2.000000    0.000000    0.000000    0.000000   -2.000000    0.000000    0.000000    0.000000
   45  2   -3.870824    2.000000    0.000000    0.000000    0.000000    2.000000    0.000000    0.000000    0.000000
   47  2   -3.761654    2.000000    0.000000    0.000000    0.000000   -2.000000    0.000000    0.000000    0.000000
   49  1    0.555884    1.000000    0.000000    0.000000    0.999985    1.000000    0.000000    0.000000    0.999985
   50  1    0.557061    1.000000    0.000000    0.000000   -0.999985    1.000000    0.000000    0.000000   -0.999985
   51  1    0.852286    1.000000    0.000000    0.000000    0.999996    1.000000    0.000000    0.000000    0.999996
   52  1    0.854297    1.000000    0.000000    0.000000   -0.999996    1.000000    0.000000    0.000000   -0.999996
   53  1    0.896665    1.000000    0.000000    0.000000    0.999998   -1.000000    0.000000    0.000000   -0.999997
   54  1    0.898630    1.000000    0.000000    0.000000   -0.999997   -1.000000    0.000000    0.000000    0.999998
   55  1    1.088345    1.000000    0.000000    0.000000    0.999977   -1.000000    0.000000    0.000000   -0.999976
   56  1    1.090605    1.000000    0.000000    0.000000   -0.999976   -1.000000    0.000000    0.000000    0.999977
   57  2    1.822204    2.000000    0.000000    0.000000    0.000000    2.000000    0.000000    0.000000    0.000000
   59  2    1.911941    2.000000    0.000000    0.000000    0.000000   -2.000000    0.000000    0.000000    0.000000
   61  2    1.918634    2.000000    0.000000    0.000000    0.000000    2.000000    0.000000    0.000000    0.000000
   63  2    1.988721    2.000000    0.000000    0.000000    0.000000   -2.000000    0.000000    0.000000    0.000000
   65  2    2.193670    2.000000    0.000000    0.000000   -1.999990    0.000000    0.000000    0.000000   -0.000006
   67  2    2.195103    2.000000    0.000000    0.000000    1.999990    0.000000    0.000000    0.000000    0.000006
   69  2    2.266841    2.000000    0.000000    0.000000   -0.000011   -2.000000    0.000000    0.000000    0.000011
   71  2    2.278422    2.000000    0.000000    0.000000   -0.000001    2.000000    0.000000    0.000000   -0.000001
   73  2    2.651941    2.000000    0.000000    0.000000    0.000000    2.000000    0.000000    0.000000    0.000000
   75  2    2.811003    2.000000    0.000000    0.000000    0.000000   -2.000000    0.000000    0.000000    0.000000
   77  2    2.954327    2.000000    0.000000    0.000000    0.000000   -2.000000    0.000000    0.000000    0.000000
   79  2    3.031678    2.000000    0.000000    0.000000    0.000000    2.000000    0.000000    0.000000    0.000000
   81  2    3.328388    2.000000    0.000000    0.000000    0.000000    2.000000    0.000000    0.000000    0.000000
   83  2    3.468212    2.000000    0.000000    0.000000    0.000000    2.000000    0.000000    0.000000    0.000000
   85  2    3.494235    2.000000    0.000000    0.000000    0.000000   -2.000000    0.000000    0.000000    0.000000
   87  2    3.994126    2.000000    0.000000    0.000000    0.000000    2.000000    0.000000    0.000000    0.000000
   89  2    4.033672    2.000000    0.000000    0.000000    0.000000   -2.000000    0.000000    0.000000    0.000000
   91  2    4.253491    2.000000    0.000000    0.000000    0.000063   -2.000000    0.000000    0.000000   -0.000063
   93  2    5.167947    2.000000    0.000000    0.000000    0.000009    2.000000    0.000000    0.000000    0.000009
   95  2    5.686579    2.000000    0.000000    0.000000    0.000000    2.000000    0.000000    0.000000    0.000000
   97  2    5.727739    2.000000    0.000000    0.000000   -0.000000   -2.000000    0.000000    0.000000    0.000000
   99  2    5.893804    2.000000    0.000000    0.000000    0.000000    2.000000    0.000000    0.000000    0.000000
  101  1    5.947856    1.000000    0.000000    0.000000    0.999973   -1.000000    0.000000    0.000000   -0.999972
  102  1    5.948898    1.000000    0.000000    0.000000   -0.999972   -1.000000    0.000000    0.000000    0.999973
  103  2    6.052049    2.000000    0.000000    0.000000    0.000000    2.000000    0.000000    0.000000    0.000000
  105  2    6.110030    2.000000    0.000000    0.000000    0.000000   -2.000000    0.000000    0.000000    0.000000
  107  2    6.430063    2.000000    0.000000    0.000000    0.000000   -2.000000    0.000000    0.000000   -0.000000
  109  2    6.613021    2.000000    0.000000    0.000000    0.000000    2.000000    0.000000    0.000000    0.000000
  111  2    6.844069    2.000000    0.000000    0.000000    0.000000    2.000000    0.000000    0.000000    0.000000
  113  2    6.871459    2.000000    0.000000    0.000000    0.000000   -2.000000    0.000000    0.000000    0.000000
  115  2    7.773127    2.000000    0.000000    0.000000    0.000000    2.000000    0.000000    0.000000    0.000000
  117  2    8.060811    2.000000    0.000000    0.000000    0.000004   -2.000000    0.000000    0.000000   -0.000004
  119  2    8.079274    2.000000    0.000000    0.000000   -0.000000    2.000000    0.000000    0.000000   -0.000000
  121  1    8.534784    1.000000    0.000000    0.000000    0.999999   -1.000000    0.000000    0.000000   -0.999999
  122  1    8.536205    1.000000    0.000000    0.000000   -0.999999   -1.000000    0.000000    0.000000    0.999999
  123  2    8.885789    2.000000    0.000000    0.000000    0.000002    1.999999    0.000000    0.000000    0.000002
  125  2    9.142731    2.000000    0.000000    0.000000    0.000005   -1.999976    0.000000    0.000000   -0.000006
  127  2    9.151599    2.000000    0.000000    0.000000    0.000016    1.999992    0.000000    0.000000    0.000019
  129  1    9.772486    1.000000    0.000000    0.000000   -0.156497    0.999900    0.000000    0.000000   -0.156417
  130  1    9.773756    1.000000    0.000000    0.000000    0.157933    0.999900    0.000000    0.000000    0.157883
  131  1    9.917938    1.000000    0.000000    0.000000   -0.425825    0.999067    0.000000    0.000000   -0.426642
  132  1    9.924596    1.000000    0.000000    0.000000    0.418513    0.997933    0.000000    0.000000    0.420010
  133  1    9.991450    1.000000    0.000000    0.000000   -0.196259    0.998398    0.000000    0.000000   -0.197705
  134  1   10.000910    1.000000    0.000000    0.000000    0.231898    0.999240    0.000000    0.000000    0.231525
  135  1   10.040873    1.000000    0.000000    0.000000    0.163645    0.992801    0.000000    0.000000    0.160781
  136  1   10.075196    1.000000    0.000000    0.000000   -0.256635    0.993279    0.000000    0.000000   -0.251892
