   78  120
  1
  8
  1  0  0  0  1  0  0  0  1    0.000000    0.000000    0.000000    1.000000    0.000000    0.000000    0.000000    0.000000    0.000000    1.000000    0.000000  1
  0  1  0  1  0  0  0  0 -1    0.000000    0.000000    0.000000    0.000000    0.000000   -0.866025   -0.500000    0.866025   -0.500000    0.000000    0.000000  1
 -1  0  0  0 -1  0  0  0 -1    0.000000    0.000000    0.000000    1.000000    0.000000    0.000000    0.000000    0.000000    0.000000    1.000000    0.000000  1
  0 -1  0 -1  0  0  0  0  1    0.000000    0.000000    0.000000    0.000000    0.000000   -0.866025   -0.500000    0.866025   -0.500000    0.000000    0.000000  1
 -1  0  0  0 -1  0  0  0  1    0.000000    0.000000    0.500000    0.000000   -1.000000    0.000000    0.000000    0.000000    0.000000    0.000000    1.000000 -1
  0 -1  0 -1  0  0  0  0 -1    0.000000    0.000000    0.500000    0.000000    0.000000   -0.500000    0.866025    0.500000    0.866025    0.000000    0.000000 -1
  1  0  0  0  1  0  0  0 -1    0.000000    0.000000    0.500000    0.000000   -1.000000    0.000000    0.000000    0.000000    0.000000    0.000000    1.000000 -1
  0  1  0  1  0  0  0  0  1    0.000000    0.000000    0.500000    0.000000    0.000000   -0.500000    0.866025    0.500000    0.866025    0.000000    0.000000 -1
  6
    0.000000    0.000000    0.000000
    0.500000    0.000000    0.500000
    0.500000    0.000000    0.000000
    0.500000    0.500000    0.500000
    0.500000    0.500000    0.000000
    0.000000    0.000000    0.500000
  4
    1    2    3    4
    1  1  -35.881286    1.000000    0.000000    0.000000   -1.000000   -1.000000    0.000000    0.000000    1.000000
    2  1  -35.826927    1.000000    0.000000    0.000000   -1.000000   -1.000000    0.000000    0.000000    1.000000
    3  1  -35.654100    1.000000    0.000000    0.000000    1.000000   -1.000000    0.000000    0.000000   -1.000000
    4  1  -35.644619    1.000000    0.000000    0.000000    1.000000   -1.000000    0.000000    0.000000   -1.000000
    5  1  -35.242823    1.000000    0.000000    0.000000   -1.000000   -1.000000    0.000000    0.000000    1.000000
    6  1  -35.165255    1.000000    0.000000    0.000000   -1.000000   -1.000000    0.000000    0.000000    1.000000
    7  1  -34.481702    1.000000    0.000000    0.000000    1.000000   -1.000000    0.000000    0.000000   -1.000000
    8  1  -34.408901    1.000000    0.000000    0.000000    1.000000   -1.000000    0.000000    0.000000   -1.000000
    9  1  -34.186416    1.000000    0.000000    0.000000   -1.000000   -1.000000    0.000000    0.000000    1.000000
   10  1  -34.170848    1.000000    0.000000    0.000000   -1.000000   -1.000000    0.000000    0.000000    1.000000
   11  1  -34.055364    1.000000    0.000000    0.000000    1.000000   -1.000000    0.000000    0.000000   -1.000000
   12  1  -33.994029    1.000000    0.000000    0.000000    1.000000   -1.000000    0.000000    0.000000   -1.000000
   13  2  -24.397937    2.000000    0.000000    0.000000    0.000000    2.000000    0.000000    0.000000    0.000000
   15  2  -24.388080    2.000000    0.000000    0.000000    0.000000   -2.000000    0.000000    0.000000    0.000000
   17  1  -10.955690    1.000000    0.000000    0.000000   -1.000000    1.000000    0.000000    0.000000   -1.000000
   18  1  -10.953930    1.000000    0.000000    0.000000    1.000000    1.000000    0.000000    0.000000    1.000000
   19  1  -10.902307    1.000000    0.000000    0.000000    1.000000   -1.000000    0.000000    0.000000   -1.000000
   20  1  -10.900611    1.000000    0.000000    0.000000   -1.000000   -1.000000    0.000000    0.000000    1.000000
   21  1   -9.987986    1.000000    0.000000    0.000000   -1.000000    1.000000    0.000000    0.000000   -1.000000
   22  1   -9.937788    1.000000    0.000000    0.000000    1.000000    1.000000    0.000000    0.000000    1.000000
   23  2   -9.131355    2.000000    0.000000    0.000000    0.000000   -2.000000    0.000000    0.000000    0.000000
   25  2   -9.129729    2.000000    0.000000    0.000000    0.000000    2.000000    0.000000    0.000000    0.000000
   27  1   -9.089978    1.000000    0.000000    0.000000   -1.000000    1.000000    0.000000    0.000000   -1.000000
   28  1   -9.085991    1.000000    0.000000    0.000000    1.000000    1.000000    0.000000    0.000000    1.000000
   29  1   -9.034933    1.000000    0.000000    0.000000    1.000000   -1.000000    0.000000    0.000000   -1.000000
   30  1   -9.031539    1.000000    0.000000    0.000000   -1.000000   -1.000000    0.000000    0.000000    1.000000
   31  1   -8.927215    1.000000    0.000000    0.000000    1.000000   -1.000000    0.000000    0.000000   -1.000000
   32  1   -8.841660    1.000000    0.000000    0.000000   -1.000000   -1.000000    0.000000    0.000000    1.000000
   33  2   -8.624087    2.000000    0.000000    0.000000    0.000000   -2.000000    0.000000    0.000000    0.000000
   35  2   -8.500363    2.000000    0.000000    0.000000    0.000000   -2.000000    0.000000    0.000000    0.000000
   37  2   -8.437590    2.000000    0.000000    0.000000    0.000000    2.000000    0.000000    0.000000    0.000000
   39  2   -8.343104    2.000000    0.000000    0.000000    0.000000    2.000000    0.000000    0.000000    0.000000
   41  1   -1.892041    1.000000    0.000000    0.000000    1.000000    1.000000    0.000000    0.000000    1.000000
   42  1   -1.801806    1.000000    0.000000    0.000000   -1.000000    1.000000    0.000000    0.000000   -1.000000
   43  1   -1.132739    1.000000    0.000000    0.000000    1.000000    1.000000    0.000000    0.000000    1.000000
   44  1   -1.028306    1.000000    0.000000    0.000000   -1.000000    1.000000    0.000000    0.000000   -1.000000
   45  1   -0.656874    1.000000    0.000000    0.000000    1.000000   -1.000000    0.000000    0.000000   -1.000000
   46  1   -0.653925    1.000000    0.000000    0.000000   -1.000000   -1.000000    0.000000    0.000000    1.000000
   47  2   -0.346429    2.000000    0.000000    0.000000    0.000000    2.000000    0.000000    0.000000    0.000000
   49  2   -0.140646    2.000000    0.000000    0.000000    0.000000    2.000000    0.000000    0.000000    0.000000
   51  2    0.507162    2.000000    0.000000    0.000000    0.000000   -2.000000    0.000000    0.000000    0.000000
   53  2    0.560293    2.000000    0.000000    0.000000    0.000000   -2.000000    0.000000    0.000000    0.000000
   55  2    0.776132    2.000000    0.000000    0.000000    0.000000    2.000000    0.000000    0.000000    0.000000
   57  2    0.840473    2.000000    0.000000    0.000000    0.000000   -2.000000    0.000000    0.000000    0.000000
   59  2    0.915876    2.000000    0.000000    0.000000    0.000000   -2.000000    0.000000    0.000000    0.000000
   61  2    0.959429    2.000000    0.000000    0.000000    0.000000    2.000000    0.000000    0.000000    0.000000
   63  2    1.552677    2.000000    0.000000    0.000000    0.000000    2.000000    0.000000    0.000000    0.000000
   65  2    1.823372    2.000000    0.000000    0.000000    0.000000    2.000000    0.000000    0.000000    0.000000
   67  1    2.304043    1.000000    0.000000    0.000000    1.000000    1.000000    0.000000    0.000000    1.000000
   68  1    2.396948    1.000000    0.000000    0.000000   -1.000000   -1.000000    0.000000    0.000000    1.000000
   69  1    2.509209    1.000000    0.000000    0.000000    1.000000   -1.000000    0.000000    0.000000   -1.000000
   70  1    2.870830    1.000000    0.000000    0.000000    1.000000   -1.000000    0.000000    0.000000   -1.000000
   71  1    2.938938    1.000000    0.000000    0.000000   -1.000000   -1.000000    0.000000    0.000000    1.000000
   72  1    3.023695    1.000000    0.000000    0.000000   -1.000000    1.000000    0.000000    0.000000   -1.000000
   73  1    3.253500    1.000000    0.000000    0.000000    1.000000    1.000000    0.000000    0.000000    1.000000
   74  1    3.255388    1.000000    0.000000    0.000000   -1.000000    1.000000    0.000000    0.000000   -1.000000
   75  1    3.400562    1.000000    0.000000    0.000000    1.000000   -1.000000    0.000000    0.000000   -1.000000
   76  1    3.423013    1.000000    0.000000    0.000000   -1.000000   -1.000000    0.000000    0.000000    1.000000
   77  2    3.537564    2.000000    0.000000    0.000000    0.000000    2.000000    0.000000    0.000000    0.000000
   79  2    3.599838    2.000000    0.000000    0.000000    0.000000   -2.000000    0.000000    0.000000    0.000000
   81  1    3.633102    1.000000    0.000000    0.000000    1.000000    1.000000    0.000000    0.000000    1.000000
   82  1    3.761498    1.000000    0.000000    0.000000   -1.000000    1.000000    0.000000    0.000000   -1.000000
   83  2    4.461884    2.000000    0.000000    0.000000    0.000000    2.000000    0.000000    0.000000    0.000000
   85  2    4.561441    2.000000    0.000000    0.000000    0.000000    2.000000    0.000000    0.000000    0.000000
   87  1    4.696415    1.000000    0.000000    0.000000    1.000000    1.000000    0.000000    0.000000    1.000000
   88  2    4.703433    2.000000    0.000000    0.000000    0.000000    2.000000    0.000000    0.000000    0.000000
   90  2    5.276816    2.000000    0.000000    0.000000    0.000000    2.000000    0.000000    0.000000    0.000000
   92  1    5.588949    1.000000    0.000000    0.000000   -1.000000    1.000000    0.000000    0.000000   -1.000000
   93  2    6.519138    2.000000    0.000000    0.000000    0.000000    2.000000    0.000000    0.000000    0.000000
   95  1    6.809779    1.000000    0.000000    0.000000    1.000000    1.000000    0.000000    0.000000    1.000000
   96  2    6.822071    2.000000    0.000000    0.000000    0.000000    2.000000    0.000000    0.000000    0.000000
   98  1    6.830181    1.000000    0.000000    0.000000   -1.000000    1.000000    0.000000    0.000000   -1.000000
   99  2    7.044454    2.000000    0.000000    0.000000    0.000000    1.999999    0.000000    0.000000   -0.000000
  101  1    7.088285    1.000000    0.000000    0.000000    0.999999   -1.000000    0.000000    0.000000   -0.999999
  102  1    7.106276    1.000000    0.000000    0.000000   -1.000000   -1.000000    0.000000    0.000000    1.000000
  103  1    7.365872    1.000000    0.000000    0.000000    0.999982    0.999980    0.000000    0.000000    0.999996
  104  2    7.374414    2.000000    0.000000    0.000000    0.000025   -1.999994    0.000000    0.000000   -0.000025
  106  2    7.394610    2.000000    0.000000    0.000000    0.000008    1.999968    0.000000    0.000000   -0.000009
  108  1    7.439235    1.000000    0.000000    0.000000   -0.999993    0.999986    0.000000    0.000000   -0.999992
  109  2    7.478507    2.000000    0.000000    0.000000   -0.000012   -1.999996    0.000000    0.000000    0.000010
  111  2    7.913021    2.000000    0.000000    0.000000   -0.000329    1.999300    0.000000    0.000000   -0.000243
  113  2    8.021178    2.000000    0.000000    0.000000   -0.000817    1.996292    0.000000    0.000000    0.001735
  115  1    8.040201    1.000000    0.000000    0.000000   -0.999126   -0.998962    0.000000    0.000000    0.998748
  116  1    8.077020    1.000000    0.000000    0.000000    0.999019   -0.999916    0.000000    0.000000   -0.999032
  117  1    8.230752    1.000000    0.000000    0.000000    0.995623    0.994950    0.000000    0.000000    0.998407
  118  1    8.453891    1.000000    0.000000    0.000000    0.003094   -0.977988    0.000000    0.000000   -0.025063
  119  1    8.468852    1.000000    0.000000    0.000000   -0.127168   -0.947617    0.000000    0.000000    0.074881
  120  1    8.500555    1.000000    0.000000    0.000000   -0.847946    0.695616    0.000000    0.000000   -0.847655
  2
    1    3
    1  2  -35.851481    2.000000    0.000000    0.000000    0.000000
    3  2  -35.649092    2.000000    0.000000    0.000000    0.000000
    5  2  -35.206938    2.000000    0.000000    0.000000    0.000000
    7  2  -34.441068    2.000000    0.000000    0.000000    0.000000
    9  2  -34.178893    2.000000    0.000000    0.000000    0.000000
   11  2  -34.029785    2.000000    0.000000    0.000000    0.000000
   13  4  -24.392409    4.000000    0.000000   -0.000000    0.000000
   17  2  -10.994570    2.000000    0.000000    0.000000    0.000000
   19  2  -10.990188    2.000000    0.000000    0.000000    0.000000
   21  2   -9.653195    2.000000    0.000000    0.000000    0.000000
   23  2   -9.618228    2.000000    0.000000    0.000000    0.000000
   25  2   -9.224247    2.000000    0.000000    0.000000    0.000000
   27  2   -9.194797    2.000000    0.000000    0.000000    0.000000
   29  2   -8.879872    2.000000    0.000000    0.000000    0.000000
   31  2   -8.844052    2.000000    0.000000    0.000000    0.000000
   33  2   -8.475129    2.000000    0.000000    0.000000    0.000000
   35  2   -8.441207    2.000000    0.000000    0.000000    0.000000
   37  2   -8.315551    2.000000    0.000000    0.000000    0.000000
   39  2   -8.289745    2.000000    0.000000    0.000000    0.000000
   41  2   -0.875705    2.000000    0.000000    0.000000    0.000000
   43  2   -0.831926    2.000000    0.000000    0.000000    0.000000
   45  2   -0.263376    2.000000    0.000000    0.000000    0.000000
   47  2   -0.195177    2.000000    0.000000    0.000000    0.000000
   49  2    0.053360    2.000000    0.000000    0.000000    0.000000
   51  2    0.142201    2.000000    0.000000    0.000000    0.000000
   53  2    0.333947    2.000000    0.000000    0.000000    0.000000
   55  2    0.459847    2.000000    0.000000    0.000000    0.000000
   57  2    0.729464    2.000000    0.000000    0.000000    0.000000
   59  2    0.795475    2.000000    0.000000    0.000000    0.000000
   61  2    0.882153    2.000000    0.000000    0.000000    0.000000
   63  2    0.957479    2.000000    0.000000    0.000000    0.000000
   65  2    1.809591    2.000000    0.000000    0.000000    0.000000
   67  2    1.831379    2.000000    0.000000    0.000000    0.000000
   69  2    1.929930    2.000000    0.000000    0.000000    0.000000
   71  2    1.959466    2.000000    0.000000    0.000000    0.000000
   73  2    2.961202    2.000000    0.000000    0.000000    0.000000
   75  2    3.006120    2.000000    0.000000    0.000000    0.000000
   77  2    3.380418    2.000000    0.000000    0.000000    0.000000
   79  2    3.857071    2.000000    0.000000    0.000000    0.000000
   81  2    4.172855    2.000000    0.000000    0.000000    0.000000
   83  2    4.494546    2.000000    0.000000    0.000000    0.000000
   85  2    4.861756    2.000000    0.000000    0.000000    0.000000
   87  2    4.903652    2.000000    0.000000    0.000000    0.000000
   89  2    4.949361    2.000000    0.000000    0.000000    0.000000
   91  2    5.471394    2.000000    0.000000    0.000000    0.000000
   93  2    5.806725    2.000000    0.000000    0.000000    0.000000
   95  2    6.286226    2.000000    0.000000    0.000000    0.000000
   97  2    7.136683    2.000000    0.000000    0.000000    0.000000
   99  2    7.142376    2.000000    0.000000    0.000000    0.000000
  101  2    7.650644    2.000000    0.000000    0.000000    0.000000
  103  2    7.716994    2.000000    0.000000    0.000000    0.000000
  105  2    7.742924    2.000000    0.000000    0.000000    0.000000
  107  2    7.754340    2.000000    0.000000    0.000000    0.000000
  109  2    8.121673    2.000000    0.000000   -0.000000    0.000000
  111  2    8.222007    2.000000    0.000000   -0.000033    0.000000
  113  1    9.155446    1.000000    0.000000   -0.664640    0.000000
  114  1    9.165943    1.000000    0.000000    0.624139    0.000000
  115  1    9.178507    1.000000    0.000000    0.020250    0.000000
  116  1    9.180710    1.000000    0.000000    0.013483    0.000000
  117  1    9.451385    1.000000    0.000000   -0.771049    0.000000
  118  1    9.460712    1.000000    0.000000    0.583599    0.000000
  119  1    9.476239    1.000000    0.000000   -0.131315    0.000000
  120  1    9.520188    1.000000    0.000000    0.281273    0.000000
  2
    1    3
    1  1  -35.881288    1.000000    0.000000   -1.000000    0.000000
    2  1  -35.826946    1.000000    0.000000   -1.000000    0.000000
    3  1  -35.654125    1.000000    0.000000   -1.000000    0.000000
    4  1  -35.644630    1.000000    0.000000   -1.000000    0.000000
    5  1  -35.242825    1.000000    0.000000   -1.000000    0.000000
    6  1  -35.165270    1.000000    0.000000   -1.000000    0.000000
    7  1  -34.481704    1.000000    0.000000   -1.000000    0.000000
    8  1  -34.408920    1.000000    0.000000   -1.000000    0.000000
    9  1  -34.186441    1.000000    0.000000   -1.000000    0.000000
   10  1  -34.170860    1.000000    0.000000   -1.000000    0.000000
   11  1  -34.055368    1.000000    0.000000   -1.000000    0.000000
   12  1  -33.994046    1.000000    0.000000   -1.000000    0.000000
   13  2  -24.394469    2.000000    0.000000   -2.000000    0.000000
   15  2  -24.391212    2.000000    0.000000    2.000000    0.000000
   17  1  -10.993063    1.000000    0.000000    1.000000    0.000000
   18  1  -10.988191    1.000000    0.000000    1.000000    0.000000
   19  1  -10.975219    1.000000    0.000000   -1.000000    0.000000
   20  1  -10.973172    1.000000    0.000000   -1.000000    0.000000
   21  1   -9.924424    1.000000    0.000000    1.000000    0.000000
   22  1   -9.891209    1.000000    0.000000    1.000000    0.000000
   23  1   -9.487277    1.000000    0.000000   -1.000000    0.000000
   24  1   -9.472613    1.000000    0.000000   -1.000000    0.000000
   25  1   -9.253700    1.000000    0.000000   -1.000000    0.000000
   26  1   -9.250861    1.000000    0.000000   -1.000000    0.000000
   27  1   -8.968101    1.000000    0.000000    1.000000    0.000000
   28  1   -8.962135    1.000000    0.000000    1.000000    0.000000
   29  1   -8.889437    1.000000    0.000000    1.000000    0.000000
   30  1   -8.825680    1.000000    0.000000    1.000000    0.000000
   31  1   -8.751165    1.000000    0.000000   -1.000000    0.000000
   32  1   -8.703285    1.000000    0.000000   -1.000000    0.000000
   33  1   -8.547561    1.000000    0.000000    1.000000    0.000000
   34  1   -8.528574    1.000000    0.000000    1.000000    0.000000
   35  1   -8.512341    1.000000    0.000000   -1.000000    0.000000
   36  1   -8.466924    1.000000    0.000000    1.000000    0.000000
   37  1   -8.453261    1.000000    0.000000   -1.000000    0.000000
   38  1   -8.393845    1.000000    0.000000    1.000000    0.000000
   39  1   -8.269483    1.000000    0.000000   -1.000000    0.000000
   40  1   -8.229419    1.000000    0.000000   -1.000000    0.000000
   41  1   -1.236546    1.000000    0.000000    1.000000    0.000000
   42  1   -1.173014    1.000000    0.000000    1.000000    0.000000
   43  1   -1.118847    1.000000    0.000000    1.000000    0.000000
   44  1   -1.066957    1.000000    0.000000    1.000000    0.000000
   45  1   -0.324848    1.000000    0.000000    1.000000    0.000000
   46  1   -0.195468    1.000000    0.000000   -1.000000    0.000000
   47  1   -0.181249    1.000000    0.000000   -1.000000    0.000000
   48  1   -0.122194    1.000000    0.000000    1.000000    0.000000
   49  1    0.018865    1.000000    0.000000    1.000000    0.000000
   50  1    0.191674    1.000000    0.000000    1.000000    0.000000
   51  1    0.262695    1.000000    0.000000    1.000000    0.000000
   52  1    0.291132    1.000000    0.000000    1.000000    0.000000
   53  1    0.326415    1.000000    0.000000   -1.000000    0.000000
   54  1    0.340089    1.000000    0.000000   -1.000000    0.000000
   55  1    0.365986    1.000000    0.000000   -1.000000    0.000000
   56  1    0.375872    1.000000    0.000000   -1.000000    0.000000
   57  1    0.843675    1.000000    0.000000   -1.000000    0.000000
   58  1    0.882452    1.000000    0.000000    1.000000    0.000000
   59  1    0.903870    1.000000    0.000000   -1.000000    0.000000
   60  1    0.949032    1.000000    0.000000    1.000000    0.000000
   61  1    1.080047    1.000000    0.000000    1.000000    0.000000
   62  1    1.103119    1.000000    0.000000   -1.000000    0.000000
   63  1    1.109879    1.000000    0.000000   -1.000000    0.000000
   64  1    1.158667    1.000000    0.000000    1.000000    0.000000
   65  1    1.212523    1.000000    0.000000    1.000000    0.000000
   66  1    1.221789    1.000000    0.000000   -1.000000    0.000000
   67  1    1.292329    1.000000    0.000000   -1.000000    0.000000
   68  1    1.351420    1.000000    0.000000    1.000000    0.000000
   69  1    1.684203    1.000000    0.000000   -1.000000    0.000000
   70  1    1.742379    1.000000    0.000000   -1.000000    0.000000
   71  1    2.635317    1.000000    0.000000    1.000000    0.000000
   72  1    2.739409    1.000000    0.000000    1.000000    0.000000
   73  1    2.770071    1.000000    0.000000    1.000000    0.000000
   74  1    2.966373    1.000000    0.000000   -1.000000    0.000000
   75  1    3.042584    1.000000    0.000000   -1.000000    0.000000
   76  1    3.264049    1.000000    0.000000    1.000000    0.000000
   77  1    3.267711    1.000000    0.000000    1.000000    0.000000
   78  1    3.284381    1.000000    0.000000   -1.000000    0.000000
   79  1    3.366138    1.000000    0.000000   -1.000000    0.000000
   80  1    3.393744    1.000000    0.000000    1.000000    0.000000
   81  1    3.617125    1.000000    0.000000    1.000000    0.000000
   82  1    4.189904    1.000000    0.000000    1.000000    0.000000
   83  1    4.672039    1.000000    0.000000    1.000000    0.000000
   84  1    4.684720    1.000000    0.000000    1.000000    0.000000
   85  1    4.687082    1.000000    0.000000    1.000000    0.000000
   86  1    4.701026    1.000000    0.000000    1.000000    0.000000
   87  1    5.127449    1.000000    0.000000    1.000000    0.000000
   88  1    5.222008    1.000000    0.000000    1.000000    0.000000
   89  1    5.271211    1.000000    0.000000    1.000000    0.000000
   90  1    5.396724    1.000000    0.000000    1.000000    0.000000
   91  1    5.482300    1.000000    0.000000    1.000000    0.000000
   92  1    5.695166    1.000000    0.000000    1.000000    0.000000
   93  1    5.748047    1.000000    0.000000    1.000000    0.000000
   94  1    5.925264    1.000000    0.000000    1.000000    0.000000
   95  1    6.736363    1.000000    0.000000    1.000000    0.000000
   96  1    6.885914    1.000000    0.000000   -1.000000    0.000000
   97  1    6.891598    1.000000    0.000000   -1.000000    0.000000
   98  1    6.975911    1.000000    0.000000   -1.000000    0.000000
   99  1    6.987498    1.000000    0.000000   -1.000000    0.000000
  100  1    7.103456    1.000000    0.000000    1.000000    0.000000
  101  1    7.222967    1.000000    0.000000    1.000000    0.000000
  102  1    7.256102    1.000000    0.000000    1.000000    0.000000
  103  1    7.539876    1.000000    0.000000    1.000000    0.000000
  104  1    7.567661    1.000000    0.000000    1.000000    0.000000
  105  1    7.809543    1.000000    0.000000   -1.000000    0.000000
  106  1    7.819912    1.000000    0.000000   -1.000000    0.000000
  107  1    8.202075    1.000000    0.000000   -0.999999    0.000000
  108  1    8.222618    1.000000    0.000000   -0.999999    0.000000
  109  1    8.660413    1.000000    0.000000    0.999989    0.000000
  110  1    8.701926    1.000000    0.000000    0.999992    0.000000
  111  1    8.794988    1.000000    0.000000    0.999944    0.000000
  112  1    8.862254    1.000000    0.000000    0.999936    0.000000
  113  1    8.888125    1.000000    0.000000   -0.999943    0.000000
  114  1    8.915890    1.000000    0.000000   -0.999939    0.000000
  115  1    9.251782    1.000000    0.000000    0.999330    0.000000
  116  1    9.266200    1.000000    0.000000    0.998919    0.000000
  117  1    9.818393    1.000000    0.000000    0.996007    0.000000
  118  1    9.904199    1.000000    0.000000    0.922711    0.000000
  119  1   10.032641    1.000000    0.000000   -0.990943    0.000000
  120  1   10.157137    1.000000    0.000000   -0.974431    0.000000
  4
    1    2    3    4
    1  2  -35.851482    2.000000    0.000000    0.000000    0.000000    0.000000    0.000000    0.000000    2.000000
    3  2  -35.649090    2.000000    0.000000    0.000000    0.000000    0.000000    0.000000    0.000000   -2.000000
    5  2  -35.206939    2.000000    0.000000    0.000000    0.000000    0.000000    0.000000    0.000000    2.000000
    7  2  -34.441068    2.000000    0.000000    0.000000    0.000000    0.000000    0.000000    0.000000   -2.000000
    9  2  -34.178891    2.000000    0.000000    0.000000    0.000000    0.000000    0.000000    0.000000    2.000000
   11  2  -34.029786    2.000000    0.000000    0.000000    0.000000    0.000000    0.000000    0.000000   -2.000000
   13  4  -24.392409    4.000000    0.000000    0.000000    0.000000    0.000000    0.000000    0.000000    0.000000
   17  2  -10.994942    2.000000    0.000000    0.000000    0.000000    0.000000    0.000000    0.000000   -2.000000
   19  2  -10.989794    2.000000    0.000000    0.000000    0.000000    0.000000    0.000000    0.000000    2.000000
   21  2   -9.653795    2.000000    0.000000    0.000000    0.000000    0.000000    0.000000    0.000000   -2.000000
   23  2   -9.617444    2.000000    0.000000    0.000000    0.000000    0.000000    0.000000    0.000000    2.000000
   25  2   -9.218113    2.000000    0.000000    0.000000    0.000000    0.000000    0.000000    0.000000   -2.000000
   27  2   -9.202057    2.000000    0.000000    0.000000    0.000000    0.000000    0.000000    0.000000    2.000000
   29  2   -8.876288    2.000000    0.000000    0.000000    0.000000    0.000000    0.000000    0.000000   -2.000000
   31  2   -8.846944    2.000000    0.000000    0.000000    0.000000    0.000000    0.000000    0.000000    2.000000
   33  2   -8.471495    2.000000    0.000000    0.000000    0.000000    0.000000    0.000000    0.000000    2.000000
   35  2   -8.446958    2.000000    0.000000    0.000000    0.000000    0.000000    0.000000    0.000000   -2.000000
   37  2   -8.303495    2.000000    0.000000    0.000000    0.000000    0.000000    0.000000    0.000000   -2.000000
   39  2   -8.299549    2.000000    0.000000    0.000000    0.000000    0.000000    0.000000    0.000000    2.000000
   41  2   -0.875664    2.000000    0.000000    0.000000    0.000000    0.000000    0.000000    0.000000    2.000000
   43  2   -0.831530    2.000000    0.000000    0.000000    0.000000    0.000000    0.000000    0.000000   -2.000000
   45  2   -0.263353    2.000000    0.000000    0.000000    0.000000    0.000000    0.000000    0.000000    2.000000
   47  2   -0.195220    2.000000    0.000000    0.000000    0.000000    0.000000    0.000000    0.000000   -2.000000
   49  2    0.053692    2.000000    0.000000    0.000000    0.000000    0.000000    0.000000    0.000000   -2.000000
   51  2    0.141841    2.000000    0.000000    0.000000    0.000000    0.000000    0.000000    0.000000    2.000000
   53  2    0.333825    2.000000    0.000000    0.000000    0.000000    0.000000    0.000000    0.000000    2.000000
   55  2    0.460110    2.000000    0.000000    0.000000    0.000000    0.000000    0.000000    0.000000   -2.000000
   57  2    0.737710    2.000000    0.000000    0.000000    0.000000    0.000000    0.000000    0.000000    2.000000
   59  2    0.773222    2.000000    0.000000    0.000000    0.000000    0.000000    0.000000    0.000000   -2.000000
   61  2    0.909345    2.000000    0.000000    0.000000    0.000000    0.000000    0.000000    0.000000   -2.000000
   63  2    0.943692    2.000000    0.000000    0.000000    0.000000    0.000000    0.000000    0.000000    2.000000
   65  2    1.811707    2.000000    0.000000    0.000000    0.000000    0.000000    0.000000    0.000000   -2.000000
   67  2    1.828628    2.000000    0.000000    0.000000    0.000000    0.000000    0.000000    0.000000    2.000000
   69  2    1.931882    2.000000    0.000000    0.000000    0.000000    0.000000    0.000000    0.000000   -2.000000
   71  2    1.957813    2.000000    0.000000    0.000000    0.000000    0.000000    0.000000    0.000000    2.000000
   73  2    2.962055    2.000000    0.000000    0.000000    0.000000    0.000000    0.000000    0.000000   -2.000000
   75  2    3.005377    2.000000    0.000000    0.000000    0.000000    0.000000    0.000000    0.000000    2.000000
   77  2    3.380362    2.000000    0.000000    0.000000    0.000000    0.000000    0.000000    0.000000    2.000000
   79  2    3.858412    2.000000    0.000000    0.000000    0.000000    0.000000    0.000000    0.000000   -2.000000
   81  2    4.171209    2.000000    0.000000    0.000000    0.000000    0.000000    0.000000    0.000000    2.000000
   83  2    4.494989    2.000000    0.000000    0.000000    0.000000    0.000000    0.000000    0.000000   -2.000000
   85  2    4.867115    2.000000    0.000000    0.000000    0.000000    0.000000    0.000000    0.000000    2.000000
   87  2    4.898141    2.000000    0.000000    0.000000    0.000000    0.000000    0.000000    0.000000   -2.000000
   89  2    4.949456    2.000000    0.000000    0.000000    0.000000    0.000000    0.000000    0.000000    2.000000
   91  2    5.471290    2.000000    0.000000    0.000000    0.000000    0.000000    0.000000    0.000000   -2.000000
   93  2    5.806952    2.000000    0.000000    0.000000    0.000000    0.000000    0.000000    0.000000   -2.000000
   95  2    6.286215    2.000000    0.000000    0.000000    0.000000    0.000000    0.000000    0.000000    2.000000
   97  2    7.137152    2.000000    0.000000    0.000000    0.000000    0.000000    0.000000    0.000000    2.000000
   99  2    7.141768    2.000000    0.000000    0.000000    0.000000    0.000000    0.000000    0.000000   -2.000000
  101  2    7.651486    2.000000    0.000000    0.000000    0.000000    0.000000    0.000000    0.000000   -2.000000
  103  2    7.713646    2.000000    0.000000    0.000000    0.000000    0.000000    0.000000    0.000000    2.000000
  105  4    7.749774    4.000000    0.000000    0.000000    0.000000    0.000000    0.000000    0.000000    0.000000
  109  2    8.121791    2.000000    0.000000    0.000000   -0.000000   -0.000000    0.000000    0.000000    2.000000
  111  2    8.221951    2.000000    0.000000    0.000000   -0.000001    0.000001    0.000000    0.000000   -2.000000
  113  2    9.154287    2.000000    0.000000    0.000000   -0.000146   -0.000037    0.000000    0.000000    1.999147
  115  1    9.178362    1.000000    0.000000    0.000000   -0.060311    0.060484    0.000000    0.000000   -0.999743
  116  1    9.179490    1.000000    0.000000    0.000000    0.060332   -0.060154    0.000000    0.000000   -0.998524
  117  1    9.451108    1.000000    0.000000    0.000000    0.548382    0.548112    0.000000    0.000000    0.999608
  118  1    9.452130    1.000000    0.000000    0.000000   -0.548983   -0.548993    0.000000    0.000000    0.997836
  119  1    9.475896    1.000000    0.000000    0.000000   -0.520933    0.520833    0.000000    0.000000   -0.999787
  120  1    9.477143    1.000000    0.000000    0.000000    0.522118   -0.521841    0.000000    0.000000   -0.996589
  4
    1    2    3    4
    1  1  -35.881291    1.000000    0.000000    0.000000   -1.000000   -1.000000    0.000000    0.000000    1.000000
    2  1  -35.826951    1.000000    0.000000    0.000000   -1.000000   -1.000000    0.000000    0.000000    1.000000
    3  1  -35.654116    1.000000    0.000000    0.000000    1.000000   -1.000000    0.000000    0.000000   -1.000000
    4  1  -35.644625    1.000000    0.000000    0.000000    1.000000   -1.000000    0.000000    0.000000   -1.000000
    5  1  -35.242827    1.000000    0.000000    0.000000   -1.000000   -1.000000    0.000000    0.000000    1.000000
    6  1  -35.165274    1.000000    0.000000    0.000000   -1.000000   -1.000000    0.000000    0.000000    1.000000
    7  1  -34.481705    1.000000    0.000000    0.000000    1.000000   -1.000000    0.000000    0.000000   -1.000000
    8  1  -34.408924    1.000000    0.000000    0.000000    1.000000   -1.000000    0.000000    0.000000   -1.000000
    9  1  -34.186431    1.000000    0.000000    0.000000   -1.000000   -1.000000    0.000000    0.000000    1.000000
   10  1  -34.170854    1.000000    0.000000    0.000000   -1.000000   -1.000000    0.000000    0.000000    1.000000
   11  1  -34.055371    1.000000    0.000000    0.000000    1.000000   -1.000000    0.000000    0.000000   -1.000000
   12  1  -33.994051    1.000000    0.000000    0.000000    1.000000   -1.000000    0.000000    0.000000   -1.000000
   13  2  -24.394469    2.000000    0.000000    0.000000    0.000000   -2.000000    0.000000    0.000000    0.000000
   15  2  -24.391212    2.000000    0.000000    0.000000    0.000000    2.000000    0.000000    0.000000    0.000000
   17  1  -10.994040    1.000000    0.000000    0.000000   -1.000000    1.000000    0.000000    0.000000   -1.000000
   18  1  -10.987167    1.000000    0.000000    0.000000    1.000000    1.000000    0.000000    0.000000    1.000000
   19  2  -10.974662    2.000000    0.000000    0.000000    0.000000   -2.000000    0.000000    0.000000    0.000000
   21  1   -9.924923    1.000000    0.000000    0.000000   -1.000000    1.000000    0.000000    0.000000   -1.000000
   22  1   -9.890618    1.000000    0.000000    0.000000    1.000000    1.000000    0.000000    0.000000    1.000000
   23  1   -9.487252    1.000000    0.000000    0.000000    1.000000   -1.000000    0.000000    0.000000   -1.000000
   24  1   -9.472563    1.000000    0.000000    0.000000   -1.000000   -1.000000    0.000000    0.000000    1.000000
   25  1   -9.255104    1.000000    0.000000    0.000000    1.000000   -1.000000    0.000000    0.000000   -1.000000
   26  1   -9.249386    1.000000    0.000000    0.000000   -1.000000   -1.000000    0.000000    0.000000    1.000000
   27  2   -8.965571    2.000000    0.000000    0.000000    0.000000    2.000000    0.000000    0.000000    0.000000
   29  1   -8.889963    1.000000    0.000000    0.000000   -1.000000    1.000000    0.000000    0.000000   -1.000000
   30  1   -8.825705    1.000000    0.000000    0.000000    1.000000    1.000000    0.000000    0.000000    1.000000
   31  1   -8.752092    1.000000    0.000000    0.000000    1.000000   -1.000000    0.000000    0.000000   -1.000000
   32  1   -8.702755    1.000000    0.000000    0.000000   -1.000000   -1.000000    0.000000    0.000000    1.000000
   33  1   -8.547810    1.000000    0.000000    0.000000   -1.000000    1.000000    0.000000    0.000000   -1.000000
   34  1   -8.528143    1.000000    0.000000    0.000000    1.000000    1.000000    0.000000    0.000000    1.000000
   35  1   -8.512602    1.000000    0.000000    0.000000    1.000000   -1.000000    0.000000    0.000000   -1.000000
   36  1   -8.466713    1.000000    0.000000    0.000000    1.000000    1.000000    0.000000    0.000000    1.000000
   37  1   -8.452920    1.000000    0.000000    0.000000   -1.000000   -1.000000    0.000000    0.000000    1.000000
   38  1   -8.393751    1.000000    0.000000    0.000000   -1.000000    1.000000    0.000000    0.000000   -1.000000
   39  1   -8.269328    1.000000    0.000000    0.000000   -1.000000   -1.000000    0.000000    0.000000    1.000000
   40  1   -8.229418    1.000000    0.000000    0.000000    1.000000   -1.000000    0.000000    0.000000   -1.000000
   41  1   -1.236630    1.000000    0.000000    0.000000    1.000000    1.000000    0.000000    0.000000    1.000000
   42  1   -1.172377    1.000000    0.000000    0.000000    1.000000    1.000000    0.000000    0.000000    1.000000
   43  1   -1.119077    1.000000    0.000000    0.000000   -1.000000    1.000000    0.000000    0.000000   -1.000000
   44  1   -1.066705    1.000000    0.000000    0.000000   -1.000000    1.000000    0.000000    0.000000   -1.000000
   45  1   -0.325124    1.000000    0.000000    0.000000    1.000000    1.000000    0.000000    0.000000    1.000000
   46  1   -0.194644    1.000000    0.000000    0.000000    1.000000   -1.000000    0.000000    0.000000   -1.000000
   47  1   -0.181547    1.000000    0.000000    0.000000   -1.000000   -1.000000    0.000000    0.000000    1.000000
   48  1   -0.121857    1.000000    0.000000    0.000000   -1.000000    1.000000    0.000000    0.000000   -1.000000
   49  1    0.018505    1.000000    0.000000    0.000000   -1.000000    1.000000    0.000000    0.000000   -1.000000
   50  1    0.191188    1.000000    0.000000    0.000000    1.000000    1.000000    0.000000    0.000000    1.000000
   51  1    0.263009    1.000000    0.000000    0.000000   -1.000000    1.000000    0.000000    0.000000   -1.000000
   52  1    0.290955    1.000000    0.000000    0.000000    1.000000    1.000000    0.000000    0.000000    1.000000
   53  1    0.326433    1.000000    0.000000    0.000000    1.000000   -1.000000    0.000000    0.000000   -1.000000
   54  1    0.339752    1.000000    0.000000    0.000000   -1.000000   -1.000000    0.000000    0.000000    1.000000
   55  1    0.365232    1.000000    0.000000    0.000000   -1.000000   -1.000000    0.000000    0.000000    1.000000
   56  1    0.376971    1.000000    0.000000    0.000000    1.000000   -1.000000    0.000000    0.000000   -1.000000
   57  1    0.843534    1.000000    0.000000    0.000000   -1.000000   -1.000000    0.000000    0.000000    1.000000
   58  1    0.882057    1.000000    0.000000    0.000000    1.000000    1.000000    0.000000    0.000000    1.000000
   59  1    0.903967    1.000000    0.000000    0.000000    1.000000   -1.000000    0.000000    0.000000   -1.000000
   60  1    0.947751    1.000000    0.000000    0.000000   -1.000000    1.000000    0.000000    0.000000   -1.000000
   61  1    1.079689    1.000000    0.000000    0.000000   -1.000000    1.000000    0.000000    0.000000   -1.000000
   62  1    1.102527    1.000000    0.000000    0.000000    1.000000   -1.000000    0.000000    0.000000   -1.000000
   63  1    1.109849    1.000000    0.000000    0.000000   -1.000000   -1.000000    0.000000    0.000000    1.000000
   64  1    1.166212    1.000000    0.000000    0.000000    1.000000    1.000000    0.000000    0.000000    1.000000
   65  1    1.206234    1.000000    0.000000    0.000000   -1.000000    1.000000    0.000000    0.000000   -1.000000
   66  1    1.221719    1.000000    0.000000    0.000000    1.000000   -1.000000    0.000000    0.000000   -1.000000
   67  1    1.292579    1.000000    0.000000    0.000000   -1.000000   -1.000000    0.000000    0.000000    1.000000
   68  1    1.352181    1.000000    0.000000    0.000000    1.000000    1.000000    0.000000    0.000000    1.000000
   69  1    1.683965    1.000000    0.000000    0.000000   -1.000000   -1.000000    0.000000    0.000000    1.000000
   70  1    1.742020    1.000000    0.000000    0.000000    1.000000   -1.000000    0.000000    0.000000   -1.000000
   71  1    2.635136    1.000000    0.000000    0.000000    1.000000    1.000000    0.000000    0.000000    1.000000
   72  1    2.738955    1.000000    0.000000    0.000000    1.000000    1.000000    0.000000    0.000000    1.000000
   73  1    2.770805    1.000000    0.000000    0.000000   -1.000000    1.000000    0.000000    0.000000   -1.000000
   74  1    2.979410    1.000000    0.000000    0.000000   -1.000000   -1.000000    0.000000    0.000000    1.000000
   75  1    3.023835    1.000000    0.000000    0.000000    1.000000   -1.000000    0.000000    0.000000   -1.000000
   76  1    3.262542    1.000000    0.000000    0.000000   -1.000000    1.000000    0.000000    0.000000   -1.000000
   77  1    3.268653    1.000000    0.000000    0.000000    1.000000    1.000000    0.000000    0.000000    1.000000
   78  1    3.302446    1.000000    0.000000    0.000000    1.000000   -1.000000    0.000000    0.000000   -1.000000
   79  1    3.354257    1.000000    0.000000    0.000000   -1.000000   -1.000000    0.000000    0.000000    1.000000
   80  1    3.393978    1.000000    0.000000    0.000000   -1.000000    1.000000    0.000000    0.000000   -1.000000
   81  1    3.617631    1.000000    0.000000    0.000000    1.000000    1.000000    0.000000    0.000000    1.000000
   82  1    4.190311    1.000000    0.000000    0.000000   -1.000000    1.000000    0.000000    0.000000   -1.000000
   83  2    4.676520    2.000000    0.000000    0.000000    0.000000    2.000000    0.000000    0.000000    0.000000
   85  1    4.684867    1.000000    0.000000    0.000000    1.000000    1.000000    0.000000    0.000000    1.000000
   86  1    4.706623    1.000000    0.000000    0.000000   -1.000000    1.000000    0.000000    0.000000   -1.000000
   87  1    5.123401    1.000000    0.000000    0.000000    1.000000    1.000000    0.000000    0.000000    1.000000
   88  1    5.228602    1.000000    0.000000    0.000000    1.000000    1.000000    0.000000    0.000000    1.000000
   89  1    5.268533    1.000000    0.000000    0.000000   -1.000000    1.000000    0.000000    0.000000   -1.000000
   90  1    5.399567    1.000000    0.000000    0.000000    1.000000    1.000000    0.000000    0.000000    1.000000
   91  1    5.479041    1.000000    0.000000    0.000000   -1.000000    1.000000    0.000000    0.000000   -1.000000
   92  1    5.694523    1.000000    0.000000    0.000000   -1.000000    1.000000    0.000000    0.000000   -1.000000
   93  1    5.748340    1.000000    0.000000    0.000000    1.000000    1.000000    0.000000    0.000000    1.000000
   94  1    5.925403    1.000000    0.000000    0.000000   -1.000000    1.000000    0.000000    0.000000   -1.000000
   95  1    6.736755    1.000000    0.000000    0.000000   -1.000000    1.000000    0.000000    0.000000   -1.000000
   96  1    6.884137    1.000000    0.000000    0.000000    1.000000   -1.000000    0.000000    0.000000   -1.000000
   97  1    6.893541    1.000000    0.000000    0.000000   -1.000000   -1.000000    0.000000    0.000000    1.000000
   98  1    6.974760    1.000000    0.000000    0.000000    1.000000   -1.000000    0.000000    0.000000   -1.000000
   99  1    6.988187    1.000000    0.000000    0.000000   -1.000000   -1.000000    0.000000    0.000000    1.000000
  100  1    7.102729    1.000000    0.000000    0.000000    1.000000    1.000000    0.000000    0.000000    1.000000
  101  1    7.225747    1.000000    0.000000    0.000000    1.000000    1.000000    0.000000    0.000000    1.000000
  102  1    7.254257    1.000000    0.000000    0.000000   -1.000000    1.000000    0.000000    0.000000   -1.000000
  103  1    7.539753    1.000000    0.000000    0.000000    1.000000    1.000000    0.000000    0.000000    1.000000
  104  1    7.567568    1.000000    0.000000    0.000000   -1.000000    1.000000    0.000000    0.000000   -1.000000
  105  1    7.809358    1.000000    0.000000    0.000000   -1.000000   -1.000000    0.000000    0.000000    1.000000
  106  1    7.820053    1.000000    0.000000    0.000000    1.000000   -1.000000    0.000000    0.000000   -1.000000
  107  1    8.201977    1.000000    0.000000    0.000000   -0.999999   -0.999999    0.000000    0.000000    1.000000
  108  1    8.222760    1.000000    0.000000    0.000000    1.000000   -1.000000    0.000000    0.000000   -1.000000
  109  1    8.662713    1.000000    0.000000    0.000000   -0.999998    0.999998    0.000000    0.000000   -0.999998
  110  1    8.698262    1.000000    0.000000    0.000000    0.999999    0.999999    0.000000    0.000000    0.999999
  111  1    8.796996    1.000000    0.000000    0.000000    0.999995    0.999994    0.000000    0.000000    0.999994
  112  1    8.861461    1.000000    0.000000    0.000000   -0.999996    0.999994    0.000000    0.000000   -0.999996
  113  1    8.888040    1.000000    0.000000    0.000000   -0.999988   -0.999997    0.000000    0.000000    0.999988
  114  1    8.915848    1.000000    0.000000    0.000000    0.999956   -0.999989    0.000000    0.000000   -0.999955
  115  1    9.252432    1.000000    0.000000    0.000000    0.999253    0.999000    0.000000    0.000000    0.998646
  116  1    9.265203    1.000000    0.000000    0.000000   -0.999476    0.999903    0.000000    0.000000   -0.999503
  117  1    9.818697    1.000000    0.000000    0.000000    0.995729    0.993563    0.000000    0.000000    0.994439
  118  1    9.904400    1.000000    0.000000    0.000000   -0.984483    0.946856    0.000000    0.000000   -0.960363
  119  1   10.012167    1.000000    0.000000    0.000000    0.899653   -0.994247    0.000000    0.000000   -0.901010
  120  1   10.132219    1.000000    0.000000    0.000000   -0.809885   -0.985804    0.000000    0.000000    0.804039
  4
    1    2    3    4
    1  2  -35.851482    2.000000    0.000000    0.000000    0.000000    0.000000    0.000000    0.000000    2.000000
    3  2  -35.649091    2.000000    0.000000    0.000000    0.000000    0.000000    0.000000    0.000000   -2.000000
    5  2  -35.206940    2.000000    0.000000    0.000000    0.000000    0.000000    0.000000    0.000000    2.000000
    7  2  -34.441070    2.000000    0.000000    0.000000    0.000000    0.000000    0.000000    0.000000   -2.000000
    9  2  -34.178893    2.000000    0.000000    0.000000    0.000000    0.000000    0.000000    0.000000    2.000000
   11  2  -34.029787    2.000000    0.000000    0.000000    0.000000    0.000000    0.000000    0.000000   -2.000000
   13  4  -24.392585    4.000000    0.000000    0.000000   -0.000001   -0.000001    0.000000    0.000000    0.000000
   17  2  -10.957575    2.000000    0.000000    0.000000    0.000000    0.000000    0.000000    0.000000   -2.000000
   19  2  -10.953521    2.000000    0.000000    0.000000    0.000000    0.000000    0.000000    0.000000    2.000000
   21  2   -9.674930    2.000000    0.000000    0.000000    0.000000    0.000000    0.000000    0.000000   -2.000000
   23  2   -9.627577    2.000000    0.000000    0.000000    0.000000    0.000000    0.000000    0.000000    2.000000
   25  4   -8.988387    4.000000    0.000000    0.000000    0.000000    0.000000    0.000000    0.000000    0.000000
   29  2   -8.753181    2.000000    0.000000    0.000000    0.000000    0.000000    0.000000    0.000000   -2.000000
   31  2   -8.735403    2.000000    0.000000    0.000000    0.000000    0.000000    0.000000    0.000000    2.000000
   33  4   -8.646178    4.000000    0.000000    0.000000    0.000000    0.000000    0.000000    0.000000    0.000000
   37  4   -8.562139    4.000000    0.000000    0.000000    0.000000    0.000000    0.000000    0.000000    0.000000
   41  2   -1.264763    2.000000    0.000000    0.000000    0.000000    0.000000    0.000000    0.000000    2.000000
   43  2   -1.206044    2.000000    0.000000    0.000000    0.000000    0.000000    0.000000    0.000000   -2.000000
   45  4   -0.215547    4.000000    0.000000    0.000000    0.000000    0.000000    0.000000    0.000000    0.000000
   49  4   -0.143022    4.000000    0.000000    0.000000    0.000000    0.000000    0.000000    0.000000    0.000000
   53  2    0.376610    2.000000    0.000000    0.000000    0.000000    0.000000    0.000000    0.000000    2.000000
   55  2    0.456198    2.000000    0.000000    0.000000    0.000000    0.000000    0.000000    0.000000   -2.000000
   57  2    0.873653    2.000000    0.000000    0.000000    0.000000    0.000000    0.000000    0.000000    2.000000
   59  2    0.874841    2.000000    0.000000    0.000000    0.000000    0.000000    0.000000    0.000000   -2.000000
   61  4    1.084569    4.000000    0.000000    0.000000    0.000000    0.000000    0.000000    0.000000    0.000000
   65  2    2.897360    2.000000    0.000000    0.000000    0.000000    0.000000    0.000000    0.000000    2.000000
   67  2    2.963721    2.000000    0.000000    0.000000    0.000000    0.000000    0.000000    0.000000   -2.000000
   69  2    3.051919    2.000000    0.000000    0.000000    0.000000    0.000000    0.000000    0.000000    2.000000
   71  2    3.102670    2.000000    0.000000    0.000000    0.000000    0.000000    0.000000    0.000000   -2.000000
   73  2    3.175925    2.000000    0.000000    0.000000    0.000000    0.000000    0.000000    0.000000    2.000000
   75  2    3.179456    2.000000    0.000000    0.000000    0.000000    0.000000    0.000000    0.000000   -2.000000
   77  2    3.577775    2.000000    0.000000    0.000000    0.000000    0.000000    0.000000    0.000000    2.000000
   79  2    3.582713    2.000000    0.000000    0.000000    0.000000    0.000000    0.000000    0.000000   -2.000000
   81  2    3.654891    2.000000    0.000000    0.000000    0.000000    0.000000    0.000000    0.000000    2.000000
   83  2    4.333018    2.000000    0.000000    0.000000    0.000000    0.000000    0.000000    0.000000   -2.000000
   85  2    4.654198    2.000000    0.000000    0.000000    0.000000    0.000000    0.000000    0.000000    2.000000
   87  2    4.655419    2.000000    0.000000    0.000000    0.000000    0.000000    0.000000    0.000000   -2.000000
   89  4    5.915463    4.000000    0.000000    0.000000    0.000000    0.000000    0.000000    0.000000    0.000000
   93  4    6.253358    4.000000    0.000000    0.000000    0.000000    0.000000    0.000000    0.000000    0.000000
   97  4    6.639223    4.000000    0.000000    0.000000    0.000000    0.000000    0.000000    0.000000    0.000000
  101  4    6.778152    4.000000    0.000000    0.000000    0.000000    0.000000    0.000000    0.000000    0.000000
  105  2    7.125915    2.000000    0.000000    0.000000    0.000000    0.000000    0.000000    0.000000   -2.000000
  107  2    7.138179    2.000000    0.000000    0.000000    0.000000    0.000000    0.000000    0.000000    2.000000
  109  2    7.284385    2.000000    0.000000    0.000000    0.000000    0.000000    0.000000    0.000000    2.000000
  111  2    7.399975    2.000000    0.000000    0.000000    0.000000    0.000000    0.000000    0.000000   -2.000000
  113  4    7.532016    4.000000    0.000000    0.000000    0.000000    0.000000    0.000000    0.000000    0.000000
  117  4    7.601249    4.000000    0.000000    0.000000    0.000000    0.000000    0.000000    0.000000    0.000000
