   66   96
  1
  4
  1  0  0  0  1  0  0  0  1    0.000000    0.000000    0.000000    1.000000    0.000000    0.000000    0.000000    0.000000    0.000000    1.000000    0.000000  1
  0  1  0  1  0  0  0  0  1    0.000000    0.000000    0.000000    0.000000    0.000000   -0.707107    0.707107    0.707107    0.707107    0.000000    0.000000  1
  0 -1  0 -1  0  0  0  0 -1    0.000000    0.000000    0.000000    0.000000    0.000000   -0.707107    0.707107    0.707107    0.707107    0.000000    0.000000 -1
 -1  0  0  0 -1  0  0  0 -1    0.000000    0.000000    0.000000    1.000000    0.000000    0.000000    0.000000    0.000000    0.000000    1.000000    0.000000 -1
  6
    0.000000    0.000000    0.000000
    0.000000    0.000000    0.500000
    0.000000    0.500000    0.500000
    0.500000    0.500000    0.500000
    0.000000    0.500000    0.000000
    0.500000    0.500000    0.000000
  2
    1    2
    1  2  -45.907974    2.000000    0.000000    0.000000    0.000000
    3  2  -45.569516    2.000000    0.000000    0.000000    0.000000
    5  2  -44.996412    2.000000    0.000000    0.000000    0.000000
    7  2  -41.732140    2.000000    0.000000    0.000000    0.000000
    9  2  -41.369241    2.000000    0.000000    0.000000    0.000000
   11  2  -40.996759    2.000000    0.000000    0.000000    0.000000
   13  4  -30.967032    4.000000    0.000000    0.000000    0.000000
   17  2  -13.749244    2.000000    0.000000    0.000000    0.000000
   19  2  -13.744010    2.000000    0.000000    0.000000    0.000000
   21  2  -12.657585    2.000000    0.000000    0.000000    0.000000
   23  2  -12.639646    2.000000    0.000000    0.000000    0.000000
   25  2  -12.608910    2.000000    0.000000    0.000000    0.000000
   27  2  -12.605765    2.000000    0.000000    0.000000    0.000000
   29  2   -7.061665    2.000000    0.000000    0.000000    0.000000
   31  1   -6.306640    1.000000    0.000000    0.000000    1.000000
   32  1   -6.304447    1.000000    0.000000    0.000000   -1.000000
   33  2   -5.753762    2.000000    0.000000    0.000000    0.000000
   35  2   -3.197962    2.000000    0.000000    0.000000    0.000000
   37  1    0.634970    1.000000    0.000000    0.000000    1.000000
   38  1    0.641034    1.000000    0.000000    0.000000   -1.000000
   39  1    0.893681    1.000000    0.000000    0.000000    1.000000
   40  1    0.895149    1.000000    0.000000    0.000000   -1.000000
   41  1    1.437868    1.000000    0.000000    0.000000    1.000000
   42  1    1.439140    1.000000    0.000000    0.000000   -1.000000
   43  1    1.557876    1.000000    0.000000    0.000000    1.000000
   44  1    1.559108    1.000000    0.000000    0.000000   -1.000000
   45  2    1.680274    2.000000    0.000000    0.000000    0.000000
   47  1    1.954868    1.000000    0.000000    0.000000    1.000000
   48  1    1.957980    1.000000    0.000000    0.000000   -1.000000
   49  2    2.089225    2.000000    0.000000    0.000000    0.000000
   51  1    2.222860    1.000000    0.000000    0.000000    1.000000
   52  1    2.224014    1.000000    0.000000    0.000000   -1.000000
   53  1    2.747024    1.000000    0.000000    0.000000    1.000000
   54  1    2.752245    1.000000    0.000000    0.000000   -1.000000
   55  2    2.999375    2.000000    0.000000    0.000000    0.000000
   57  1    3.266296    1.000000    0.000000    0.000000    1.000000
   58  1    3.271342    1.000000    0.000000    0.000000   -1.000000
   59  1    3.931969    1.000000    0.000000    0.000000    1.000000
   60  1    3.934999    1.000000    0.000000    0.000000   -1.000000
   61  1    4.518305    1.000000    0.000000    0.000000    1.000000
   62  1    4.520667    1.000000    0.000000    0.000000   -1.000000
   63  1    4.581834    1.000000    0.000000    0.000000    1.000000
   64  1    4.583197    1.000000    0.000000    0.000000   -1.000000
   65  2    4.731242    2.000000    0.000000    0.000000    0.000000
   67  1    5.446443    1.000000    0.000000    0.000000    1.000000
   68  1    5.453886    1.000000    0.000000    0.000000   -1.000000
   69  2    5.614241    2.000000    0.000000    0.000000    0.000000
   71  1    5.777922    1.000000    0.000000    0.000000    1.000000
   72  1    5.780167    1.000000    0.000000    0.000000   -1.000000
   73  1    5.851547    1.000000    0.000000    0.000000    0.999992
   74  1    5.855525    1.000000    0.000000    0.000000   -0.999992
   75  2    6.223663    2.000000    0.000000    0.000000    0.000000
   77  2    6.671833    2.000000    0.000000    0.000000    0.000001
   79  2    7.097216    2.000000    0.000000    0.000000    0.000001
   81  1    7.444528    1.000000    0.000000    0.000000    0.999973
   82  1    7.447363    1.000000    0.000000    0.000000   -0.999982
   83  2    7.546654    2.000000    0.000000    0.000000   -0.000001
   85  2    7.669559    2.000000    0.000000    0.000000   -0.000068
   87  1    8.013311    1.000000    0.000000    0.000000   -0.130270
   88  1    8.014976    1.000000    0.000000    0.000000    0.130352
   89  1    8.485988    1.000000    0.000000    0.000000   -0.246624
   90  1    8.490053    1.000000    0.000000    0.000000    0.234536
   91  1    8.549608    1.000000    0.000000    0.000000   -0.223265
   92  1    8.556999    1.000000    0.000000    0.000000    0.193558
   93  1    8.806465    1.000000    0.000000    0.000000    0.443417
   94  1    8.815383    1.000000    0.000000    0.000000   -0.094371
   95  1    8.827767    1.000000    0.000000    0.000000   -0.030935
   96  1    9.018334    1.000000    0.000000    0.000000    0.774699
  2
    1    2
    1  2  -45.907976    2.000000    0.000000    0.000000    0.000000
    3  2  -45.569519    2.000000    0.000000    0.000000    0.000000
    5  2  -44.996413    2.000000    0.000000    0.000000    0.000000
    7  2  -41.732143    2.000000    0.000000    0.000000    0.000000
    9  2  -41.369245    2.000000    0.000000    0.000000    0.000000
   11  2  -40.996762    2.000000    0.000000    0.000000    0.000000
   13  4  -30.967017    4.000000    0.000000    0.000000    0.000000
   17  2  -13.748472    2.000000    0.000000    0.000000    0.000000
   19  2  -13.744770    2.000000    0.000000    0.000000    0.000000
   21  2  -12.655239    2.000000    0.000000    0.000000    0.000000
   23  2  -12.642070    2.000000    0.000000    0.000000    0.000000
   25  2  -12.608931    2.000000    0.000000    0.000000    0.000000
   27  2  -12.605753    2.000000    0.000000    0.000000    0.000000
   29  2   -7.045425    2.000000    0.000000    0.000000    0.000000
   31  1   -6.354387    1.000000    0.000000    0.000000    1.000000
   32  1   -6.352087    1.000000    0.000000    0.000000   -1.000000
   33  2   -5.719181    2.000000    0.000000    0.000000    0.000000
   35  2   -3.197988    2.000000    0.000000    0.000000    0.000000
   37  1    0.417124    1.000000    0.000000    0.000000    1.000000
   38  1    0.422010    1.000000    0.000000    0.000000   -1.000000
   39  1    1.155014    1.000000    0.000000    0.000000    1.000000
   40  1    1.156786    1.000000    0.000000    0.000000   -1.000000
   41  1    1.527148    1.000000    0.000000    0.000000    1.000000
   42  1    1.529597    1.000000    0.000000    0.000000   -1.000000
   43  2    1.561053    2.000000    0.000000    0.000000    0.000000
   45  2    1.677174    2.000000    0.000000    0.000000    0.000000
   47  2    1.918462    2.000000    0.000000    0.000000    0.000000
   49  1    1.960952    1.000000    0.000000    0.000000    1.000000
   50  1    1.964131    1.000000    0.000000    0.000000   -1.000000
   51  1    2.371871    1.000000    0.000000    0.000000    1.000000
   52  1    2.374792    1.000000    0.000000    0.000000   -1.000000
   53  1    2.820416    1.000000    0.000000    0.000000    1.000000
   54  1    2.825215    1.000000    0.000000    0.000000   -1.000000
   55  2    3.004081    2.000000    0.000000    0.000000    0.000000
   57  1    3.237302    1.000000    0.000000    0.000000    1.000000
   58  1    3.241881    1.000000    0.000000    0.000000   -1.000000
   59  1    3.701761    1.000000    0.000000    0.000000    1.000000
   60  1    3.704435    1.000000    0.000000    0.000000   -1.000000
   61  1    4.314025    1.000000    0.000000    0.000000    1.000000
   62  1    4.315938    1.000000    0.000000    0.000000   -1.000000
   63  1    4.526104    1.000000    0.000000    0.000000    1.000000
   64  1    4.528602    1.000000    0.000000    0.000000   -1.000000
   65  2    4.922215    2.000000    0.000000    0.000000    0.000000
   67  2    5.123460    2.000000    0.000000    0.000000    0.000000
   69  1    5.262347    1.000000    0.000000    0.000000    1.000000
   70  1    5.269127    1.000000    0.000000    0.000000   -1.000000
   71  1    5.778084    1.000000    0.000000    0.000000    1.000000
   72  1    5.780335    1.000000    0.000000    0.000000   -1.000000
   73  1    6.497725    1.000000    0.000000    0.000000    0.999962
   74  1    6.498971    1.000000    0.000000    0.000000   -0.999963
   75  2    6.645251    2.000000    0.000000    0.000000   -0.000000
   77  1    6.986229    1.000000    0.000000    0.000000    0.998669
   78  1    6.988396    1.000000    0.000000    0.000000   -0.998679
   79  1    7.060357    1.000000    0.000000    0.000000    0.999778
   80  1    7.063126    1.000000    0.000000    0.000000   -0.999791
   81  2    7.127609    2.000000    0.000000    0.000000   -0.000000
   83  2    7.863425    2.000000    0.000000    0.000000   -0.000021
   85  2    7.965984    2.000000    0.000000    0.000000   -0.000079
   87  2    8.169435    2.000000    0.000000    0.000000   -0.001055
   89  1    8.362146    1.000000    0.000000    0.000000    0.981177
   90  1    8.367828    1.000000    0.000000    0.000000   -0.888929
   91  1    8.380870    1.000000    0.000000    0.000000    0.453558
   92  1    8.382741    1.000000    0.000000    0.000000   -0.538628
   93  1    8.800014    1.000000    0.000000    0.000000   -0.467927
   94  1    8.839384    1.000000    0.000000    0.000000    0.735889
   95  1    8.882540    1.000000    0.000000    0.000000    0.061130
   96  1    8.967362    1.000000    0.000000    0.000000    0.225575
  1
    1
    1  2  -45.908160    2.000000    0.000000
    3  2  -45.569487    2.000000    0.000000
    5  2  -44.996631    2.000000    0.000000
    7  2  -41.732456    2.000000    0.000000
    9  2  -41.369205    2.000000    0.000000
   11  2  -40.997126    2.000000    0.000000
   13  4  -30.965156    4.000000    0.000000
   17  2  -13.761496    2.000000    0.000000
   19  2  -13.758816    2.000000    0.000000
   21  2  -12.674334    2.000000    0.000000
   23  2  -12.667963    2.000000    0.000000
   25  2  -12.622431    2.000000    0.000000
   27  2  -12.616839    2.000000    0.000000
   29  1   -5.771056    1.000000    0.000000
   30  1   -5.768269    1.000000    0.000000
   31  1   -5.747945    1.000000    0.000000
   32  1   -5.746213    1.000000    0.000000
   33  2   -5.574416    2.000000    0.000000
   35  2   -5.540011    2.000000    0.000000
   37  1    0.375045    1.000000    0.000000
   38  1    0.387118    1.000000    0.000000
   39  1    0.539926    1.000000    0.000000
   40  1    0.546715    1.000000    0.000000
   41  1    1.490511    1.000000    0.000000
   42  1    1.494196    1.000000    0.000000
   43  1    1.573977    1.000000    0.000000
   44  1    1.575061    1.000000    0.000000
   45  1    1.775372    1.000000    0.000000
   46  1    1.786148    1.000000    0.000000
   47  1    2.059459    1.000000    0.000000
   48  1    2.061269    1.000000    0.000000
   49  2    2.109979    2.000000    0.000000
   51  1    2.669720    1.000000    0.000000
   52  1    2.671853    1.000000    0.000000
   53  1    2.828986    1.000000    0.000000
   54  1    2.830358    1.000000    0.000000
   55  1    3.321592    1.000000    0.000000
   56  1    3.325030    1.000000    0.000000
   57  1    3.472240    1.000000    0.000000
   58  1    3.474066    1.000000    0.000000
   59  1    3.837799    1.000000    0.000000
   60  1    3.850779    1.000000    0.000000
   61  1    3.948833    1.000000    0.000000
   62  1    3.951476    1.000000    0.000000
   63  1    4.356501    1.000000    0.000000
   64  1    4.357527    1.000000    0.000000
   65  2    4.536470    2.000000    0.000000
   67  1    5.071554    1.000000    0.000000
   68  1    5.072624    1.000000    0.000000
   69  2    5.244921    2.000000    0.000000
   71  1    5.474258    1.000000    0.000000
   72  1    5.475947    1.000000    0.000000
   73  1    5.594256    1.000000    0.000000
   74  1    5.596617    1.000000    0.000000
   75  1    5.903436    1.000000    0.000000
   76  1    5.905475    1.000000    0.000000
   77  1    6.077270    1.000000    0.000000
   78  1    6.079003    1.000000    0.000000
   79  1    6.199654    1.000000    0.000000
   80  1    6.202424    1.000000    0.000000
   81  1    7.032193    1.000000    0.000000
   82  1    7.036238    1.000000    0.000000
   83  1    7.273977    1.000000    0.000000
   84  1    7.275541    1.000000    0.000000
   85  1    7.540514    1.000000    0.000000
   86  1    7.541732    1.000000    0.000000
   87  2    7.837778    2.000000    0.000000
   89  1    8.159405    1.000000    0.000000
   90  1    8.160681    1.000000    0.000000
   91  1    8.489082    1.000000    0.000000
   92  1    8.499445    1.000000    0.000000
   93  1    8.791356    1.000000    0.000000
   94  1    8.810233    1.000000    0.000000
   95  1    9.376072    1.000000    0.000000
   96  1    9.422958    1.000000    0.000000
  2
    1    2
    1  2  -45.908349    2.000000    0.000000    0.000000    0.000000
    3  2  -45.569458    2.000000    0.000000    0.000000    0.000000
    5  2  -44.996864    2.000000    0.000000    0.000000    0.000000
    7  2  -41.732649    2.000000    0.000000    0.000000    0.000000
    9  2  -41.369163    2.000000    0.000000    0.000000    0.000000
   11  2  -40.997359    2.000000    0.000000    0.000000    0.000000
   13  4  -30.963313    4.000000    0.000000    0.000000    0.000000
   17  2  -13.769256    2.000000    0.000000    0.000000    0.000000
   19  2  -13.767551    2.000000    0.000000    0.000000    0.000000
   21  2  -12.668579    2.000000    0.000000    0.000000    0.000000
   23  2  -12.663765    2.000000    0.000000    0.000000    0.000000
   25  2  -12.651220    2.000000    0.000000    0.000000    0.000000
   27  2  -12.642241    2.000000    0.000000    0.000000    0.000000
   29  3   -5.574248    3.000000    0.000000    0.000000    1.000000
   32  1   -5.572072    1.000000    0.000000    0.000000   -1.000000
   33  2   -5.145161    2.000000    0.000000    0.000000   -0.000000
   35  2   -5.140790    2.000000    0.000000    0.000000    0.000000
   37  1    0.255250    1.000000    0.000000    0.000000    1.000000
   38  1    0.259203    1.000000    0.000000    0.000000   -1.000000
   39  2    0.277039    2.000000    0.000000    0.000000    0.000000
   41  1    0.372074    1.000000    0.000000    0.000000    1.000000
   42  1    0.377813    1.000000    0.000000    0.000000   -1.000000
   43  2    0.700084    2.000000    0.000000    0.000000    0.000000
   45  1    1.695964    1.000000    0.000000    0.000000    1.000000
   46  1    1.697073    1.000000    0.000000    0.000000   -1.000000
   47  2    1.984320    2.000000    0.000000    0.000000    0.000000
   49  2    2.005848    2.000000    0.000000    0.000000    0.000000
   51  1    2.032353    1.000000    0.000000    0.000000    1.000000
   52  1    2.035874    1.000000    0.000000    0.000000   -1.000000
   53  1    2.203646    1.000000    0.000000    0.000000    1.000000
   54  1    2.207751    1.000000    0.000000    0.000000   -1.000000
   55  1    2.461523    1.000000    0.000000    0.000000    1.000000
   56  1    2.464389    1.000000    0.000000    0.000000   -1.000000
   57  2    2.809401    2.000000    0.000000    0.000000    0.000000
   59  1    2.946399    1.000000    0.000000    0.000000    1.000000
   60  1    2.954320    1.000000    0.000000    0.000000   -1.000000
   61  1    3.089451    1.000000    0.000000    0.000000    1.000000
   62  1    3.092713    1.000000    0.000000    0.000000   -1.000000
   63  2    3.681647    2.000000    0.000000    0.000000    0.000000
   65  2    3.737211    2.000000    0.000000    0.000000    0.000000
   67  1    5.001652    1.000000    0.000000    0.000000    1.000000
   68  1    5.005323    1.000000    0.000000    0.000000   -0.999999
   69  1    5.092152    1.000000    0.000000    0.000000    1.000000
   70  1    5.096180    1.000000    0.000000    0.000000   -1.000000
   71  1    5.638893    1.000000    0.000000    0.000000    1.000000
   72  1    5.640048    1.000000    0.000000    0.000000   -1.000000
   73  1    5.737989    1.000000    0.000000    0.000000    1.000000
   74  1    5.740172    1.000000    0.000000    0.000000   -1.000000
   75  1    6.043799    1.000000    0.000000    0.000000    1.000000
   76  1    6.045393    1.000000    0.000000    0.000000   -1.000000
   77  1    7.160997    1.000000    0.000000    0.000000    0.999997
   78  1    7.164389    1.000000    0.000000    0.000000   -0.999997
   79  1    7.894902    1.000000    0.000000    0.000000    0.999998
   80  1    7.898693    1.000000    0.000000    0.000000   -0.999991
   81  1    8.062067    1.000000    0.000000    0.000000    0.999936
   82  1    8.064908    1.000000    0.000000    0.000000   -0.999941
   83  1    8.167092    1.000000    0.000000    0.000000    0.999997
   84  1    8.170060    1.000000    0.000000    0.000000   -0.999998
   85  2    8.598089    2.000000    0.000000    0.000000    0.000011
   87  2    8.733024    2.000000    0.000000    0.000000   -0.000051
   89  1    9.248358    1.000000    0.000000    0.000000    0.583395
   90  1    9.286651    1.000000    0.000000    0.000000    0.651484
   91  1    9.292128    1.000000    0.000000    0.000000   -0.675958
   92  1    9.305145    1.000000    0.000000    0.000000   -0.429268
   93  1    9.370910    1.000000    0.000000    0.000000    0.029743
   94  1    9.378804    1.000000    0.000000    0.000000   -0.037245
   95  1    9.500211    1.000000    0.000000    0.000000    0.129593
   96  1    9.526594    1.000000    0.000000    0.000000   -0.152683
  1
    1
    1  2  -45.908160    2.000000    0.000000
    3  2  -45.569486    2.000000    0.000000
    5  2  -44.996631    2.000000    0.000000
    7  2  -41.732457    2.000000    0.000000
    9  2  -41.369205    2.000000    0.000000
   11  2  -40.997126    2.000000    0.000000
   13  4  -30.965156    4.000000    0.000000
   17  2  -13.761498    2.000000    0.000000
   19  2  -13.758815    2.000000    0.000000
   21  2  -12.674335    2.000000    0.000000
   23  2  -12.667963    2.000000    0.000000
   25  2  -12.622427    2.000000    0.000000
   27  2  -12.616842    2.000000    0.000000
   29  1   -5.770633    1.000000    0.000000
   30  1   -5.768694    1.000000    0.000000
   31  1   -5.748437    1.000000    0.000000
   32  1   -5.745719    1.000000    0.000000
   33  2   -5.574411    2.000000    0.000000
   35  2   -5.539940    2.000000    0.000000
   37  1    0.376876    1.000000    0.000000
   38  1    0.385123    1.000000    0.000000
   39  1    0.537821    1.000000    0.000000
   40  1    0.549067    1.000000    0.000000
   41  1    1.489905    1.000000    0.000000
   42  1    1.493647    1.000000    0.000000
   43  2    1.575207    2.000000    0.000000
   45  1    1.774584    1.000000    0.000000
   46  1    1.785371    1.000000    0.000000
   47  1    2.058275    1.000000    0.000000
   48  1    2.059660    1.000000    0.000000
   49  2    2.111136    2.000000    0.000000
   51  1    2.670166    1.000000    0.000000
   52  1    2.671620    1.000000    0.000000
   53  2    2.831443    2.000000    0.000000
   55  1    3.317162    1.000000    0.000000
   56  1    3.320005    1.000000    0.000000
   57  1    3.473835    1.000000    0.000000
   58  1    3.475415    1.000000    0.000000
   59  1    3.840350    1.000000    0.000000
   60  1    3.852938    1.000000    0.000000
   61  1    3.950082    1.000000    0.000000
   62  1    3.951258    1.000000    0.000000
   63  1    4.348087    1.000000    0.000000
   64  1    4.349348    1.000000    0.000000
   65  2    4.544200    2.000000    0.000000
   67  1    5.074474    1.000000    0.000000
   68  1    5.075611    1.000000    0.000000
   69  2    5.239444    2.000000    0.000000
   71  1    5.472310    1.000000    0.000000
   72  1    5.475117    1.000000    0.000000
   73  1    5.599512    1.000000    0.000000
   74  1    5.601096    1.000000    0.000000
   75  1    5.892882    1.000000    0.000000
   76  1    5.895758    1.000000    0.000000
   77  1    6.091641    1.000000    0.000000
   78  1    6.093651    1.000000    0.000000
   79  1    6.193808    1.000000    0.000000
   80  1    6.195632    1.000000    0.000000
   81  1    7.031334    1.000000    0.000000
   82  1    7.036949    1.000000    0.000000
   83  2    7.274324    2.000000    0.000000
   85  2    7.541243    2.000000    0.000000
   87  2    7.837880    2.000000    0.000000
   89  1    8.158087    1.000000    0.000000
   90  1    8.161647    1.000000    0.000000
   91  1    8.493159    1.000000    0.000000
   92  1    8.494690    1.000000    0.000000
   93  1    8.790307    1.000000    0.000000
   94  1    8.806686    1.000000    0.000000
   95  1    9.407642    1.000000    0.000000
   96  1    9.457255    1.000000    0.000000
  2
    1    2
    1  2  -45.908349    2.000000    0.000000    0.000000    0.000000
    3  2  -45.569458    2.000000    0.000000    0.000000    0.000000
    5  2  -44.996864    2.000000    0.000000    0.000000    0.000000
    7  2  -41.732649    2.000000    0.000000    0.000000    0.000000
    9  2  -41.369163    2.000000    0.000000    0.000000    0.000000
   11  2  -40.997359    2.000000    0.000000    0.000000    0.000000
   13  4  -30.963313    4.000000    0.000000    0.000000    0.000000
   17  2  -13.769256    2.000000    0.000000    0.000000    0.000000
   19  2  -13.767551    2.000000    0.000000    0.000000    0.000000
   21  2  -12.668578    2.000000    0.000000    0.000000    0.000000
   23  2  -12.663766    2.000000    0.000000    0.000000    0.000000
   25  2  -12.651221    2.000000    0.000000    0.000000    0.000000
   27  2  -12.642240    2.000000    0.000000    0.000000    0.000000
   29  1   -5.574786    1.000000    0.000000    0.000000    1.000000
   30  3   -5.573237    3.000000    0.000000    0.000000   -1.000000
   33  2   -5.145161    2.000000    0.000000    0.000000   -0.000001
   35  2   -5.140790    2.000000    0.000000    0.000000    0.000000
   37  1    0.254575    1.000000    0.000000    0.000000    1.000000
   38  1    0.259286    1.000000    0.000000    0.000000   -1.000000
   39  2    0.277472    2.000000    0.000000    0.000000    0.000000
   41  1    0.372464    1.000000    0.000000    0.000000    1.000000
   42  1    0.377476    1.000000    0.000000    0.000000   -1.000000
   43  2    0.699834    2.000000    0.000000    0.000000    0.000000
   45  1    1.695976    1.000000    0.000000    0.000000    1.000000
   46  1    1.697013    1.000000    0.000000    0.000000   -1.000000
   47  2    1.981992    2.000000    0.000000    0.000000    0.000000
   49  1    2.009682    1.000000    0.000000    0.000000    1.000000
   50  1    2.011419    1.000000    0.000000    0.000000   -1.000000
   51  1    2.030794    1.000000    0.000000    0.000000    1.000000
   52  1    2.033135    1.000000    0.000000    0.000000   -1.000000
   53  1    2.203799    1.000000    0.000000    0.000000    1.000000
   54  1    2.207456    1.000000    0.000000    0.000000   -1.000000
   55  1    2.462202    1.000000    0.000000    0.000000    1.000000
   56  1    2.464521    1.000000    0.000000    0.000000   -1.000000
   57  2    2.809895    2.000000    0.000000    0.000000    0.000000
   59  1    2.946751    1.000000    0.000000    0.000000    1.000000
   60  1    2.950703    1.000000    0.000000    0.000000   -1.000000
   61  1    3.087624    1.000000    0.000000    0.000000    1.000000
   62  1    3.096364    1.000000    0.000000    0.000000   -1.000000
   63  2    3.681692    2.000000    0.000000    0.000000    0.000000
   65  2    3.737162    2.000000    0.000000    0.000000    0.000000
   67  1    5.001482    1.000000    0.000000    0.000000    1.000000
   68  1    5.005901    1.000000    0.000000    0.000000   -1.000000
   69  1    5.092445    1.000000    0.000000    0.000000    1.000000
   70  1    5.095451    1.000000    0.000000    0.000000   -1.000000
   71  1    5.638894    1.000000    0.000000    0.000000    1.000000
   72  1    5.640066    1.000000    0.000000    0.000000   -1.000000
   73  1    5.737962    1.000000    0.000000    0.000000    1.000000
   74  1    5.740122    1.000000    0.000000    0.000000   -1.000000
   75  1    6.043831    1.000000    0.000000    0.000000    1.000000
   76  1    6.045358    1.000000    0.000000    0.000000   -1.000000
   77  1    7.161906    1.000000    0.000000    0.000000    0.999996
   78  1    7.163722    1.000000    0.000000    0.000000   -0.999996
   79  1    7.893164    1.000000    0.000000    0.000000    0.999969
   80  1    7.900071    1.000000    0.000000    0.000000   -0.999945
   81  2    8.063735    2.000000    0.000000    0.000000   -0.000440
   83  2    8.168623    2.000000    0.000000    0.000000    0.000265
   85  1    8.598029    1.000000    0.000000    0.000000    0.740102
   86  1    8.599217    1.000000    0.000000    0.000000   -0.740778
   87  1    8.731528    1.000000    0.000000    0.000000    0.987404
   88  1    8.735982    1.000000    0.000000    0.000000   -0.987965
   89  1    9.271684    1.000000    0.000000    0.000000    0.240530
   90  1    9.288538    1.000000    0.000000    0.000000   -0.562713
   91  1    9.295885    1.000000    0.000000    0.000000    0.508049
   92  1    9.362166    1.000000    0.000000    0.000000    0.512603
   93  1    9.419349    1.000000    0.000000    0.000000   -0.296576
   94  1    9.438450    1.000000    0.000000    0.000000   -0.440356
   95  1    9.537247    1.000000    0.000000    0.000000    0.024089
   96  1    9.892838    1.000000    0.000000    0.000000    0.180598
