   56   84
  1
  8
  1  0  0  0  1  0  0  0  1    0.000000    0.000000    0.000000    1.000000    0.000000    0.000000    0.000000    0.000000    0.000000    1.000000    0.000000  1
  0  1 -1  1  0 -1  0  0 -1    0.000000    0.000000    0.000000    0.000000    0.707107    0.707107    0.000000   -0.707107    0.000000    0.000000   -0.707107  1
 -1  0  0  0 -1  0  0  0 -1    0.000000    0.000000    0.000000    1.000000    0.000000    0.000000    0.000000    0.000000    0.000000    1.000000    0.000000  1
  0 -1  1 -1  0  1  0  0  1    0.000000    0.000000    0.000000    0.000000    0.707107    0.707107    0.000000   -0.707107    0.000000    0.000000   -0.707107  1
  0 -1  1  0 -1  0  1 -1  0    0.000000    0.000000    0.000000    0.000000    0.000000    0.000000   -1.000000    0.000000   -1.000000    0.000000    0.000000 -1
 -1  0  0 -1  0  1 -1  1  0    0.000000    0.000000    0.000000    0.000000   -0.707107    0.707107    0.000000   -0.707107    0.000000    0.000000    0.707107 -1
  0  1 -1  0  1  0 -1  1  0    0.000000    0.000000    0.000000    0.000000    0.000000    0.000000   -1.000000    0.000000   -1.000000    0.000000    0.000000 -1
  1  0  0  1  0 -1  1 -1  0    0.000000    0.000000    0.000000    0.000000   -0.707107    0.707107    0.000000   -0.707107    0.000000    0.000000    0.707107 -1
  7
    0.000000    0.000000    0.000000
    0.000000    0.500000    0.000000
    0.500000    0.000000    0.000000
    0.000000    0.000000    0.500000
    0.500000    0.500000    0.000000
    0.250000    0.250000    0.250000
    0.500000    0.500000    0.500000
  4
    1    2    3    4
    1  1  -44.849442    1.000000    0.000000    0.000000   -1.000000   -1.000000    0.000000    0.000000    1.000000
    2  1  -44.397087    1.000000    0.000000    0.000000    1.000000   -1.000000    0.000000    0.000000   -1.000000
    3  1  -43.786821    1.000000    0.000000    0.000000    1.000000    1.000000    0.000000    0.000000    1.000000
    4  1  -43.730437    1.000000    0.000000    0.000000   -1.000000   -1.000000    0.000000    0.000000    1.000000
    5  1  -43.696066    1.000000    0.000000    0.000000   -1.000000   -1.000000    0.000000    0.000000    1.000000
    6  1  -43.414507    1.000000    0.000000    0.000000   -1.000000    1.000000    0.000000    0.000000   -1.000000
    7  1  -43.356277    1.000000    0.000000    0.000000    1.000000   -1.000000    0.000000    0.000000   -1.000000
    8  1  -42.562993    1.000000    0.000000    0.000000    1.000000    1.000000    0.000000    0.000000    1.000000
    9  1  -42.500513    1.000000    0.000000    0.000000   -1.000000   -1.000000    0.000000    0.000000    1.000000
   10  1  -41.675049    1.000000    0.000000    0.000000    1.000000   -1.000000    0.000000    0.000000   -1.000000
   11  1  -41.616665    1.000000    0.000000    0.000000   -1.000000    1.000000    0.000000    0.000000   -1.000000
   12  1  -41.463857    1.000000    0.000000    0.000000    1.000000   -1.000000    0.000000    0.000000   -1.000000
   13  1  -41.271962    1.000000    0.000000    0.000000   -1.000000   -1.000000    0.000000    0.000000    1.000000
   14  1  -41.246344    1.000000    0.000000    0.000000    1.000000    1.000000    0.000000    0.000000    1.000000
   15  1  -41.045356    1.000000    0.000000    0.000000   -1.000000   -1.000000    0.000000    0.000000    1.000000
   16  1  -40.966702    1.000000    0.000000    0.000000    1.000000   -1.000000    0.000000    0.000000   -1.000000
   17  1  -40.962316    1.000000    0.000000    0.000000   -1.000000    1.000000    0.000000    0.000000   -1.000000
   18  1  -40.705228    1.000000    0.000000    0.000000    1.000000   -1.000000    0.000000    0.000000   -1.000000
   19  2  -14.382930    2.000000    0.000000    0.000000    0.000304    2.000000    0.000000    0.000000    0.000304
   21  2  -14.380834    2.000000    0.000000    0.000000   -0.000324    2.000000    0.000000    0.000000   -0.000324
   23  2  -13.810051    2.000000    0.000000    0.000000   -0.000008    2.000000    0.000000    0.000000   -0.000008
   25  2  -13.797754    2.000000    0.000000    0.000000    0.000092    2.000000    0.000000    0.000000    0.000092
   27  2  -13.793839    2.000000    0.000000    0.000000   -0.000128    2.000000    0.000000    0.000000   -0.000128
   29  1   -1.502591    1.000000    0.000000    0.000000    0.999961    1.000000    0.000000    0.000000    0.999961
   30  1   -1.490049    1.000000    0.000000    0.000000   -0.999960    1.000000    0.000000    0.000000   -0.999960
   31  1    6.217783    1.000000    0.000000    0.000000   -0.999974   -1.000000    0.000000    0.000000    0.999974
   32  1    6.232801    1.000000    0.000000    0.000000    0.999948   -1.000000    0.000000    0.000000   -0.999947
   33  1    6.249223    1.000000    0.000000    0.000000   -0.999973   -1.000000    0.000000    0.000000    0.999973
   34  2    6.261984    2.000000    0.000000    0.000000   -0.000018    2.000000    0.000000    0.000000   -0.000018
   36  1    6.825823    1.000000    0.000000    0.000000    0.999978   -1.000000    0.000000    0.000000   -0.999977
   37  1    6.850573    1.000000    0.000000    0.000000   -0.999956   -1.000000    0.000000    0.000000    0.999956
   38  1    6.873993    1.000000    0.000000    0.000000    0.999979   -1.000000    0.000000    0.000000   -0.999979
   39  1    7.263177    1.000000    0.000000    0.000000    0.999930    1.000000    0.000000    0.000000    0.999930
   40  1    7.280488    1.000000    0.000000    0.000000   -0.999875    1.000000    0.000000    0.000000   -0.999875
   41  1    7.298704    1.000000    0.000000    0.000000    0.999945    1.000000    0.000000    0.000000    0.999945
   42  2    7.735964    2.000000    0.000000    0.000000   -0.000030    2.000000    0.000000    0.000000   -0.000030
   44  1    8.999509    1.000000    0.000000    0.000000   -0.999827    1.000000    0.000000    0.000000   -0.999827
   45  1    9.012406    1.000000    0.000000    0.000000    0.999634    1.000000    0.000000    0.000000    0.999634
   46  1    9.026837    1.000000    0.000000    0.000000   -0.999808    1.000000    0.000000    0.000000   -0.999808
   47  1    9.315947    1.000000    0.000000    0.000000    0.999959    1.000000    0.000000    0.000000    0.999959
   48  1    9.319319    1.000000    0.000000    0.000000   -0.999959    1.000000    0.000000    0.000000   -0.999959
   49  1    9.778043    1.000000    0.000000    0.000000    1.000000    1.000000    0.000000    0.000000    1.000000
   50  1    9.805930    1.000000    0.000000    0.000000   -0.999999    1.000000    0.000000    0.000000   -0.999999
   51  1    9.834898    1.000000    0.000000    0.000000    1.000000    1.000000    0.000000    0.000000    1.000000
   52  2   10.188979    2.000000    0.000000    0.000000   -0.000001   -2.000000    0.000000    0.000000    0.000001
   54  1   11.152950    1.000000    0.000000    0.000000   -0.999999    1.000000    0.000000    0.000000   -0.999999
   55  1   11.179160    1.000000    0.000000    0.000000    0.999998    1.000000    0.000000    0.000000    0.999998
   56  1   11.204231    1.000000    0.000000    0.000000   -0.999999    1.000000    0.000000    0.000000   -0.999999
   57  2   11.801921    2.000000    0.000000    0.000000   -0.000049   -2.000000    0.000000    0.000000    0.000049
   59  2   11.811669    2.000000    0.000000    0.000000    0.000000    2.000000    0.000000    0.000000    0.000000
   61  1   12.846511    1.000000    0.000000    0.000000    1.000000    1.000000    0.000000    0.000000    1.000000
   62  1   13.065603    1.000000    0.000000    0.000000   -1.000000    1.000000    0.000000    0.000000   -1.000000
   63  1   14.428312    1.000000    0.000000    0.000000   -0.999997   -1.000000    0.000000    0.000000    0.999997
   64  1   14.488696    1.000000    0.000000    0.000000    0.999995   -1.000000    0.000000    0.000000   -0.999995
   65  1   14.568575    1.000000    0.000000    0.000000   -0.999998   -1.000000    0.000000    0.000000    0.999998
   66  1   14.972774    1.000000    0.000000    0.000000    0.999996   -1.000000    0.000000    0.000000   -0.999996
   67  1   15.030801    1.000000    0.000000    0.000000   -0.999993   -1.000000    0.000000    0.000000    0.999993
   68  1   15.079270    1.000000    0.000000    0.000000    0.999997   -1.000000    0.000000    0.000000   -0.999996
   69  1   16.260513    1.000000    0.000000    0.000000    0.999960    1.000000    0.000000    0.000000    0.999960
   70  1   16.289366    1.000000    0.000000    0.000000   -0.999925    1.000000    0.000000    0.000000   -0.999925
   71  1   16.320738    1.000000    0.000000    0.000000    0.999965    1.000000    0.000000    0.000000    0.999965
   72  1   17.064757    1.000000    0.000000    0.000000   -0.999941    1.000000    0.000000    0.000000   -0.999941
   73  1   17.083724    1.000000    0.000000    0.000000    0.999872    1.000000    0.000000    0.000000    0.999872
   74  1   17.101096    1.000000    0.000000    0.000000   -0.999930    1.000000    0.000000    0.000000   -0.999930
   75  1   18.923590    1.000000    0.000000    0.000000   -0.999934   -1.000000    0.000000    0.000000    0.999934
   76  1   18.980373    1.000000    0.000000    0.000000    0.999893   -1.000000    0.000000    0.000000   -0.999893
   77  1   19.051432    1.000000    0.000000    0.000000   -0.999958   -1.000000    0.000000    0.000000    0.999958
   78  1   19.455333    1.000000    0.000000    0.000000    0.999889   -1.000000    0.000000    0.000000   -0.999889
   79  1   19.504347    1.000000    0.000000    0.000000   -0.999742   -1.000000    0.000000    0.000000    0.999743
   80  1   19.546369    1.000000    0.000000    0.000000    0.999851   -1.000000    0.000000    0.000000   -0.999851
   81  1   20.390232    1.000000    0.000000    0.000000   -1.000000   -1.000000    0.000000    0.000000    1.000000
   82  1   20.841281    1.000000    0.000000    0.000000    1.000000   -1.000000    0.000000    0.000000   -1.000000
   83  1   23.115936    1.000000    0.000000    0.000000   -0.963657    1.000000    0.000000    0.000000   -0.963657
   84  1   23.117116    1.000000    0.000000    0.000000    0.963656    1.000000    0.000000    0.000000    0.963656
  2
    1    3
    1  1  -44.848398    1.000000    0.000000    1.000000    0.000000
    2  1  -44.397348    1.000000    0.000000    1.000000    0.000000
    3  1  -43.836045    1.000000    0.000000    1.000000    0.000000
    4  1  -43.752747    1.000000    0.000000   -1.000000    0.000000
    5  1  -43.635527    1.000000    0.000000    1.000000    0.000000
    6  1  -43.390488    1.000000    0.000000   -1.000000    0.000000
    7  1  -43.378045    1.000000    0.000000    1.000000    0.000000
    8  1  -42.544928    1.000000    0.000000    1.000000    0.000000
    9  1  -42.521840    1.000000    0.000000   -1.000000    0.000000
   10  1  -41.620464    1.000000    0.000000    1.000000    0.000000
   11  1  -41.606530    1.000000    0.000000    1.000000    0.000000
   12  1  -41.579711    1.000000    0.000000   -1.000000    0.000000
   13  1  -41.221878    1.000000    0.000000   -1.000000    0.000000
   14  1  -41.214750    1.000000    0.000000    1.000000    0.000000
   15  1  -41.144199    1.000000    0.000000    1.000000    0.000000
   16  1  -40.915680    1.000000    0.000000   -1.000000    0.000000
   17  1  -40.906331    1.000000    0.000000    1.000000    0.000000
   18  1  -40.745103    1.000000    0.000000    1.000000    0.000000
   19  1  -14.382898    1.000000    0.000000   -1.000000    0.000000
   20  2  -14.380814    2.000000    0.000000   -2.000000    0.000000
   22  1  -14.378805    1.000000    0.000000   -1.000000    0.000000
   23  2  -13.809420    2.000000    0.000000   -2.000000    0.000000
   25  1  -13.797200    1.000000    0.000000   -1.000000    0.000000
   26  1  -13.794419    1.000000    0.000000   -1.000000    0.000000
   27  1  -13.793374    1.000000    0.000000   -1.000000    0.000000
   28  1  -13.790681    1.000000    0.000000   -1.000000    0.000000
   29  1    0.916384    1.000000    0.000000   -1.000000    0.000000
   30  1    0.985897    1.000000    0.000000   -1.000000    0.000000
   31  1    4.007574    1.000000    0.000000    1.000000    0.000000
   32  1    4.179291    1.000000    0.000000    1.000000    0.000000
   33  1    6.068152    1.000000    0.000000   -1.000000    0.000000
   34  1    6.343925    1.000000    0.000000   -1.000000    0.000000
   35  1    6.966121    1.000000    0.000000   -1.000000    0.000000
   36  1    7.223011    1.000000    0.000000   -1.000000    0.000000
   37  1    7.248489    1.000000    0.000000   -1.000000    0.000000
   38  1    7.264086    1.000000    0.000000   -1.000000    0.000000
   39  1    7.445336    1.000000    0.000000    1.000000    0.000000
   40  1    7.491167    1.000000    0.000000    1.000000    0.000000
   41  1    7.617655    1.000000    0.000000    1.000000    0.000000
   42  1    7.661998    1.000000    0.000000    1.000000    0.000000
   43  1    7.815628    1.000000    0.000000   -1.000000    0.000000
   44  1    7.839117    1.000000    0.000000    1.000000    0.000000
   45  1    8.683327    1.000000    0.000000   -1.000000    0.000000
   46  1    8.925633    1.000000    0.000000   -1.000000    0.000000
   47  1    8.936314    1.000000    0.000000   -1.000000    0.000000
   48  1    9.055890    1.000000    0.000000    1.000000    0.000000
   49  1    9.063955    1.000000    0.000000    1.000000    0.000000
   50  1    9.118210    1.000000    0.000000    1.000000    0.000000
   51  1    9.440192    1.000000    0.000000   -1.000000    0.000000
   52  1    9.651688    1.000000    0.000000    1.000000    0.000000
   53  1    9.988438    1.000000    0.000000   -1.000000    0.000000
   54  1    9.999841    1.000000    0.000000   -1.000000    0.000000
   55  1   10.074446    1.000000    0.000000    1.000000    0.000000
   56  1   10.121047    1.000000    0.000000    1.000000    0.000000
   57  1   10.150854    1.000000    0.000000   -1.000000    0.000000
   58  1   10.485751    1.000000    0.000000   -1.000000    0.000000
   59  1   10.637455    1.000000    0.000000    1.000000    0.000000
   60  1   11.008686    1.000000    0.000000    1.000000    0.000000
   61  1   11.387526    1.000000    0.000000   -1.000000    0.000000
   62  1   11.476740    1.000000    0.000000   -1.000000    0.000000
   63  1   11.751799    1.000000    0.000000   -1.000000    0.000000
   64  1   11.830949    1.000000    0.000000   -1.000000    0.000000
   65  1   11.834420    1.000000    0.000000   -1.000000    0.000000
   66  1   12.098440    1.000000    0.000000    1.000000    0.000000
   67  1   13.949321    1.000000    0.000000   -1.000000    0.000000
   68  1   14.951507    1.000000    0.000000   -1.000000    0.000000
   69  1   15.436527    1.000000    0.000000   -1.000000    0.000000
   70  1   16.525120    1.000000    0.000000   -1.000000    0.000000
   71  1   22.304443    1.000000    0.000000    1.000000    0.000000
   72  1   22.423550    1.000000    0.000000    1.000000    0.000000
   73  1   22.589268    1.000000    0.000000    1.000000    0.000000
   74  1   22.715671    1.000000    0.000000    1.000000    0.000000
   75  1   22.752957    1.000000    0.000000    1.000000    0.000000
   76  1   22.776435    1.000000    0.000000    1.000000    0.000000
   77  1   23.611089    1.000000    0.000000   -1.000000    0.000000
   78  1   23.945303    1.000000    0.000000   -1.000000    0.000000
   79  1   24.095550    1.000000    0.000000   -1.000000    0.000000
   80  1   24.167097    1.000000    0.000000   -1.000000    0.000000
   81  1   24.379225    1.000000    0.000000   -1.000000    0.000000
   82  1   24.447325    1.000000    0.000000   -1.000000    0.000000
   83  1   26.389290    1.000000    0.000000   -0.999742    0.000000
   84  1   26.831397    1.000000    0.000000   -0.993291    0.000000
  2
    1    3
    1  1  -44.850024    1.000000    0.000000   -1.000000    0.000000
    2  1  -44.397220    1.000000    0.000000   -1.000000    0.000000
    3  1  -43.770526    1.000000    0.000000   -1.000000    0.000000
    4  1  -43.763155    1.000000    0.000000    1.000000    0.000000
    5  1  -43.689882    1.000000    0.000000   -1.000000    0.000000
    6  1  -43.390445    1.000000    0.000000    1.000000    0.000000
    7  1  -43.378104    1.000000    0.000000   -1.000000    0.000000
    8  1  -42.536818    1.000000    0.000000    1.000000    0.000000
    9  1  -42.527288    1.000000    0.000000   -1.000000    0.000000
   10  1  -41.666430    1.000000    0.000000   -1.000000    0.000000
   11  1  -41.589562    1.000000    0.000000    1.000000    0.000000
   12  1  -41.522002    1.000000    0.000000   -1.000000    0.000000
   13  1  -41.220147    1.000000    0.000000   -1.000000    0.000000
   14  1  -41.218848    1.000000    0.000000    1.000000    0.000000
   15  1  -41.149312    1.000000    0.000000   -1.000000    0.000000
   16  1  -40.941587    1.000000    0.000000   -1.000000    0.000000
   17  1  -40.933946    1.000000    0.000000    1.000000    0.000000
   18  1  -40.712373    1.000000    0.000000   -1.000000    0.000000
   19  2  -14.381720    2.000000    0.000000   -2.000000    0.000000
   21  2  -14.379586    2.000000    0.000000   -2.000000    0.000000
   23  2  -13.808918    2.000000    0.000000   -2.000000    0.000000
   25  1  -13.797509    1.000000    0.000000   -1.000000    0.000000
   26  1  -13.795018    1.000000    0.000000   -1.000000    0.000000
   27  1  -13.792658    1.000000    0.000000   -1.000000    0.000000
   28  1  -13.790042    1.000000    0.000000   -1.000000    0.000000
   29  1    0.521161    1.000000    0.000000   -1.000000    0.000000
   30  1    0.533421    1.000000    0.000000   -1.000000    0.000000
   31  1    3.475476    1.000000    0.000000    1.000000    0.000000
   32  1    3.648148    1.000000    0.000000    1.000000    0.000000
   33  1    5.782531    1.000000    0.000000    1.000000    0.000000
   34  1    5.796804    1.000000    0.000000    1.000000    0.000000
   35  1    6.727795    1.000000    0.000000    1.000000    0.000000
   36  1    6.766267    1.000000    0.000000    1.000000    0.000000
   37  1    7.096306    1.000000    0.000000    1.000000    0.000000
   38  1    7.107505    1.000000    0.000000    1.000000    0.000000
   39  1    7.159453    1.000000    0.000000    1.000000    0.000000
   40  1    8.084146    1.000000    0.000000   -1.000000    0.000000
   41  1    8.128975    1.000000    0.000000   -1.000000    0.000000
   42  1    8.626298    1.000000    0.000000    1.000000    0.000000
   43  1    8.703261    1.000000    0.000000    1.000000    0.000000
   44  1    8.707631    1.000000    0.000000    1.000000    0.000000
   45  1    8.813509    1.000000    0.000000   -1.000000    0.000000
   46  1    8.842646    1.000000    0.000000   -1.000000    0.000000
   47  1    8.960849    1.000000    0.000000   -1.000000    0.000000
   48  1    9.107782    1.000000    0.000000   -1.000000    0.000000
   49  1    9.133449    1.000000    0.000000   -1.000000    0.000000
   50  1    9.230008    1.000000    0.000000    1.000000    0.000000
   51  1    9.239745    1.000000    0.000000    1.000000    0.000000
   52  1    9.693402    1.000000    0.000000    1.000000    0.000000
   53  1    9.711052    1.000000    0.000000    1.000000    0.000000
   54  1    9.924129    1.000000    0.000000   -1.000000    0.000000
   55  1    9.949687    1.000000    0.000000    1.000000    0.000000
   56  1   10.085773    1.000000    0.000000   -1.000000    0.000000
   57  1   10.118027    1.000000    0.000000   -1.000000    0.000000
   58  1   11.478602    1.000000    0.000000    1.000000    0.000000
   59  1   11.497146    1.000000    0.000000    1.000000    0.000000
   60  1   11.677704    1.000000    0.000000    1.000000    0.000000
   61  1   11.694859    1.000000    0.000000    1.000000    0.000000
   62  1   11.777151    1.000000    0.000000    1.000000    0.000000
   63  1   13.893678    1.000000    0.000000   -1.000000    0.000000
   64  1   13.900414    1.000000    0.000000    1.000000    0.000000
   65  1   13.936877    1.000000    0.000000    1.000000    0.000000
   66  1   14.373513    1.000000    0.000000   -1.000000    0.000000
   67  1   15.012846    1.000000    0.000000    1.000000    0.000000
   68  1   15.025794    1.000000    0.000000    1.000000    0.000000
   69  1   15.282214    1.000000    0.000000   -1.000000    0.000000
   70  1   15.325133    1.000000    0.000000   -1.000000    0.000000
   71  1   15.914808    1.000000    0.000000   -1.000000    0.000000
   72  1   15.944911    1.000000    0.000000   -1.000000    0.000000
   73  1   18.283222    1.000000    0.000000    1.000000    0.000000
   74  1   19.056280    1.000000    0.000000    1.000000    0.000000
   75  1   23.110553    1.000000    0.000000   -1.000000    0.000000
   76  1   23.155711    1.000000    0.000000   -1.000000    0.000000
   77  1   23.211947    1.000000    0.000000    1.000000    0.000000
   78  1   23.366619    1.000000    0.000000   -1.000000    0.000000
   79  1   23.409350    1.000000    0.000000   -1.000000    0.000000
   80  1   23.542166    1.000000    0.000000    1.000000    0.000000
   81  1   23.985010    1.000000    0.000000    1.000000    0.000000
   82  1   24.061228    1.000000    0.000000    0.999998    0.000000
   83  1   24.418721    1.000000    0.000000   -0.997412    0.000000
   84  1   24.424905    1.000000    0.000000    0.998037    0.000000
  4
    1    2    3    4
    1  1  -44.846789    1.000000    0.000000    0.000000    1.000000    1.000000    0.000000    0.000000    1.000000
    2  1  -44.399759    1.000000    0.000000    0.000000   -1.000000    1.000000    0.000000    0.000000   -1.000000
    3  1  -43.831266    1.000000    0.000000    0.000000    1.000000    1.000000    0.000000    0.000000    1.000000
    4  1  -43.763272    1.000000    0.000000    0.000000   -1.000000   -1.000000    0.000000    0.000000    1.000000
    5  1  -43.620435    1.000000    0.000000    0.000000    1.000000    1.000000    0.000000    0.000000    1.000000
    6  1  -43.390202    1.000000    0.000000    0.000000    1.000000   -1.000000    0.000000    0.000000   -1.000000
    7  1  -43.380414    1.000000    0.000000    0.000000   -1.000000    1.000000    0.000000    0.000000   -1.000000
    8  1  -42.537025    1.000000    0.000000    0.000000   -1.000000   -1.000000    0.000000    0.000000    1.000000
    9  1  -42.532696    1.000000    0.000000    0.000000    1.000000    1.000000    0.000000    0.000000    1.000000
   10  1  -41.628325    1.000000    0.000000    0.000000   -1.000000    1.000000    0.000000    0.000000   -1.000000
   11  1  -41.589653    1.000000    0.000000    0.000000    1.000000   -1.000000    0.000000    0.000000   -1.000000
   12  1  -41.570290    1.000000    0.000000    0.000000   -1.000000    1.000000    0.000000    0.000000   -1.000000
   13  1  -41.304475    1.000000    0.000000    0.000000    1.000000    1.000000    0.000000    0.000000    1.000000
   14  1  -41.218405    1.000000    0.000000    0.000000   -1.000000   -1.000000    0.000000    0.000000    1.000000
   15  1  -41.040177    1.000000    0.000000    0.000000    1.000000    1.000000    0.000000    0.000000    1.000000
   16  1  -40.934217    1.000000    0.000000    0.000000    1.000000   -1.000000    0.000000    0.000000   -1.000000
   17  1  -40.917091    1.000000    0.000000    0.000000   -1.000000    1.000000    0.000000    0.000000   -1.000000
   18  1  -40.753178    1.000000    0.000000    0.000000   -1.000000    1.000000    0.000000    0.000000   -1.000000
   19  2  -14.381703    2.000000    0.000000    0.000000    0.000261    2.000000    0.000000    0.000000    0.000261
   21  2  -14.379617    2.000000    0.000000    0.000000   -0.000281    2.000000    0.000000    0.000000   -0.000281
   23  2  -13.808938    2.000000    0.000000    0.000000   -0.000010    2.000000    0.000000    0.000000   -0.000010
   25  2  -13.796799    2.000000    0.000000    0.000000    0.000037    2.000000    0.000000    0.000000    0.000037
   27  2  -13.791079    2.000000    0.000000    0.000000   -0.000048    2.000000    0.000000    0.000000   -0.000048
   29  1    0.521147    1.000000    0.000000    0.000000   -0.999899    1.000000    0.000000    0.000000   -0.999899
   30  1    0.533461    1.000000    0.000000    0.000000    0.999898    1.000000    0.000000    0.000000    0.999898
   31  1    3.475373    1.000000    0.000000    0.000000   -0.999999   -1.000000    0.000000    0.000000    0.999999
   32  1    3.648205    1.000000    0.000000    0.000000    0.999999   -1.000000    0.000000    0.000000   -0.999999
   33  2    5.789178    2.000000    0.000000    0.000000    0.000000   -2.000000    0.000000    0.000000    0.000000
   35  2    6.746775    2.000000    0.000000    0.000000   -0.000000   -2.000000    0.000000    0.000000    0.000000
   37  2    7.101550    2.000000    0.000000    0.000000   -0.000011   -2.000000    0.000000    0.000000    0.000011
   39  1    7.159711    1.000000    0.000000    0.000000   -0.999991   -1.000000    0.000000    0.000000    0.999992
   40  2    8.105914    2.000000    0.000000    0.000000   -0.000010    2.000000    0.000000    0.000000   -0.000010
   42  1    8.627032    1.000000    0.000000    0.000000    0.999996   -1.000000    0.000000    0.000000   -0.999995
   43  1    8.704942    1.000000    0.000000    0.000000   -0.999771   -1.000000    0.000000    0.000000    0.999771
   44  1    8.706140    1.000000    0.000000    0.000000    0.999776   -1.000000    0.000000    0.000000   -0.999776
   45  1    8.818839    1.000000    0.000000    0.000000    0.999989    1.000000    0.000000    0.000000    0.999989
   46  1    8.831115    1.000000    0.000000    0.000000   -0.999988    1.000000    0.000000    0.000000   -0.999988
   47  1    8.971041    1.000000    0.000000    0.000000    1.000000    1.000000    0.000000    0.000000    1.000000
   48  2    9.119578    2.000000    0.000000    0.000000   -0.000077    2.000000    0.000000    0.000000   -0.000077
   50  2    9.234938    2.000000    0.000000    0.000000    0.000000   -2.000000    0.000000    0.000000    0.000000
   52  1    9.698774    1.000000    0.000000    0.000000   -0.999976   -1.000000    0.000000    0.000000    0.999976
   53  1    9.701851    1.000000    0.000000    0.000000    0.999976   -1.000000    0.000000    0.000000   -0.999976
   54  1    9.918040    1.000000    0.000000    0.000000   -1.000000    1.000000    0.000000    0.000000   -1.000000
   55  1    9.951705    1.000000    0.000000    0.000000   -1.000000   -1.000000    0.000000    0.000000    1.000000
   56  1   10.100988    1.000000    0.000000    0.000000    0.999875    1.000000    0.000000    0.000000    0.999875
   57  1   10.107610    1.000000    0.000000    0.000000   -0.999880    1.000000    0.000000    0.000000   -0.999880
   58  2   11.490359    2.000000    0.000000    0.000000   -0.000001   -2.000000    0.000000    0.000000    0.000001
   60  1   11.676045    1.000000    0.000000    0.000000    0.999998   -1.000000    0.000000    0.000000   -0.999998
   61  1   11.685334    1.000000    0.000000    0.000000   -0.999998   -1.000000    0.000000    0.000000    0.999998
   62  1   11.783202    1.000000    0.000000    0.000000    1.000000   -1.000000    0.000000    0.000000   -1.000000
   63  1   13.893750    1.000000    0.000000    0.000000    1.000000    1.000000    0.000000    0.000000    1.000000
   64  2   13.918456    2.000000    0.000000    0.000000   -0.000001   -2.000000    0.000000    0.000000    0.000001
   66  1   14.373489    1.000000    0.000000    0.000000   -1.000000    1.000000    0.000000    0.000000   -1.000000
   67  2   15.019396    2.000000    0.000000    0.000000   -0.000121   -2.000000    0.000000    0.000000    0.000121
   69  2   15.302941    2.000000    0.000000    0.000000    0.000015    2.000000    0.000000    0.000000    0.000015
   71  2   15.930068    2.000000    0.000000    0.000000    0.000020    2.000000    0.000000    0.000000    0.000020
   73  1   18.283229    1.000000    0.000000    0.000000   -1.000000   -1.000000    0.000000    0.000000    1.000000
   74  1   19.056365    1.000000    0.000000    0.000000    1.000000   -1.000000    0.000000    0.000000   -1.000000
   75  2   23.131033    2.000000    0.000000    0.000000    0.000028    2.000000    0.000000    0.000000    0.000028
   77  1   23.210621    1.000000    0.000000    0.000000   -1.000000   -1.000000    0.000000    0.000000    1.000000
   78  2   23.389769    2.000000    0.000000    0.000000    0.000001    2.000000    0.000000    0.000000    0.000001
   80  1   23.545397    1.000000    0.000000    0.000000    1.000000   -1.000000    0.000000    0.000000   -1.000000
   81  1   24.016782    1.000000    0.000000    0.000000   -0.997939   -1.000000    0.000000    0.000000    0.997939
   82  1   24.019422    1.000000    0.000000    0.000000    0.997951   -1.000000    0.000000    0.000000   -0.997950
   83  1   24.418834    1.000000    0.000000    0.000000    0.990410    0.989823    0.000000    0.000000    0.999339
   84  1   24.469807    1.000000    0.000000    0.000000    0.876823   -0.999996    0.000000    0.000000   -0.876827
  4
    1    2    3    4
    1  1  -44.846789    1.000000    0.000000    0.000000    1.000000    1.000000    0.000000    0.000000    1.000000
    2  1  -44.399760    1.000000    0.000000    0.000000   -1.000000    1.000000    0.000000    0.000000   -1.000000
    3  1  -43.831267    1.000000    0.000000    0.000000    1.000000    1.000000    0.000000    0.000000    1.000000
    4  1  -43.763272    1.000000    0.000000    0.000000   -1.000000   -1.000000    0.000000    0.000000    1.000000
    5  1  -43.620435    1.000000    0.000000    0.000000    1.000000    1.000000    0.000000    0.000000    1.000000
    6  1  -43.390201    1.000000    0.000000    0.000000    1.000000   -1.000000    0.000000    0.000000   -1.000000
    7  1  -43.380415    1.000000    0.000000    0.000000   -1.000000    1.000000    0.000000    0.000000   -1.000000
    8  1  -42.537024    1.000000    0.000000    0.000000   -1.000000   -1.000000    0.000000    0.000000    1.000000
    9  1  -42.532697    1.000000    0.000000    0.000000    1.000000    1.000000    0.000000    0.000000    1.000000
   10  1  -41.628320    1.000000    0.000000    0.000000   -1.000000    1.000000    0.000000    0.000000   -1.000000
   11  1  -41.589653    1.000000    0.000000    0.000000    1.000000   -1.000000    0.000000    0.000000   -1.000000
   12  1  -41.570295    1.000000    0.000000    0.000000   -1.000000    1.000000    0.000000    0.000000   -1.000000
   13  1  -41.304472    1.000000    0.000000    0.000000    1.000000    1.000000    0.000000    0.000000    1.000000
   14  1  -41.218406    1.000000    0.000000    0.000000   -1.000000   -1.000000    0.000000    0.000000    1.000000
   15  1  -41.040178    1.000000    0.000000    0.000000    1.000000    1.000000    0.000000    0.000000    1.000000
   16  1  -40.934217    1.000000    0.000000    0.000000    1.000000   -1.000000    0.000000    0.000000   -1.000000
   17  1  -40.917091    1.000000    0.000000    0.000000   -1.000000    1.000000    0.000000    0.000000   -1.000000
   18  1  -40.753176    1.000000    0.000000    0.000000   -1.000000    1.000000    0.000000    0.000000   -1.000000
   19  2  -14.381704    2.000000    0.000000    0.000000    0.000279    2.000000    0.000000    0.000000    0.000279
   21  2  -14.379617    2.000000    0.000000    0.000000   -0.000298    2.000000    0.000000    0.000000   -0.000298
   23  2  -13.808937    2.000000    0.000000    0.000000   -0.000007    2.000000    0.000000    0.000000   -0.000007
   25  2  -13.796809    2.000000    0.000000    0.000000    0.000028    2.000000    0.000000    0.000000    0.000028
   27  2  -13.791065    2.000000    0.000000    0.000000   -0.000034    2.000000    0.000000    0.000000   -0.000034
   29  1    0.521343    1.000000    0.000000    0.000000   -0.999992    1.000000    0.000000    0.000000   -0.999992
   30  1    0.533264    1.000000    0.000000    0.000000    0.999992    1.000000    0.000000    0.000000    0.999992
   31  1    3.475956    1.000000    0.000000    0.000000   -0.999998   -1.000000    0.000000    0.000000    0.999999
   32  1    3.647625    1.000000    0.000000    0.000000    0.999999   -1.000000    0.000000    0.000000   -0.999998
   33  2    5.789401    2.000000    0.000000    0.000000    0.000081   -2.000000    0.000000    0.000000   -0.000081
   35  2    6.746823    2.000000    0.000000    0.000000    0.000199   -2.000000    0.000000    0.000000   -0.000198
   37  2    7.101411    2.000000    0.000000    0.000000   -0.000126   -2.000000    0.000000    0.000000    0.000126
   39  1    7.159630    1.000000    0.000000    0.000000   -1.000000   -1.000000    0.000000    0.000000    1.000000
   40  2    8.105779    2.000000    0.000000    0.000000    0.000001    2.000000    0.000000    0.000000    0.000001
   42  1    8.627121    1.000000    0.000000    0.000000    1.000000   -1.000000    0.000000    0.000000   -1.000000
   43  1    8.704882    1.000000    0.000000    0.000000   -0.968774   -1.000000    0.000000    0.000000    0.968774
   44  1    8.706270    1.000000    0.000000    0.000000    0.968869   -1.000000    0.000000    0.000000   -0.968869
   45  1    8.818922    1.000000    0.000000    0.000000    0.999998    1.000000    0.000000    0.000000    0.999998
   46  1    8.831065    1.000000    0.000000    0.000000   -0.999998    1.000000    0.000000    0.000000   -0.999998
   47  1    8.970938    1.000000    0.000000    0.000000    1.000000    1.000000    0.000000    0.000000    1.000000
   48  2    9.119585    2.000000    0.000000    0.000000   -0.000001    2.000000    0.000000    0.000000   -0.000001
   50  2    9.234923    2.000000    0.000000    0.000000    0.000001   -2.000000    0.000000    0.000000   -0.000001
   52  1    9.698737    1.000000    0.000000    0.000000   -0.999538   -1.000000    0.000000    0.000000    0.999538
   53  1    9.701757    1.000000    0.000000    0.000000    0.999539   -1.000000    0.000000    0.000000   -0.999538
   54  1    9.918170    1.000000    0.000000    0.000000   -1.000000    1.000000    0.000000    0.000000   -1.000000
   55  1    9.951734    1.000000    0.000000    0.000000   -1.000000   -1.000000    0.000000    0.000000    1.000000
   56  1   10.101072    1.000000    0.000000    0.000000    0.999994    1.000000    0.000000    0.000000    0.999994
   57  1   10.107538    1.000000    0.000000    0.000000   -0.999994    1.000000    0.000000    0.000000   -0.999994
   58  2   11.490448    2.000000    0.000000    0.000000   -0.000019   -2.000000    0.000000    0.000000    0.000019
   60  1   11.676022    1.000000    0.000000    0.000000    0.999996   -1.000000    0.000000    0.000000   -0.999996
   61  1   11.685345    1.000000    0.000000    0.000000   -0.999996   -1.000000    0.000000    0.000000    0.999996
   62  1   11.783118    1.000000    0.000000    0.000000    1.000000   -1.000000    0.000000    0.000000   -1.000000
   63  1   13.893413    1.000000    0.000000    0.000000    1.000000    1.000000    0.000000    0.000000    1.000000
   64  2   13.918390    2.000000    0.000000    0.000000   -0.000044   -2.000000    0.000000    0.000000    0.000045
   66  1   14.373805    1.000000    0.000000    0.000000   -1.000000    1.000000    0.000000    0.000000   -1.000000
   67  2   15.019431    2.000000    0.000000    0.000000   -0.000081   -2.000000    0.000000    0.000000    0.000082
   69  2   15.302607    2.000000    0.000000    0.000000    0.000011    2.000000    0.000000    0.000000    0.000011
   71  2   15.930124    2.000000    0.000000    0.000000    0.000026    2.000000    0.000000    0.000000    0.000026
   73  1   18.282910    1.000000    0.000000    0.000000   -1.000000   -1.000000    0.000000    0.000000    1.000000
   74  1   19.056645    1.000000    0.000000    0.000000    1.000000   -1.000000    0.000000    0.000000   -1.000000
   75  1   23.131318    1.000000    0.000000    0.000000    0.811973    1.000000    0.000000    0.000000    0.811973
   76  1   23.132391    1.000000    0.000000    0.000000   -0.811918    1.000000    0.000000    0.000000   -0.811918
   77  1   23.210589    1.000000    0.000000    0.000000   -1.000000   -1.000000    0.000000    0.000000    1.000000
   78  1   23.388745    1.000000    0.000000    0.000000    0.944964    1.000000    0.000000    0.000000    0.944964
   79  1   23.389752    1.000000    0.000000    0.000000   -0.944952    1.000000    0.000000    0.000000   -0.944952
   80  1   23.545414    1.000000    0.000000    0.000000    1.000000   -1.000000    0.000000    0.000000   -1.000000
   81  1   24.016868    1.000000    0.000000    0.000000   -0.966911   -1.000000    0.000000    0.000000    0.966911
   82  1   24.019522    1.000000    0.000000    0.000000    0.967100   -1.000000    0.000000    0.000000   -0.967100
   83  1   24.418796    1.000000    0.000000    0.000000    0.998924    0.998371    0.000000    0.000000    0.999436
   84  1   24.469836    1.000000    0.000000    0.000000    0.317578   -0.999997    0.000000    0.000000   -0.317578
  2
    1    2
    1  1  -44.848388    1.000000    0.000000    0.000000    1.000000
    2  1  -44.397050    1.000000    0.000000    0.000000   -1.000000
    3  1  -43.831871    1.000000    0.000000    0.000000    1.000000
    4  1  -43.759756    1.000000    0.000000    0.000000   -1.000000
    5  1  -43.632594    1.000000    0.000000    0.000000    1.000000
    6  1  -43.391110    1.000000    0.000000    0.000000   -1.000000
    7  1  -43.377374    1.000000    0.000000    0.000000    1.000000
    8  1  -42.534356    1.000000    0.000000    0.000000   -1.000000
    9  1  -42.532886    1.000000    0.000000    0.000000    1.000000
   10  1  -41.609160    1.000000    0.000000    0.000000   -1.000000
   11  1  -41.599353    1.000000    0.000000    0.000000   -1.000000
   12  1  -41.597116    1.000000    0.000000    0.000000    1.000000
   13  1  -41.220889    1.000000    0.000000    0.000000    1.000000
   14  1  -41.216385    1.000000    0.000000    0.000000   -1.000000
   15  1  -41.145226    1.000000    0.000000    0.000000    1.000000
   16  1  -40.916632    1.000000    0.000000    0.000000   -1.000000
   17  1  -40.905091    1.000000    0.000000    0.000000    1.000000
   18  1  -40.745147    1.000000    0.000000    0.000000   -1.000000
   19  2  -14.382117    2.000000    0.000000    0.000000    0.000291
   21  2  -14.379585    2.000000    0.000000    0.000000   -0.000256
   23  2  -13.808788    2.000000    0.000000    0.000000   -0.000001
   25  2  -13.796303    2.000000    0.000000    0.000000    0.000112
   27  1  -13.792834    1.000000    0.000000    0.000000   -0.999339
   28  1  -13.791211    1.000000    0.000000    0.000000    0.999230
   29  1    1.018990    1.000000    0.000000    0.000000    0.999999
   30  1    1.074735    1.000000    0.000000    0.000000   -0.999999
   31  2    4.866121    2.000000    0.000000    0.000000   -0.000028
   33  2    5.168490    2.000000    0.000000    0.000000    0.000014
   35  1    5.916741    1.000000    0.000000    0.000000   -1.000000
   36  1    6.218292    1.000000    0.000000    0.000000    1.000000
   37  1    6.734088    1.000000    0.000000    0.000000   -1.000000
   38  1    7.323217    1.000000    0.000000    0.000000   -0.999999
   39  2    7.436368    2.000000    0.000000    0.000000   -0.000001
   41  1    7.907866    1.000000    0.000000    0.000000    1.000000
   42  1    8.364980    1.000000    0.000000    0.000000    0.999914
   43  2    8.373147    2.000000    0.000000    0.000000    0.000541
   45  1    8.766340    1.000000    0.000000    0.000000   -0.994732
   46  1    8.768447    1.000000    0.000000    0.000000    0.994741
   47  1    9.041382    1.000000    0.000000    0.000000    1.000000
   48  1    9.094137    1.000000    0.000000    0.000000    0.999998
   49  1    9.121863    1.000000    0.000000    0.000000   -0.999998
   50  1    9.284529    1.000000    0.000000    0.000000    1.000000
   51  1    9.570816    1.000000    0.000000    0.000000   -0.999999
   52  1    9.573499    1.000000    0.000000    0.000000    0.999999
   53  1    9.676256    1.000000    0.000000    0.000000   -0.999656
   54  1    9.681812    1.000000    0.000000    0.000000    0.999655
   55  1    9.885111    1.000000    0.000000    0.000000   -1.000000
   56  1   10.298392    1.000000    0.000000    0.000000   -1.000000
   57  1   10.568314    1.000000    0.000000    0.000000   -0.999998
   58  1   10.578458    1.000000    0.000000    0.000000    0.999985
   59  1   10.585786    1.000000    0.000000    0.000000   -0.999986
   60  1   11.278266    1.000000    0.000000    0.000000   -0.999999
   61  1   11.368131    1.000000    0.000000    0.000000    0.999997
   62  1   11.382227    1.000000    0.000000    0.000000   -0.999997
   63  1   11.422280    1.000000    0.000000    0.000000    1.000000
   64  2   12.044141    2.000000    0.000000    0.000000   -0.000010
   66  1   12.144875    1.000000    0.000000    0.000000    1.000000
   67  1   16.400565    1.000000    0.000000    0.000000    1.000000
   68  1   16.863801    1.000000    0.000000    0.000000   -1.000000
   69  1   17.266558    1.000000    0.000000    0.000000   -1.000000
   70  1   18.075906    1.000000    0.000000    0.000000    0.999999
   71  1   18.329295    1.000000    0.000000    0.000000   -0.999977
   72  1   18.333274    1.000000    0.000000    0.000000    0.999977
   73  2   18.955803    2.000000    0.000000    0.000000    0.000001
   75  2   23.039582    2.000000    0.000000    0.000000   -0.000003
   77  2   23.329403    2.000000    0.000000    0.000000   -0.000001
   79  1   24.542916    1.000000    0.000000    0.000000    1.000000
   80  1   24.717335    1.000000    0.000000    0.000000   -0.999069
   81  1   24.721829    1.000000    0.000000    0.000000    0.999173
   82  1   24.933834    1.000000    0.000000    0.000000   -0.999999
   83  1   26.429200    1.000000    0.000000    0.000000   -0.999999
   84  1   26.722968    1.000000    0.000000    0.000000    0.999999
  4
    1    2    3    4
    1  1  -44.847459    1.000000    0.000000    0.000000   -1.000000   -1.000000    0.000000    0.000000    1.000000
    2  1  -44.402918    1.000000    0.000000    0.000000    1.000000   -1.000000    0.000000    0.000000   -1.000000
    3  1  -43.802613    1.000000    0.000000    0.000000   -1.000000   -1.000000    0.000000    0.000000    1.000000
    4  1  -43.764754    1.000000    0.000000    0.000000    1.000000    1.000000    0.000000    0.000000    1.000000
    5  1  -43.651688    1.000000    0.000000    0.000000   -1.000000   -1.000000    0.000000    0.000000    1.000000
    6  1  -43.404219    1.000000    0.000000    0.000000    1.000000   -1.000000    0.000000    0.000000   -1.000000
    7  1  -43.366631    1.000000    0.000000    0.000000   -1.000000    1.000000    0.000000    0.000000   -1.000000
    8  1  -42.539858    1.000000    0.000000    0.000000    1.000000    1.000000    0.000000    0.000000    1.000000
    9  1  -42.526802    1.000000    0.000000    0.000000   -1.000000   -1.000000    0.000000    0.000000    1.000000
   10  1  -41.642744    1.000000    0.000000    0.000000    1.000000   -1.000000    0.000000    0.000000   -1.000000
   11  1  -41.587682    1.000000    0.000000    0.000000   -1.000000    1.000000    0.000000    0.000000   -1.000000
   12  1  -41.540985    1.000000    0.000000    0.000000    1.000000   -1.000000    0.000000    0.000000   -1.000000
   13  1  -41.339621    1.000000    0.000000    0.000000   -1.000000   -1.000000    0.000000    0.000000    1.000000
   14  1  -41.187086    1.000000    0.000000    0.000000    1.000000    1.000000    0.000000    0.000000    1.000000
   15  1  -41.035786    1.000000    0.000000    0.000000   -1.000000   -1.000000    0.000000    0.000000    1.000000
   16  1  -40.950465    1.000000    0.000000    0.000000    1.000000   -1.000000    0.000000    0.000000   -1.000000
   17  1  -40.936335    1.000000    0.000000    0.000000   -1.000000    1.000000    0.000000    0.000000   -1.000000
   18  1  -40.732368    1.000000    0.000000    0.000000    1.000000   -1.000000    0.000000    0.000000   -1.000000
   19  1  -14.382472    1.000000    0.000000    0.000000    0.998633    1.000000    0.000000    0.000000    0.998633
   20  2  -14.381312    2.000000    0.000000    0.000000   -1.997670    2.000000    0.000000    0.000000   -1.997670
   22  1  -14.378505    1.000000    0.000000    0.000000    0.999038    1.000000    0.000000    0.000000    0.999038
   23  1  -13.809535    1.000000    0.000000    0.000000   -0.997953    1.000000    0.000000    0.000000   -0.997953
   24  1  -13.808529    1.000000    0.000000    0.000000    0.997949    1.000000    0.000000    0.000000    0.997949
   25  1  -13.797376    1.000000    0.000000    0.000000   -0.999605    1.000000    0.000000    0.000000   -0.999605
   26  1  -13.794579    1.000000    0.000000    0.000000    0.999667    1.000000    0.000000    0.000000    0.999667
   27  1  -13.793132    1.000000    0.000000    0.000000    0.999542    1.000000    0.000000    0.000000    0.999542
   28  1  -13.790661    1.000000    0.000000    0.000000   -0.999603    1.000000    0.000000    0.000000   -0.999603
   29  1    0.916586    1.000000    0.000000    0.000000    0.999999    1.000000    0.000000    0.000000    0.999999
   30  1    0.985726    1.000000    0.000000    0.000000   -0.999999    1.000000    0.000000    0.000000   -0.999999
   31  1    4.007398    1.000000    0.000000    0.000000   -0.999999   -1.000000    0.000000    0.000000    1.000000
   32  1    4.179405    1.000000    0.000000    0.000000    1.000000   -1.000000    0.000000    0.000000   -0.999999
   33  1    6.069390    1.000000    0.000000    0.000000    1.000000    1.000000    0.000000    0.000000    1.000000
   34  1    6.343959    1.000000    0.000000    0.000000    1.000000    1.000000    0.000000    0.000000    1.000000
   35  1    6.965955    1.000000    0.000000    0.000000   -1.000000    1.000000    0.000000    0.000000   -1.000000
   36  1    7.221296    1.000000    0.000000    0.000000   -0.999998    1.000000    0.000000    0.000000   -0.999998
   37  2    7.255582    2.000000    0.000000    0.000000   -0.000029    2.000000    0.000000    0.000000   -0.000029
   39  2    7.464729    2.000000    0.000000    0.000000   -0.000089   -2.000000    0.000000    0.000000    0.000089
   41  2    7.643108    2.000000    0.000000    0.000000   -0.000065   -2.000000    0.000000    0.000000    0.000065
   43  1    7.816525    1.000000    0.000000    0.000000   -1.000000    1.000000    0.000000    0.000000   -1.000000
   44  1    7.838865    1.000000    0.000000    0.000000    0.999997   -1.000000    0.000000    0.000000   -0.999997
   45  1    8.686503    1.000000    0.000000    0.000000    1.000000    1.000000    0.000000    0.000000    1.000000
   46  1    8.928717    1.000000    0.000000    0.000000   -0.999402    1.000000    0.000000    0.000000   -0.999402
   47  1    8.931511    1.000000    0.000000    0.000000    0.999397    1.000000    0.000000    0.000000    0.999397
   48  1    9.055484    1.000000    0.000000    0.000000   -0.999994   -1.000000    0.000000    0.000000    0.999994
   49  1    9.077753    1.000000    0.000000    0.000000    0.999959   -1.000000    0.000000    0.000000   -0.999959
   50  1    9.102441    1.000000    0.000000    0.000000   -0.999960   -1.000000    0.000000    0.000000    0.999960
   51  1    9.437752    1.000000    0.000000    0.000000    1.000000    1.000000    0.000000    0.000000    1.000000
   52  1    9.654227    1.000000    0.000000    0.000000   -1.000000   -1.000000    0.000000    0.000000    1.000000
   53  1    9.991473    1.000000    0.000000    0.000000   -0.999982    1.000000    0.000000    0.000000   -0.999982
   54  1    9.996751    1.000000    0.000000    0.000000    0.999982    1.000000    0.000000    0.000000    0.999982
   55  2   10.097918    2.000000    0.000000    0.000000    0.000362   -2.000000    0.000000    0.000000   -0.000361
   57  1   10.152959    1.000000    0.000000    0.000000   -1.000000    1.000000    0.000000    0.000000   -1.000000
   58  1   10.486969    1.000000    0.000000    0.000000    1.000000    1.000000    0.000000    0.000000    1.000000
   59  1   10.636383    1.000000    0.000000    0.000000   -1.000000   -1.000000    0.000000    0.000000    1.000000
   60  1   11.008858    1.000000    0.000000    0.000000    1.000000   -1.000000    0.000000    0.000000   -1.000000
   61  1   11.386676    1.000000    0.000000    0.000000   -1.000000    1.000000    0.000000    0.000000   -1.000000
   62  1   11.475065    1.000000    0.000000    0.000000   -1.000000    1.000000    0.000000    0.000000   -1.000000
   63  1   11.748307    1.000000    0.000000    0.000000    1.000000    1.000000    0.000000    0.000000    1.000000
   64  1   11.833448    1.000000    0.000000    0.000000   -0.999985    1.000000    0.000000    0.000000   -0.999985
   65  1   11.836475    1.000000    0.000000    0.000000    0.999986    1.000000    0.000000    0.000000    0.999986
   66  1   12.098516    1.000000    0.000000    0.000000    1.000000   -1.000000    0.000000    0.000000   -1.000000
   67  1   13.949792    1.000000    0.000000    0.000000    1.000000    1.000000    0.000000    0.000000    1.000000
   68  1   14.951088    1.000000    0.000000    0.000000   -1.000000    1.000000    0.000000    0.000000   -1.000000
   69  1   15.436674    1.000000    0.000000    0.000000    1.000000    1.000000    0.000000    0.000000    1.000000
   70  1   16.525146    1.000000    0.000000    0.000000   -1.000000    1.000000    0.000000    0.000000   -1.000000
   71  1   22.349904    1.000000    0.000000    0.000000   -0.994496   -1.000000    0.000000    0.000000    0.994496
   72  1   22.354286    1.000000    0.000000    0.000000    0.994444   -1.000000    0.000000    0.000000   -0.994444
   73  1   22.651700    1.000000    0.000000    0.000000   -0.999851   -1.000000    0.000000    0.000000    0.999851
   74  1   22.672671    1.000000    0.000000    0.000000    0.999827   -1.000000    0.000000    0.000000   -0.999827
   75  1   22.754158    1.000000    0.000000    0.000000   -0.999938   -1.000000    0.000000    0.000000    0.999938
   76  1   22.779835    1.000000    0.000000    0.000000    0.999951   -1.000000    0.000000    0.000000   -0.999950
   77  1   23.610024    1.000000    0.000000    0.000000   -0.999996    1.000000    0.000000    0.000000   -0.999996
   78  1   23.946343    1.000000    0.000000    0.000000    0.999994    1.000000    0.000000    0.000000    0.999994
   79  2   24.127397    2.000000    0.000000    0.000000   -0.000187    2.000000    0.000000    0.000000   -0.000187
   81  2   24.416921    2.000000    0.000000    0.000000   -0.000042    2.000000    0.000000    0.000000   -0.000042
   83  1   26.390349    1.000000    0.000000    0.000000    0.999917    0.999548    0.000000    0.000000    0.999621
   84  1   26.830104    1.000000    0.000000    0.000000   -0.996178    0.992817    0.000000    0.000000   -0.996630
