   96  147
  1
  8
  1  0  0  0  1  0  0  0  1    0.000000    0.000000    0.000000    1.000000    0.000000    0.000000    0.000000    0.000000    0.000000    1.000000    0.000000  1
 -1  0  0  0  1  0  0  0 -1    0.000000    0.500000    0.500000    0.000000    0.000000    0.000000   -1.000000    0.000000   -1.000000    0.000000    0.000000  1
 -1  0  0  0 -1  0  0  0 -1    0.000000    0.000000    0.000000    1.000000    0.000000    0.000000    0.000000    0.000000    0.000000    1.000000    0.000000  1
  1  0  0  0 -1  0  0  0  1    0.000000    0.500000    0.500000    0.000000    0.000000    0.000000   -1.000000    0.000000   -1.000000    0.000000    0.000000  1
  1  0  0  0  1  0  0  0  1    0.500000    0.000000    0.000000    1.000000    0.000000    0.000000    0.000000    0.000000    0.000000    1.000000    0.000000 -1
 -1  0  0  0  1  0  0  0 -1    0.500000    0.500000    0.500000    0.000000    0.000000    0.000000   -1.000000    0.000000   -1.000000    0.000000    0.000000 -1
 -1  0  0  0 -1  0  0  0 -1    0.500000    0.000000    0.000000    1.000000    0.000000    0.000000    0.000000    0.000000    0.000000    1.000000    0.000000 -1
  1  0  0  0 -1  0  0  0  1    0.500000    0.500000    0.500000    0.000000    0.000000    0.000000   -1.000000    0.000000   -1.000000    0.000000    0.000000 -1
  8
    0.000000    0.000000    0.000000
    0.500000    0.000000    0.500000
    0.000000    0.000000    0.500000
    0.500000    0.500000    0.000000
    0.000000    0.500000    0.500000
    0.500000    0.500000    0.500000
    0.500000    0.000000    0.000000
    0.000000    0.500000    0.000000
  4
    1    2    3    4
    1  4  -44.655911    4.000000    0.000000    0.000000    0.000000   -4.000000    0.000000    0.000000   -0.000000
    5  4  -44.242967    4.000000    0.000000    0.000000    0.000000   -4.000000    0.000000    0.000000    0.000000
    9  4  -43.343406    4.000000    0.000000    0.000000    0.000000   -4.000000    0.000000    0.000000    0.000000
   13  4  -42.794425    4.000000    0.000000    0.000000   -0.000000   -4.000000    0.000000    0.000000    0.000001
   17  4  -42.679424    4.000000    0.000000    0.000000   -0.000000   -4.000000    0.000000    0.000000    0.000001
   21  4  -42.566754    4.000000    0.000000    0.000000   -0.000000   -4.000000    0.000000    0.000000    0.000000
   25  2   -3.404482    2.000000    0.000000    0.000000    0.000000    2.000000    0.000000    0.000000    0.000000
   27  2   -0.664126    2.000000    0.000000    0.000000    0.000000    2.000000    0.000000    0.000000    0.000000
   29  2   -0.442815    2.000000    0.000000    0.000000    0.000000   -2.000000    0.000000    0.000000    0.000000
   31  2    0.000208    2.000000    0.000000    0.000000    0.000000   -2.000000    0.000000    0.000000    0.000000
   33  2    0.195618    2.000000    0.000000    0.000000    0.000005   -2.000000    0.000000    0.000000   -0.000005
   35  2    0.200361    2.000000    0.000000    0.000000   -0.000005   -2.000000    0.000000    0.000000    0.000005
   37  2    1.401697    2.000000    0.000000    0.000000    0.000000    2.000000    0.000000    0.000000    0.000000
   39  2    1.424238    2.000000    0.000000    0.000000    0.000000    2.000000    0.000000    0.000000    0.000000
   41  1    3.258156    1.000000    0.000000    0.000000    1.000000    1.000000    0.000000    0.000000    1.000000
   42  1    3.259178    1.000000    0.000000    0.000000   -1.000000    1.000000    0.000000    0.000000   -1.000000
   43  2    3.846851    2.000000    0.000000    0.000000    0.000000    2.000000    0.000000    0.000000    0.000000
   45  2    3.939673    2.000000    0.000000    0.000000    0.000000    2.000000    0.000000    0.000000    0.000000
   47  2    4.330506    2.000000    0.000000    0.000000    0.000000    2.000000    0.000000    0.000000    0.000000
   49  2    5.498540    2.000000    0.000000    0.000000    0.000000   -2.000000    0.000000    0.000000    0.000000
   51  2    5.834159    2.000000    0.000000    0.000000    0.000000   -2.000000    0.000000    0.000000    0.000000
   53  2    5.906284    2.000000    0.000000    0.000000    0.000000   -2.000000    0.000000    0.000000    0.000000
   55  2    6.210807    2.000000    0.000000    0.000000    0.000000   -2.000000    0.000000    0.000000    0.000000
   57  1    6.284695    1.000000    0.000000    0.000000   -1.000000    1.000000    0.000000    0.000000   -1.000000
   58  1    6.286454    1.000000    0.000000    0.000000    1.000000    1.000000    0.000000    0.000000    1.000000
   59  2    6.381902    2.000000    0.000000    0.000000    0.000000    2.000000    0.000000    0.000000    0.000000
   61  2    6.480349    2.000000    0.000000    0.000000    0.000000    2.000000    0.000000    0.000000    0.000000
   63  2    6.893221    2.000000    0.000000    0.000000    0.000000   -2.000000    0.000000    0.000000    0.000000
   65  2    6.946258    2.000000    0.000000    0.000000    0.000000   -2.000000    0.000000    0.000000    0.000000
   67  2    7.092155    2.000000    0.000000    0.000000    0.000000    2.000000    0.000000    0.000000    0.000000
   69  2    7.608476    2.000000    0.000000    0.000000    0.000000    2.000000    0.000000    0.000000    0.000000
   71  2    7.730758    2.000000    0.000000    0.000000    0.000000    2.000000    0.000000    0.000000    0.000000
   73  2    7.800798    2.000000    0.000000    0.000000    0.000000    2.000000    0.000000    0.000000    0.000000
   75  2    7.939753    2.000000    0.000000    0.000000    0.000000    2.000000    0.000000    0.000000    0.000000
   77  2    7.982820    2.000000    0.000000    0.000000    0.000000    2.000000    0.000000    0.000000    0.000000
   79  2    8.062653    2.000000    0.000000    0.000000    0.000000    2.000000    0.000000    0.000000    0.000000
   81  2    8.092332    2.000000    0.000000    0.000000    0.000000    2.000000    0.000000    0.000000    0.000000
   83  2    8.126908    2.000000    0.000000    0.000000    0.000000    2.000000    0.000000    0.000000    0.000000
   85  2    8.557122    2.000000    0.000000    0.000000    0.000000    2.000000    0.000000    0.000000    0.000000
   87  2    8.619995    2.000000    0.000000    0.000000    0.000000   -2.000000    0.000000    0.000000    0.000000
   89  2    8.650843    2.000000    0.000000    0.000000    0.000000   -2.000000    0.000000    0.000000    0.000000
   91  2    8.726364    2.000000    0.000000    0.000000    0.000000    2.000000    0.000000    0.000000    0.000000
   93  2    8.777752    2.000000    0.000000    0.000000    0.000000    2.000000    0.000000    0.000000    0.000000
   95  2    8.893239    2.000000    0.000000    0.000000    0.000000    2.000000    0.000000    0.000000    0.000000
   97  2    9.357934    2.000000    0.000000    0.000000   -0.000000    2.000000    0.000000    0.000000   -0.000000
   99  2    9.383760    2.000000    0.000000    0.000000    0.000001    2.000000    0.000000    0.000000    0.000001
  101  2    9.764672    2.000000    0.000000    0.000000    0.000000    2.000000    0.000000    0.000000    0.000000
  103  2    9.813370    2.000000    0.000000    0.000000    0.000000    2.000000    0.000000    0.000000    0.000000
  105  2   10.209087    2.000000    0.000000    0.000000    0.000000    2.000000    0.000000    0.000000    0.000000
  107  2   11.045343    2.000000    0.000000    0.000000    0.000000    2.000000    0.000000    0.000000    0.000000
  109  2   11.099545    2.000000    0.000000    0.000000    0.000000    2.000000    0.000000    0.000000    0.000000
  111  2   11.313984    2.000000    0.000000    0.000000    0.000000   -2.000000    0.000000    0.000000    0.000000
  113  2   12.623022    2.000000    0.000000    0.000000    0.000000   -2.000000    0.000000    0.000000    0.000000
  115  2   13.257196    2.000000    0.000000    0.000000    0.000000    2.000000    0.000000    0.000000    0.000000
  117  2   13.470742    2.000000    0.000000    0.000000    0.000000    2.000000    0.000000    0.000000    0.000000
  119  2   13.491288    2.000000    0.000000    0.000000    0.000000   -2.000000    0.000000    0.000000    0.000000
  121  2   13.613025    2.000000    0.000000    0.000000    0.000000    2.000000    0.000000    0.000000    0.000000
  123  2   14.041833    2.000000    0.000000    0.000000    0.000000    2.000000    0.000000    0.000000    0.000000
  125  2   14.081598    2.000000    0.000000    0.000000    0.000000    2.000000    0.000000    0.000000    0.000000
  127  2   14.269948    2.000000    0.000000    0.000000    0.000000   -2.000000    0.000000    0.000000    0.000000
  129  2   15.014469    2.000000    0.000000    0.000000    0.000000   -2.000000    0.000000    0.000000    0.000000
  131  2   15.081740    2.000000    0.000000    0.000000    0.000000    2.000000    0.000000    0.000000    0.000000
  133  2   15.357674    2.000000    0.000000    0.000000   -0.000000    2.000000    0.000000    0.000000   -0.000000
  135  2   15.473242    2.000000    0.000000    0.000000    0.000001   -1.999998    0.000000    0.000000   -0.000001
  137  2   15.486419    2.000000    0.000000    0.000000   -0.000001   -1.999999    0.000000    0.000000    0.000001
  139  1   16.038298    1.000000    0.000000    0.000000    0.322516   -0.999907    0.000000    0.000000   -0.322529
  140  1   16.039429    1.000000    0.000000    0.000000   -0.457694   -0.996243    0.000000    0.000000    0.457190
  141  1   16.042068    1.000000    0.000000    0.000000    0.625227   -0.999941    0.000000    0.000000   -0.625237
  142  1   16.049732    1.000000    0.000000    0.000000   -0.470363   -0.853114    0.000000    0.000000    0.444537
  143  1   16.107992    1.000000    0.000000    0.000000    0.589745    0.999992    0.000000    0.000000    0.589749
  144  1   16.120316    1.000000    0.000000    0.000000   -0.473551    0.977584    0.000000    0.000000   -0.463694
  145  1   16.187165    1.000000    0.000000    0.000000   -0.509184    0.999998    0.000000    0.000000   -0.509183
  146  1   16.190301    1.000000    0.000000    0.000000    0.295051    0.999920    0.000000    0.000000    0.295085
  147  1   16.193593    1.000000    0.000000    0.000000    0.014233    0.999999    0.000000    0.000000    0.014233
  4
    1    2    3    4
    1  4  -44.655884    4.000000    0.000000    0.000000    0.000000    0.000000    0.000000    0.000000    0.000000
    5  4  -44.242967    4.000000    0.000000    0.000000   -0.000000    0.000000    0.000000    0.000001    0.000000
    9  4  -43.343385    4.000000    0.000000    0.000000    0.000000    0.000000    0.000000    0.000000    0.000000
   13  4  -42.794451    4.000000    0.000000    0.000000    0.000001    0.000000    0.000000   -0.000000    0.000000
   17  4  -42.679377    4.000000    0.000000    0.000000   -0.000000    0.000000    0.000000   -0.000000    0.000000
   21  4  -42.566797    4.000000    0.000000    0.000000   -0.000000    0.000000    0.000000    0.000000    0.000000
   25  2   -2.280253    2.000000    0.000000    0.000000    0.000000    0.000000    0.000000    0.000000    0.000000
   27  2   -2.278607    2.000000    0.000000    0.000000    0.000000    0.000000    0.000000    0.000000    0.000000
   29  2   -0.791528    2.000000    0.000000    0.000000    0.000000    0.000000    0.000000    0.000000    0.000000
   31  2   -0.775742    2.000000    0.000000    0.000000    0.000000    0.000000    0.000000   -0.000000    0.000000
   33  2    0.810599    2.000000    0.000000    0.000000    0.000000    0.000000    0.000000   -0.000000    0.000000
   35  2    0.830101    2.000000    0.000000    0.000000    0.000000    0.000000    0.000000    0.000000    0.000000
   37  2    0.859972    2.000000    0.000000    0.000000    0.000000    0.000000    0.000000    0.000000    0.000000
   39  2    0.864873    2.000000    0.000000    0.000000    0.000000    0.000000    0.000000    0.000000    0.000000
   41  2    4.292948    2.000000    0.000000    0.000000    0.000000    0.000000    0.000000    0.000000    0.000000
   43  2    4.330944    2.000000    0.000000    0.000000    0.000000    0.000000    0.000000    0.000000    0.000000
   45  2    5.384395    2.000000    0.000000    0.000000    0.000000    0.000000    0.000000   -0.000001    0.000000
   47  2    5.410361    2.000000    0.000000    0.000000   -0.000000    0.000000    0.000000   -0.000000    0.000000
   49  2    5.638481    2.000000    0.000000    0.000000    0.000000    0.000000    0.000000    0.000000    0.000000
   51  2    5.665574    2.000000    0.000000    0.000000   -0.000000    0.000000    0.000000    0.000000    0.000000
   53  2    5.848032    2.000000    0.000000    0.000000    0.000001    0.000000    0.000000    0.000001    0.000000
   55  2    5.964170    2.000000    0.000000    0.000000    0.000000    0.000000    0.000000    0.000000    0.000000
   57  2    6.382525    2.000000    0.000000    0.000000   -0.000000    0.000000    0.000000    0.000000    0.000000
   59  2    6.568793    2.000000    0.000000    0.000000   -0.000001    0.000000    0.000000   -0.000002    0.000000
   61  2    6.630684    2.000000    0.000000    0.000000    0.000001    0.000000    0.000000   -0.000002    0.000000
   63  2    6.814710    2.000000    0.000000    0.000000    0.000000    0.000000    0.000000    0.000000    0.000000
   65  2    6.889797    2.000000    0.000000    0.000000   -0.000000    0.000000    0.000000    0.000000    0.000000
   67  2    7.109331    2.000000    0.000000    0.000000    0.000000    0.000000    0.000000    0.000000    0.000000
   69  2    7.347185    2.000000    0.000000    0.000000   -0.000000    0.000000    0.000000    0.000000    0.000000
   71  2    7.739998    2.000000    0.000000    0.000000    0.000000    0.000000    0.000000    0.000001    0.000000
   73  2    7.768371    2.000000    0.000000    0.000000   -0.000000    0.000000    0.000000   -0.000001    0.000000
   75  2    7.924614    2.000000    0.000000    0.000000   -0.000000    0.000000    0.000000    0.000000    0.000000
   77  2    7.992993    2.000000    0.000000    0.000000    0.000071    0.000025    0.000000    0.000067    0.000000
   79  2    7.996756    2.000000    0.000000    0.000000   -0.000017   -0.000006    0.000000    0.000000    0.000000
   81  2    8.153049    2.000000    0.000000    0.000000    0.000000    0.000000    0.000000    0.000000    0.000000
   83  2    8.341479    2.000000    0.000000    0.000000   -0.000000    0.000000    0.000000    0.000000    0.000000
   85  2    8.447545    2.000000    0.000000    0.000000    0.000000   -0.000000    0.000000    0.000001    0.000000
   87  2    8.527327    2.000000    0.000000    0.000000    0.000001    0.000000    0.000000    0.000000    0.000000
   89  2    8.683885    2.000000    0.000000    0.000000   -0.000000    0.000000    0.000000    0.000000    0.000000
   91  2    8.829649    2.000000    0.000000    0.000000   -0.000000    0.000000    0.000000   -0.000000    0.000000
   93  2    8.903685    2.000000    0.000000    0.000000    0.000000   -0.000000    0.000000   -0.000000    0.000000
   95  2    8.964793    2.000000    0.000000    0.000000   -0.000000    0.000000    0.000000   -0.000001    0.000000
   97  2    9.116375    2.000000    0.000000    0.000000   -0.000000    0.000000    0.000000   -0.000000    0.000000
   99  2    9.542322    2.000000    0.000000    0.000000    0.000000    0.000000    0.000000   -0.000000    0.000000
  101  2    9.750589    2.000000    0.000000    0.000000   -0.000000    0.000000    0.000000    0.000000    0.000000
  103  2   10.133088    2.000000    0.000000    0.000000   -0.000000    0.000000    0.000000    0.000000    0.000000
  105  2   10.494364    2.000000    0.000000    0.000000    0.000000    0.000000    0.000000    0.000000    0.000000
  107  2   10.791937    2.000000    0.000000    0.000000    0.000000    0.000000    0.000000    0.000000    0.000000
  109  2   11.093191    2.000000    0.000000    0.000000    0.000000    0.000000    0.000000    0.000000    0.000000
  111  2   11.246097    2.000000    0.000000    0.000000   -0.000000    0.000000    0.000000    0.000000    0.000000
  113  2   11.313387    2.000000    0.000000    0.000000   -0.000000    0.000000    0.000000    0.000000    0.000000
  115  2   11.373568    2.000000    0.000000    0.000000    0.000002    0.000000    0.000000    0.000001    0.000000
  117  2   11.515486    2.000000    0.000000    0.000000   -0.000000    0.000000    0.000000    0.000000    0.000000
  119  2   11.637969    2.000000    0.000000    0.000000    0.000000    0.000000    0.000000    0.000000    0.000000
  121  2   13.140728    2.000000    0.000000    0.000000    0.000000    0.000000    0.000000    0.000000    0.000000
  123  2   13.209914    2.000000    0.000000    0.000000   -0.000000    0.000000    0.000000    0.000001    0.000000
  125  2   13.543147    2.000000    0.000000    0.000000   -0.000000    0.000000    0.000000   -0.000000    0.000000
  127  2   13.575919    2.000000    0.000000    0.000000   -0.000000    0.000000    0.000000    0.000000    0.000000
  129  2   14.369170    2.000000    0.000000    0.000000    0.000000    0.000000    0.000000    0.000000    0.000000
  131  2   14.448487    2.000000    0.000000    0.000000    0.000000    0.000000    0.000000    0.000000    0.000000
  133  2   15.616041    2.000000    0.000000    0.000000    0.000000    0.000000    0.000000    0.000000    0.000000
  135  2   15.659690    2.000000    0.000000    0.000000    0.000000   -0.000000    0.000000    0.000000    0.000000
  137  2   16.206251    2.000000    0.000000    0.000000    0.000005   -0.000005    0.000000    0.000003    0.000000
  139  2   16.209263    2.000000    0.000000    0.000000   -0.000002    0.000001    0.000000    0.000001    0.000000
  141  1   16.962530    1.000000    0.000000    0.000000    0.078172    0.188685    0.000000    0.978919    0.000000
  142  1   16.963862    1.000000    0.000000    0.000000   -0.066502   -0.190008    0.000000   -0.861839    0.000000
  143  1   16.973497    1.000000    0.000000    0.000000   -0.112905    0.207833    0.000000   -0.971625    0.000000
  144  1   16.982513    1.000000    0.000000    0.000000    0.111589   -0.207192    0.000000    0.843094    0.000000
  145  2   17.393621    2.000000    0.000000    0.000000    0.150788   -0.241576    0.000000    0.323241    0.000000
  147  1   17.396462    1.000000    0.000000    0.000000   -0.867961    0.478313    0.000000   -0.132956    0.000000
  4
    1    2    3    4
    1  4  -44.655880    4.000000    0.000000    0.000000   -0.000001    0.000000    0.000000    0.000001    0.000000
    5  4  -44.242929    4.000000    0.000000    0.000000    0.000000    0.000000    0.000000   -0.000000    0.000000
    9  4  -43.343373    4.000000    0.000000    0.000000    0.000000    0.000000    0.000000   -0.000000    0.000000
   13  4  -42.794365    4.000000    0.000000    0.000000   -0.000001    0.000000    0.000000   -0.000000    0.000000
   17  4  -42.679385    4.000000    0.000000    0.000000    0.000000    0.000000    0.000000   -0.000000    0.000000
   21  4  -42.566745    4.000000    0.000000    0.000000    0.000000    0.000000    0.000000   -0.000001    0.000000
   25  4   -2.578849    4.000000    0.000000    0.000000    0.000000    0.000000    0.000000    0.000000    0.000000
   29  4   -0.080688    4.000000    0.000000    0.000000    0.000000    0.000000    0.000000   -0.000000    0.000000
   33  4    0.285010    4.000000    0.000000    0.000000    0.000000    0.000000    0.000000    0.000000    0.000000
   37  4    1.885141    4.000000    0.000000    0.000000    0.000000    0.000000    0.000000    0.000000    0.000000
   41  4    3.853809    4.000000    0.000000    0.000000    0.000000    0.000000    0.000000    0.000000    0.000000
   45  4    4.345961    4.000000    0.000000    0.000000    0.000000   -0.000001    0.000000   -0.000002    0.000000
   49  4    5.194696    4.000000    0.000000    0.000000    0.000000   -0.000001    0.000000    0.000002    0.000000
   53  4    5.838460    4.000000    0.000000    0.000000    0.000000   -0.000000    0.000000    0.000000    0.000000
   57  2    6.562124    2.000000    0.000000    0.000000    0.000001   -0.000000    0.000000   -0.000001    0.000000
   59  2    6.563401    2.000000    0.000000    0.000000   -0.000001   -0.000000    0.000000   -0.000001    0.000000
   61  4    6.950253    4.000000    0.000000    0.000000    0.000000   -0.000000    0.000000   -0.000003    0.000000
   65  4    7.080219    4.000000    0.000000    0.000000    0.000000   -0.000000    0.000000    0.000003    0.000000
   69  4    7.160028    4.000000    0.000000    0.000000    0.000000   -0.000010    0.000000    0.000000    0.000000
   73  4    7.767836    4.000000    0.000000    0.000000    0.000000    0.000000    0.000000    0.000000    0.000000
   77  4    8.044416    4.000000    0.000000    0.000000    0.000000    0.000000    0.000000    0.000002    0.000000
   81  4    8.055960    4.000000    0.000000    0.000000    0.000000    0.000000    0.000000   -0.000003    0.000000
   85  4    8.597251    4.000000    0.000000    0.000000    0.000000    0.000000    0.000000    0.000003    0.000000
   89  4    8.714849    4.000000    0.000000    0.000000    0.000000    0.000000    0.000000   -0.000003    0.000000
   93  4    8.999682    4.000000    0.000000    0.000000    0.000000    0.000000    0.000000    0.000000    0.000000
   97  4    9.414881    4.000000    0.000000    0.000000    0.000000    0.000000    0.000000   -0.000000    0.000000
  101  4   10.534312    4.000000    0.000000    0.000000   -0.000000    0.000000    0.000000   -0.000001    0.000000
  105  4   11.039403    4.000000    0.000000    0.000000    0.000001    0.000000    0.000000    0.000003    0.000000
  109  4   11.105448    4.000000    0.000000    0.000000    0.000001    0.000000    0.000000   -0.000001    0.000000
  113  4   11.666173    4.000000    0.000000    0.000000    0.000000    0.000000    0.000000    0.000000    0.000000
  117  2   11.817475    2.000000    0.000000    0.000000    0.000000    0.000000    0.000000    0.000001    0.000000
  119  2   11.818575    2.000000    0.000000    0.000000   -0.000001    0.000000    0.000000    0.000002    0.000000
  121  4   12.480410    4.000000    0.000000    0.000000    0.000000    0.000000    0.000000    0.000000    0.000000
  125  4   13.143442    4.000000    0.000000    0.000000    0.000000    0.000000    0.000000   -0.000000    0.000000
  129  4   15.393853    4.000000    0.000000    0.000000    0.000000   -0.000000    0.000000    0.000001    0.000000
  133  4   16.633749    4.000000    0.000000    0.000000    0.000002   -0.000000    0.000000   -0.000001    0.000000
  137  4   16.885167    4.000000    0.000000    0.000000   -0.000004    0.000008    0.000000    0.000015    0.000000
  141  4   17.257608    4.000000    0.000000    0.000000    0.000009    0.000261    0.000000   -0.000484    0.000000
  145  3   17.752154    3.000000    0.000000    0.000000    0.066810    0.576588    0.000000    0.771197    0.000000
  4
    1    2    3    4
    1  4  -44.655855    4.000000    0.000000    0.000000    0.000000    0.000000    0.000000    0.000000   -0.000000
    5  4  -44.242934    4.000000    0.000000   -0.000001    0.000000    0.000000    0.000000    0.000000   -0.000000
    9  4  -43.343351    4.000000    0.000000    0.000001    0.000000    0.000000    0.000000    0.000000   -0.000000
   13  4  -42.794400    4.000000    0.000000    0.000000    0.000000    0.000000    0.000000    0.000000    0.000001
   17  4  -42.679370    4.000000    0.000000    0.000000    0.000000    0.000000    0.000000    0.000000    0.000000
   21  4  -42.566791    4.000000    0.000000    0.000001    0.000000    0.000000    0.000000    0.000000   -0.000000
   25  4   -1.341424    4.000000    0.000000    0.000001    0.000000    0.000000    0.000000    0.000000    0.000000
   29  4   -1.337960    4.000000    0.000000   -0.000001    0.000000   -0.000000    0.000000    0.000000    0.000000
   33  4    0.192082    4.000000    0.000000    0.000000    0.000000    0.000000    0.000000    0.000000    0.000000
   37  4    0.201136    4.000000    0.000000    0.000000    0.000000    0.000000    0.000000    0.000000    0.000000
   41  4    4.853718    4.000000    0.000000    0.000000    0.000000    0.000000    0.000000    0.000000    0.000000
   45  4    4.919426    4.000000    0.000000    0.000000    0.000000    0.000000    0.000000    0.000000    0.000000
   49  4    6.277918    4.000000    0.000000   -0.000000    0.000000    0.000000    0.000000    0.000000    0.000000
   53  4    6.474667    4.000000    0.000000   -0.000000    0.000000    0.000000    0.000000    0.000000   -0.000000
   57  4    6.790588    4.000000    0.000000    0.000000    0.000000    0.000000    0.000000    0.000000    0.000000
   61  4    7.010593    4.000000    0.000000    0.000002    0.000000    0.000000    0.000000    0.000000    0.000000
   65  4    7.451020    4.000000    0.000000    0.000001    0.000000    0.000000    0.000000    0.000000    0.000000
   69  4    7.609620    4.000000    0.000000    0.000000    0.000000    0.000000    0.000000    0.000000   -0.000000
   73  4    7.736562    4.000000    0.000000   -0.000003    0.000000    0.000000    0.000000    0.000000    0.000000
   77  4    7.911836    4.000000    0.000000    0.000000    0.000000    0.000000    0.000000    0.000000    0.000000
   81  4    8.085190    4.000000    0.000000    0.000000    0.000000    0.000000    0.000000    0.000000   -0.000000
   85  4    8.456617    4.000000    0.000000   -0.000006    0.000000    0.000000    0.000000    0.000000   -0.000000
   89  4    8.577063    4.000000    0.000000   -0.000000    0.000000    0.000000    0.000000    0.000000   -0.000000
   93  4    8.916871    4.000000    0.000000   -0.000001    0.000000    0.000000    0.000000    0.000000    0.000000
   97  4    9.745460    4.000000    0.000000   -0.000000    0.000000    0.000000    0.000000    0.000000    0.000000
  101  4   10.119120    4.000000    0.000000    0.000001    0.000000    0.000000    0.000000    0.000000   -0.000001
  105  4   10.718307    4.000000    0.000000    0.000000    0.000000    0.000000    0.000000    0.000000    0.000000
  109  4   10.963254    4.000000    0.000000    0.000003    0.000000   -0.000000    0.000000    0.000000    0.000000
  113  4   11.315892    4.000000    0.000000    0.000000    0.000000    0.000000    0.000000    0.000000    0.000000
  117  4   11.502835    4.000000    0.000000    0.000000    0.000000    0.000000    0.000000    0.000000    0.000001
  121  4   12.730004    4.000000    0.000000   -0.000000    0.000000    0.000001    0.000000    0.000000    0.000000
  125  4   12.849672    4.000000    0.000000    0.000001    0.000000    0.000000    0.000000    0.000000    0.000000
  129  4   14.901115    4.000000    0.000000   -0.000000    0.000000    0.000000    0.000000    0.000000    0.000001
  133  4   14.973021    4.000000    0.000000   -0.000000    0.000000    0.000000    0.000000    0.000000    0.000000
  137  4   16.097371    4.000000    0.000000   -0.000014    0.000000    0.000001    0.000000    0.000000    0.000002
  141  4   16.144474    4.000000    0.000000   -0.000001    0.000000    0.000000    0.000000    0.000000    0.000001
  145  1   17.826352    1.000000    0.000000    0.364991    0.000000   -0.433791    0.000000    0.000000   -0.448990
  146  1   17.831284    1.000000    0.000000   -0.124286    0.000000    0.205915    0.000000    0.000000   -0.454570
  147  1   17.833914    1.000000    0.000000   -0.286968    0.000000    0.221230    0.000000    0.000000    0.193638
  4
    1    2    3    4
    1  4  -44.655889    4.000000    0.000000   -0.000006    0.000000   -4.000000    0.000000    0.000006    0.000000
    5  4  -44.242941    4.000000    0.000000   -0.000017    0.000000   -4.000000    0.000000    0.000017    0.000000
    9  4  -43.343380    4.000000    0.000000    0.000029    0.000000   -4.000000    0.000000   -0.000029    0.000000
   13  4  -42.794372    4.000000    0.000000   -0.000004    0.000000   -4.000000    0.000000    0.000004    0.000000
   17  4  -42.679401    4.000000    0.000000    0.000038    0.000000   -4.000000    0.000000   -0.000037    0.000000
   21  4  -42.566755    4.000000    0.000000   -0.000043    0.000000   -4.000000    0.000000    0.000043    0.000000
   25  4   -1.875154    4.000000    0.000000    0.000000    0.000000   -4.000000    0.000000   -0.000000    0.000000
   29  4   -1.183608    4.000000    0.000000   -0.000001    0.000000    4.000000    0.000000   -0.000001    0.000000
   33  2    0.156943    2.000000    0.000000   -1.999961    0.000000    2.000000    0.000000   -1.999961    0.000000
   35  2    0.163826    2.000000    0.000000    1.999962    0.000000    2.000000    0.000000    1.999962    0.000000
   37  2    1.582698    2.000000    0.000000   -1.999226    0.000000   -2.000000    0.000000    1.999226    0.000000
   39  2    1.583796    2.000000    0.000000    1.999227    0.000000   -2.000000    0.000000   -1.999227    0.000000
   41  2    4.599245    2.000000    0.000000    1.999993    0.000000   -1.999993    0.000000   -1.999999    0.000000
   43  2    4.606302    2.000000    0.000000    1.999979    0.000000    1.999999    0.000000    1.999978    0.000000
   45  2    4.608190    2.000000    0.000000   -1.999969    0.000000    1.999991    0.000000   -1.999978    0.000000
   47  2    4.685446    2.000000    0.000000   -2.000000    0.000000   -2.000000    0.000000    2.000000    0.000000
   49  4    5.198358    4.000000    0.000000    0.000013    0.000000    4.000000    0.000000    0.000013    0.000000
   53  2    6.287314    2.000000    0.000000    2.000000    0.000000    2.000000    0.000000    2.000000    0.000000
   55  4    6.289033    4.000000    0.000000    0.000002    0.000000   -4.000000    0.000000   -0.000002    0.000000
   59  2    6.348716    2.000000    0.000000   -2.000000    0.000000    2.000000    0.000000   -2.000000    0.000000
   61  2    6.729552    2.000000    0.000000   -2.000000    0.000000    2.000000    0.000000   -2.000000    0.000000
   63  2    6.742612    2.000000    0.000000    2.000000    0.000000    2.000000    0.000000    2.000000    0.000000
   65  1    7.148771    1.000000    0.000000   -1.000000    0.000000   -1.000000    0.000000    1.000000    0.000000
   66  1    7.150020    1.000000    0.000000   -1.000000    0.000000   -1.000000    0.000000    1.000000    0.000000
   67  1    7.329902    1.000000    0.000000    1.000000    0.000000   -1.000000    0.000000   -1.000000    0.000000
   68  1    7.331026    1.000000    0.000000    1.000000    0.000000   -1.000000    0.000000   -1.000000    0.000000
   69  2    7.371378    2.000000    0.000000    1.999727    0.000000    2.000000    0.000000    1.999727    0.000000
   71  2    7.375267    2.000000    0.000000   -1.999730    0.000000    2.000000    0.000000   -1.999730    0.000000
   73  2    7.817631    2.000000    0.000000   -1.999973    0.000000    2.000000    0.000000   -1.999973    0.000000
   75  2    7.829274    2.000000    0.000000    1.999973    0.000000    2.000000    0.000000    1.999973    0.000000
   77  2    7.939565    2.000000    0.000000    1.999973    0.000000    2.000000    0.000000    1.999973    0.000000
   79  2    7.952835    2.000000    0.000000   -1.999973    0.000000    2.000000    0.000000   -1.999973    0.000000
   81  4    8.118573    4.000000    0.000000    0.000000    0.000000   -4.000000    0.000000    0.000000    0.000000
   85  2    8.207307    2.000000    0.000000   -2.000000    0.000000    2.000000    0.000000   -2.000000    0.000000
   87  2    8.229025    2.000000    0.000000    2.000000    0.000000    2.000000    0.000000    2.000000    0.000000
   89  2    8.659916    2.000000    0.000000    1.999995    0.000000    2.000000    0.000000    1.999995    0.000000
   91  2    8.680559    2.000000    0.000000   -1.999995    0.000000    2.000000    0.000000   -1.999995    0.000000
   93  2    8.797559    2.000000    0.000000   -1.999960    0.000000    2.000000    0.000000   -1.999960    0.000000
   95  2    8.806117    2.000000    0.000000    1.999960    0.000000    2.000000    0.000000    1.999960    0.000000
   97  2    9.501627    2.000000    0.000000    1.999979    0.000000    2.000000    0.000000    1.999979    0.000000
   99  2    9.521614    2.000000    0.000000   -1.999980    0.000000    2.000000    0.000000   -1.999980    0.000000
  101  2   10.107405    2.000000    0.000000   -1.999659    0.000000    2.000000    0.000000   -1.999659    0.000000
  103  2   10.110437    2.000000    0.000000    1.999664    0.000000    2.000000    0.000000    1.999664    0.000000
  105  2   10.323179    2.000000    0.000000   -2.000000    0.000000    2.000000    0.000000   -2.000000    0.000000
  107  2   10.376174    2.000000    0.000000    2.000000    0.000000    2.000000    0.000000    2.000000    0.000000
  109  4   12.220511    4.000000    0.000000   -0.000000    0.000000    4.000000    0.000000   -0.000000    0.000000
  113  2   12.421215    2.000000    0.000000    2.000000    0.000000   -2.000000    0.000000   -2.000000    0.000000
  115  2   12.567409    2.000000    0.000000   -2.000000    0.000000   -2.000000    0.000000    2.000000    0.000000
  117  2   12.752378    2.000000    0.000000   -2.000000    0.000000    2.000000    0.000000   -2.000000    0.000000
  119  2   12.814929    2.000000    0.000000    2.000000    0.000000    2.000000    0.000000    2.000000    0.000000
  121  4   13.458759    4.000000    0.000000   -0.000000    0.000000   -4.000000    0.000000    0.000000    0.000000
  125  4   13.814753    4.000000    0.000000    0.000003    0.000000    4.000000    0.000000    0.000003    0.000000
  129  2   14.660425    2.000000    0.000000    2.000000    0.000000   -2.000000    0.000000   -2.000000    0.000000
  131  2   14.700260    2.000000    0.000000   -2.000000    0.000000   -2.000000    0.000000    2.000000    0.000000
  133  4   16.009991    4.000000    0.000000    0.000000    0.000000    3.999999    0.000000    0.000000    0.000000
  137  2   16.177587    2.000000    0.000000   -1.999999    0.000000   -1.999996    0.000000    1.999996    0.000000
  139  2   16.248303    2.000000    0.000000    1.999990    0.000000   -1.999989    0.000000   -1.999997    0.000000
  141  2   16.666783    2.000000    0.000000   -0.098542    0.000000   -1.999612    0.000000    0.098324    0.000000
  143  1   16.668005    1.000000    0.000000    0.590434    0.000000   -0.999997    0.000000   -0.590435    0.000000
  144  1   16.669301    1.000000    0.000000   -0.492626    0.000000   -0.995541    0.000000    0.490110    0.000000
  145  1   17.010392    1.000000    0.000000    0.995002    0.000000    0.997035    0.000000    0.994087    0.000000
  146  1   17.015847    1.000000    0.000000    0.687576    0.000000    0.997986    0.000000    0.688148    0.000000
  147  1   17.045399    1.000000    0.000000   -0.999212    0.000000    0.998722    0.000000   -0.998270    0.000000
  4
    1    2    3    4
    1  4  -44.655859    4.000000    0.000000    0.000000    0.000000    0.000000    0.000000    0.000007    0.000000
    5  4  -44.242944    4.000000    0.000000    0.000000    0.000000    0.000000    0.000000    0.000015    0.000000
    9  4  -43.343356    4.000000    0.000000   -0.000001    0.000000    0.000000    0.000000   -0.000024    0.000000
   13  4  -42.794408    4.000000    0.000000   -0.000000    0.000000    0.000000    0.000000    0.000002    0.000000
   17  4  -42.679387    4.000000    0.000000    0.000000    0.000000    0.000000    0.000000   -0.000034    0.000000
   21  4  -42.566802    4.000000    0.000000    0.000000    0.000000    0.000000    0.000000    0.000039    0.000000
   25  2   -1.343339    2.000000    0.000000   -0.000055    0.000000    0.000000    0.000000   -1.999481    0.000000
   27  2   -1.341600    2.000000    0.000000    0.000053    0.000000    0.000000    0.000000    1.999426    0.000000
   29  2   -1.337878    2.000000    0.000000    0.000043    0.000000   -0.000000    0.000000   -1.999464    0.000000
   31  2   -1.336078    2.000000    0.000000   -0.000041    0.000000    0.000000    0.000000    1.999520    0.000000
   33  4    0.192215    4.000000    0.000000   -0.000011    0.000000   -0.000001    0.000000   -0.000019    0.000000
   37  4    0.201243    4.000000    0.000000    0.000006    0.000000   -0.000001    0.000000   -0.000013    0.000000
   41  2    4.856657    2.000000    0.000000    0.000000    0.000000    0.000000    0.000000   -1.999999    0.000000
   43  2    4.869564    2.000000    0.000000    0.000000    0.000000   -0.000000    0.000000   -2.000000    0.000000
   45  2    4.898949    2.000000    0.000000    0.000000    0.000000    0.000000    0.000000    2.000000    0.000000
   47  2    4.914198    2.000000    0.000000    0.000000    0.000000    0.000000    0.000000    2.000000    0.000000
   49  2    6.299313    2.000000    0.000000   -0.000001    0.000000   -0.000001    0.000000    1.999998    0.000000
   51  2    6.324308    2.000000    0.000000    0.000000    0.000000    0.000000    0.000000   -1.999997    0.000000
   53  2    6.417278    2.000000    0.000000    0.000000    0.000000    0.000000    0.000000    1.999999    0.000000
   55  2    6.441667    2.000000    0.000000    0.000000    0.000000    0.000000    0.000000   -1.999999    0.000000
   57  2    6.781885    2.000000    0.000000   -0.000000    0.000000   -0.000000    0.000000    2.000000    0.000000
   59  2    6.854036    2.000000    0.000000   -0.000002    0.000000    0.000002    0.000000   -1.999999    0.000000
   61  2    6.941188    2.000000    0.000000    0.000000    0.000000    0.000000    0.000000    2.000000    0.000000
   63  2    6.988969    2.000000    0.000000    0.000002    0.000000   -0.000002    0.000000   -2.000000    0.000000
   65  2    7.498934    2.000000    0.000000   -0.000002    0.000000    0.000002    0.000000   -1.999999    0.000000
   67  2    7.551073    2.000000    0.000000   -0.000000    0.000000   -0.000000    0.000000    1.999999    0.000000
   69  2    7.603806    2.000000    0.000000    0.000015    0.000000   -0.000015    0.000000   -2.000000    0.000000
   71  2    7.624402    2.000000    0.000000    0.000000    0.000000    0.000000    0.000000    2.000000    0.000000
   73  2    7.750276    2.000000    0.000000    0.000000    0.000000    0.000000    0.000000    1.999997    0.000000
   75  2    7.757198    2.000000    0.000000    0.000000    0.000000    0.000000    0.000000   -1.999997    0.000000
   77  2    7.804300    2.000000    0.000000   -0.000001    0.000000   -0.000001    0.000000    2.000000    0.000000
   79  2    7.857245    2.000000    0.000000   -0.000000    0.000000    0.000001    0.000000   -2.000000    0.000000
   81  2    8.159030    2.000000    0.000000    0.000001    0.000000   -0.000001    0.000000   -1.999997    0.000000
   83  2    8.183633    2.000000    0.000000    0.000108    0.000000    0.000108    0.000000    1.999997    0.000000
   85  2    8.336839    2.000000    0.000000   -0.000000    0.000000   -0.000000    0.000000    1.999998    0.000000
   87  2    8.350278    2.000000    0.000000   -0.000000    0.000000    0.000000    0.000000   -1.999998    0.000000
   89  2    8.642060    2.000000    0.000000    0.000000    0.000000    0.000000    0.000000    1.999999    0.000000
   91  2    8.655725    2.000000    0.000000    0.000001    0.000000   -0.000000    0.000000   -1.999999    0.000000
   93  2    8.854997    2.000000    0.000000    0.000000    0.000000    0.000000    0.000000    1.999997    0.000000
   95  2    8.890680    2.000000    0.000000   -0.000001    0.000000    0.000001    0.000000   -1.999997    0.000000
   97  2    9.772323    2.000000    0.000000    0.000000    0.000000    0.000000    0.000000    2.000000    0.000000
   99  2    9.831021    2.000000    0.000000    0.000000    0.000000    0.000000    0.000000   -2.000000    0.000000
  101  2   10.054134    2.000000    0.000000    0.000000    0.000000    0.000000    0.000000    1.999996    0.000000
  103  2   10.077195    2.000000    0.000000    0.000000    0.000000    0.000000    0.000000   -1.999996    0.000000
  105  2   10.768111    2.000000    0.000000    0.000000    0.000000    0.000000    0.000000   -2.000000    0.000000
  107  2   10.775651    2.000000    0.000000    0.000000    0.000000    0.000000    0.000000    2.000000    0.000000
  109  2   10.912946    2.000000    0.000000    0.000000    0.000000    0.000000    0.000000   -1.999998    0.000000
  111  2   10.922935    2.000000    0.000000    0.000000    0.000000    0.000000    0.000000    1.999998    0.000000
  113  2   11.301925    2.000000    0.000000    0.000000    0.000000    0.000000    0.000000   -2.000000    0.000000
  115  2   11.372691    2.000000    0.000000    0.000000    0.000000    0.000000    0.000000    2.000000    0.000000
  117  2   11.445409    2.000000    0.000000    0.000000    0.000000    0.000000    0.000000   -2.000000    0.000000
  119  2   11.522073    2.000000    0.000000    0.000000    0.000000    0.000000    0.000000    2.000000    0.000000
  121  2   12.738811    2.000000    0.000000    0.000000    0.000000    0.000000    0.000000   -2.000000    0.000000
  123  2   12.772140    2.000000    0.000000    0.000000    0.000000    0.000000    0.000000    2.000000    0.000000
  125  2   12.812163    2.000000    0.000000    0.000000    0.000000    0.000000    0.000000   -2.000000    0.000000
  127  2   12.842630    2.000000    0.000000    0.000000    0.000000    0.000000    0.000000    2.000000    0.000000
  129  2   14.908786    2.000000    0.000000   -0.000021    0.000000   -0.000000    0.000000    1.999807    0.000000
  131  2   14.910709    2.000000    0.000000    0.000020    0.000000    0.000000    0.000000   -1.999807    0.000000
  133  2   14.963161    2.000000    0.000000    0.000109    0.000000    0.000000    0.000000    1.999367    0.000000
  135  2   14.964255    2.000000    0.000000   -0.000108    0.000000   -0.000000    0.000000   -1.999369    0.000000
  137  2   16.100892    2.000000    0.000000    0.000000    0.000000   -0.000000    0.000000   -2.000000    0.000000
  139  2   16.104353    2.000000    0.000000   -0.000000    0.000000    0.000000    0.000000   -2.000000    0.000000
  141  2   16.136693    2.000000    0.000000   -0.000000    0.000000   -0.000000    0.000000    2.000000    0.000000
  143  2   16.143738    2.000000    0.000000    0.000000    0.000000    0.000000    0.000000    2.000000    0.000000
  145  1   17.826421    1.000000    0.000000    0.597000    0.000000   -0.266047    0.000000   -0.568255    0.000000
  146  1   17.837396    1.000000    0.000000   -0.362597    0.000000    0.067613    0.000000    0.267487    0.000000
  147  1   17.840575    1.000000    0.000000    0.225648    0.000000    0.187417    0.000000    0.803196    0.000000
  4
    1    2    3    4
    1  4  -44.655859    4.000000    0.000000    0.000000    0.000017    0.000000    0.000000    0.000000    0.000000
    5  4  -44.242936    4.000000    0.000000    0.000000   -0.000020    0.000000    0.000000    0.000000    0.000000
    9  4  -43.343354    4.000000    0.000000    0.000000   -0.000012    0.000000    0.000000    0.000000    0.000001
   13  4  -42.794413    4.000000    0.000000    0.000000   -0.000021    0.000000    0.000000    0.000000    0.000000
   17  4  -42.679400    4.000000    0.000000    0.000000    0.000040    0.000000    0.000000    0.000000    0.000000
   21  4  -42.566797    4.000000    0.000000    0.000000   -0.000045    0.000000    0.000000    0.000000   -0.000000
   25  4   -2.279665    4.000000    0.000000    0.000000    0.000000    0.000000    0.000000    0.000000    0.000000
   29  4   -0.784158    4.000000    0.000000    0.000000    0.000000    0.000000    0.000000    0.000000    0.000000
   33  4    0.819890    4.000000    0.000000    0.000000    0.000000    0.000000    0.000000    0.000000    0.000000
   37  2    0.862068    2.000000    0.000000    0.000000    2.000000    0.000000    0.000000    0.000000   -0.000000
   39  2    0.863544    2.000000    0.000000    0.000000   -1.999999    0.000000    0.000000    0.000000    0.000000
   41  2    4.309437    2.000000    0.000000    0.000000    2.000000    0.000000    0.000000    0.000000    0.000000
   43  2    4.311681    2.000000    0.000000    0.000000   -2.000000    0.000000    0.000000    0.000000   -0.000000
   45  2    5.395234    2.000000    0.000000    0.000000   -2.000000    0.000000    0.000000    0.000000    0.000000
   47  2    5.402017    2.000000    0.000000    0.000000    2.000000    0.000000    0.000000    0.000000    0.000000
   49  4    5.649902    4.000000    0.000000    0.000000    0.000000    0.000000    0.000000    0.000000    0.000000
   53  2    5.894898    2.000000    0.000000    0.000000    2.000000    0.000000    0.000000    0.000000    0.000000
   55  2    5.911573    2.000000    0.000000    0.000000   -2.000000    0.000000    0.000000    0.000000    0.000000
   57  2    6.470378    2.000000    0.000000    0.000000    1.999993    0.000000    0.000000    0.000000    0.000001
   59  2    6.475479    2.000000    0.000000    0.000000   -1.999992    0.000000    0.000000    0.000000   -0.000001
   61  2    6.719897    2.000000    0.000000    0.000000   -1.999999    0.000000    0.000000    0.000000    0.000000
   63  2    6.733984    2.000000    0.000000    0.000000    1.999999    0.000000    0.000000    0.000000    0.000000
   65  4    6.968726    4.000000    0.000000    0.000000   -0.000010   -0.000000    0.000000    0.000000    0.000008
   69  4    7.540869    4.000000    0.000000    0.000000    0.000019    0.000009    0.000000    0.000000    0.000004
   73  2    7.839044    2.000000    0.000000    0.000000   -1.999998    0.000000    0.000000    0.000000    0.000000
   75  2    7.854540    2.000000    0.000000    0.000000    1.999999    0.000000    0.000000    0.000000    0.000000
   77  2    8.126487    2.000000    0.000000    0.000000   -2.000000    0.000000    0.000000    0.000000    0.000000
   79  2    8.138340    2.000000    0.000000    0.000000    2.000000    0.000000    0.000000    0.000000    0.000000
   81  2    8.186263    2.000000    0.000000    0.000000    1.999998    0.000000    0.000000    0.000000    0.000000
   83  2    8.203072    2.000000    0.000000    0.000000   -1.999998    0.000000    0.000000    0.000000    0.000000
   85  2    8.340898    2.000000    0.000000    0.000000   -1.999999    0.000000    0.000000    0.000000    0.000000
   87  2    8.356419    2.000000    0.000000    0.000000    1.999999    0.000000    0.000000    0.000000    0.000000
   89  2    8.819252    2.000000    0.000000    0.000000   -2.000000    0.000000    0.000000    0.000000    0.000000
   91  2    8.849767    2.000000    0.000000    0.000000    2.000000    0.000000    0.000000    0.000000    0.000000
   93  2    8.924196    2.000000    0.000000    0.000000    2.000000    0.000000    0.000000    0.000000    0.000000
   95  2    8.952740    2.000000    0.000000    0.000000   -2.000000    0.000000    0.000000    0.000000    0.000000
   97  2    9.260848    2.000000    0.000000    0.000000    1.999999    0.000000    0.000000    0.000000    0.000000
   99  2    9.292273    2.000000    0.000000    0.000000   -1.999999    0.000000    0.000000    0.000000    0.000000
  101  2    9.978547    2.000000    0.000000    0.000000   -1.999999    0.000000    0.000000    0.000000    0.000000
  103  2    9.996362    2.000000    0.000000    0.000000    1.999999    0.000000    0.000000    0.000000    0.000000
  105  2   10.647035    2.000000    0.000000    0.000000    2.000000    0.000000    0.000000    0.000000    0.000000
  107  2   10.658939    2.000000    0.000000    0.000000   -2.000000    0.000000    0.000000    0.000000    0.000000
  109  2   11.167668    2.000000    0.000000    0.000000    2.000000    0.000000    0.000000    0.000000    0.000000
  111  2   11.191741    2.000000    0.000000    0.000000   -2.000000    0.000000    0.000000    0.000000    0.000000
  113  2   11.337526    2.000000    0.000000    0.000000   -2.000000    0.000000    0.000000    0.000000    0.000000
  115  2   11.360974    2.000000    0.000000    0.000000    2.000000    0.000000    0.000000    0.000000    0.000000
  117  2   11.561953    2.000000    0.000000    0.000000    2.000000    0.000000    0.000000    0.000000    0.000000
  119  2   11.567435    2.000000    0.000000    0.000000   -2.000000    0.000000    0.000000    0.000000    0.000000
  121  2   13.176205    2.000000    0.000000    0.000000   -2.000000    0.000000    0.000000    0.000000    0.000000
  123  2   13.178231    2.000000    0.000000    0.000000    2.000000    0.000000    0.000000    0.000000    0.000000
  125  2   13.552040    2.000000    0.000000    0.000000   -2.000000    0.000000    0.000000    0.000000    0.000000
  127  2   13.557022    2.000000    0.000000    0.000000    2.000000    0.000000    0.000000    0.000000    0.000000
  129  3   14.408071    3.000000    0.000000    0.000000   -1.000000    1.000000    0.000000    0.000000    1.000000
  132  1   14.409410    1.000000    0.000000    0.000000    1.000000   -1.000000    0.000000    0.000000   -1.000000
  133  2   15.637023    2.000000    0.000000    0.000000   -2.000000    0.000000    0.000000    0.000000    0.000000
  135  2   15.639016    2.000000    0.000000    0.000000    2.000000    0.000000    0.000000    0.000000    0.000000
  137  2   16.208422    2.000000    0.000000    0.000000    2.000000    0.000000    0.000000    0.000000    0.000000
  139  2   16.212821    2.000000    0.000000    0.000000   -2.000000    0.000000    0.000000    0.000000    0.000000
  141  2   16.967684    2.000000    0.000000    0.000000   -1.853039    0.004935    0.000000    0.000000    0.086984
  143  1   16.970791    1.000000    0.000000    0.000000    0.996477   -0.829708    0.000000    0.000000   -0.831459
  144  1   16.972746    1.000000    0.000000    0.000000    0.858001    0.821338    0.000000    0.000000    0.743995
  145  1   17.391150    1.000000    0.000000    0.000000    0.999962    0.213419    0.000000    0.000000    0.213427
  146  1   17.395756    1.000000    0.000000    0.000000   -0.500706   -0.449386    0.000000    0.000000    0.337051
  147  1   17.397282    1.000000    0.000000    0.000000   -0.999787    0.519181    0.000000    0.000000   -0.519171
  4
    1    2    3    4
    1  4  -44.655895    4.000000    0.000000    0.000000    0.000000    0.000000    0.000000    0.000000   -0.000000
    5  4  -44.242941    4.000000    0.000000    0.000000    0.000000    0.000000    0.000000    0.000000    0.000000
    9  4  -43.343381    4.000000    0.000000    0.000001    0.000000    0.000000    0.000000    0.000000    0.000001
   13  4  -42.794370    4.000000    0.000000    0.000000    0.000000    0.000000    0.000000    0.000000   -0.000000
   17  4  -42.679390    4.000000    0.000000    0.000000    0.000000    0.000000    0.000000    0.000000    0.000000
   21  4  -42.566751    4.000000    0.000000    0.000001    0.000000    0.000000    0.000000    0.000000    0.000000
   25  4   -2.362575    4.000000    0.000000    0.000000    0.000000   -0.000000    0.000000    0.000000    0.000000
   29  4   -0.174104    4.000000    0.000000    0.000000    0.000000    0.000000    0.000000    0.000000    0.000000
   33  4    0.345549    4.000000    0.000000    0.000000    0.000000    0.000000    0.000000    0.000000    0.000000
   37  4    1.566355    4.000000    0.000000    0.000000    0.000000    0.000000    0.000000    0.000000    0.000000
   41  4    3.449915    4.000000    0.000000    0.000000    0.000000   -0.000000    0.000000    0.000000    0.000000
   45  4    3.881885    4.000000    0.000000   -0.000000    0.000000    0.000000    0.000000    0.000000    0.000000
   49  4    4.011948    4.000000    0.000000    0.000001    0.000000    0.000000    0.000000    0.000000    0.000000
   53  4    6.728534    4.000000    0.000000   -0.000000    0.000000   -0.000002    0.000000    0.000000    0.000000
   57  4    6.920939    4.000000    0.000000    0.000003    0.000000   -0.000000    0.000000    0.000000    0.000000
   61  4    7.111098    4.000000    0.000000   -0.000003    0.000000    0.000000    0.000000    0.000000    0.000000
   65  4    7.239635    4.000000    0.000000    0.000001    0.000000    0.000000    0.000000    0.000000    0.000000
   69  4    7.934392    4.000000    0.000000    0.000001    0.000000   -0.000000    0.000000    0.000000    0.000000
   73  4    7.999618    4.000000    0.000000   -0.000000    0.000000    0.000000    0.000000    0.000000   -0.000000
   77  4    8.057884    4.000000    0.000000   -0.000001    0.000000    0.000000    0.000000    0.000000   -0.000000
   81  4    8.204721    4.000000    0.000000    0.000001    0.000000    0.000000    0.000000    0.000000    0.000000
   85  4    8.693888    4.000000    0.000000    0.000003    0.000000   -0.000001    0.000000    0.000000   -0.000001
   89  4    8.718499    4.000000    0.000000   -0.000001    0.000000   -0.000001    0.000000    0.000000    0.000000
   93  4    9.219015    4.000000    0.000000    0.000003    0.000000   -0.000015    0.000000    0.000000   -0.000000
   97  4    9.410876    4.000000    0.000000   -0.000003    0.000000    0.000000    0.000000    0.000000   -0.000001
  101  4   11.202928    4.000000    0.000000   -0.000000    0.000000   -0.000000    0.000000    0.000000   -0.000000
  105  4   11.668082    4.000000    0.000000   -0.000003    0.000000    0.000000    0.000000    0.000000    0.000001
  109  4   11.937003    4.000000    0.000000   -0.000000    0.000000    0.000000    0.000000    0.000000    0.000000
  113  4   12.392405    4.000000    0.000000    0.000000    0.000000    0.000000    0.000000    0.000000    0.000000
  117  4   12.502448    4.000000    0.000000    0.000000    0.000000    0.000000    0.000000    0.000000    0.000000
  121  4   12.929270    4.000000    0.000000   -0.000000    0.000000   -0.000001    0.000000    0.000000    0.000000
  125  2   14.427723    2.000000    0.000000    0.000000    0.000000    0.000000    0.000000    0.000000    0.000000
  127  2   14.428833    2.000000    0.000000   -0.000000    0.000000   -0.000000    0.000000    0.000000    0.000002
  129  4   14.572369    4.000000    0.000000   -0.000001    0.000000   -0.000000    0.000000    0.000000   -0.000020
  133  4   14.661073    4.000000    0.000000    0.000052    0.000000   -0.000016    0.000000    0.000000   -0.000037
  137  4   14.917004    4.000000    0.000000    0.000095    0.000000   -0.000016    0.000000    0.000000    0.000018
  141  2   15.510895    2.000000    0.000000   -0.466997    0.000000    0.247082    0.000000    0.000000   -0.320778
  143  1   15.513028    1.000000    0.000000    0.080989    0.000000    0.382897    0.000000    0.000000    0.750578
  144  1   15.520596    1.000000    0.000000    0.296410    0.000000   -0.581386    0.000000    0.000000   -0.237078
  145  1   15.555596    1.000000    0.000000    0.440482    0.000000   -0.496773    0.000000    0.000000    0.742477
  146  1   15.556784    1.000000    0.000000   -0.203374    0.000000    0.437144    0.000000    0.000000   -0.820854
  147  1   15.560205    1.000000    0.000000    0.072773    0.000000    0.362534    0.000000    0.000000   -0.782657
