   92  136
  1
  4
  1  0  0  0  1  0  0  0  1    0.000000    0.000000    0.000000    1.000000    0.000000    0.000000    0.000000    0.000000    0.000000    1.000000    0.000000  1
  0 -1  0 -1  0  0  0  0 -1    0.000000    0.000000    0.000000    0.000000    0.000000   -0.500000    0.866025    0.500000    0.866025    0.000000    0.000000  1
 -1  0  0  0 -1  0  0  0 -1    0.000000    0.000000    0.000000    1.000000    0.000000    0.000000    0.000000    0.000000    0.000000    1.000000    0.000000 -1
  0  1  0  1  0  0  0  0  1    0.000000    0.000000    0.000000    0.000000    0.000000   -0.500000    0.866025    0.500000    0.866025    0.000000    0.000000 -1
  6
    0.000000    0.000000    0.000000
    0.000000    0.000000    0.500000
    0.000000    0.500000    0.500000
    0.500000    0.500000    0.500000
    0.000000    0.500000    0.000000
    0.500000    0.500000    0.000000
  2
    1    2
    1  4  -45.944506    4.000000    0.000000    0.000000    0.000000
    5  4  -45.388217    4.000000    0.000000    0.000000   -0.000000
    9  4  -45.036907    4.000000    0.000000    0.000000   -0.000000
   13  4  -41.612036    4.000000    0.000000    0.000000   -0.000001
   17  4  -41.240852    4.000000    0.000000    0.000000   -0.000001
   21  4  -40.878868    4.000000    0.000000    0.000000   -0.000001
   25  2  -36.823497    2.000000    0.000000    0.000000   -0.000000
   27  2  -36.819715    2.000000    0.000000    0.000000   -0.000000
   29  2  -18.091433    2.000000    0.000000    0.000000    0.000000
   31  2  -18.078751    2.000000    0.000000    0.000000    0.000000
   33  2  -17.720772    2.000000    0.000000    0.000000    0.000000
   35  4  -17.709658    4.000000    0.000000    0.000000    0.000000
   39  2  -17.694542    2.000000    0.000000    0.000000   -0.000000
   41  2   -6.429029    2.000000    0.000000    0.000000   -0.000002
   43  2   -6.173137    2.000000    0.000000    0.000000    0.000001
   45  2   -6.005988    2.000000    0.000000    0.000000    0.000002
   47  2   -5.684673    2.000000    0.000000    0.000000    0.000000
   49  2    0.261883    2.000000    0.000000    0.000000    0.000001
   51  2    0.881985    2.000000    0.000000    0.000000   -0.000007
   53  2    1.261442    2.000000    0.000000    0.000000    0.000000
   55  2    1.420732    2.000000    0.000000    0.000000    0.000001
   57  2    1.484110    2.000000    0.000000    0.000000   -0.000000
   59  2    1.549819    2.000000    0.000000    0.000000    0.000000
   61  2    1.582338    2.000000    0.000000    0.000000    0.000001
   63  2    1.870642    2.000000    0.000000    0.000000    0.000000
   65  2    1.905143    2.000000    0.000000    0.000000    0.000000
   67  2    1.945614    2.000000    0.000000    0.000000    0.000001
   69  2    1.998316    2.000000    0.000000    0.000000   -0.000001
   71  2    2.015832    2.000000    0.000000    0.000000    0.000000
   73  2    2.993794    2.000000    0.000000    0.000000    0.000000
   75  2    3.389820    2.000000    0.000000    0.000000    0.000001
   77  2    3.465901    2.000000    0.000000    0.000000    0.000003
   79  2    3.867955    2.000000    0.000000    0.000000    0.000000
   81  2    4.200077    2.000000    0.000000    0.000000   -0.000000
   83  2    4.379826    2.000000    0.000000    0.000000   -0.000001
   85  2    4.447607    2.000000    0.000000    0.000000    0.000003
   87  2    4.979664    2.000000    0.000000    0.000000    0.000001
   89  2    5.005515    2.000000    0.000000    0.000000    0.000009
   91  2    5.324115    2.000000    0.000000    0.000000   -0.000001
   93  2    5.607546    2.000000    0.000000    0.000000   -0.000003
   95  2    5.739167    2.000000    0.000000    0.000000   -0.000002
   97  2    5.780147    2.000000    0.000000    0.000000    0.000021
   99  2    5.901798    2.000000    0.000000    0.000000   -0.000001
  101  2    6.150609    2.000000    0.000000    0.000000    0.000027
  103  2    6.397455    2.000000    0.000000    0.000000   -0.000014
  105  2    6.438981    2.000000    0.000000    0.000000    0.000013
  107  2    6.497092    2.000000    0.000000    0.000000    0.000001
  109  2    6.611751    2.000000    0.000000    0.000000    0.000000
  111  2    7.004040    2.000000    0.000000    0.000000   -0.000045
  113  2    7.050798    2.000000    0.000000    0.000000    0.000006
  115  2    7.064717    2.000000    0.000000    0.000000   -0.000026
  117  2    7.389098    2.000000    0.000000    0.000000   -0.000003
  119  2    7.418654    2.000000    0.000000    0.000000    0.000001
  121  2    7.436802    2.000000    0.000000    0.000000   -0.000011
  123  2    7.555851    2.000000    0.000000    0.000000   -0.000017
  125  2    7.560263    2.000000    0.000000    0.000000   -0.000025
  127  2    7.791088    2.000000    0.000000    0.000000   -0.000030
  129  2    7.994063    2.000000    0.000000    0.000000   -0.000030
  131  2    8.307003    2.000000    0.000000    0.000000   -0.000127
  133  2    8.490685    2.000000    0.000000    0.000000   -0.005648
  135  2    8.520955    2.000000    0.000000    0.000000    0.000262
  2
    1    2
    1  4  -45.944513    4.000000    0.000000    0.000000    0.000000
    5  4  -45.388222    4.000000    0.000000    0.000000   -0.000001
    9  4  -45.036911    4.000000    0.000000    0.000000    0.000001
   13  4  -41.612046    4.000000    0.000000    0.000000   -0.000000
   17  4  -41.240859    4.000000    0.000000    0.000000   -0.000001
   21  4  -40.878874    4.000000    0.000000    0.000000    0.000002
   25  2  -36.823498    2.000000    0.000000    0.000000   -0.000000
   27  2  -36.819716    2.000000    0.000000    0.000000    0.000001
   29  2  -18.091441    2.000000    0.000000    0.000000    0.000000
   31  2  -18.078759    2.000000    0.000000    0.000000    0.000000
   33  2  -17.720779    2.000000    0.000000    0.000000    0.000000
   35  4  -17.709665    4.000000    0.000000    0.000000    0.000000
   39  2  -17.694551    2.000000    0.000000    0.000000    0.000000
   41  2   -6.355105    2.000000    0.000000    0.000000    0.000002
   43  2   -6.326980    2.000000    0.000000    0.000000    0.000001
   45  2   -5.820817    2.000000    0.000000    0.000000   -0.000000
   47  2   -5.790857    2.000000    0.000000    0.000000    0.000001
   49  2    0.447662    2.000000    0.000000    0.000000   -0.000000
   51  2    0.581676    2.000000    0.000000    0.000000   -0.000000
   53  2    1.313972    2.000000    0.000000    0.000000   -0.000000
   55  2    1.386234    2.000000    0.000000    0.000000    0.000000
   57  2    1.550236    2.000000    0.000000    0.000000   -0.000001
   59  2    1.556834    2.000000    0.000000    0.000000    0.000000
   61  2    1.582152    2.000000    0.000000    0.000000    0.000002
   63  2    1.876228    2.000000    0.000000    0.000000    0.000000
   65  2    1.913353    2.000000    0.000000    0.000000   -0.000000
   67  2    1.938779    2.000000    0.000000    0.000000   -0.000000
   69  4    2.006762    4.000000    0.000000    0.000000    0.000001
   73  2    3.111471    2.000000    0.000000    0.000000    0.000000
   75  2    3.261740    2.000000    0.000000    0.000000    0.000001
   77  2    3.763053    2.000000    0.000000    0.000000   -0.000036
   79  2    3.882843    2.000000    0.000000    0.000000    0.000001
   81  2    3.984931    2.000000    0.000000    0.000000    0.000002
   83  2    4.175216    2.000000    0.000000    0.000000    0.000000
   85  2    4.540933    2.000000    0.000000    0.000000    0.000003
   87  2    4.903353    2.000000    0.000000    0.000000   -0.000005
   89  2    5.020092    2.000000    0.000000    0.000000   -0.000001
   91  2    5.261525    2.000000    0.000000    0.000000    0.000000
   93  2    5.680205    2.000000    0.000000    0.000000    0.000001
   95  2    5.815092    2.000000    0.000000    0.000000    0.000002
   97  2    5.826815    2.000000    0.000000    0.000000   -0.000002
   99  2    5.829125    2.000000    0.000000    0.000000    0.000031
  101  2    6.042619    2.000000    0.000000    0.000000    0.000006
  103  2    6.359975    2.000000    0.000000    0.000000   -0.000003
  105  2    6.413030    2.000000    0.000000    0.000000    0.000016
  107  2    6.660000    2.000000    0.000000    0.000000    0.000028
  109  2    6.723338    2.000000    0.000000    0.000000   -0.000008
  111  2    6.879400    2.000000    0.000000    0.000000    0.000264
  113  2    7.079751    2.000000    0.000000    0.000000    0.000034
  115  2    7.229323    2.000000    0.000000    0.000000    0.000002
  117  2    7.438245    2.000000    0.000000    0.000000   -0.000057
  119  2    7.451401    2.000000    0.000000    0.000000    0.000047
  121  2    7.504506    2.000000    0.000000    0.000000   -0.000069
  123  4    7.597930    4.000000    0.000000    0.000000    0.000060
  127  2    7.633330    2.000000    0.000000    0.000000   -0.000059
  129  2    8.038222    2.000000    0.000000    0.000000   -0.000202
  131  2    8.073162    2.000000    0.000000    0.000000    0.000453
  133  1    8.597182    1.000000    0.000000    0.000000    0.140383
  134  1    8.605049    1.000000    0.000000    0.000000   -0.139860
  135  1    8.811636    1.000000    0.000000    0.000000    0.348277
  136  1    8.828499    1.000000    0.000000    0.000000   -0.130054
  1
    1
    1  4  -45.944856    4.000000    0.000000
    5  4  -45.388167    4.000000    0.000000
    9  4  -45.037330    4.000000    0.000000
   13  4  -41.612503    4.000000    0.000000
   17  4  -41.240749    4.000000    0.000000
   21  4  -40.879443    4.000000    0.000000
   25  2  -36.822164    2.000000    0.000000
   27  2  -36.818394    2.000000    0.000000
   29  2  -18.099446    2.000000    0.000000
   31  2  -18.086528    2.000000    0.000000
   33  2  -17.731020    2.000000    0.000000
   35  2  -17.717881    2.000000    0.000000
   37  2  -17.716582    2.000000    0.000000
   39  2  -17.704366    2.000000    0.000000
   41  2   -5.666739    2.000000    0.000000
   43  2   -5.664855    2.000000    0.000000
   45  4   -5.507543    4.000000    0.000000
   49  2    0.238415    2.000000    0.000000
   51  2    0.473739    2.000000    0.000000
   53  2    0.576483    2.000000    0.000000
   55  2    0.756694    2.000000    0.000000
   57  2    1.555644    2.000000    0.000000
   59  2    1.665181    2.000000    0.000000
   61  2    1.734305    2.000000    0.000000
   63  2    1.833889    2.000000    0.000000
   65  2    1.942128    2.000000    0.000000
   67  2    1.978043    2.000000    0.000000
   69  2    2.061437    2.000000    0.000000
   71  2    2.077127    2.000000    0.000000
   73  2    2.287190    2.000000    0.000000
   75  2    2.404197    2.000000    0.000000
   77  2    2.688530    2.000000    0.000000
   79  2    2.762863    2.000000    0.000000
   81  2    3.121057    2.000000    0.000000
   83  2    3.463447    2.000000    0.000000
   85  2    3.520690    2.000000    0.000000
   87  2    3.656759    2.000000    0.000000
   89  2    3.991772    2.000000    0.000000
   91  2    4.204916    2.000000    0.000000
   93  2    5.063541    2.000000    0.000000
   95  2    5.276282    2.000000    0.000000
   97  2    5.598236    2.000000    0.000000
   99  2    5.740161    2.000000    0.000000
  101  2    5.758473    2.000000    0.000000
  103  2    5.846697    2.000000    0.000000
  105  2    5.865816    2.000000    0.000000
  107  2    6.029158    2.000000    0.000000
  109  2    6.436484    2.000000    0.000000
  111  2    6.457736    2.000000    0.000000
  113  2    6.719712    2.000000    0.000000
  115  2    7.261205    2.000000    0.000000
  117  2    7.403162    2.000000    0.000000
  119  2    7.465890    2.000000    0.000000
  121  2    8.160436    2.000000    0.000000
  123  1    8.262195    1.000000    0.000000
  124  1    8.264236    1.000000    0.000000
  125  1    8.311640    1.000000    0.000000
  126  1    8.313495    1.000000    0.000000
  127  1    8.345792    1.000000    0.000000
  128  1    8.348594    1.000000    0.000000
  129  1    8.361029    1.000000    0.000000
  130  1    8.369095    1.000000    0.000000
  131  1    8.430997    1.000000    0.000000
  132  1    8.435759    1.000000    0.000000
  133  1    8.579691    1.000000    0.000000
  134  1    8.592592    1.000000    0.000000
  135  1    8.725109    1.000000    0.000000
  136  1    8.752838    1.000000    0.000000
  2
    1    2
    1  4  -45.944856    4.000000    0.000000    0.000000    0.000000
    5  4  -45.388167    4.000000    0.000000    0.000000    0.000000
    9  4  -45.037330    4.000000    0.000000    0.000000   -0.000000
   13  4  -41.612504    4.000000    0.000000    0.000000   -0.000000
   17  4  -41.240749    4.000000    0.000000    0.000000   -0.000001
   21  4  -40.879443    4.000000    0.000000    0.000000   -0.000000
   25  2  -36.822164    2.000000    0.000000    0.000000    0.000002
   27  2  -36.818394    2.000000    0.000000    0.000000   -0.000005
   29  2  -18.099446    2.000000    0.000000    0.000000    0.000000
   31  2  -18.086528    2.000000    0.000000    0.000000    0.000000
   33  2  -17.731014    2.000000    0.000000    0.000000    0.000000
   35  2  -17.717894    2.000000    0.000000    0.000000   -0.000000
   37  2  -17.716587    2.000000    0.000000    0.000000    0.000000
   39  2  -17.704355    2.000000    0.000000    0.000000    0.000000
   41  2   -5.666746    2.000000    0.000000    0.000000    0.000000
   43  2   -5.664865    2.000000    0.000000    0.000000    0.000001
   45  4   -5.507535    4.000000    0.000000    0.000000    0.000000
   49  2    0.238462    2.000000    0.000000    0.000000    0.000001
   51  2    0.473734    2.000000    0.000000    0.000000   -0.000002
   53  2    0.576565    2.000000    0.000000    0.000000    0.000000
   55  2    0.756714    2.000000    0.000000    0.000000    0.000000
   57  2    1.555718    2.000000    0.000000    0.000000   -0.000001
   59  2    1.665163    2.000000    0.000000    0.000000    0.000001
   61  2    1.734264    2.000000    0.000000    0.000000   -0.000000
   63  2    1.833891    2.000000    0.000000    0.000000    0.000001
   65  2    1.942161    2.000000    0.000000    0.000000   -0.000000
   67  2    1.978049    2.000000    0.000000    0.000000   -0.000000
   69  2    2.061460    2.000000    0.000000    0.000000    0.000000
   71  2    2.077146    2.000000    0.000000    0.000000   -0.000001
   73  2    2.287226    2.000000    0.000000    0.000000    0.000000
   75  2    2.404226    2.000000    0.000000    0.000000    0.000000
   77  2    2.688557    2.000000    0.000000    0.000000   -0.000000
   79  2    2.762832    2.000000    0.000000    0.000000   -0.000000
   81  2    3.121026    2.000000    0.000000    0.000000    0.000003
   83  2    3.463438    2.000000    0.000000    0.000000   -0.000001
   85  2    3.520670    2.000000    0.000000    0.000000    0.000000
   87  2    3.656739    2.000000    0.000000    0.000000    0.000000
   89  2    3.991809    2.000000    0.000000    0.000000   -0.000001
   91  2    4.204964    2.000000    0.000000    0.000000    0.000001
   93  2    5.063557    2.000000    0.000000    0.000000   -0.000000
   95  2    5.276295    2.000000    0.000000    0.000000   -0.000001
   97  2    5.598235    2.000000    0.000000    0.000000    0.000000
   99  2    5.740190    2.000000    0.000000    0.000000    0.000002
  101  2    5.758506    2.000000    0.000000    0.000000   -0.000001
  103  2    5.846695    2.000000    0.000000    0.000000    0.000000
  105  2    5.865815    2.000000    0.000000    0.000000    0.000001
  107  2    6.029171    2.000000    0.000000    0.000000   -0.000002
  109  2    6.436495    2.000000    0.000000    0.000000   -0.000010
  111  2    6.457730    2.000000    0.000000    0.000000   -0.000000
  113  2    6.719677    2.000000    0.000000    0.000000    0.000005
  115  2    7.261214    2.000000    0.000000    0.000000   -0.000089
  117  2    7.403158    2.000000    0.000000    0.000000   -0.000062
  119  2    7.465871    2.000000    0.000000    0.000000   -0.000014
  121  1    8.160389    1.000000    0.000000    0.000000    0.345153
  122  1    8.162499    1.000000    0.000000    0.000000   -0.333842
  123  1    8.261929    1.000000    0.000000    0.000000   -0.580280
  124  1    8.263692    1.000000    0.000000    0.000000    0.571027
  125  2    8.311572    2.000000    0.000000    0.000000    0.002630
  127  1    8.344393    1.000000    0.000000    0.000000   -0.210988
  128  1    8.346222    1.000000    0.000000    0.000000    0.256605
  129  1    8.361173    1.000000    0.000000    0.000000   -0.256607
  130  1    8.364603    1.000000    0.000000    0.000000    0.221464
  131  1    8.429654    1.000000    0.000000    0.000000   -0.015949
  132  1    8.442346    1.000000    0.000000    0.000000    0.057471
  133  1    8.581855    1.000000    0.000000    0.000000   -0.331157
  134  1    8.616386    1.000000    0.000000    0.000000   -0.064035
  135  1    8.719689    1.000000    0.000000    0.000000   -0.168989
  136  1    8.758950    1.000000    0.000000    0.000000    0.542570
  1
    1
    1  4  -45.944859    4.000000    0.000000
    5  4  -45.388170    4.000000    0.000000
    9  4  -45.037332    4.000000    0.000000
   13  4  -41.612507    4.000000    0.000000
   17  4  -41.240753    4.000000    0.000000
   21  4  -40.879446    4.000000    0.000000
   25  2  -36.822165    2.000000    0.000000
   27  2  -36.818395    2.000000    0.000000
   29  2  -18.099451    2.000000    0.000000
   31  2  -18.086534    2.000000    0.000000
   33  2  -17.731025    2.000000    0.000000
   35  2  -17.717887    2.000000    0.000000
   37  2  -17.716588    2.000000    0.000000
   39  2  -17.704372    2.000000    0.000000
   41  2   -5.667508    2.000000    0.000000
   43  2   -5.664138    2.000000    0.000000
   45  2   -5.510992    2.000000    0.000000
   47  2   -5.503374    2.000000    0.000000
   49  2    0.208998    2.000000    0.000000
   51  2    0.516815    2.000000    0.000000
   53  2    0.572325    2.000000    0.000000
   55  2    0.755300    2.000000    0.000000
   57  2    1.612617    2.000000    0.000000
   59  2    1.634743    2.000000    0.000000
   61  2    1.750850    2.000000    0.000000
   63  2    1.803842    2.000000    0.000000
   65  2    1.913382    2.000000    0.000000
   67  2    1.977963    2.000000    0.000000
   69  2    2.040966    2.000000    0.000000
   71  2    2.092141    2.000000    0.000000
   73  2    2.314918    2.000000    0.000000
   75  2    2.364967    2.000000    0.000000
   77  2    2.643366    2.000000    0.000000
   79  2    2.812424    2.000000    0.000000
   81  2    3.178310    2.000000    0.000000
   83  2    3.397845    2.000000    0.000000
   85  2    3.529996    2.000000    0.000000
   87  2    3.681602    2.000000    0.000000
   89  2    3.954394    2.000000    0.000000
   91  2    4.190020    2.000000    0.000000
   93  2    5.045198    2.000000    0.000000
   95  2    5.487952    2.000000    0.000000
   97  2    5.509811    2.000000    0.000000
   99  2    5.724885    2.000000    0.000000
  101  2    5.762371    2.000000    0.000000
  103  2    5.840203    2.000000    0.000000
  105  2    5.874054    2.000000    0.000000
  107  2    6.128314    2.000000    0.000000
  109  2    6.354855    2.000000    0.000000
  111  2    6.586006    2.000000    0.000000
  113  2    6.594925    2.000000    0.000000
  115  2    7.241820    2.000000    0.000000
  117  2    7.328109    2.000000    0.000000
  119  2    7.542414    2.000000    0.000000
  121  2    7.875409    2.000000    0.000000
  123  2    8.123696    2.000000    0.000000
  125  2    8.228051    2.000000    0.000000
  127  2    8.351692    2.000000    0.000000
  129  2    8.399399    2.000000    0.000000
  131  2    8.414316    2.000000    0.000000
  133  2    8.500118    2.000000    0.000000
  135  2    8.714822    2.000000    0.000000
  2
    1    2
    1  4  -45.944859    4.000000    0.000000    0.000000    0.000000
    5  4  -45.388169    4.000000    0.000000    0.000000   -0.000001
    9  4  -45.037332    4.000000    0.000000    0.000000    0.000000
   13  4  -41.612508    4.000000    0.000000    0.000000    0.000000
   17  4  -41.240753    4.000000    0.000000    0.000000    0.000001
   21  4  -40.879446    4.000000    0.000000    0.000000   -0.000000
   25  2  -36.822165    2.000000    0.000000    0.000000    0.000001
   27  2  -36.818395    2.000000    0.000000    0.000000   -0.000001
   29  2  -18.099451    2.000000    0.000000    0.000000    0.000000
   31  2  -18.086534    2.000000    0.000000    0.000000    0.000000
   33  2  -17.731019    2.000000    0.000000    0.000000    0.000000
   35  2  -17.717899    2.000000    0.000000    0.000000    0.000000
   37  2  -17.716593    2.000000    0.000000    0.000000   -0.000000
   39  2  -17.704361    2.000000    0.000000    0.000000    0.000000
   41  2   -5.667492    2.000000    0.000000    0.000000    0.000000
   43  2   -5.664119    2.000000    0.000000    0.000000   -0.000000
   45  2   -5.510980    2.000000    0.000000    0.000000   -0.000000
   47  2   -5.503366    2.000000    0.000000    0.000000    0.000000
   49  2    0.209116    2.000000    0.000000    0.000000   -0.000002
   51  2    0.516937    2.000000    0.000000    0.000000    0.000000
   53  2    0.572364    2.000000    0.000000    0.000000    0.000001
   55  2    0.755383    2.000000    0.000000    0.000000    0.000000
   57  2    1.612656    2.000000    0.000000    0.000000   -0.000000
   59  2    1.634785    2.000000    0.000000    0.000000    0.000000
   61  2    1.750837    2.000000    0.000000    0.000000    0.000000
   63  2    1.803840    2.000000    0.000000    0.000000   -0.000003
   65  2    1.913354    2.000000    0.000000    0.000000    0.000000
   67  2    1.978023    2.000000    0.000000    0.000000   -0.000000
   69  2    2.041030    2.000000    0.000000    0.000000   -0.000001
   71  2    2.092118    2.000000    0.000000    0.000000    0.000003
   73  2    2.314961    2.000000    0.000000    0.000000    0.000002
   75  2    2.365028    2.000000    0.000000    0.000000    0.000000
   77  2    2.643394    2.000000    0.000000    0.000000   -0.000000
   79  2    2.812475    2.000000    0.000000    0.000000    0.000002
   81  2    3.178342    2.000000    0.000000    0.000000   -0.000000
   83  2    3.397820    2.000000    0.000000    0.000000   -0.000000
   85  2    3.529933    2.000000    0.000000    0.000000    0.000001
   87  2    3.681651    2.000000    0.000000    0.000000   -0.000000
   89  2    3.954461    2.000000    0.000000    0.000000   -0.000000
   91  2    4.190026    2.000000    0.000000    0.000000    0.000000
   93  2    5.045240    2.000000    0.000000    0.000000    0.000001
   95  2    5.487995    2.000000    0.000000    0.000000    0.000003
   97  2    5.509878    2.000000    0.000000    0.000000   -0.000000
   99  2    5.724914    2.000000    0.000000    0.000000    0.000013
  101  2    5.762412    2.000000    0.000000    0.000000    0.000002
  103  2    5.840224    2.000000    0.000000    0.000000    0.000003
  105  2    5.874082    2.000000    0.000000    0.000000   -0.000001
  107  2    6.128345    2.000000    0.000000    0.000000   -0.000003
  109  2    6.354888    2.000000    0.000000    0.000000   -0.000001
  111  2    6.586024    2.000000    0.000000    0.000000   -0.000009
  113  2    6.594885    2.000000    0.000000    0.000000   -0.000001
  115  2    7.241882    2.000000    0.000000    0.000000    0.000043
  117  2    7.328146    2.000000    0.000000    0.000000    0.000076
  119  2    7.542399    2.000000    0.000000    0.000000   -0.000033
  121  2    7.875505    2.000000    0.000000    0.000000   -0.000268
  123  2    8.123696    2.000000    0.000000    0.000000   -0.000398
  125  2    8.228085    2.000000    0.000000    0.000000    0.004327
  127  1    8.351980    1.000000    0.000000    0.000000    0.482368
  128  1    8.353099    1.000000    0.000000    0.000000   -0.472404
  129  1    8.399386    1.000000    0.000000    0.000000   -0.293323
  130  1    8.402241    1.000000    0.000000    0.000000    0.301357
  131  1    8.414394    1.000000    0.000000    0.000000    0.465974
  132  1    8.417195    1.000000    0.000000    0.000000   -0.475112
  133  1    8.500123    1.000000    0.000000    0.000000    0.230443
  134  1    8.505320    1.000000    0.000000    0.000000   -0.243605
  135  1    8.715015    1.000000    0.000000    0.000000    0.073153
  136  1    8.733590    1.000000    0.000000    0.000000   -0.088720
