  117  176
  1
  2
  1  0  0  0  1  0  0  0  1    0.000000    0.000000    0.000000    1.000000    0.000000    0.000000    0.000000    0.000000    0.000000    1.000000    0.000000  1
 -1  0  0  0 -1  0  0  0 -1    0.000000    0.000000    0.000000    1.000000    0.000000    0.000000    0.000000    0.000000    0.000000    1.000000    0.000000  1
  8
    0.000000    0.000000    0.000000
    0.500000    0.500000    0.500000
    0.000000    0.500000    0.500000
    0.500000    0.000000    0.500000
    0.500000    0.500000    0.000000
    0.500000    0.000000    0.000000
    0.000000    0.500000    0.000000
    0.000000    0.000000    0.500000
  2
    1    2
    1  1  -40.217541    1.000000    0.000000    1.000000    0.000000
    2  1  -40.213069    1.000000    0.000000   -1.000000    0.000000
    3  2  -40.183467    2.000000    0.000000    0.000000    0.000000
    5  1  -40.072021    1.000000    0.000000   -1.000000    0.000000
    6  1  -39.907031    1.000000    0.000000    1.000000    0.000000
    7  1  -39.903612    1.000000    0.000000   -1.000000    0.000000
    8  2  -39.883935    2.000000    0.000000    0.000000    0.000000
   10  1  -39.774614    1.000000    0.000000   -1.000000    0.000000
   11  1  -39.468974    1.000000    0.000000    1.000000    0.000000
   12  1  -39.463835    1.000000    0.000000   -1.000000    0.000000
   13  2  -39.431709    2.000000    0.000000    0.000000    0.000000
   15  1  -39.309046    1.000000    0.000000   -1.000000    0.000000
   16  2  -37.237705    2.000000    0.000000    0.000000    0.000000
   18  1  -37.160674    1.000000    0.000000    1.000000    0.000000
   19  1  -37.154939    1.000000    0.000000   -1.000000    0.000000
   20  1  -37.101082    1.000000    0.000000   -1.000000    0.000000
   21  1  -36.889963    1.000000    0.000000    1.000000    0.000000
   22  1  -36.885429    1.000000    0.000000   -1.000000    0.000000
   23  2  -36.834356    2.000000    0.000000    0.000000    0.000000
   25  1  -36.778808    1.000000    0.000000   -1.000000    0.000000
   26  2  -36.644829    2.000000    0.000000    0.000000    0.000000
   28  1  -36.571194    1.000000    0.000000    1.000000    0.000000
   29  1  -36.565021    1.000000    0.000000   -1.000000    0.000000
   30  1  -36.481395    1.000000    0.000000   -1.000000    0.000000
   31  1  -22.789071    1.000000    0.000000    1.000000    0.000000
   32  1  -22.782720    1.000000    0.000000    1.000000    0.000000
   33  1   -9.725582    1.000000    0.000000    1.000000    0.000000
   34  1   -9.719634    1.000000    0.000000    1.000000    0.000000
   35  1   -8.890492    1.000000    0.000000    1.000000    0.000000
   36  1   -8.862229    1.000000    0.000000    1.000000    0.000000
   37  1   -8.807102    1.000000    0.000000   -1.000000    0.000000
   38  1   -8.790341    1.000000    0.000000   -1.000000    0.000000
   39  1   -8.685952    1.000000    0.000000    1.000000    0.000000
   40  1   -8.616793    1.000000    0.000000    1.000000    0.000000
   41  1   -8.365802    1.000000    0.000000   -1.000000    0.000000
   42  1   -8.357363    1.000000    0.000000   -1.000000    0.000000
   43  1   -8.345424    1.000000    0.000000   -1.000000    0.000000
   44  1   -8.336452    1.000000    0.000000   -1.000000    0.000000
   45  1   -7.964405    1.000000    0.000000   -1.000000    0.000000
   46  1   -7.918916    1.000000    0.000000    1.000000    0.000000
   47  1   -7.903713    1.000000    0.000000    1.000000    0.000000
   48  1   -7.876423    1.000000    0.000000   -1.000000    0.000000
   49  1   -7.281385    1.000000    0.000000   -1.000000    0.000000
   50  1   -7.274563    1.000000    0.000000   -1.000000    0.000000
   51  1   -6.520465    1.000000    0.000000   -1.000000    0.000000
   52  1   -6.516597    1.000000    0.000000   -1.000000    0.000000
   53  1   -6.366838    1.000000    0.000000   -1.000000    0.000000
   54  1   -6.362170    1.000000    0.000000   -1.000000    0.000000
   55  1   -0.887439    1.000000    0.000000    1.000000    0.000000
   56  1   -0.761626    1.000000    0.000000    1.000000    0.000000
   57  1   -0.588183    1.000000    0.000000    1.000000    0.000000
   58  1   -0.451127    1.000000    0.000000    1.000000    0.000000
   59  1   -0.367572    1.000000    0.000000   -1.000000    0.000000
   60  1   -0.323475    1.000000    0.000000    1.000000    0.000000
   61  1   -0.279984    1.000000    0.000000   -1.000000    0.000000
   62  1   -0.272409    1.000000    0.000000    1.000000    0.000000
   63  1   -0.112535    1.000000    0.000000   -1.000000    0.000000
   64  1   -0.067914    1.000000    0.000000   -1.000000    0.000000
   65  1    0.420833    1.000000    0.000000   -1.000000    0.000000
   66  1    0.425452    1.000000    0.000000    1.000000    0.000000
   67  1    0.491953    1.000000    0.000000   -1.000000    0.000000
   68  1    0.512568    1.000000    0.000000    1.000000    0.000000
   69  1    1.016813    1.000000    0.000000    1.000000    0.000000
   70  1    1.044044    1.000000    0.000000   -1.000000    0.000000
   71  1    1.069467    1.000000    0.000000    1.000000    0.000000
   72  1    1.096785    1.000000    0.000000    1.000000    0.000000
   73  1    1.234599    1.000000    0.000000   -1.000000    0.000000
   74  1    1.273739    1.000000    0.000000    1.000000    0.000000
   75  1    1.296163    1.000000    0.000000   -1.000000    0.000000
   76  1    1.307969    1.000000    0.000000   -1.000000    0.000000
   77  1    1.326855    1.000000    0.000000    1.000000    0.000000
   78  1    1.480624    1.000000    0.000000    1.000000    0.000000
   79  1    1.635079    1.000000    0.000000   -1.000000    0.000000
   80  1    1.647850    1.000000    0.000000    1.000000    0.000000
   81  1    1.656516    1.000000    0.000000   -1.000000    0.000000
   82  1    1.855620    1.000000    0.000000    1.000000    0.000000
   83  1    1.903987    1.000000    0.000000    1.000000    0.000000
   84  1    1.995527    1.000000    0.000000    1.000000    0.000000
   85  1    2.052190    1.000000    0.000000    1.000000    0.000000
   86  1    2.192005    1.000000    0.000000    1.000000    0.000000
   87  1    2.208681    1.000000    0.000000   -1.000000    0.000000
   88  1    2.292665    1.000000    0.000000    1.000000    0.000000
   89  1    2.305789    1.000000    0.000000   -1.000000    0.000000
   90  1    2.347888    1.000000    0.000000    1.000000    0.000000
   91  1    2.396935    1.000000    0.000000    1.000000    0.000000
   92  1    2.445549    1.000000    0.000000   -1.000000    0.000000
   93  1    2.475180    1.000000    0.000000    1.000000    0.000000
   94  1    2.678987    1.000000    0.000000   -1.000000    0.000000
   95  1    2.820919    1.000000    0.000000   -1.000000    0.000000
   96  1    2.920922    1.000000    0.000000    1.000000    0.000000
   97  1    3.010286    1.000000    0.000000   -1.000000    0.000000
   98  1    3.058755    1.000000    0.000000    1.000000    0.000000
   99  1    3.095756    1.000000    0.000000    1.000000    0.000000
  100  1    3.140306    1.000000    0.000000   -1.000000    0.000000
  101  1    3.148441    1.000000    0.000000    1.000000    0.000000
  102  1    3.358546    1.000000    0.000000   -1.000000    0.000000
  103  1    3.396405    1.000000    0.000000    1.000000    0.000000
  104  1    3.551672    1.000000    0.000000    1.000000    0.000000
  105  1    3.566866    1.000000    0.000000   -1.000000    0.000000
  106  1    3.644851    1.000000    0.000000   -1.000000    0.000000
  107  1    3.666044    1.000000    0.000000   -1.000000    0.000000
  108  1    3.714929    1.000000    0.000000   -1.000000    0.000000
  109  1    3.731484    1.000000    0.000000    1.000000    0.000000
  110  1    3.794708    1.000000    0.000000    1.000000    0.000000
  111  1    3.901470    1.000000    0.000000   -1.000000    0.000000
  112  1    3.966408    1.000000    0.000000    1.000000    0.000000
  113  1    4.020239    1.000000    0.000000   -1.000000    0.000000
  114  1    4.274405    1.000000    0.000000   -1.000000    0.000000
  115  1    4.337289    1.000000    0.000000   -1.000000    0.000000
  116  1    4.376047    1.000000    0.000000   -1.000000    0.000000
  117  1    4.529838    1.000000    0.000000   -1.000000    0.000000
  118  1    5.038630    1.000000    0.000000    1.000000    0.000000
  119  1    5.167266    1.000000    0.000000    1.000000    0.000000
  120  1    5.234286    1.000000    0.000000   -1.000000    0.000000
  121  1    5.296993    1.000000    0.000000    1.000000    0.000000
  122  1    5.341554    1.000000    0.000000    1.000000    0.000000
  123  1    5.514403    1.000000    0.000000   -1.000000    0.000000
  124  1    5.596767    1.000000    0.000000    1.000000    0.000000
  125  1    5.653683    1.000000    0.000000   -1.000000    0.000000
  126  1    5.678888    1.000000    0.000000    1.000000    0.000000
  127  1    5.823585    1.000000    0.000000    1.000000    0.000000
  128  1    5.875919    1.000000    0.000000   -1.000000    0.000000
  129  1    5.932240    1.000000    0.000000   -1.000000    0.000000
  130  1    5.984744    1.000000    0.000000    1.000000    0.000000
  131  1    6.071688    1.000000    0.000000    1.000000    0.000000
  132  1    6.125669    1.000000    0.000000   -1.000000    0.000000
  133  1    6.128917    1.000000    0.000000    1.000000    0.000000
  134  1    6.229974    1.000000    0.000000   -1.000000    0.000000
  135  1    6.329940    1.000000    0.000000   -1.000000    0.000000
  136  1    6.365129    1.000000    0.000000    1.000000    0.000000
  137  1    6.377475    1.000000    0.000000   -1.000000    0.000000
  138  1    6.392035    1.000000    0.000000   -1.000000    0.000000
  139  1    6.611576    1.000000    0.000000    1.000000    0.000000
  140  1    6.676575    1.000000    0.000000    1.000000    0.000000
  141  1    6.755007    1.000000    0.000000    1.000000    0.000000
  142  1    6.799409    1.000000    0.000000    1.000000    0.000000
  143  1    6.825007    1.000000    0.000000    1.000000    0.000000
  144  1    6.969761    1.000000    0.000000   -1.000000    0.000000
  145  1    7.366795    1.000000    0.000000   -1.000000    0.000000
  146  1    7.413575    1.000000    0.000000   -1.000000    0.000000
  147  1    7.431967    1.000000    0.000000    1.000000    0.000000
  148  1    7.591926    1.000000    0.000000    1.000000    0.000000
  149  1    7.661058    1.000000    0.000000   -1.000000    0.000000
  150  1    7.669713    1.000000    0.000000    1.000000    0.000000
  151  1    7.814658    1.000000    0.000000    1.000000    0.000000
  152  1    7.826713    1.000000    0.000000    1.000000    0.000000
  153  1    7.831512    1.000000    0.000000    1.000000    0.000000
  154  1    8.104807    1.000000    0.000000    1.000000    0.000000
  155  1    9.140618    1.000000    0.000000    0.999998    0.000000
  156  1    9.184292    1.000000    0.000000    0.999998    0.000000
  157  1    9.338756    1.000000    0.000000    0.999993    0.000000
  158  1    9.391425    1.000000    0.000000   -0.999949    0.000000
  159  1    9.415435    1.000000    0.000000   -0.999972    0.000000
  160  1    9.567239    1.000000    0.000000    0.999995    0.000000
  161  1    9.601634    1.000000    0.000000   -0.999981    0.000000
  162  1    9.668681    1.000000    0.000000   -0.999904    0.000000
  163  1    9.685445    1.000000    0.000000    0.999960    0.000000
  164  1    9.750612    1.000000    0.000000    0.999950    0.000000
  165  1    9.940044    1.000000    0.000000   -0.997956    0.000000
  166  1   10.263253    1.000000    0.000000   -0.730242    0.000000
  167  1   10.322789    1.000000    0.000000   -0.325590    0.000000
  168  1   10.357045    1.000000    0.000000   -0.983969    0.000000
  169  1   10.575845    1.000000    0.000000    0.995064    0.000000
  170  1   10.707383    1.000000    0.000000    0.997824    0.000000
  171  1   10.762370    1.000000    0.000000   -0.977980    0.000000
  172  1   10.896474    1.000000    0.000000   -0.980097    0.000000
  173  1   11.016921    1.000000    0.000000    0.926751    0.000000
  174  1   11.271958    1.000000    0.000000   -0.002645    0.000000
  175  1   11.343661    1.000000    0.000000    0.473451    0.000000
  176  1   11.444313    1.000000    0.000000   -0.363769    0.000000
  2
    1    2
    1  2  -40.219415    2.000000    0.000000    0.000000    0.000000
    3  2  -40.187404    2.000000    0.000000    0.000000    0.000000
    5  1  -40.076566    1.000000    0.000000   -1.000000    0.000000
    6  2  -39.905305    2.000000    0.000000    0.000000    0.000000
    8  2  -39.883573    2.000000    0.000000    0.000000    0.000000
   10  1  -39.774356    1.000000    0.000000   -1.000000    0.000000
   11  2  -39.470805    2.000000    0.000000    0.000000    0.000000
   13  2  -39.436168    2.000000    0.000000    0.000000    0.000000
   15  1  -39.312975    1.000000    0.000000   -1.000000    0.000000
   16  2  -37.241789    2.000000    0.000000    0.000000    0.000000
   18  2  -37.162536    2.000000    0.000000    0.000000    0.000000
   20  1  -37.106074    1.000000    0.000000   -1.000000    0.000000
   21  1  -36.887652    1.000000    0.000000    1.000000    0.000000
   22  1  -36.886603    1.000000    0.000000   -1.000000    0.000000
   23  2  -36.833750    2.000000    0.000000    0.000000    0.000000
   25  1  -36.779321    1.000000    0.000000   -1.000000    0.000000
   26  2  -36.650973    2.000000    0.000000    0.000000    0.000000
   28  2  -36.573861    2.000000    0.000000    0.000000    0.000000
   30  1  -36.485809    1.000000    0.000000   -1.000000    0.000000
   31  1  -22.721243    1.000000    0.000000    1.000000    0.000000
   32  1  -22.714886    1.000000    0.000000    1.000000    0.000000
   33  1   -8.501068    1.000000    0.000000   -1.000000    0.000000
   34  1   -8.492654    1.000000    0.000000    1.000000    0.000000
   35  1   -8.485068    1.000000    0.000000   -1.000000    0.000000
   36  1   -8.464659    1.000000    0.000000    1.000000    0.000000
   37  1   -8.406201    1.000000    0.000000   -1.000000    0.000000
   38  1   -8.405194    1.000000    0.000000   -1.000000    0.000000
   39  1   -8.204327    1.000000    0.000000    1.000000    0.000000
   40  1   -8.193991    1.000000    0.000000    1.000000    0.000000
   41  1   -8.103453    1.000000    0.000000   -1.000000    0.000000
   42  1   -8.049361    1.000000    0.000000   -1.000000    0.000000
   43  1   -8.025835    1.000000    0.000000    1.000000    0.000000
   44  1   -7.960081    1.000000    0.000000    1.000000    0.000000
   45  1   -7.855991    1.000000    0.000000    1.000000    0.000000
   46  1   -7.854932    1.000000    0.000000    1.000000    0.000000
   47  1   -7.833445    1.000000    0.000000   -1.000000    0.000000
   48  1   -7.806170    1.000000    0.000000   -1.000000    0.000000
   49  1   -7.507078    1.000000    0.000000   -1.000000    0.000000
   50  1   -7.501580    1.000000    0.000000   -1.000000    0.000000
   51  1   -6.771735    1.000000    0.000000   -1.000000    0.000000
   52  1   -6.768158    1.000000    0.000000   -1.000000    0.000000
   53  1   -6.486488    1.000000    0.000000   -1.000000    0.000000
   54  1   -6.482843    1.000000    0.000000   -1.000000    0.000000
   55  1   -1.280697    1.000000    0.000000    1.000000    0.000000
   56  1   -1.245682    1.000000    0.000000    1.000000    0.000000
   57  1   -1.167682    1.000000    0.000000   -1.000000    0.000000
   58  1   -1.131390    1.000000    0.000000   -1.000000    0.000000
   59  1   -0.838103    1.000000    0.000000    1.000000    0.000000
   60  1   -0.635685    1.000000    0.000000    1.000000    0.000000
   61  1   -0.512982    1.000000    0.000000   -1.000000    0.000000
   62  1   -0.482429    1.000000    0.000000   -1.000000    0.000000
   63  1   -0.400391    1.000000    0.000000    1.000000    0.000000
   64  1   -0.294088    1.000000    0.000000    1.000000    0.000000
   65  1   -0.003685    1.000000    0.000000   -1.000000    0.000000
   66  1    0.010807    1.000000    0.000000   -1.000000    0.000000
   67  1    0.298733    1.000000    0.000000    1.000000    0.000000
   68  1    0.346254    1.000000    0.000000   -1.000000    0.000000
   69  1    0.403718    1.000000    0.000000    1.000000    0.000000
   70  1    0.446625    1.000000    0.000000   -1.000000    0.000000
   71  1    0.669292    1.000000    0.000000    1.000000    0.000000
   72  1    0.775852    1.000000    0.000000    1.000000    0.000000
   73  1    0.786603    1.000000    0.000000   -1.000000    0.000000
   74  1    0.915948    1.000000    0.000000   -1.000000    0.000000
   75  1    1.037222    1.000000    0.000000   -1.000000    0.000000
   76  1    1.071047    1.000000    0.000000    1.000000    0.000000
   77  1    1.080941    1.000000    0.000000   -1.000000    0.000000
   78  1    1.176250    1.000000    0.000000    1.000000    0.000000
   79  1    1.228933    1.000000    0.000000    1.000000    0.000000
   80  1    1.280551    1.000000    0.000000    1.000000    0.000000
   81  1    1.410671    1.000000    0.000000   -1.000000    0.000000
   82  1    1.423147    1.000000    0.000000    1.000000    0.000000
   83  1    1.490846    1.000000    0.000000    1.000000    0.000000
   84  1    1.583273    1.000000    0.000000   -1.000000    0.000000
   85  1    1.629684    1.000000    0.000000   -1.000000    0.000000
   86  1    1.647644    1.000000    0.000000    1.000000    0.000000
   87  1    1.678805    1.000000    0.000000   -1.000000    0.000000
   88  1    1.747891    1.000000    0.000000    1.000000    0.000000
   89  1    1.871605    1.000000    0.000000    1.000000    0.000000
   90  1    1.885368    1.000000    0.000000   -1.000000    0.000000
   91  1    1.931974    1.000000    0.000000    1.000000    0.000000
   92  1    1.994195    1.000000    0.000000   -1.000000    0.000000
   93  1    2.018104    1.000000    0.000000    1.000000    0.000000
   94  1    2.211929    1.000000    0.000000    1.000000    0.000000
   95  1    2.268262    1.000000    0.000000   -1.000000    0.000000
   96  1    2.297600    1.000000    0.000000    1.000000    0.000000
   97  1    2.335781    1.000000    0.000000   -1.000000    0.000000
   98  1    2.464562    1.000000    0.000000   -1.000000    0.000000
   99  1    2.469917    1.000000    0.000000    1.000000    0.000000
  100  1    2.512371    1.000000    0.000000   -1.000000    0.000000
  101  1    2.699118    1.000000    0.000000   -1.000000    0.000000
  102  1    2.738126    1.000000    0.000000   -1.000000    0.000000
  103  1    3.019066    1.000000    0.000000    1.000000    0.000000
  104  1    3.091385    1.000000    0.000000    1.000000    0.000000
  105  1    3.283375    1.000000    0.000000   -1.000000    0.000000
  106  1    3.323866    1.000000    0.000000   -1.000000    0.000000
  107  1    3.432513    1.000000    0.000000    1.000000    0.000000
  108  1    3.452297    1.000000    0.000000   -1.000000    0.000000
  109  1    3.455381    1.000000    0.000000    1.000000    0.000000
  110  1    3.493290    1.000000    0.000000    1.000000    0.000000
  111  1    3.513073    1.000000    0.000000   -1.000000    0.000000
  112  1    3.525674    1.000000    0.000000    1.000000    0.000000
  113  1    3.558232    1.000000    0.000000    1.000000    0.000000
  114  1    3.615012    1.000000    0.000000    1.000000    0.000000
  115  1    3.635336    1.000000    0.000000   -1.000000    0.000000
  116  1    3.943941    1.000000    0.000000    1.000000    0.000000
  117  1    4.044463    1.000000    0.000000   -1.000000    0.000000
  118  1    4.857155    1.000000    0.000000    1.000000    0.000000
  119  1    5.020506    1.000000    0.000000   -1.000000    0.000000
  120  1    5.069545    1.000000    0.000000    1.000000    0.000000
  121  1    5.232514    1.000000    0.000000    1.000000    0.000000
  122  1    5.295081    1.000000    0.000000   -1.000000    0.000000
  123  1    5.445371    1.000000    0.000000    1.000000    0.000000
  124  1    5.488561    1.000000    0.000000   -1.000000    0.000000
  125  1    5.620865    1.000000    0.000000   -1.000000    0.000000
  126  1    5.683235    1.000000    0.000000    1.000000    0.000000
  127  1    5.708765    1.000000    0.000000    1.000000    0.000000
  128  1    6.009147    1.000000    0.000000    1.000000    0.000000
  129  1    6.048534    1.000000    0.000000   -1.000000    0.000000
  130  1    6.103180    1.000000    0.000000   -1.000000    0.000000
  131  1    6.127701    1.000000    0.000000    1.000000    0.000000
  132  1    6.249072    1.000000    0.000000   -1.000000    0.000000
  133  1    6.290293    1.000000    0.000000    1.000000    0.000000
  134  1    6.306085    1.000000    0.000000   -1.000000    0.000000
  135  1    6.332701    1.000000    0.000000    1.000000    0.000000
  136  1    6.347945    1.000000    0.000000    1.000000    0.000000
  137  1    6.365546    1.000000    0.000000   -1.000000    0.000000
  138  1    6.408960    1.000000    0.000000    1.000000    0.000000
  139  1    6.425412    1.000000    0.000000    1.000000    0.000000
  140  1    6.529830    1.000000    0.000000   -1.000000    0.000000
  141  1    6.585358    1.000000    0.000000    1.000000    0.000000
  142  1    6.712897    1.000000    0.000000    1.000000    0.000000
  143  1    6.962044    1.000000    0.000000    1.000000    0.000000
  144  1    7.128310    1.000000    0.000000   -1.000000    0.000000
  145  1    7.211938    1.000000    0.000000   -1.000000    0.000000
  146  1    7.279035    1.000000    0.000000    1.000000    0.000000
  147  1    7.386195    1.000000    0.000000    1.000000    0.000000
  148  1    7.448556    1.000000    0.000000   -1.000000    0.000000
  149  1    7.521660    1.000000    0.000000    1.000000    0.000000
  150  1    7.565955    1.000000    0.000000   -1.000000    0.000000
  151  1    7.633528    1.000000    0.000000    1.000000    0.000000
  152  1    7.962597    1.000000    0.000000    1.000000    0.000000
  153  1    8.548699    1.000000    0.000000    0.999998    0.000000
  154  1    8.569121    1.000000    0.000000    0.999996    0.000000
  155  1    9.349876    1.000000    0.000000    0.999976    0.000000
  156  1    9.378112    1.000000    0.000000    0.999982    0.000000
  157  1    9.481781    1.000000    0.000000   -0.999979    0.000000
  158  1    9.533002    1.000000    0.000000   -0.999982    0.000000
  159  1    9.678194    1.000000    0.000000    0.999892    0.000000
  160  1    9.750817    1.000000    0.000000   -0.999930    0.000000
  161  1    9.855777    1.000000    0.000000    0.999981    0.000000
  162  1    9.948710    1.000000    0.000000   -0.999897    0.000000
  163  1   10.070976    1.000000    0.000000    0.999766    0.000000
  164  1   10.151060    1.000000    0.000000    0.999856    0.000000
  165  1   10.268892    1.000000    0.000000   -0.080500    0.000000
  166  1   10.293593    1.000000    0.000000   -0.327334    0.000000
  167  1   10.412671    1.000000    0.000000    0.911755    0.000000
  168  1   10.501286    1.000000    0.000000   -0.977411    0.000000
  169  1   10.571109    1.000000    0.000000    0.986176    0.000000
  170  1   10.751584    1.000000    0.000000    0.384821    0.000000
  171  1   10.838351    1.000000    0.000000    0.088280    0.000000
  172  1   10.987767    1.000000    0.000000   -0.049384    0.000000
  173  1   11.086896    1.000000    0.000000   -0.542094    0.000000
  174  1   11.127474    1.000000    0.000000    0.277708    0.000000
  175  1   11.162484    1.000000    0.000000    0.856206    0.000000
  176  1   11.326923    1.000000    0.000000    0.303664    0.000000
  2
    1    2
    1  1  -40.217539    1.000000    0.000000    1.000000    0.000000
    2  1  -40.213072    1.000000    0.000000   -1.000000    0.000000
    3  2  -40.183475    2.000000    0.000000    0.000000    0.000000
    5  1  -40.072022    1.000000    0.000000   -1.000000    0.000000
    6  1  -39.907039    1.000000    0.000000   -1.000000    0.000000
    7  1  -39.903605    1.000000    0.000000    1.000000    0.000000
    8  2  -39.883941    2.000000    0.000000    0.000000    0.000000
   10  1  -39.774614    1.000000    0.000000   -1.000000    0.000000
   11  1  -39.468972    1.000000    0.000000    1.000000    0.000000
   12  1  -39.463837    1.000000    0.000000   -1.000000    0.000000
   13  2  -39.431713    2.000000    0.000000    0.000000    0.000000
   15  1  -39.309047    1.000000    0.000000   -1.000000    0.000000
   16  2  -37.237715    2.000000    0.000000    0.000000    0.000000
   18  1  -37.160674    1.000000    0.000000    1.000000    0.000000
   19  1  -37.154943    1.000000    0.000000   -1.000000    0.000000
   20  1  -37.101082    1.000000    0.000000   -1.000000    0.000000
   21  1  -36.889902    1.000000    0.000000   -1.000000    0.000000
   22  1  -36.885494    1.000000    0.000000    1.000000    0.000000
   23  2  -36.834368    2.000000    0.000000    0.000000    0.000000
   25  1  -36.778810    1.000000    0.000000   -1.000000    0.000000
   26  2  -36.644828    2.000000    0.000000    0.000000    0.000000
   28  1  -36.571192    1.000000    0.000000    1.000000    0.000000
   29  1  -36.565026    1.000000    0.000000   -1.000000    0.000000
   30  1  -36.481399    1.000000    0.000000   -1.000000    0.000000
   31  1  -22.789070    1.000000    0.000000   -1.000000    0.000000
   32  1  -22.782718    1.000000    0.000000   -1.000000    0.000000
   33  1   -9.432674    1.000000    0.000000    1.000000    0.000000
   34  1   -9.428461    1.000000    0.000000   -1.000000    0.000000
   35  1   -9.427066    1.000000    0.000000   -1.000000    0.000000
   36  1   -9.417591    1.000000    0.000000    1.000000    0.000000
   37  1   -8.935123    1.000000    0.000000    1.000000    0.000000
   38  1   -8.932996    1.000000    0.000000    1.000000    0.000000
   39  1   -8.490333    1.000000    0.000000   -1.000000    0.000000
   40  1   -8.464719    1.000000    0.000000   -1.000000    0.000000
   41  1   -8.278448    1.000000    0.000000    1.000000    0.000000
   42  1   -8.270832    1.000000    0.000000    1.000000    0.000000
   43  1   -8.083419    1.000000    0.000000   -1.000000    0.000000
   44  1   -8.064561    1.000000    0.000000   -1.000000    0.000000
   45  1   -8.002396    1.000000    0.000000    1.000000    0.000000
   46  1   -7.998150    1.000000    0.000000    1.000000    0.000000
   47  1   -7.918359    1.000000    0.000000   -1.000000    0.000000
   48  1   -7.826350    1.000000    0.000000   -1.000000    0.000000
   49  1   -7.314432    1.000000    0.000000    1.000000    0.000000
   50  1   -7.311458    1.000000    0.000000    1.000000    0.000000
   51  1   -6.550942    1.000000    0.000000    1.000000    0.000000
   52  1   -6.547687    1.000000    0.000000    1.000000    0.000000
   53  1   -6.373740    1.000000    0.000000    1.000000    0.000000
   54  1   -6.369238    1.000000    0.000000    1.000000    0.000000
   55  1   -1.209516    1.000000    0.000000    1.000000    0.000000
   56  1   -1.181104    1.000000    0.000000   -1.000000    0.000000
   57  1   -1.158165    1.000000    0.000000    1.000000    0.000000
   58  1   -1.105459    1.000000    0.000000   -1.000000    0.000000
   59  1   -0.338881    1.000000    0.000000    1.000000    0.000000
   60  1   -0.197837    1.000000    0.000000    1.000000    0.000000
   61  1   -0.083952    1.000000    0.000000   -1.000000    0.000000
   62  1   -0.038888    1.000000    0.000000   -1.000000    0.000000
   63  1    0.264055    1.000000    0.000000    1.000000    0.000000
   64  1    0.348541    1.000000    0.000000    1.000000    0.000000
   65  1    0.600093    1.000000    0.000000   -1.000000    0.000000
   66  1    0.682752    1.000000    0.000000    1.000000    0.000000
   67  1    0.867077    1.000000    0.000000   -1.000000    0.000000
   68  1    1.016777    1.000000    0.000000   -1.000000    0.000000
   69  1    1.109312    1.000000    0.000000    1.000000    0.000000
   70  1    1.118590    1.000000    0.000000   -1.000000    0.000000
   71  1    1.125849    1.000000    0.000000   -1.000000    0.000000
   72  1    1.161356    1.000000    0.000000    1.000000    0.000000
   73  1    1.169335    1.000000    0.000000    1.000000    0.000000
   74  1    1.225384    1.000000    0.000000   -1.000000    0.000000
   75  1    1.286403    1.000000    0.000000    1.000000    0.000000
   76  1    1.344421    1.000000    0.000000    1.000000    0.000000
   77  1    1.390586    1.000000    0.000000    1.000000    0.000000
   78  1    1.639452    1.000000    0.000000   -1.000000    0.000000
   79  1    1.646495    1.000000    0.000000   -1.000000    0.000000
   80  1    1.818622    1.000000    0.000000    1.000000    0.000000
   81  1    1.863270    1.000000    0.000000    1.000000    0.000000
   82  1    1.887247    1.000000    0.000000    1.000000    0.000000
   83  1    1.961994    1.000000    0.000000   -1.000000    0.000000
   84  1    2.025223    1.000000    0.000000    1.000000    0.000000
   85  1    2.114551    1.000000    0.000000   -1.000000    0.000000
   86  1    2.163205    1.000000    0.000000    1.000000    0.000000
   87  1    2.202301    1.000000    0.000000   -1.000000    0.000000
   88  1    2.263573    1.000000    0.000000   -1.000000    0.000000
   89  1    2.311204    1.000000    0.000000    1.000000    0.000000
   90  1    2.398346    1.000000    0.000000   -1.000000    0.000000
   91  1    2.440430    1.000000    0.000000   -1.000000    0.000000
   92  1    2.463501    1.000000    0.000000   -1.000000    0.000000
   93  1    2.543677    1.000000    0.000000    1.000000    0.000000
   94  1    2.591109    1.000000    0.000000   -1.000000    0.000000
   95  1    2.686864    1.000000    0.000000    1.000000    0.000000
   96  1    2.729133    1.000000    0.000000    1.000000    0.000000
   97  1    2.798072    1.000000    0.000000    1.000000    0.000000
   98  1    2.938776    1.000000    0.000000    1.000000    0.000000
   99  1    2.961069    1.000000    0.000000   -1.000000    0.000000
  100  1    3.056452    1.000000    0.000000    1.000000    0.000000
  101  1    3.134172    1.000000    0.000000    1.000000    0.000000
  102  1    3.195094    1.000000    0.000000   -1.000000    0.000000
  103  1    3.220626    1.000000    0.000000    1.000000    0.000000
  104  1    3.236676    1.000000    0.000000   -1.000000    0.000000
  105  1    3.300007    1.000000    0.000000    1.000000    0.000000
  106  1    3.427974    1.000000    0.000000   -1.000000    0.000000
  107  1    3.545302    1.000000    0.000000    1.000000    0.000000
  108  1    3.594346    1.000000    0.000000    1.000000    0.000000
  109  1    3.803639    1.000000    0.000000   -1.000000    0.000000
  110  1    3.880142    1.000000    0.000000   -1.000000    0.000000
  111  1    3.929918    1.000000    0.000000    1.000000    0.000000
  112  1    3.983246    1.000000    0.000000   -1.000000    0.000000
  113  1    4.054822    1.000000    0.000000    1.000000    0.000000
  114  1    4.091247    1.000000    0.000000   -1.000000    0.000000
  115  1    4.180889    1.000000    0.000000    1.000000    0.000000
  116  1    4.383275    1.000000    0.000000   -1.000000    0.000000
  117  1    4.692981    1.000000    0.000000   -1.000000    0.000000
  118  1    5.103309    1.000000    0.000000    1.000000    0.000000
  119  1    5.125725    1.000000    0.000000   -1.000000    0.000000
  120  1    5.242479    1.000000    0.000000    1.000000    0.000000
  121  1    5.291770    1.000000    0.000000    1.000000    0.000000
  122  1    5.350951    1.000000    0.000000    1.000000    0.000000
  123  1    5.465647    1.000000    0.000000   -1.000000    0.000000
  124  1    5.604224    1.000000    0.000000   -1.000000    0.000000
  125  1    5.617980    1.000000    0.000000   -1.000000    0.000000
  126  1    5.634059    1.000000    0.000000    1.000000    0.000000
  127  1    5.763921    1.000000    0.000000    1.000000    0.000000
  128  1    5.796437    1.000000    0.000000   -1.000000    0.000000
  129  1    5.828140    1.000000    0.000000    1.000000    0.000000
  130  1    5.868156    1.000000    0.000000    1.000000    0.000000
  131  1    5.904487    1.000000    0.000000    1.000000    0.000000
  132  1    5.911722    1.000000    0.000000   -1.000000    0.000000
  133  1    6.129042    1.000000    0.000000    1.000000    0.000000
  134  1    6.224777    1.000000    0.000000    1.000000    0.000000
  135  1    6.309758    1.000000    0.000000   -1.000000    0.000000
  136  1    6.331108    1.000000    0.000000    1.000000    0.000000
  137  1    6.380990    1.000000    0.000000   -1.000000    0.000000
  138  1    6.545375    1.000000    0.000000   -1.000000    0.000000
  139  1    6.571980    1.000000    0.000000    1.000000    0.000000
  140  1    6.628151    1.000000    0.000000   -1.000000    0.000000
  141  1    6.660001    1.000000    0.000000    1.000000    0.000000
  142  1    6.761163    1.000000    0.000000    1.000000    0.000000
  143  1    7.031775    1.000000    0.000000    1.000000    0.000000
  144  1    7.105021    1.000000    0.000000   -1.000000    0.000000
  145  1    7.312331    1.000000    0.000000   -1.000000    0.000000
  146  1    7.324970    1.000000    0.000000    1.000000    0.000000
  147  1    7.532211    1.000000    0.000000   -1.000000    0.000000
  148  1    7.540519    1.000000    0.000000   -1.000000    0.000000
  149  1    7.558714    1.000000    0.000000    1.000000    0.000000
  150  1    7.568814    1.000000    0.000000    1.000000    0.000000
  151  1    7.779447    1.000000    0.000000    1.000000    0.000000
  152  1    7.908930    1.000000    0.000000    1.000000    0.000000
  153  1    8.276591    1.000000    0.000000   -0.999999    0.000000
  154  1    8.330919    1.000000    0.000000   -0.999998    0.000000
  155  1    8.629039    1.000000    0.000000   -0.999999    0.000000
  156  1    8.769461    1.000000    0.000000   -0.999999    0.000000
  157  1    9.641697    1.000000    0.000000    0.999953    0.000000
  158  1    9.860741    1.000000    0.000000    0.999864    0.000000
  159  1    9.978038    1.000000    0.000000   -0.999758    0.000000
  160  1   10.084367    1.000000    0.000000   -0.999580    0.000000
  161  1   10.163854    1.000000    0.000000    0.997621    0.000000
  162  1   10.218825    1.000000    0.000000    0.998998    0.000000
  163  1   10.264997    1.000000    0.000000   -0.866979    0.000000
  164  1   10.350741    1.000000    0.000000   -0.990407    0.000000
  165  1   10.443226    1.000000    0.000000   -0.917352    0.000000
  166  1   10.524699    1.000000    0.000000   -0.702655    0.000000
  167  1   10.588792    1.000000    0.000000    0.608313    0.000000
  168  1   10.744796    1.000000    0.000000   -0.956494    0.000000
  169  1   10.772637    1.000000    0.000000    0.222133    0.000000
  170  1   10.890890    1.000000    0.000000    0.909995    0.000000
  171  1   10.932666    1.000000    0.000000    0.748760    0.000000
  172  1   10.955949    1.000000    0.000000   -0.962496    0.000000
  173  1   11.171332    1.000000    0.000000    0.091934    0.000000
  174  1   11.255090    1.000000    0.000000   -0.603015    0.000000
  175  1   11.293848    1.000000    0.000000    0.616367    0.000000
  176  1   11.317206    1.000000    0.000000   -0.552258    0.000000
  2
    1    2
    1  2  -40.219418    2.000000    0.000000    0.000000    0.000000
    3  2  -40.187409    2.000000    0.000000    0.000000    0.000000
    5  1  -40.076570    1.000000    0.000000   -1.000000    0.000000
    6  2  -39.905307    2.000000    0.000000    0.000000    0.000000
    8  2  -39.883576    2.000000    0.000000    0.000000    0.000000
   10  1  -39.774359    1.000000    0.000000   -1.000000    0.000000
   11  2  -39.470807    2.000000    0.000000    0.000000    0.000000
   13  2  -39.436172    2.000000    0.000000    0.000000    0.000000
   15  1  -39.312978    1.000000    0.000000   -1.000000    0.000000
   16  2  -37.241793    2.000000    0.000000    0.000000    0.000000
   18  2  -37.162540    2.000000    0.000000    0.000000    0.000000
   20  1  -37.106079    1.000000    0.000000   -1.000000    0.000000
   21  1  -36.887657    1.000000    0.000000    1.000000    0.000000
   22  1  -36.886604    1.000000    0.000000   -1.000000    0.000000
   23  2  -36.833752    2.000000    0.000000    0.000000    0.000000
   25  1  -36.779325    1.000000    0.000000   -1.000000    0.000000
   26  2  -36.650977    2.000000    0.000000    0.000000    0.000000
   28  2  -36.573865    2.000000    0.000000    0.000000    0.000000
   30  1  -36.485813    1.000000    0.000000   -1.000000    0.000000
   31  1  -22.721243    1.000000    0.000000   -1.000000    0.000000
   32  1  -22.714886    1.000000    0.000000   -1.000000    0.000000
   33  1   -8.513895    1.000000    0.000000   -1.000000    0.000000
   34  1   -8.506038    1.000000    0.000000    1.000000    0.000000
   35  1   -8.500509    1.000000    0.000000   -1.000000    0.000000
   36  1   -8.482645    1.000000    0.000000    1.000000    0.000000
   37  1   -8.377430    1.000000    0.000000   -1.000000    0.000000
   38  1   -8.374858    1.000000    0.000000   -1.000000    0.000000
   39  1   -8.206802    1.000000    0.000000    1.000000    0.000000
   40  1   -8.204681    1.000000    0.000000    1.000000    0.000000
   41  1   -8.092802    1.000000    0.000000    1.000000    0.000000
   42  1   -8.064071    1.000000    0.000000    1.000000    0.000000
   43  1   -8.020098    1.000000    0.000000   -1.000000    0.000000
   44  1   -7.923632    1.000000    0.000000   -1.000000    0.000000
   45  1   -7.905538    1.000000    0.000000    1.000000    0.000000
   46  1   -7.864852    1.000000    0.000000    1.000000    0.000000
   47  1   -7.787725    1.000000    0.000000   -1.000000    0.000000
   48  1   -7.771443    1.000000    0.000000   -1.000000    0.000000
   49  1   -7.527546    1.000000    0.000000    1.000000    0.000000
   50  1   -7.522517    1.000000    0.000000    1.000000    0.000000
   51  1   -6.773906    1.000000    0.000000    1.000000    0.000000
   52  1   -6.769996    1.000000    0.000000    1.000000    0.000000
   53  1   -6.486666    1.000000    0.000000    1.000000    0.000000
   54  1   -6.483038    1.000000    0.000000    1.000000    0.000000
   55  1   -1.329866    1.000000    0.000000    1.000000    0.000000
   56  1   -1.309840    1.000000    0.000000    1.000000    0.000000
   57  1   -1.148045    1.000000    0.000000   -1.000000    0.000000
   58  1   -1.139772    1.000000    0.000000   -1.000000    0.000000
   59  1   -0.603131    1.000000    0.000000    1.000000    0.000000
   60  1   -0.476389    1.000000    0.000000   -1.000000    0.000000
   61  1   -0.472498    1.000000    0.000000    1.000000    0.000000
   62  1   -0.415196    1.000000    0.000000   -1.000000    0.000000
   63  1   -0.332179    1.000000    0.000000    1.000000    0.000000
   64  1   -0.186835    1.000000    0.000000   -1.000000    0.000000
   65  1   -0.159191    1.000000    0.000000    1.000000    0.000000
   66  1   -0.117525    1.000000    0.000000   -1.000000    0.000000
   67  1   -0.112217    1.000000    0.000000    1.000000    0.000000
   68  1   -0.019254    1.000000    0.000000    1.000000    0.000000
   69  1    0.137306    1.000000    0.000000   -1.000000    0.000000
   70  1    0.146690    1.000000    0.000000   -1.000000    0.000000
   71  1    0.894600    1.000000    0.000000    1.000000    0.000000
   72  1    0.967959    1.000000    0.000000   -1.000000    0.000000
   73  1    1.056811    1.000000    0.000000    1.000000    0.000000
   74  1    1.077602    1.000000    0.000000   -1.000000    0.000000
   75  1    1.114848    1.000000    0.000000    1.000000    0.000000
   76  1    1.208938    1.000000    0.000000   -1.000000    0.000000
   77  1    1.242523    1.000000    0.000000   -1.000000    0.000000
   78  1    1.290715    1.000000    0.000000    1.000000    0.000000
   79  1    1.322621    1.000000    0.000000   -1.000000    0.000000
   80  1    1.341581    1.000000    0.000000    1.000000    0.000000
   81  1    1.456350    1.000000    0.000000    1.000000    0.000000
   82  1    1.490822    1.000000    0.000000   -1.000000    0.000000
   83  1    1.529680    1.000000    0.000000    1.000000    0.000000
   84  1    1.576474    1.000000    0.000000   -1.000000    0.000000
   85  1    1.638467    1.000000    0.000000    1.000000    0.000000
   86  1    1.700407    1.000000    0.000000    1.000000    0.000000
   87  1    1.715839    1.000000    0.000000   -1.000000    0.000000
   88  1    1.763181    1.000000    0.000000    1.000000    0.000000
   89  1    1.822477    1.000000    0.000000   -1.000000    0.000000
   90  1    1.839902    1.000000    0.000000    1.000000    0.000000
   91  1    1.841415    1.000000    0.000000   -1.000000    0.000000
   92  1    1.875688    1.000000    0.000000    1.000000    0.000000
   93  1    2.024909    1.000000    0.000000    1.000000    0.000000
   94  1    2.095688    1.000000    0.000000    1.000000    0.000000
   95  1    2.118817    1.000000    0.000000   -1.000000    0.000000
   96  1    2.274915    1.000000    0.000000   -1.000000    0.000000
   97  1    2.308313    1.000000    0.000000    1.000000    0.000000
   98  1    2.327032    1.000000    0.000000   -1.000000    0.000000
   99  1    2.474724    1.000000    0.000000   -1.000000    0.000000
  100  1    2.538926    1.000000    0.000000    1.000000    0.000000
  101  1    2.703375    1.000000    0.000000   -1.000000    0.000000
  102  1    2.777691    1.000000    0.000000   -1.000000    0.000000
  103  1    3.137897    1.000000    0.000000    1.000000    0.000000
  104  1    3.152778    1.000000    0.000000    1.000000    0.000000
  105  1    3.278856    1.000000    0.000000   -1.000000    0.000000
  106  1    3.322536    1.000000    0.000000   -1.000000    0.000000
  107  1    3.399553    1.000000    0.000000    1.000000    0.000000
  108  2    3.464244    2.000000    0.000000    0.000000    0.000000
  110  1    3.496667    1.000000    0.000000    1.000000    0.000000
  111  1    3.512568    1.000000    0.000000   -1.000000    0.000000
  112  1    3.561799    1.000000    0.000000    1.000000    0.000000
  113  1    3.578600    1.000000    0.000000    1.000000    0.000000
  114  1    3.618490    1.000000    0.000000    1.000000    0.000000
  115  1    3.663206    1.000000    0.000000   -1.000000    0.000000
  116  1    4.037247    1.000000    0.000000    1.000000    0.000000
  117  1    4.078188    1.000000    0.000000   -1.000000    0.000000
  118  1    4.824175    1.000000    0.000000    1.000000    0.000000
  119  1    4.951885    1.000000    0.000000   -1.000000    0.000000
  120  1    5.009476    1.000000    0.000000   -1.000000    0.000000
  121  1    5.049526    1.000000    0.000000    1.000000    0.000000
  122  1    5.159412    1.000000    0.000000    1.000000    0.000000
  123  1    5.454914    1.000000    0.000000    1.000000    0.000000
  124  1    5.495991    1.000000    0.000000   -1.000000    0.000000
  125  1    5.541786    1.000000    0.000000   -1.000000    0.000000
  126  1    5.803011    1.000000    0.000000    1.000000    0.000000
  127  1    5.842093    1.000000    0.000000    1.000000    0.000000
  128  1    5.896738    1.000000    0.000000    1.000000    0.000000
  129  1    5.899504    1.000000    0.000000   -1.000000    0.000000
  130  1    5.996227    1.000000    0.000000    1.000000    0.000000
  131  1    6.070272    1.000000    0.000000   -1.000000    0.000000
  132  1    6.232376    1.000000    0.000000    1.000000    0.000000
  133  1    6.246061    1.000000    0.000000   -1.000000    0.000000
  134  1    6.271470    1.000000    0.000000   -1.000000    0.000000
  135  1    6.292634    1.000000    0.000000    1.000000    0.000000
  136  1    6.341625    1.000000    0.000000    1.000000    0.000000
  137  1    6.364998    1.000000    0.000000    1.000000    0.000000
  138  1    6.437191    1.000000    0.000000    1.000000    0.000000
  139  1    6.472803    1.000000    0.000000   -1.000000    0.000000
  140  1    6.515902    1.000000    0.000000   -1.000000    0.000000
  141  1    6.609970    1.000000    0.000000    1.000000    0.000000
  142  1    6.725665    1.000000    0.000000    1.000000    0.000000
  143  1    6.948957    1.000000    0.000000    1.000000    0.000000
  144  1    6.993108    1.000000    0.000000   -1.000000    0.000000
  145  1    7.084197    1.000000    0.000000   -1.000000    0.000000
  146  1    7.359337    1.000000    0.000000   -1.000000    0.000000
  147  1    7.402043    1.000000    0.000000    1.000000    0.000000
  148  1    7.440136    1.000000    0.000000    1.000000    0.000000
  149  1    7.480561    1.000000    0.000000   -1.000000    0.000000
  150  1    7.540761    1.000000    0.000000    1.000000    0.000000
  151  1    7.622151    1.000000    0.000000    1.000000    0.000000
  152  1    8.017439    1.000000    0.000000    1.000000    0.000000
  153  1    8.522866    1.000000    0.000000   -0.999999    0.000000
  154  1    8.703712    1.000000    0.000000   -0.999998    0.000000
  155  1    9.448739    1.000000    0.000000   -0.999981    0.000000
  156  1    9.551845    1.000000    0.000000   -0.999941    0.000000
  157  1    9.632962    1.000000    0.000000   -0.999825    0.000000
  158  1    9.634728    1.000000    0.000000    0.999736    0.000000
  159  1    9.686702    1.000000    0.000000    0.999930    0.000000
  160  1    9.700680    1.000000    0.000000   -0.999925    0.000000
  161  1    9.968176    1.000000    0.000000   -0.999303    0.000000
  162  1   10.039712    1.000000    0.000000    0.999903    0.000000
  163  1   10.057930    1.000000    0.000000   -0.997388    0.000000
  164  1   10.155681    1.000000    0.000000    0.999773    0.000000
  165  1   10.261990    1.000000    0.000000   -0.543030    0.000000
  166  1   10.378901    1.000000    0.000000   -0.988310    0.000000
  167  1   10.413217    1.000000    0.000000   -0.642404    0.000000
  168  1   10.421542    1.000000    0.000000    0.458527    0.000000
  169  1   10.543915    1.000000    0.000000   -0.005657    0.000000
  170  1   10.746873    1.000000    0.000000    0.990193    0.000000
  171  1   10.832478    1.000000    0.000000   -0.969491    0.000000
  172  1   11.011910    1.000000    0.000000   -0.142757    0.000000
  173  1   11.031337    1.000000    0.000000   -0.040617    0.000000
  174  1   11.119013    1.000000    0.000000    0.227519    0.000000
  175  1   11.202164    1.000000    0.000000    0.473078    0.000000
  176  1   11.444368    1.000000    0.000000   -0.472712    0.000000
  2
    1    2
    1  2  -40.219414    2.000000    0.000000    0.000000    0.000000
    3  2  -40.187401    2.000000    0.000000    0.000000    0.000000
    5  1  -40.076566    1.000000    0.000000   -1.000000    0.000000
    6  2  -39.905316    2.000000    0.000000    0.000000    0.000000
    8  2  -39.883572    2.000000    0.000000    0.000000    0.000000
   10  1  -39.774356    1.000000    0.000000   -1.000000    0.000000
   11  2  -39.470804    2.000000    0.000000    0.000000    0.000000
   13  2  -39.436164    2.000000    0.000000    0.000000    0.000000
   15  1  -39.312975    1.000000    0.000000   -1.000000    0.000000
   16  2  -37.241797    2.000000    0.000000    0.000000    0.000000
   18  2  -37.162536    2.000000    0.000000    0.000000    0.000000
   20  1  -37.106074    1.000000    0.000000   -1.000000    0.000000
   21  1  -36.887639    1.000000    0.000000   -1.000000    0.000000
   22  1  -36.886616    1.000000    0.000000    1.000000    0.000000
   23  2  -36.833748    2.000000    0.000000    0.000000    0.000000
   25  1  -36.779321    1.000000    0.000000   -1.000000    0.000000
   26  2  -36.650986    2.000000    0.000000    0.000000    0.000000
   28  2  -36.573862    2.000000    0.000000    0.000000    0.000000
   30  1  -36.485809    1.000000    0.000000   -1.000000    0.000000
   31  1  -22.721243    1.000000    0.000000    1.000000    0.000000
   32  1  -22.714886    1.000000    0.000000    1.000000    0.000000
   33  1   -8.501056    1.000000    0.000000   -1.000000    0.000000
   34  1   -8.492665    1.000000    0.000000    1.000000    0.000000
   35  1   -8.485074    1.000000    0.000000   -1.000000    0.000000
   36  1   -8.464652    1.000000    0.000000    1.000000    0.000000
   37  1   -8.406261    1.000000    0.000000   -1.000000    0.000000
   38  1   -8.405137    1.000000    0.000000   -1.000000    0.000000
   39  1   -8.204325    1.000000    0.000000    1.000000    0.000000
   40  1   -8.193993    1.000000    0.000000    1.000000    0.000000
   41  1   -8.103452    1.000000    0.000000   -1.000000    0.000000
   42  1   -8.049360    1.000000    0.000000   -1.000000    0.000000
   43  1   -8.025841    1.000000    0.000000    1.000000    0.000000
   44  1   -7.960079    1.000000    0.000000    1.000000    0.000000
   45  1   -7.856030    1.000000    0.000000    1.000000    0.000000
   46  1   -7.854894    1.000000    0.000000    1.000000    0.000000
   47  1   -7.833433    1.000000    0.000000   -1.000000    0.000000
   48  1   -7.806180    1.000000    0.000000   -1.000000    0.000000
   49  1   -7.507087    1.000000    0.000000   -1.000000    0.000000
   50  1   -7.501571    1.000000    0.000000   -1.000000    0.000000
   51  1   -6.771734    1.000000    0.000000   -1.000000    0.000000
   52  1   -6.768159    1.000000    0.000000   -1.000000    0.000000
   53  1   -6.486490    1.000000    0.000000   -1.000000    0.000000
   54  1   -6.482842    1.000000    0.000000   -1.000000    0.000000
   55  1   -1.280701    1.000000    0.000000    1.000000    0.000000
   56  1   -1.245679    1.000000    0.000000    1.000000    0.000000
   57  1   -1.167589    1.000000    0.000000   -1.000000    0.000000
   58  1   -1.131485    1.000000    0.000000   -1.000000    0.000000
   59  1   -0.838136    1.000000    0.000000    1.000000    0.000000
   60  1   -0.635612    1.000000    0.000000    1.000000    0.000000
   61  1   -0.512886    1.000000    0.000000   -1.000000    0.000000
   62  1   -0.482489    1.000000    0.000000   -1.000000    0.000000
   63  1   -0.400512    1.000000    0.000000    1.000000    0.000000
   64  1   -0.294033    1.000000    0.000000    1.000000    0.000000
   65  1   -0.003380    1.000000    0.000000   -1.000000    0.000000
   66  1    0.010490    1.000000    0.000000   -1.000000    0.000000
   67  1    0.298525    1.000000    0.000000    1.000000    0.000000
   68  1    0.346209    1.000000    0.000000   -1.000000    0.000000
   69  1    0.404402    1.000000    0.000000    1.000000    0.000000
   70  1    0.446631    1.000000    0.000000   -1.000000    0.000000
   71  1    0.667325    1.000000    0.000000    1.000000    0.000000
   72  1    0.778016    1.000000    0.000000    1.000000    0.000000
   73  1    0.787166    1.000000    0.000000   -1.000000    0.000000
   74  1    0.912959    1.000000    0.000000   -1.000000    0.000000
   75  1    1.042669    1.000000    0.000000   -1.000000    0.000000
   76  1    1.069890    1.000000    0.000000    1.000000    0.000000
   77  1    1.078077    1.000000    0.000000   -1.000000    0.000000
   78  1    1.175080    1.000000    0.000000    1.000000    0.000000
   79  1    1.227452    1.000000    0.000000    1.000000    0.000000
   80  1    1.287068    1.000000    0.000000    1.000000    0.000000
   81  1    1.410357    1.000000    0.000000   -1.000000    0.000000
   82  1    1.413372    1.000000    0.000000    1.000000    0.000000
   83  1    1.496819    1.000000    0.000000    1.000000    0.000000
   84  1    1.588479    1.000000    0.000000   -1.000000    0.000000
   85  1    1.626906    1.000000    0.000000   -1.000000    0.000000
   86  1    1.648342    1.000000    0.000000    1.000000    0.000000
   87  1    1.677496    1.000000    0.000000   -1.000000    0.000000
   88  1    1.749173    1.000000    0.000000    1.000000    0.000000
   89  1    1.868088    1.000000    0.000000    1.000000    0.000000
   90  1    1.884131    1.000000    0.000000   -1.000000    0.000000
   91  1    1.932983    1.000000    0.000000    1.000000    0.000000
   92  1    1.994294    1.000000    0.000000   -1.000000    0.000000
   93  1    2.019088    1.000000    0.000000    1.000000    0.000000
   94  1    2.208331    1.000000    0.000000    1.000000    0.000000
   95  1    2.268198    1.000000    0.000000   -1.000000    0.000000
   96  1    2.305899    1.000000    0.000000    1.000000    0.000000
   97  1    2.333279    1.000000    0.000000   -1.000000    0.000000
   98  1    2.465284    1.000000    0.000000    1.000000    0.000000
   99  1    2.468098    1.000000    0.000000   -1.000000    0.000000
  100  1    2.510674    1.000000    0.000000   -1.000000    0.000000
  101  1    2.700818    1.000000    0.000000   -1.000000    0.000000
  102  1    2.737186    1.000000    0.000000   -1.000000    0.000000
  103  1    3.018816    1.000000    0.000000    1.000000    0.000000
  104  1    3.091458    1.000000    0.000000    1.000000    0.000000
  105  1    3.283482    1.000000    0.000000   -1.000000    0.000000
  106  1    3.324530    1.000000    0.000000   -1.000000    0.000000
  107  1    3.432263    1.000000    0.000000    1.000000    0.000000
  108  1    3.452277    1.000000    0.000000   -1.000000    0.000000
  109  1    3.455454    1.000000    0.000000    1.000000    0.000000
  110  1    3.492718    1.000000    0.000000    1.000000    0.000000
  111  1    3.513127    1.000000    0.000000   -1.000000    0.000000
  112  1    3.525239    1.000000    0.000000    1.000000    0.000000
  113  1    3.559188    1.000000    0.000000    1.000000    0.000000
  114  1    3.615192    1.000000    0.000000    1.000000    0.000000
  115  1    3.634810    1.000000    0.000000   -1.000000    0.000000
  116  1    3.943976    1.000000    0.000000    1.000000    0.000000
  117  1    4.044449    1.000000    0.000000   -1.000000    0.000000
  118  1    4.857324    1.000000    0.000000    1.000000    0.000000
  119  1    5.020926    1.000000    0.000000   -1.000000    0.000000
  120  1    5.069238    1.000000    0.000000    1.000000    0.000000
  121  1    5.232534    1.000000    0.000000    1.000000    0.000000
  122  1    5.294011    1.000000    0.000000   -1.000000    0.000000
  123  1    5.445389    1.000000    0.000000    1.000000    0.000000
  124  1    5.488544    1.000000    0.000000   -1.000000    0.000000
  125  1    5.621491    1.000000    0.000000   -1.000000    0.000000
  126  1    5.684900    1.000000    0.000000    1.000000    0.000000
  127  1    5.707686    1.000000    0.000000    1.000000    0.000000
  128  1    6.008876    1.000000    0.000000    1.000000    0.000000
  129  1    6.049402    1.000000    0.000000   -1.000000    0.000000
  130  1    6.102253    1.000000    0.000000   -1.000000    0.000000
  131  1    6.127578    1.000000    0.000000    1.000000    0.000000
  132  1    6.249141    1.000000    0.000000   -1.000000    0.000000
  133  1    6.290693    1.000000    0.000000    1.000000    0.000000
  134  1    6.305686    1.000000    0.000000   -1.000000    0.000000
  135  1    6.332300    1.000000    0.000000    1.000000    0.000000
  136  1    6.348184    1.000000    0.000000    1.000000    0.000000
  137  1    6.365657    1.000000    0.000000   -1.000000    0.000000
  138  1    6.409930    1.000000    0.000000    1.000000    0.000000
  139  1    6.424119    1.000000    0.000000    1.000000    0.000000
  140  1    6.529967    1.000000    0.000000   -1.000000    0.000000
  141  1    6.585363    1.000000    0.000000    1.000000    0.000000
  142  1    6.712844    1.000000    0.000000    1.000000    0.000000
  143  1    6.962099    1.000000    0.000000    1.000000    0.000000
  144  1    7.129099    1.000000    0.000000   -1.000000    0.000000
  145  1    7.211241    1.000000    0.000000   -1.000000    0.000000
  146  1    7.279077    1.000000    0.000000    1.000000    0.000000
  147  1    7.386720    1.000000    0.000000    1.000000    0.000000
  148  1    7.448205    1.000000    0.000000   -1.000000    0.000000
  149  1    7.521188    1.000000    0.000000    1.000000    0.000000
  150  1    7.566306    1.000000    0.000000   -1.000000    0.000000
  151  1    7.633460    1.000000    0.000000    1.000000    0.000000
  152  1    7.962635    1.000000    0.000000    1.000000    0.000000
  153  1    8.548672    1.000000    0.000000    0.999999    0.000000
  154  1    8.569149    1.000000    0.000000    0.999999    0.000000
  155  1    9.349922    1.000000    0.000000    0.999992    0.000000
  156  1    9.378062    1.000000    0.000000    0.999990    0.000000
  157  1    9.481756    1.000000    0.000000   -0.999985    0.000000
  158  1    9.533046    1.000000    0.000000   -0.999970    0.000000
  159  1    9.678156    1.000000    0.000000    0.999976    0.000000
  160  1    9.750930    1.000000    0.000000   -0.999929    0.000000
  161  1    9.855874    1.000000    0.000000    0.999884    0.000000
  162  1    9.948622    1.000000    0.000000   -0.999821    0.000000
  163  1   10.071188    1.000000    0.000000    0.999871    0.000000
  164  1   10.151057    1.000000    0.000000    0.999668    0.000000
  165  1   10.282064    1.000000    0.000000   -0.645700    0.000000
  166  1   10.292125    1.000000    0.000000    0.606218    0.000000
  167  1   10.413952    1.000000    0.000000    0.964488    0.000000
  168  1   10.505782    1.000000    0.000000   -0.977452    0.000000
  169  1   10.575579    1.000000    0.000000    0.983467    0.000000
  170  1   10.851450    1.000000    0.000000   -0.476656    0.000000
  171  1   11.012417    1.000000    0.000000    0.026947    0.000000
  172  1   11.068716    1.000000    0.000000    0.188103    0.000000
  173  1   11.114013    1.000000    0.000000    0.397874    0.000000
  174  1   11.140415    1.000000    0.000000    0.197616    0.000000
  175  1   11.206380    1.000000    0.000000    0.641388    0.000000
  176  1   11.290965    1.000000    0.000000    0.183768    0.000000
  2
    1    2
    1  2  -40.219419    2.000000    0.000000    0.000000    0.000000
    3  2  -40.187404    2.000000    0.000000    0.000000    0.000000
    5  1  -40.076570    1.000000    0.000000   -1.000000    0.000000
    6  2  -39.905320    2.000000    0.000000    0.000000    0.000000
    8  2  -39.883574    2.000000    0.000000    0.000000    0.000000
   10  1  -39.774359    1.000000    0.000000   -1.000000    0.000000
   11  2  -39.470807    2.000000    0.000000    0.000000    0.000000
   13  2  -39.436166    2.000000    0.000000    0.000000    0.000000
   15  1  -39.312978    1.000000    0.000000   -1.000000    0.000000
   16  2  -37.241802    2.000000    0.000000    0.000000    0.000000
   18  2  -37.162542    2.000000    0.000000    0.000000    0.000000
   20  1  -37.106079    1.000000    0.000000   -1.000000    0.000000
   21  1  -36.887639    1.000000    0.000000   -1.000000    0.000000
   22  1  -36.886620    1.000000    0.000000    1.000000    0.000000
   23  2  -36.833753    2.000000    0.000000    0.000000    0.000000
   25  1  -36.779324    1.000000    0.000000   -1.000000    0.000000
   26  2  -36.650990    2.000000    0.000000    0.000000    0.000000
   28  2  -36.573867    2.000000    0.000000    0.000000    0.000000
   30  1  -36.485813    1.000000    0.000000   -1.000000    0.000000
   31  1  -22.721243    1.000000    0.000000   -1.000000    0.000000
   32  1  -22.714886    1.000000    0.000000   -1.000000    0.000000
   33  1   -8.513887    1.000000    0.000000   -1.000000    0.000000
   34  1   -8.506047    1.000000    0.000000    1.000000    0.000000
   35  1   -8.500511    1.000000    0.000000   -1.000000    0.000000
   36  1   -8.482640    1.000000    0.000000    1.000000    0.000000
   37  1   -8.377435    1.000000    0.000000   -1.000000    0.000000
   38  1   -8.374856    1.000000    0.000000   -1.000000    0.000000
   39  1   -8.206794    1.000000    0.000000    1.000000    0.000000
   40  1   -8.204686    1.000000    0.000000    1.000000    0.000000
   41  1   -8.092798    1.000000    0.000000    1.000000    0.000000
   42  1   -8.064077    1.000000    0.000000    1.000000    0.000000
   43  1   -8.020102    1.000000    0.000000   -1.000000    0.000000
   44  1   -7.923632    1.000000    0.000000   -1.000000    0.000000
   45  1   -7.905520    1.000000    0.000000    1.000000    0.000000
   46  1   -7.864863    1.000000    0.000000    1.000000    0.000000
   47  1   -7.787726    1.000000    0.000000   -1.000000    0.000000
   48  1   -7.771443    1.000000    0.000000   -1.000000    0.000000
   49  1   -7.527568    1.000000    0.000000    1.000000    0.000000
   50  1   -7.522496    1.000000    0.000000    1.000000    0.000000
   51  1   -6.773894    1.000000    0.000000    1.000000    0.000000
   52  1   -6.770007    1.000000    0.000000    1.000000    0.000000
   53  1   -6.486667    1.000000    0.000000    1.000000    0.000000
   54  1   -6.483037    1.000000    0.000000    1.000000    0.000000
   55  1   -1.329977    1.000000    0.000000    1.000000    0.000000
   56  1   -1.309717    1.000000    0.000000    1.000000    0.000000
   57  1   -1.147040    1.000000    0.000000   -1.000000    0.000000
   58  1   -1.140810    1.000000    0.000000   -1.000000    0.000000
   59  1   -0.603188    1.000000    0.000000    1.000000    0.000000
   60  1   -0.476254    1.000000    0.000000   -1.000000    0.000000
   61  1   -0.472410    1.000000    0.000000    1.000000    0.000000
   62  1   -0.415287    1.000000    0.000000   -1.000000    0.000000
   63  1   -0.332390    1.000000    0.000000    1.000000    0.000000
   64  1   -0.186702    1.000000    0.000000   -1.000000    0.000000
   65  1   -0.157325    1.000000    0.000000    1.000000    0.000000
   66  1   -0.117673    1.000000    0.000000   -1.000000    0.000000
   67  1   -0.114368    1.000000    0.000000    1.000000    0.000000
   68  1   -0.018833    1.000000    0.000000    1.000000    0.000000
   69  1    0.137261    1.000000    0.000000   -1.000000    0.000000
   70  1    0.146773    1.000000    0.000000   -1.000000    0.000000
   71  1    0.894879    1.000000    0.000000    1.000000    0.000000
   72  1    0.967643    1.000000    0.000000   -1.000000    0.000000
   73  1    1.055881    1.000000    0.000000    1.000000    0.000000
   74  1    1.077868    1.000000    0.000000   -1.000000    0.000000
   75  1    1.114523    1.000000    0.000000    1.000000    0.000000
   76  1    1.209964    1.000000    0.000000   -1.000000    0.000000
   77  1    1.242000    1.000000    0.000000   -1.000000    0.000000
   78  1    1.290625    1.000000    0.000000    1.000000    0.000000
   79  1    1.321682    1.000000    0.000000   -1.000000    0.000000
   80  1    1.344575    1.000000    0.000000    1.000000    0.000000
   81  1    1.452401    1.000000    0.000000    1.000000    0.000000
   82  1    1.489493    1.000000    0.000000   -1.000000    0.000000
   83  1    1.536209    1.000000    0.000000    1.000000    0.000000
   84  1    1.577254    1.000000    0.000000   -1.000000    0.000000
   85  1    1.631381    1.000000    0.000000    1.000000    0.000000
   86  1    1.706845    1.000000    0.000000    1.000000    0.000000
   87  1    1.716974    1.000000    0.000000   -1.000000    0.000000
   88  1    1.760999    1.000000    0.000000    1.000000    0.000000
   89  1    1.822375    1.000000    0.000000   -1.000000    0.000000
   90  2    1.842126    2.000000    0.000000    0.000000    0.000000
   92  1    1.871708    1.000000    0.000000    1.000000    0.000000
   93  1    2.021607    1.000000    0.000000    1.000000    0.000000
   94  1    2.098041    1.000000    0.000000    1.000000    0.000000
   95  1    2.116662    1.000000    0.000000   -1.000000    0.000000
   96  1    2.278332    1.000000    0.000000   -1.000000    0.000000
   97  1    2.307596    1.000000    0.000000    1.000000    0.000000
   98  1    2.328047    1.000000    0.000000   -1.000000    0.000000
   99  1    2.471416    1.000000    0.000000   -1.000000    0.000000
  100  1    2.541037    1.000000    0.000000    1.000000    0.000000
  101  1    2.704626    1.000000    0.000000   -1.000000    0.000000
  102  1    2.776361    1.000000    0.000000   -1.000000    0.000000
  103  1    3.137660    1.000000    0.000000    1.000000    0.000000
  104  1    3.153343    1.000000    0.000000    1.000000    0.000000
  105  1    3.279230    1.000000    0.000000   -1.000000    0.000000
  106  1    3.322274    1.000000    0.000000   -1.000000    0.000000
  107  1    3.399559    1.000000    0.000000    1.000000    0.000000
  108  1    3.463775    1.000000    0.000000   -1.000000    0.000000
  109  1    3.464893    1.000000    0.000000    1.000000    0.000000
  110  1    3.496277    1.000000    0.000000    1.000000    0.000000
  111  1    3.512739    1.000000    0.000000   -1.000000    0.000000
  112  1    3.560759    1.000000    0.000000    1.000000    0.000000
  113  1    3.578358    1.000000    0.000000    1.000000    0.000000
  114  1    3.619509    1.000000    0.000000    1.000000    0.000000
  115  1    3.663612    1.000000    0.000000   -1.000000    0.000000
  116  1    4.037175    1.000000    0.000000    1.000000    0.000000
  117  1    4.078199    1.000000    0.000000   -1.000000    0.000000
  118  1    4.823960    1.000000    0.000000    1.000000    0.000000
  119  1    4.952020    1.000000    0.000000   -1.000000    0.000000
  120  1    5.009830    1.000000    0.000000   -1.000000    0.000000
  121  1    5.049893    1.000000    0.000000    1.000000    0.000000
  122  1    5.158956    1.000000    0.000000    1.000000    0.000000
  123  1    5.455025    1.000000    0.000000    1.000000    0.000000
  124  1    5.495771    1.000000    0.000000   -1.000000    0.000000
  125  1    5.541859    1.000000    0.000000   -1.000000    0.000000
  126  1    5.803255    1.000000    0.000000    1.000000    0.000000
  127  1    5.841863    1.000000    0.000000    1.000000    0.000000
  128  1    5.897232    1.000000    0.000000    1.000000    0.000000
  129  1    5.899386    1.000000    0.000000   -1.000000    0.000000
  130  1    5.996122    1.000000    0.000000    1.000000    0.000000
  131  1    6.069896    1.000000    0.000000   -1.000000    0.000000
  132  1    6.232093    1.000000    0.000000    1.000000    0.000000
  133  1    6.246136    1.000000    0.000000   -1.000000    0.000000
  134  1    6.271331    1.000000    0.000000   -1.000000    0.000000
  135  1    6.292186    1.000000    0.000000    1.000000    0.000000
  136  1    6.341836    1.000000    0.000000    1.000000    0.000000
  137  1    6.365173    1.000000    0.000000    1.000000    0.000000
  138  1    6.437384    1.000000    0.000000    1.000000    0.000000
  139  1    6.472743    1.000000    0.000000   -1.000000    0.000000
  140  1    6.516439    1.000000    0.000000   -1.000000    0.000000
  141  1    6.609896    1.000000    0.000000    1.000000    0.000000
  142  1    6.725369    1.000000    0.000000    1.000000    0.000000
  143  1    6.949122    1.000000    0.000000    1.000000    0.000000
  144  1    6.992759    1.000000    0.000000   -1.000000    0.000000
  145  1    7.084433    1.000000    0.000000   -1.000000    0.000000
  146  1    7.359015    1.000000    0.000000   -1.000000    0.000000
  147  1    7.402489    1.000000    0.000000    1.000000    0.000000
  148  1    7.438576    1.000000    0.000000    1.000000    0.000000
  149  1    7.480861    1.000000    0.000000   -1.000000    0.000000
  150  1    7.544216    1.000000    0.000000    1.000000    0.000000
  151  1    7.620041    1.000000    0.000000    1.000000    0.000000
  152  1    8.017282    1.000000    0.000000    1.000000    0.000000
  153  1    8.522897    1.000000    0.000000   -0.999999    0.000000
  154  1    8.703690    1.000000    0.000000   -0.999995    0.000000
  155  1    9.448811    1.000000    0.000000   -0.999905    0.000000
  156  1    9.551731    1.000000    0.000000   -0.999967    0.000000
  157  1    9.633099    1.000000    0.000000   -0.999530    0.000000
  158  1    9.634697    1.000000    0.000000    0.999400    0.000000
  159  1    9.686814    1.000000    0.000000    0.999953    0.000000
  160  1    9.700632    1.000000    0.000000   -0.999906    0.000000
  161  1    9.967863    1.000000    0.000000   -0.999413    0.000000
  162  1   10.039773    1.000000    0.000000    0.999250    0.000000
  163  1   10.059031    1.000000    0.000000   -0.997974    0.000000
  164  1   10.155855    1.000000    0.000000    0.998971    0.000000
  165  1   10.275448    1.000000    0.000000   -0.673155    0.000000
  166  1   10.379001    1.000000    0.000000   -0.997693    0.000000
  167  1   10.416256    1.000000    0.000000   -0.939758    0.000000
  168  1   10.430320    1.000000    0.000000    0.826566    0.000000
  169  1   10.738122    1.000000    0.000000    0.956858    0.000000
  170  1   10.826053    1.000000    0.000000   -0.866769    0.000000
  171  1   10.935068    1.000000    0.000000    0.585084    0.000000
  172  1   10.985605    1.000000    0.000000   -0.552169    0.000000
  173  1   11.084183    1.000000    0.000000    0.269446    0.000000
  174  1   11.157100    1.000000    0.000000    0.695205    0.000000
  175  1   11.271265    1.000000    0.000000   -0.026285    0.000000
  176  1   11.384642    1.000000    0.000000   -0.353382    0.000000
  2
    1    2
    1  1  -40.217542    1.000000    0.000000   -1.000000    0.000000
    2  1  -40.213073    1.000000    0.000000    1.000000    0.000000
    3  2  -40.183475    2.000000    0.000000    0.000000    0.000000
    5  1  -40.072025    1.000000    0.000000   -1.000000    0.000000
    6  1  -39.907032    1.000000    0.000000    1.000000    0.000000
    7  1  -39.903609    1.000000    0.000000   -1.000000    0.000000
    8  2  -39.883939    2.000000    0.000000    0.000000    0.000000
   10  1  -39.774613    1.000000    0.000000   -1.000000    0.000000
   11  1  -39.468975    1.000000    0.000000   -1.000000    0.000000
   12  1  -39.463838    1.000000    0.000000    1.000000    0.000000
   13  2  -39.431715    2.000000    0.000000    0.000000    0.000000
   15  1  -39.309048    1.000000    0.000000   -1.000000    0.000000
   16  2  -37.237714    2.000000    0.000000    0.000000    0.000000
   18  1  -37.160680    1.000000    0.000000   -1.000000    0.000000
   19  1  -37.154944    1.000000    0.000000    1.000000    0.000000
   20  1  -37.101086    1.000000    0.000000   -1.000000    0.000000
   21  1  -36.889971    1.000000    0.000000    1.000000    0.000000
   22  1  -36.885431    1.000000    0.000000   -1.000000    0.000000
   23  2  -36.834359    2.000000    0.000000    0.000000    0.000000
   25  1  -36.778813    1.000000    0.000000   -1.000000    0.000000
   26  2  -36.644836    2.000000    0.000000    0.000000    0.000000
   28  1  -36.571197    1.000000    0.000000   -1.000000    0.000000
   29  1  -36.565028    1.000000    0.000000    1.000000    0.000000
   30  1  -36.481399    1.000000    0.000000   -1.000000    0.000000
   31  1  -22.789070    1.000000    0.000000   -1.000000    0.000000
   32  1  -22.782718    1.000000    0.000000   -1.000000    0.000000
   33  1   -9.615748    1.000000    0.000000    1.000000    0.000000
   34  1   -9.610413    1.000000    0.000000    1.000000    0.000000
   35  1   -9.206081    1.000000    0.000000   -1.000000    0.000000
   36  1   -9.205051    1.000000    0.000000   -1.000000    0.000000
   37  1   -8.902640    1.000000    0.000000    1.000000    0.000000
   38  1   -8.879415    1.000000    0.000000    1.000000    0.000000
   39  1   -8.382391    1.000000    0.000000   -1.000000    0.000000
   40  1   -8.347195    1.000000    0.000000   -1.000000    0.000000
   41  1   -8.278678    1.000000    0.000000   -1.000000    0.000000
   42  1   -8.272815    1.000000    0.000000   -1.000000    0.000000
   43  1   -8.220639    1.000000    0.000000    1.000000    0.000000
   44  1   -8.186810    1.000000    0.000000    1.000000    0.000000
   45  1   -8.160536    1.000000    0.000000   -1.000000    0.000000
   46  1   -8.155952    1.000000    0.000000   -1.000000    0.000000
   47  1   -7.855163    1.000000    0.000000    1.000000    0.000000
   48  1   -7.810110    1.000000    0.000000    1.000000    0.000000
   49  1   -7.289259    1.000000    0.000000    1.000000    0.000000
   50  1   -7.281371    1.000000    0.000000    1.000000    0.000000
   51  1   -6.533173    1.000000    0.000000    1.000000    0.000000
   52  1   -6.528209    1.000000    0.000000    1.000000    0.000000
   53  1   -6.369932    1.000000    0.000000    1.000000    0.000000
   54  1   -6.365173    1.000000    0.000000    1.000000    0.000000
   55  1   -1.383267    1.000000    0.000000    1.000000    0.000000
   56  1   -1.246060    1.000000    0.000000    1.000000    0.000000
   57  1   -0.594662    1.000000    0.000000    1.000000    0.000000
   58  1   -0.421860    1.000000    0.000000    1.000000    0.000000
   59  1   -0.331794    1.000000    0.000000   -1.000000    0.000000
   60  1   -0.307068    1.000000    0.000000   -1.000000    0.000000
   61  1   -0.043526    1.000000    0.000000    1.000000    0.000000
   62  1   -0.020990    1.000000    0.000000   -1.000000    0.000000
   63  1    0.011666    1.000000    0.000000   -1.000000    0.000000
   64  1    0.064473    1.000000    0.000000    1.000000    0.000000
   65  1    0.389240    1.000000    0.000000   -1.000000    0.000000
   66  1    0.400428    1.000000    0.000000   -1.000000    0.000000
   67  1    0.704966    1.000000    0.000000   -1.000000    0.000000
   68  1    0.722040    1.000000    0.000000   -1.000000    0.000000
   69  1    0.897664    1.000000    0.000000    1.000000    0.000000
   70  1    1.009080    1.000000    0.000000    1.000000    0.000000
   71  1    1.087879    1.000000    0.000000    1.000000    0.000000
   72  1    1.126162    1.000000    0.000000    1.000000    0.000000
   73  1    1.175153    1.000000    0.000000   -1.000000    0.000000
   74  1    1.303224    1.000000    0.000000    1.000000    0.000000
   75  1    1.318744    1.000000    0.000000   -1.000000    0.000000
   76  1    1.414174    1.000000    0.000000   -1.000000    0.000000
   77  1    1.460474    1.000000    0.000000    1.000000    0.000000
   78  1    1.599316    1.000000    0.000000    1.000000    0.000000
   79  1    1.636772    1.000000    0.000000    1.000000    0.000000
   80  1    1.839711    1.000000    0.000000    1.000000    0.000000
   81  1    1.856921    1.000000    0.000000   -1.000000    0.000000
   82  1    1.914096    1.000000    0.000000    1.000000    0.000000
   83  1    2.075072    1.000000    0.000000   -1.000000    0.000000
   84  1    2.156338    1.000000    0.000000   -1.000000    0.000000
   85  1    2.158628    1.000000    0.000000    1.000000    0.000000
   86  1    2.197937    1.000000    0.000000   -1.000000    0.000000
   87  1    2.236128    1.000000    0.000000    1.000000    0.000000
   88  1    2.274314    1.000000    0.000000    1.000000    0.000000
   89  1    2.283461    1.000000    0.000000   -1.000000    0.000000
   90  1    2.301218    1.000000    0.000000   -1.000000    0.000000
   91  1    2.377222    1.000000    0.000000   -1.000000    0.000000
   92  1    2.486597    1.000000    0.000000   -1.000000    0.000000
   93  1    2.568535    1.000000    0.000000    1.000000    0.000000
   94  1    2.635692    1.000000    0.000000   -1.000000    0.000000
   95  1    2.651283    1.000000    0.000000    1.000000    0.000000
   96  1    2.690080    1.000000    0.000000    1.000000    0.000000
   97  1    2.904078    1.000000    0.000000   -1.000000    0.000000
   98  1    2.918541    1.000000    0.000000    1.000000    0.000000
   99  1    2.977150    1.000000    0.000000    1.000000    0.000000
  100  1    2.986264    1.000000    0.000000   -1.000000    0.000000
  101  1    3.159683    1.000000    0.000000   -1.000000    0.000000
  102  1    3.327402    1.000000    0.000000    1.000000    0.000000
  103  1    3.408722    1.000000    0.000000    1.000000    0.000000
  104  1    3.453642    1.000000    0.000000    1.000000    0.000000
  105  1    3.488782    1.000000    0.000000    1.000000    0.000000
  106  1    3.506567    1.000000    0.000000   -1.000000    0.000000
  107  1    3.600522    1.000000    0.000000    1.000000    0.000000
  108  1    3.669075    1.000000    0.000000   -1.000000    0.000000
  109  1    3.679254    1.000000    0.000000   -1.000000    0.000000
  110  1    3.723219    1.000000    0.000000    1.000000    0.000000
  111  1    3.804722    1.000000    0.000000    1.000000    0.000000
  112  1    3.857110    1.000000    0.000000   -1.000000    0.000000
  113  1    3.903168    1.000000    0.000000    1.000000    0.000000
  114  1    4.030636    1.000000    0.000000    1.000000    0.000000
  115  1    4.163972    1.000000    0.000000   -1.000000    0.000000
  116  1    4.261721    1.000000    0.000000   -1.000000    0.000000
  117  1    4.364878    1.000000    0.000000   -1.000000    0.000000
  118  1    5.224221    1.000000    0.000000   -1.000000    0.000000
  119  1    5.396387    1.000000    0.000000    1.000000    0.000000
  120  1    5.449492    1.000000    0.000000   -1.000000    0.000000
  121  1    5.473865    1.000000    0.000000    1.000000    0.000000
  122  1    5.483654    1.000000    0.000000    1.000000    0.000000
  123  1    5.521999    1.000000    0.000000    1.000000    0.000000
  124  1    5.573323    1.000000    0.000000    1.000000    0.000000
  125  1    5.625303    1.000000    0.000000    1.000000    0.000000
  126  1    5.670200    1.000000    0.000000   -1.000000    0.000000
  127  1    5.731895    1.000000    0.000000   -1.000000    0.000000
  128  1    5.840234    1.000000    0.000000   -1.000000    0.000000
  129  1    5.946150    1.000000    0.000000    1.000000    0.000000
  130  1    5.975536    1.000000    0.000000   -1.000000    0.000000
  131  1    6.053098    1.000000    0.000000    1.000000    0.000000
  132  1    6.070208    1.000000    0.000000   -1.000000    0.000000
  133  1    6.102069    1.000000    0.000000    1.000000    0.000000
  134  1    6.163526    1.000000    0.000000    1.000000    0.000000
  135  1    6.204496    1.000000    0.000000   -1.000000    0.000000
  136  1    6.245352    1.000000    0.000000   -1.000000    0.000000
  137  1    6.376944    1.000000    0.000000    1.000000    0.000000
  138  1    6.510749    1.000000    0.000000    1.000000    0.000000
  139  1    6.602632    1.000000    0.000000   -1.000000    0.000000
  140  1    6.671613    1.000000    0.000000    1.000000    0.000000
  141  1    6.697020    1.000000    0.000000    1.000000    0.000000
  142  1    6.759158    1.000000    0.000000    1.000000    0.000000
  143  1    6.820512    1.000000    0.000000   -1.000000    0.000000
  144  1    7.382568    1.000000    0.000000    1.000000    0.000000
  145  1    7.546929    1.000000    0.000000    1.000000    0.000000
  146  1    7.549680    1.000000    0.000000   -1.000000    0.000000
  147  1    7.629509    1.000000    0.000000   -1.000000    0.000000
  148  1    7.655616    1.000000    0.000000    1.000000    0.000000
  149  1    7.701693    1.000000    0.000000    1.000000    0.000000
  150  1    7.721890    1.000000    0.000000   -1.000000    0.000000
  151  1    7.797633    1.000000    0.000000    1.000000    0.000000
  152  1    7.803886    1.000000    0.000000    1.000000    0.000000
  153  1    8.087323    1.000000    0.000000   -1.000000    0.000000
  154  1    8.120387    1.000000    0.000000   -1.000000    0.000000
  155  1    9.328034    1.000000    0.000000   -0.999998    0.000000
  156  1    9.341112    1.000000    0.000000   -0.999997    0.000000
  157  1    9.388690    1.000000    0.000000    0.999982    0.000000
  158  1    9.474604    1.000000    0.000000   -0.999991    0.000000
  159  1    9.477191    1.000000    0.000000   -0.999998    0.000000
  160  1    9.496481    1.000000    0.000000    0.999998    0.000000
  161  1    9.596875    1.000000    0.000000    0.999996    0.000000
  162  1    9.719063    1.000000    0.000000    0.999993    0.000000
  163  1    9.940721    1.000000    0.000000   -0.999900    0.000000
  164  1    9.965849    1.000000    0.000000   -0.998961    0.000000
  165  1   10.056567    1.000000    0.000000   -0.999455    0.000000
  166  1   10.152790    1.000000    0.000000    0.997928    0.000000
  167  1   10.266972    1.000000    0.000000   -0.573346    0.000000
  168  1   10.294960    1.000000    0.000000   -0.832630    0.000000
  169  1   10.302359    1.000000    0.000000    0.376306    0.000000
  170  1   10.431488    1.000000    0.000000    0.896844    0.000000
  171  1   10.503386    1.000000    0.000000    0.947932    0.000000
  172  1   10.517132    1.000000    0.000000    0.871745    0.000000
  173  1   10.662347    1.000000    0.000000    0.994104    0.000000
  174  1   10.693630    1.000000    0.000000   -0.998694    0.000000
  175  1   10.747601    1.000000    0.000000   -0.999181    0.000000
  176  1   11.675222    1.000000    0.000000    0.505478    0.000000
  2
    1    2
    1  1  -40.217544    1.000000    0.000000   -1.000000    0.000000
    2  1  -40.213072    1.000000    0.000000    1.000000    0.000000
    3  2  -40.183479    2.000000    0.000000    0.000000    0.000000
    5  1  -40.072023    1.000000    0.000000   -1.000000    0.000000
    6  1  -39.907039    1.000000    0.000000   -1.000000    0.000000
    7  1  -39.903601    1.000000    0.000000    1.000000    0.000000
    8  2  -39.883941    2.000000    0.000000    0.000000    0.000000
   10  1  -39.774612    1.000000    0.000000   -1.000000    0.000000
   11  1  -39.468976    1.000000    0.000000   -1.000000    0.000000
   12  1  -39.463838    1.000000    0.000000    1.000000    0.000000
   13  2  -39.431716    2.000000    0.000000    0.000000    0.000000
   15  1  -39.309047    1.000000    0.000000   -1.000000    0.000000
   16  2  -37.237723    2.000000    0.000000    0.000000    0.000000
   18  1  -37.160674    1.000000    0.000000   -1.000000    0.000000
   19  1  -37.154940    1.000000    0.000000    1.000000    0.000000
   20  1  -37.101084    1.000000    0.000000   -1.000000    0.000000
   21  1  -36.889911    1.000000    0.000000   -1.000000    0.000000
   22  1  -36.885489    1.000000    0.000000    1.000000    0.000000
   23  2  -36.834360    2.000000    0.000000    0.000000    0.000000
   25  1  -36.778812    1.000000    0.000000   -1.000000    0.000000
   26  2  -36.644834    2.000000    0.000000    0.000000    0.000000
   28  1  -36.571193    1.000000    0.000000   -1.000000    0.000000
   29  1  -36.565023    1.000000    0.000000    1.000000    0.000000
   30  1  -36.481398    1.000000    0.000000   -1.000000    0.000000
   31  1  -22.789071    1.000000    0.000000    1.000000    0.000000
   32  1  -22.782719    1.000000    0.000000    1.000000    0.000000
   33  1   -9.589935    1.000000    0.000000   -1.000000    0.000000
   34  1   -9.587860    1.000000    0.000000   -1.000000    0.000000
   35  1   -9.306004    1.000000    0.000000    1.000000    0.000000
   36  1   -9.286773    1.000000    0.000000    1.000000    0.000000
   37  1   -8.749606    1.000000    0.000000   -1.000000    0.000000
   38  1   -8.700845    1.000000    0.000000   -1.000000    0.000000
   39  1   -8.555996    1.000000    0.000000    1.000000    0.000000
   40  1   -8.504129    1.000000    0.000000    1.000000    0.000000
   41  1   -8.328299    1.000000    0.000000   -1.000000    0.000000
   42  1   -8.295552    1.000000    0.000000   -1.000000    0.000000
   43  1   -8.156729    1.000000    0.000000   -1.000000    0.000000
   44  1   -8.136583    1.000000    0.000000   -1.000000    0.000000
   45  1   -8.046235    1.000000    0.000000    1.000000    0.000000
   46  1   -8.012045    1.000000    0.000000    1.000000    0.000000
   47  1   -7.944435    1.000000    0.000000    1.000000    0.000000
   48  1   -7.879311    1.000000    0.000000    1.000000    0.000000
   49  1   -7.296516    1.000000    0.000000   -1.000000    0.000000
   50  1   -7.294003    1.000000    0.000000   -1.000000    0.000000
   51  1   -6.532771    1.000000    0.000000   -1.000000    0.000000
   52  1   -6.530233    1.000000    0.000000   -1.000000    0.000000
   53  1   -6.368163    1.000000    0.000000   -1.000000    0.000000
   54  1   -6.363560    1.000000    0.000000   -1.000000    0.000000
   55  1   -1.228032    1.000000    0.000000    1.000000    0.000000
   56  1   -1.123334    1.000000    0.000000    1.000000    0.000000
   57  1   -0.736412    1.000000    0.000000   -1.000000    0.000000
   58  1   -0.680022    1.000000    0.000000   -1.000000    0.000000
   59  1   -0.633590    1.000000    0.000000    1.000000    0.000000
   60  1   -0.517823    1.000000    0.000000    1.000000    0.000000
   61  1   -0.003234    1.000000    0.000000   -1.000000    0.000000
   62  1    0.061414    1.000000    0.000000   -1.000000    0.000000
   63  1    0.096820    1.000000    0.000000    1.000000    0.000000
   64  1    0.356981    1.000000    0.000000    1.000000    0.000000
   65  1    0.368794    1.000000    0.000000   -1.000000    0.000000
   66  1    0.403108    1.000000    0.000000   -1.000000    0.000000
   67  1    0.806257    1.000000    0.000000   -1.000000    0.000000
   68  1    0.949909    1.000000    0.000000   -1.000000    0.000000
   69  1    0.984952    1.000000    0.000000    1.000000    0.000000
   70  1    1.052692    1.000000    0.000000   -1.000000    0.000000
   71  1    1.111696    1.000000    0.000000   -1.000000    0.000000
   72  1    1.203076    1.000000    0.000000    1.000000    0.000000
   73  1    1.277854    1.000000    0.000000    1.000000    0.000000
   74  1    1.298135    1.000000    0.000000    1.000000    0.000000
   75  1    1.312289    1.000000    0.000000    1.000000    0.000000
   76  1    1.493140    1.000000    0.000000   -1.000000    0.000000
   77  1    1.570394    1.000000    0.000000    1.000000    0.000000
   78  1    1.672450    1.000000    0.000000   -1.000000    0.000000
   79  1    1.710820    1.000000    0.000000   -1.000000    0.000000
   80  1    1.750771    1.000000    0.000000    1.000000    0.000000
   81  1    1.762360    1.000000    0.000000   -1.000000    0.000000
   82  1    1.847486    1.000000    0.000000    1.000000    0.000000
   83  1    1.880064    1.000000    0.000000    1.000000    0.000000
   84  1    2.050455    1.000000    0.000000   -1.000000    0.000000
   85  1    2.149520    1.000000    0.000000   -1.000000    0.000000
   86  1    2.167687    1.000000    0.000000    1.000000    0.000000
   87  1    2.293578    1.000000    0.000000   -1.000000    0.000000
   88  1    2.305691    1.000000    0.000000   -1.000000    0.000000
   89  1    2.346881    1.000000    0.000000    1.000000    0.000000
   90  1    2.348964    1.000000    0.000000   -1.000000    0.000000
   91  1    2.423952    1.000000    0.000000   -1.000000    0.000000
   92  1    2.452704    1.000000    0.000000    1.000000    0.000000
   93  1    2.524863    1.000000    0.000000    1.000000    0.000000
   94  1    2.546882    1.000000    0.000000   -1.000000    0.000000
   95  1    2.745588    1.000000    0.000000   -1.000000    0.000000
   96  1    2.756485    1.000000    0.000000    1.000000    0.000000
   97  1    2.808913    1.000000    0.000000   -1.000000    0.000000
   98  1    2.873325    1.000000    0.000000    1.000000    0.000000
   99  1    2.915768    1.000000    0.000000    1.000000    0.000000
  100  1    2.927873    1.000000    0.000000   -1.000000    0.000000
  101  1    3.022214    1.000000    0.000000    1.000000    0.000000
  102  1    3.140111    1.000000    0.000000   -1.000000    0.000000
  103  1    3.268566    1.000000    0.000000    1.000000    0.000000
  104  1    3.290111    1.000000    0.000000   -1.000000    0.000000
  105  1    3.373075    1.000000    0.000000    1.000000    0.000000
  106  1    3.515986    1.000000    0.000000    1.000000    0.000000
  107  1    3.538113    1.000000    0.000000    1.000000    0.000000
  108  1    3.664282    1.000000    0.000000    1.000000    0.000000
  109  1    3.733189    1.000000    0.000000    1.000000    0.000000
  110  1    3.864686    1.000000    0.000000   -1.000000    0.000000
  111  1    3.932835    1.000000    0.000000    1.000000    0.000000
  112  1    4.014828    1.000000    0.000000    1.000000    0.000000
  113  1    4.051276    1.000000    0.000000    1.000000    0.000000
  114  1    4.064238    1.000000    0.000000   -1.000000    0.000000
  115  1    4.140695    1.000000    0.000000   -1.000000    0.000000
  116  1    4.215235    1.000000    0.000000    1.000000    0.000000
  117  1    4.270573    1.000000    0.000000   -1.000000    0.000000
  118  1    5.170615    1.000000    0.000000    1.000000    0.000000
  119  1    5.349914    1.000000    0.000000    1.000000    0.000000
  120  1    5.426274    1.000000    0.000000   -1.000000    0.000000
  121  1    5.440810    1.000000    0.000000    1.000000    0.000000
  122  1    5.475717    1.000000    0.000000    1.000000    0.000000
  123  1    5.601926    1.000000    0.000000   -1.000000    0.000000
  124  1    5.638243    1.000000    0.000000   -1.000000    0.000000
  125  1    5.661761    1.000000    0.000000    1.000000    0.000000
  126  1    5.712441    1.000000    0.000000    1.000000    0.000000
  127  1    5.717098    1.000000    0.000000   -1.000000    0.000000
  128  1    5.817914    1.000000    0.000000   -1.000000    0.000000
  129  1    5.859043    1.000000    0.000000    1.000000    0.000000
  130  1    5.938509    1.000000    0.000000    1.000000    0.000000
  131  1    6.061824    1.000000    0.000000   -1.000000    0.000000
  132  1    6.119563    1.000000    0.000000   -1.000000    0.000000
  133  1    6.133818    1.000000    0.000000    1.000000    0.000000
  134  1    6.154646    1.000000    0.000000    1.000000    0.000000
  135  1    6.233006    1.000000    0.000000    1.000000    0.000000
  136  1    6.307066    1.000000    0.000000   -1.000000    0.000000
  137  1    6.324128    1.000000    0.000000    1.000000    0.000000
  138  1    6.540635    1.000000    0.000000   -1.000000    0.000000
  139  1    6.566892    1.000000    0.000000   -1.000000    0.000000
  140  1    6.645567    1.000000    0.000000    1.000000    0.000000
  141  1    6.660188    1.000000    0.000000    1.000000    0.000000
  142  1    6.737143    1.000000    0.000000    1.000000    0.000000
  143  1    7.091760    1.000000    0.000000    1.000000    0.000000
  144  2    7.156347    2.000000    0.000000    0.000000    0.000000
  146  1    7.361861    1.000000    0.000000   -1.000000    0.000000
  147  1    7.378712    1.000000    0.000000    1.000000    0.000000
  148  1    7.482961    1.000000    0.000000   -1.000000    0.000000
  149  1    7.594885    1.000000    0.000000    1.000000    0.000000
  150  1    7.613872    1.000000    0.000000    1.000000    0.000000
  151  1    7.636926    1.000000    0.000000   -1.000000    0.000000
  152  1    7.741210    1.000000    0.000000    1.000000    0.000000
  153  1    8.028881    1.000000    0.000000    1.000000    0.000000
  154  1    8.092610    1.000000    0.000000    1.000000    0.000000
  155  1    9.123576    1.000000    0.000000    0.999997    0.000000
  156  1    9.164733    1.000000    0.000000    0.999998    0.000000
  157  1    9.482493    1.000000    0.000000   -0.999992    0.000000
  158  1    9.602853    1.000000    0.000000   -0.999978    0.000000
  159  1    9.785180    1.000000    0.000000    0.999902    0.000000
  160  1    9.848793    1.000000    0.000000    0.999971    0.000000
  161  1   10.083493    1.000000    0.000000   -0.999035    0.000000
  162  1   10.237554    1.000000    0.000000   -0.357830    0.000000
  163  1   10.247644    1.000000    0.000000    0.291130    0.000000
  164  1   10.293864    1.000000    0.000000   -0.180025    0.000000
  165  1   10.311366    1.000000    0.000000    0.912473    0.000000
  166  1   10.503759    1.000000    0.000000   -0.948210    0.000000
  167  1   10.637026    1.000000    0.000000    0.630009    0.000000
  168  1   10.698858    1.000000    0.000000   -0.894274    0.000000
  169  1   10.787622    1.000000    0.000000    0.791756    0.000000
  170  1   10.887109    1.000000    0.000000    0.142495    0.000000
  171  1   11.026718    1.000000    0.000000    0.942413    0.000000
  172  1   11.075832    1.000000    0.000000    0.550949    0.000000
  173  1   11.270248    1.000000    0.000000    0.638452    0.000000
  174  1   11.318986    1.000000    0.000000   -0.145440    0.000000
  175  1   11.446419    1.000000    0.000000    0.034770    0.000000
  176  1   11.525005    1.000000    0.000000   -0.401548    0.000000
