   88  160
  1
  2
  1  0  0  0  1  0  0  0  1    0.000000    0.000000    0.000000    1.000000    0.000000    0.000000    0.000000    0.000000    0.000000    1.000000    0.000000  1
 -1  0  0  0 -1  0  0  0 -1    0.000000    0.000000    0.000000    1.000000    0.000000    0.000000    0.000000    0.000000    0.000000    1.000000    0.000000 -1
  8
    0.000000    0.000000    0.000000
    0.500000    0.500000    0.500000
    0.000000    0.500000    0.500000
    0.500000    0.000000    0.500000
    0.500000    0.500000    0.000000
    0.500000    0.000000    0.000000
    0.000000    0.500000    0.000000
    0.000000    0.000000    0.500000
  1
    1
    1  2  -48.790512    2.000000    0.000000
    3  2  -48.731007    2.000000    0.000000
    5  2  -48.239764    2.000000    0.000000
    7  2  -48.238199    2.000000    0.000000
    9  2  -47.585549    2.000000    0.000000
   11  2  -47.516293    2.000000    0.000000
   13  2  -46.493042    2.000000    0.000000
   15  2  -46.432043    2.000000    0.000000
   17  2  -46.005976    2.000000    0.000000
   19  2  -45.994763    2.000000    0.000000
   21  2  -45.840921    2.000000    0.000000
   23  2  -45.771946    2.000000    0.000000
   25  2  -40.405187    2.000000    0.000000
   27  4  -40.402055    4.000000    0.000000
   31  2  -40.400582    2.000000    0.000000
   33  2   -6.724167    2.000000    0.000000
   35  2   -5.287173    2.000000    0.000000
   37  2   -4.880859    2.000000    0.000000
   39  2   -4.848838    2.000000    0.000000
   41  2    0.122603    2.000000    0.000000
   43  2    0.407935    2.000000    0.000000
   45  2    0.552484    2.000000    0.000000
   47  2    1.569832    2.000000    0.000000
   49  2    1.846943    2.000000    0.000000
   51  2    1.953461    2.000000    0.000000
   53  2    2.168656    2.000000    0.000000
   55  2    2.310487    2.000000    0.000000
   57  2    2.978474    2.000000    0.000000
   59  2    3.176587    2.000000    0.000000
   61  2    3.280431    2.000000    0.000000
   63  2    3.311551    2.000000    0.000000
   65  2    3.417705    2.000000    0.000000
   67  2    3.644115    2.000000    0.000000
   69  2    3.699549    2.000000    0.000000
   71  2    3.712840    2.000000    0.000000
   73  2    3.768739    2.000000    0.000000
   75  2    4.470547    2.000000    0.000000
   77  2    4.680917    2.000000    0.000000
   79  2    4.766409    2.000000    0.000000
   81  2    4.843090    2.000000    0.000000
   83  2    4.957372    2.000000    0.000000
   85  2    5.357569    2.000000    0.000000
   87  2    5.733613    2.000000    0.000000
   89  2    6.255196    2.000000    0.000000
   91  2    6.277828    2.000000    0.000000
   93  2    6.324879    2.000000    0.000000
   95  2    6.853448    2.000000    0.000000
   97  2    7.036656    2.000000    0.000000
   99  2    7.270565    2.000000    0.000000
  101  2    8.541326    2.000000    0.000000
  103  2    8.648110    2.000000    0.000000
  105  2    8.893637    2.000000    0.000000
  107  2   10.686950    2.000000    0.000000
  109  2   10.840601    2.000000    0.000000
  111  2   10.942872    2.000000    0.000000
  113  2   10.948054    2.000000    0.000000
  115  2   11.149543    2.000000    0.000000
  117  2   11.238697    2.000000    0.000000
  119  2   11.544486    2.000000    0.000000
  121  2   11.611357    2.000000    0.000000
  123  1   11.777560    1.000000    0.000000
  124  1   11.778647    1.000000    0.000000
  125  1   12.137051    1.000000    0.000000
  126  1   12.138285    1.000000    0.000000
  127  2   12.242354    2.000000    0.000000
  129  2   12.669546    2.000000    0.000000
  131  2   12.917718    2.000000    0.000000
  133  2   13.273478    2.000000    0.000000
  135  2   14.846489    2.000000    0.000000
  137  2   15.112877    2.000000    0.000000
  139  2   16.056864    2.000000    0.000000
  141  2   16.415561    2.000000    0.000000
  143  2   16.614521    2.000000    0.000000
  145  2   17.051609    2.000000    0.000000
  147  2   17.532014    2.000000    0.000000
  149  2   17.928283    2.000000    0.000000
  151  1   18.245284    1.000000    0.000000
  152  1   18.246550    1.000000    0.000000
  153  1   18.673821    1.000000    0.000000
  154  1   18.689777    1.000000    0.000000
  155  1   18.720307    1.000000    0.000000
  156  1   18.722551    1.000000    0.000000
  157  1   19.268816    1.000000    0.000000
  158  1   19.344614    1.000000    0.000000
  159  1   19.946948    1.000000    0.000000
  160  1   20.105573    1.000000    0.000000
  1
    1
    1  2  -48.759687    2.000000    0.000000
    3  2  -48.758218    2.000000    0.000000
    5  2  -48.239300    2.000000    0.000000
    7  2  -48.237833    2.000000    0.000000
    9  2  -47.552267    2.000000    0.000000
   11  2  -47.550804    2.000000    0.000000
   13  2  -46.461864    2.000000    0.000000
   15  2  -46.460419    2.000000    0.000000
   17  2  -46.000855    2.000000    0.000000
   19  2  -45.999411    2.000000    0.000000
   21  2  -45.811395    2.000000    0.000000
   23  2  -45.809958    2.000000    0.000000
   25  8  -40.402734    8.000000    0.000000
   33  2   -5.511843    2.000000    0.000000
   35  2   -5.510794    2.000000    0.000000
   37  2   -5.500624    2.000000    0.000000
   39  2   -5.499415    2.000000    0.000000
   41  2    0.378657    2.000000    0.000000
   43  2    0.380904    2.000000    0.000000
   45  2    0.769646    2.000000    0.000000
   47  2    0.772531    2.000000    0.000000
   49  4    1.923712    4.000000    0.000000
   53  4    2.478320    4.000000    0.000000
   57  4    2.745314    4.000000    0.000000
   61  4    2.996521    4.000000    0.000000
   65  4    3.819860    4.000000    0.000000
   69  4    4.097080    4.000000    0.000000
   73  4    4.404473    4.000000    0.000000
   77  4    4.723834    4.000000    0.000000
   81  2    5.102277    2.000000    0.000000
   83  2    5.103341    2.000000    0.000000
   85  2    5.223033    2.000000    0.000000
   87  2    5.224152    2.000000    0.000000
   89  2    6.296033    2.000000    0.000000
   91  2    6.297695    2.000000    0.000000
   93  2    7.104901    2.000000    0.000000
   95  2    7.108254    2.000000    0.000000
   97  4    7.684501    4.000000    0.000000
  101  4    7.966119    4.000000    0.000000
  105  2    8.939080    2.000000    0.000000
  107  2    8.942528    2.000000    0.000000
  109  2   10.434565    2.000000    0.000000
  111  2   10.435762    2.000000    0.000000
  113  4   11.136134    4.000000    0.000000
  117  2   11.683326    2.000000    0.000000
  119  2   11.686583    2.000000    0.000000
  121  4   12.412919    4.000000    0.000000
  125  2   12.533919    2.000000    0.000000
  127  2   12.538669    2.000000    0.000000
  129  2   13.348845    2.000000    0.000000
  131  1   13.350831    1.000000    0.000000
  132  1   13.352146    1.000000    0.000000
  133  1   14.926844    1.000000    0.000000
  134  2   14.928076    2.000000    0.000000
  136  1   14.930439    1.000000    0.000000
  137  2   15.062249    2.000000    0.000000
  139  2   15.065181    2.000000    0.000000
  141  2   15.626381    2.000000    0.000000
  143  2   15.632305    2.000000    0.000000
  145  2   16.764543    2.000000    0.000000
  147  2   16.767296    2.000000    0.000000
  149  2   17.742976    2.000000    0.000000
  151  1   17.744818    1.000000    0.000000
  152  1   17.747161    1.000000    0.000000
  153  1   18.695690    1.000000    0.000000
  154  1   18.742556    1.000000    0.000000
  155  1   18.814083    1.000000    0.000000
  156  1   18.835466    1.000000    0.000000
  157  1   18.877204    1.000000    0.000000
  158  1   19.039868    1.000000    0.000000
  159  1   19.151705    1.000000    0.000000
  160  1   19.247704    1.000000    0.000000
  1
    1
    1  2  -48.790045    2.000000    0.000000
    3  2  -48.730374    2.000000    0.000000
    5  2  -48.239796    2.000000    0.000000
    7  2  -48.238261    2.000000    0.000000
    9  2  -47.584824    2.000000    0.000000
   11  2  -47.515491    2.000000    0.000000
   13  2  -46.493810    2.000000    0.000000
   15  2  -46.433085    2.000000    0.000000
   17  2  -46.005731    2.000000    0.000000
   19  2  -45.994225    2.000000    0.000000
   21  2  -45.842414    2.000000    0.000000
   23  2  -45.773075    2.000000    0.000000
   25  4  -40.403954    4.000000    0.000000
   29  4  -40.401516    4.000000    0.000000
   33  2   -5.895203    2.000000    0.000000
   35  2   -5.888950    2.000000    0.000000
   37  2   -5.169863    2.000000    0.000000
   39  2   -5.163395    2.000000    0.000000
   41  2    0.978986    2.000000    0.000000
   43  2    1.026818    2.000000    0.000000
   45  2    1.283530    2.000000    0.000000
   47  2    1.423106    2.000000    0.000000
   49  2    1.494789    2.000000    0.000000
   51  2    1.631040    2.000000    0.000000
   53  2    2.149464    2.000000    0.000000
   55  2    2.217576    2.000000    0.000000
   57  2    2.257189    2.000000    0.000000
   59  2    2.575057    2.000000    0.000000
   61  2    3.034641    2.000000    0.000000
   63  2    3.121272    2.000000    0.000000
   65  2    3.365768    2.000000    0.000000
   67  2    3.789400    2.000000    0.000000
   69  2    3.850639    2.000000    0.000000
   71  2    3.968301    2.000000    0.000000
   73  2    4.416455    2.000000    0.000000
   75  2    4.518385    2.000000    0.000000
   77  2    4.565115    2.000000    0.000000
   79  2    4.593660    2.000000    0.000000
   81  2    4.877699    2.000000    0.000000
   83  2    5.304239    2.000000    0.000000
   85  2    5.417839    2.000000    0.000000
   87  2    5.871338    2.000000    0.000000
   89  2    6.257381    2.000000    0.000000
   91  2    6.335849    2.000000    0.000000
   93  2    6.476974    2.000000    0.000000
   95  2    6.506132    2.000000    0.000000
   97  2    6.560599    2.000000    0.000000
   99  2    7.305214    2.000000    0.000000
  101  2    7.327990    2.000000    0.000000
  103  2    7.372509    2.000000    0.000000
  105  2    9.910414    2.000000    0.000000
  107  2   10.139430    2.000000    0.000000
  109  2   10.879183    2.000000    0.000000
  111  2   11.076524    2.000000    0.000000
  113  2   11.249552    2.000000    0.000000
  115  2   11.270170    2.000000    0.000000
  117  2   11.535700    2.000000    0.000000
  119  2   11.543437    2.000000    0.000000
  121  2   12.850372    2.000000    0.000000
  123  2   13.064946    2.000000    0.000000
  125  2   13.594048    2.000000    0.000000
  127  2   13.668623    2.000000    0.000000
  129  2   13.838136    2.000000    0.000000
  131  2   13.885689    2.000000    0.000000
  133  2   14.172443    2.000000    0.000000
  135  2   14.346896    2.000000    0.000000
  137  2   15.135917    2.000000    0.000000
  139  2   15.190109    2.000000    0.000000
  141  2   15.562541    2.000000    0.000000
  143  2   15.643256    2.000000    0.000000
  145  2   15.802714    2.000000    0.000000
  147  2   15.821146    2.000000    0.000000
  149  2   16.518387    2.000000    0.000000
  151  2   16.581777    2.000000    0.000000
  153  1   18.332451    1.000000    0.000000
  154  1   18.342910    1.000000    0.000000
  155  1   18.371591    1.000000    0.000000
  156  1   18.422134    1.000000    0.000000
  157  1   18.929976    1.000000    0.000000
  158  1   18.938867    1.000000    0.000000
  159  1   19.021396    1.000000    0.000000
  160  1   19.150338    1.000000    0.000000
  1
    1
    1  2  -48.760334    2.000000    0.000000
    3  2  -48.758866    2.000000    0.000000
    5  2  -48.239592    2.000000    0.000000
    7  2  -48.238127    2.000000    0.000000
    9  2  -47.553065    2.000000    0.000000
   11  2  -47.551605    2.000000    0.000000
   13  2  -46.461131    2.000000    0.000000
   15  2  -46.459687    2.000000    0.000000
   17  2  -46.001439    2.000000    0.000000
   19  2  -46.000003    2.000000    0.000000
   21  2  -45.810179    2.000000    0.000000
   23  2  -45.808749    2.000000    0.000000
   25  4  -40.403404    4.000000    0.000000
   29  4  -40.401411    4.000000    0.000000
   33  4   -5.862060    4.000000    0.000000
   37  3   -5.186173    3.000000    0.000000
   40  1   -5.185152    1.000000    0.000000
   41  2    1.002949    2.000000    0.000000
   43  2    1.014739    2.000000    0.000000
   45  2    1.349568    2.000000    0.000000
   47  2    1.353061    2.000000    0.000000
   49  2    1.502909    2.000000    0.000000
   51  2    1.517609    2.000000    0.000000
   53  2    2.172140    2.000000    0.000000
   55  2    2.189395    2.000000    0.000000
   57  2    2.304332    2.000000    0.000000
   59  2    2.320262    2.000000    0.000000
   61  4    3.245246    4.000000    0.000000
   65  2    3.471131    2.000000    0.000000
   67  2    3.488272    2.000000    0.000000
   69  2    3.951066    2.000000    0.000000
   71  2    3.994875    2.000000    0.000000
   73  2    4.273559    2.000000    0.000000
   75  2    4.286360    2.000000    0.000000
   77  2    4.789096    2.000000    0.000000
   79  2    4.844740    2.000000    0.000000
   81  2    5.239752    2.000000    0.000000
   83  2    5.268868    2.000000    0.000000
   85  2    5.359391    2.000000    0.000000
   87  2    5.404327    2.000000    0.000000
   89  2    5.979001    2.000000    0.000000
   91  2    5.983716    2.000000    0.000000
   93  2    6.645491    2.000000    0.000000
   95  2    6.666057    2.000000    0.000000
   97  2    6.878129    2.000000    0.000000
   99  2    6.904732    2.000000    0.000000
  101  2    7.484829    2.000000    0.000000
  103  2    7.488820    2.000000    0.000000
  105  2   10.197000    2.000000    0.000000
  107  2   10.202409    2.000000    0.000000
  109  2   10.811519    2.000000    0.000000
  111  2   10.814102    2.000000    0.000000
  113  2   11.382774    2.000000    0.000000
  115  2   11.387532    2.000000    0.000000
  117  2   11.721565    2.000000    0.000000
  119  2   11.722903    2.000000    0.000000
  121  2   13.070639    2.000000    0.000000
  123  2   13.072617    2.000000    0.000000
  125  2   13.743936    2.000000    0.000000
  127  2   13.746800    2.000000    0.000000
  129  2   14.060719    2.000000    0.000000
  131  2   14.062049    2.000000    0.000000
  133  2   14.268564    2.000000    0.000000
  135  2   14.272267    2.000000    0.000000
  137  2   14.897424    2.000000    0.000000
  139  2   14.899380    2.000000    0.000000
  141  1   15.872520    1.000000    0.000000
  142  1   15.873545    1.000000    0.000000
  143  2   15.883537    2.000000    0.000000
  145  2   15.902106    2.000000    0.000000
  147  2   15.910604    2.000000    0.000000
  149  2   16.638861    2.000000    0.000000
  151  2   16.640628    2.000000    0.000000
  153  1   17.999329    1.000000    0.000000
  154  2   18.002847    2.000000    0.000000
  156  1   18.035260    1.000000    0.000000
  157  1   18.703367    1.000000    0.000000
  158  1   18.717242    1.000000    0.000000
  159  1   18.800490    1.000000    0.000000
  160  1   19.078780    1.000000    0.000000
  1
    1
    1  2  -48.759687    2.000000    0.000000
    3  2  -48.758218    2.000000    0.000000
    5  2  -48.239300    2.000000    0.000000
    7  2  -48.237833    2.000000    0.000000
    9  2  -47.552267    2.000000    0.000000
   11  2  -47.550804    2.000000    0.000000
   13  2  -46.461864    2.000000    0.000000
   15  2  -46.460419    2.000000    0.000000
   17  2  -46.000855    2.000000    0.000000
   19  2  -45.999411    2.000000    0.000000
   21  2  -45.811395    2.000000    0.000000
   23  2  -45.809958    2.000000    0.000000
   25  8  -40.402736    8.000000    0.000000
   33  2   -5.511974    2.000000    0.000000
   35  2   -5.510625    2.000000    0.000000
   37  2   -5.500795    2.000000    0.000000
   39  2   -5.499283    2.000000    0.000000
   41  2    0.378636    2.000000    0.000000
   43  2    0.380882    2.000000    0.000000
   45  2    0.769660    2.000000    0.000000
   47  2    0.772525    2.000000    0.000000
   49  4    1.923666    4.000000    0.000000
   53  4    2.478320    4.000000    0.000000
   57  4    2.745280    4.000000    0.000000
   61  4    2.996488    4.000000    0.000000
   65  4    3.819858    4.000000    0.000000
   69  4    4.097101    4.000000    0.000000
   73  4    4.404505    4.000000    0.000000
   77  4    4.723850    4.000000    0.000000
   81  3    5.102320    3.000000    0.000000
   84  1    5.103491    1.000000    0.000000
   85  2    5.222971    2.000000    0.000000
   87  2    5.224163    2.000000    0.000000
   89  2    6.295967    2.000000    0.000000
   91  2    6.297724    2.000000    0.000000
   93  2    7.104979    2.000000    0.000000
   95  2    7.108154    2.000000    0.000000
   97  4    7.684438    4.000000    0.000000
  101  4    7.966174    4.000000    0.000000
  105  2    8.939204    2.000000    0.000000
  107  2    8.942388    2.000000    0.000000
  109  2   10.434572    2.000000    0.000000
  111  2   10.435792    2.000000    0.000000
  113  4   11.136124    4.000000    0.000000
  117  2   11.683396    2.000000    0.000000
  119  2   11.686479    2.000000    0.000000
  121  4   12.412906    4.000000    0.000000
  125  2   12.534018    2.000000    0.000000
  127  2   12.538598    2.000000    0.000000
  129  2   13.348756    2.000000    0.000000
  131  2   13.351149    2.000000    0.000000
  133  2   14.927445    2.000000    0.000000
  135  2   14.929512    2.000000    0.000000
  137  2   15.062334    2.000000    0.000000
  139  2   15.065112    2.000000    0.000000
  141  2   15.626360    2.000000    0.000000
  143  2   15.632541    2.000000    0.000000
  145  2   16.764246    2.000000    0.000000
  147  2   16.766976    2.000000    0.000000
  149  1   17.743057    1.000000    0.000000
  150  1   17.744348    1.000000    0.000000
  151  1   17.746216    1.000000    0.000000
  152  1   17.750876    1.000000    0.000000
  153  1   18.731841    1.000000    0.000000
  154  1   18.751314    1.000000    0.000000
  155  1   18.808700    1.000000    0.000000
  156  1   18.842246    1.000000    0.000000
  157  1   18.920948    1.000000    0.000000
  158  1   19.098975    1.000000    0.000000
  159  1   19.162618    1.000000    0.000000
  160  1   19.280984    1.000000    0.000000
  1
    1
    1  2  -48.760334    2.000000    0.000000
    3  2  -48.758866    2.000000    0.000000
    5  2  -48.239592    2.000000    0.000000
    7  2  -48.238127    2.000000    0.000000
    9  2  -47.553065    2.000000    0.000000
   11  2  -47.551605    2.000000    0.000000
   13  2  -46.461131    2.000000    0.000000
   15  2  -46.459687    2.000000    0.000000
   17  2  -46.001439    2.000000    0.000000
   19  2  -46.000003    2.000000    0.000000
   21  2  -45.810179    2.000000    0.000000
   23  2  -45.808749    2.000000    0.000000
   25  4  -40.403404    4.000000    0.000000
   29  4  -40.401410    4.000000    0.000000
   33  4   -5.862428    4.000000    0.000000
   37  4   -5.185644    4.000000    0.000000
   41  2    1.002795    2.000000    0.000000
   43  2    1.014593    2.000000    0.000000
   45  2    1.349886    2.000000    0.000000
   47  2    1.353309    2.000000    0.000000
   49  2    1.503588    2.000000    0.000000
   51  2    1.518283    2.000000    0.000000
   53  2    2.171351    2.000000    0.000000
   55  2    2.188690    2.000000    0.000000
   57  2    2.303626    2.000000    0.000000
   59  2    2.319529    2.000000    0.000000
   61  4    3.245212    4.000000    0.000000
   65  2    3.470803    2.000000    0.000000
   67  2    3.487995    2.000000    0.000000
   69  2    3.951438    2.000000    0.000000
   71  2    3.995312    2.000000    0.000000
   73  2    4.272968    2.000000    0.000000
   75  2    4.285851    2.000000    0.000000
   77  2    4.789052    2.000000    0.000000
   79  2    4.844727    2.000000    0.000000
   81  2    5.239686    2.000000    0.000000
   83  2    5.268790    2.000000    0.000000
   85  2    5.358794    2.000000    0.000000
   87  2    5.403681    2.000000    0.000000
   89  2    5.979079    2.000000    0.000000
   91  2    5.983804    2.000000    0.000000
   93  2    6.645959    2.000000    0.000000
   95  2    6.666518    2.000000    0.000000
   97  2    6.878611    2.000000    0.000000
   99  2    6.905208    2.000000    0.000000
  101  2    7.485515    2.000000    0.000000
  103  2    7.489515    2.000000    0.000000
  105  2   10.197666    2.000000    0.000000
  107  2   10.202993    2.000000    0.000000
  109  2   10.815221    2.000000    0.000000
  111  2   10.817734    2.000000    0.000000
  113  2   11.380822    2.000000    0.000000
  115  2   11.385417    2.000000    0.000000
  117  2   11.723020    2.000000    0.000000
  119  2   11.724420    2.000000    0.000000
  121  2   13.069836    2.000000    0.000000
  123  2   13.072025    2.000000    0.000000
  125  2   13.744862    2.000000    0.000000
  127  2   13.747637    2.000000    0.000000
  129  2   14.061968    2.000000    0.000000
  131  2   14.063179    2.000000    0.000000
  133  2   14.266554    2.000000    0.000000
  135  2   14.270223    2.000000    0.000000
  137  2   14.898203    2.000000    0.000000
  139  2   14.900091    2.000000    0.000000
  141  2   15.872206    2.000000    0.000000
  143  2   15.884100    2.000000    0.000000
  145  2   15.898423    2.000000    0.000000
  147  2   15.907636    2.000000    0.000000
  149  2   16.636050    2.000000    0.000000
  151  2   16.637479    2.000000    0.000000
  153  1   18.001356    1.000000    0.000000
  154  1   18.004971    1.000000    0.000000
  155  1   18.009520    1.000000    0.000000
  156  1   18.020374    1.000000    0.000000
  157  1   18.708903    1.000000    0.000000
  158  1   18.722261    1.000000    0.000000
  159  1   18.766389    1.000000    0.000000
  160  1   18.936397    1.000000    0.000000
  1
    1
    1  2  -48.790045    2.000000    0.000000
    3  2  -48.730374    2.000000    0.000000
    5  2  -48.239796    2.000000    0.000000
    7  2  -48.238261    2.000000    0.000000
    9  2  -47.584824    2.000000    0.000000
   11  2  -47.515491    2.000000    0.000000
   13  2  -46.493810    2.000000    0.000000
   15  2  -46.433085    2.000000    0.000000
   17  2  -46.005731    2.000000    0.000000
   19  2  -45.994225    2.000000    0.000000
   21  2  -45.842414    2.000000    0.000000
   23  2  -45.773075    2.000000    0.000000
   25  4  -40.403955    4.000000    0.000000
   29  4  -40.401514    4.000000    0.000000
   33  2   -5.895120    2.000000    0.000000
   35  2   -5.889037    2.000000    0.000000
   37  2   -5.169748    2.000000    0.000000
   39  2   -5.163510    2.000000    0.000000
   41  2    0.979036    2.000000    0.000000
   43  2    1.026739    2.000000    0.000000
   45  2    1.283462    2.000000    0.000000
   47  2    1.423243    2.000000    0.000000
   49  2    1.494969    2.000000    0.000000
   51  2    1.630854    2.000000    0.000000
   53  2    2.149495    2.000000    0.000000
   55  2    2.217396    2.000000    0.000000
   57  2    2.257026    2.000000    0.000000
   59  2    2.575272    2.000000    0.000000
   61  2    3.034683    2.000000    0.000000
   63  2    3.121250    2.000000    0.000000
   65  2    3.365799    2.000000    0.000000
   67  2    3.789436    2.000000    0.000000
   69  2    3.850657    2.000000    0.000000
   71  2    3.968297    2.000000    0.000000
   73  2    4.416454    2.000000    0.000000
   75  2    4.518360    2.000000    0.000000
   77  2    4.565115    2.000000    0.000000
   79  2    4.593661    2.000000    0.000000
   81  2    4.877675    2.000000    0.000000
   83  2    5.304243    2.000000    0.000000
   85  2    5.417842    2.000000    0.000000
   87  2    5.871293    2.000000    0.000000
   89  2    6.257376    2.000000    0.000000
   91  2    6.335894    2.000000    0.000000
   93  2    6.476957    2.000000    0.000000
   95  2    6.506132    2.000000    0.000000
   97  2    6.560551    2.000000    0.000000
   99  2    7.305161    2.000000    0.000000
  101  2    7.328055    2.000000    0.000000
  103  2    7.372538    2.000000    0.000000
  105  2    9.910520    2.000000    0.000000
  107  2   10.139279    2.000000    0.000000
  109  2   10.879313    2.000000    0.000000
  111  2   11.076371    2.000000    0.000000
  113  2   11.249698    2.000000    0.000000
  115  2   11.270064    2.000000    0.000000
  117  2   11.535527    2.000000    0.000000
  119  2   11.543440    2.000000    0.000000
  121  2   12.850505    2.000000    0.000000
  123  2   13.064784    2.000000    0.000000
  125  2   13.594166    2.000000    0.000000
  127  2   13.668261    2.000000    0.000000
  129  2   13.837909    2.000000    0.000000
  131  2   13.885556    2.000000    0.000000
  133  2   14.172216    2.000000    0.000000
  135  2   14.347178    2.000000    0.000000
  137  2   15.136391    2.000000    0.000000
  139  2   15.189626    2.000000    0.000000
  141  2   15.562657    2.000000    0.000000
  143  2   15.643415    2.000000    0.000000
  145  2   15.802820    2.000000    0.000000
  147  2   15.821039    2.000000    0.000000
  149  2   16.518024    2.000000    0.000000
  151  2   16.581909    2.000000    0.000000
  153  1   18.333173    1.000000    0.000000
  154  1   18.346028    1.000000    0.000000
  155  1   18.361031    1.000000    0.000000
  156  1   18.389521    1.000000    0.000000
  157  1   18.920845    1.000000    0.000000
  158  1   18.960959    1.000000    0.000000
  159  1   19.102803    1.000000    0.000000
  160  1   19.273288    1.000000    0.000000
  1
    1
    1  2  -48.790505    2.000000    0.000000
    3  2  -48.731014    2.000000    0.000000
    5  2  -48.239762    2.000000    0.000000
    7  2  -48.238200    2.000000    0.000000
    9  2  -47.585545    2.000000    0.000000
   11  2  -47.516297    2.000000    0.000000
   13  2  -46.493039    2.000000    0.000000
   15  2  -46.432052    2.000000    0.000000
   17  2  -46.005981    2.000000    0.000000
   19  2  -45.994758    2.000000    0.000000
   21  2  -45.840917    2.000000    0.000000
   23  2  -45.771954    2.000000    0.000000
   25  2  -40.404995    2.000000    0.000000
   27  4  -40.402026    4.000000    0.000000
   31  2  -40.400736    2.000000    0.000000
   33  2   -6.531867    2.000000    0.000000
   35  2   -5.638177    2.000000    0.000000
   37  2   -4.892737    2.000000    0.000000
   39  2   -4.830442    2.000000    0.000000
   41  2    0.106092    2.000000    0.000000
   43  2    0.247661    2.000000    0.000000
   45  2    0.977093    2.000000    0.000000
   47  2    1.353363    2.000000    0.000000
   49  2    2.071867    2.000000    0.000000
   51  2    2.189777    2.000000    0.000000
   53  2    2.522226    2.000000    0.000000
   55  2    2.681648    2.000000    0.000000
   57  2    2.942428    2.000000    0.000000
   59  2    3.183700    2.000000    0.000000
   61  2    3.229716    2.000000    0.000000
   63  2    3.471925    2.000000    0.000000
   65  2    3.575671    2.000000    0.000000
   67  2    3.604998    2.000000    0.000000
   69  2    3.632931    2.000000    0.000000
   71  2    3.735413    2.000000    0.000000
   73  2    3.894039    2.000000    0.000000
   75  2    4.444757    2.000000    0.000000
   77  2    4.586539    2.000000    0.000000
   79  2    4.897254    2.000000    0.000000
   81  2    4.935709    2.000000    0.000000
   83  2    5.214630    2.000000    0.000000
   85  2    5.240331    2.000000    0.000000
   87  2    5.319705    2.000000    0.000000
   89  2    5.864957    2.000000    0.000000
   91  2    6.223202    2.000000    0.000000
   93  2    6.316899    2.000000    0.000000
   95  2    6.379689    2.000000    0.000000
   97  2    6.615572    2.000000    0.000000
   99  2    6.925866    2.000000    0.000000
  101  2    7.734300    2.000000    0.000000
  103  2    7.809978    2.000000    0.000000
  105  2    9.160112    2.000000    0.000000
  107  2    9.542290    2.000000    0.000000
  109  2   10.046272    2.000000    0.000000
  111  2   10.154420    2.000000    0.000000
  113  2   10.344826    2.000000    0.000000
  115  2   10.449738    2.000000    0.000000
  117  2   10.452468    2.000000    0.000000
  119  2   11.708328    2.000000    0.000000
  121  2   13.343674    2.000000    0.000000
  123  2   13.545435    2.000000    0.000000
  125  1   13.776441    1.000000    0.000000
  126  1   13.777539    1.000000    0.000000
  127  2   13.950807    2.000000    0.000000
  129  2   13.974018    2.000000    0.000000
  131  2   14.352632    2.000000    0.000000
  133  2   14.944888    2.000000    0.000000
  135  1   15.116456    1.000000    0.000000
  136  1   15.117580    1.000000    0.000000
  137  1   16.601672    1.000000    0.000000
  138  1   16.603115    1.000000    0.000000
  139  2   16.773030    2.000000    0.000000
  141  2   16.995313    2.000000    0.000000
  143  1   17.172175    1.000000    0.000000
  144  1   17.173797    1.000000    0.000000
  145  1   17.266389    1.000000    0.000000
  146  1   17.279378    1.000000    0.000000
  147  1   17.356286    1.000000    0.000000
  148  1   17.360761    1.000000    0.000000
  149  1   17.497258    1.000000    0.000000
  150  1   17.502958    1.000000    0.000000
  151  1   17.823316    1.000000    0.000000
  152  1   17.856412    1.000000    0.000000
  153  1   17.876200    1.000000    0.000000
  154  1   17.909068    1.000000    0.000000
  155  1   18.186717    1.000000    0.000000
  156  1   18.234295    1.000000    0.000000
  157  1   18.740035    1.000000    0.000000
  158  1   18.780427    1.000000    0.000000
  159  1   18.876763    1.000000    0.000000
  160  1   18.958958    1.000000    0.000000
