   70  112
  1
  2
  1  0  0  0  1  0  0  0  1    0.000000    0.000000    0.000000    1.000000    0.000000    0.000000    0.000000    0.000000    0.000000    1.000000    0.000000  1
 -1  0  0  0 -1  0  0  0 -1    0.000000    0.000000    0.000000    1.000000    0.000000    0.000000    0.000000    0.000000    0.000000    1.000000    0.000000 -1
  8
    0.000000    0.000000    0.000000
    0.500000    0.500000    0.500000
    0.000000    0.500000    0.500000
    0.500000    0.000000    0.500000
    0.500000    0.500000    0.000000
    0.500000    0.000000    0.000000
    0.000000    0.500000    0.000000
    0.000000    0.000000    0.500000
  1
    1
    1  2  -53.406690    2.000000    0.000000
    3  2  -52.971594    2.000000    0.000000
    5  2  -52.256159    2.000000    0.000000
    7  2  -50.031377    2.000000    0.000000
    9  2  -49.554130    2.000000    0.000000
   11  2  -49.210043    2.000000    0.000000
   13  2  -27.537766    2.000000    0.000000
   15  2  -27.527003    2.000000    0.000000
   17  2  -11.252341    2.000000    0.000000
   19  2  -11.210172    2.000000    0.000000
   21  2  -11.008649    2.000000    0.000000
   23  2  -10.971797    2.000000    0.000000
   25  2  -10.966474    2.000000    0.000000
   27  2  -10.913894    2.000000    0.000000
   29  2  -10.651558    2.000000    0.000000
   31  2   -9.658306    2.000000    0.000000
   33  2   -9.594262    2.000000    0.000000
   35  2   -9.590094    2.000000    0.000000
   37  2   -2.825458    2.000000    0.000000
   39  2   -2.001191    2.000000    0.000000
   41  2   -1.697509    2.000000    0.000000
   43  2   -1.665215    2.000000    0.000000
   45  2   -1.552433    2.000000    0.000000
   47  2   -1.447452    2.000000    0.000000
   49  2   -0.889161    2.000000    0.000000
   51  2   -0.450096    2.000000    0.000000
   53  2   -0.420985    2.000000    0.000000
   55  2   -0.377029    2.000000    0.000000
   57  2    0.123156    2.000000    0.000000
   59  2    0.343332    2.000000    0.000000
   61  2    0.502180    2.000000    0.000000
   63  2    1.009662    2.000000    0.000000
   65  2    1.501585    2.000000    0.000000
   67  2    1.726204    2.000000    0.000000
   69  2    1.806144    2.000000    0.000000
   71  2    2.960943    2.000000    0.000000
   73  2    3.148795    2.000000    0.000000
   75  2    3.842945    2.000000    0.000000
   77  2    3.933530    2.000000    0.000000
   79  2    4.083721    2.000000    0.000000
   81  1    5.586442    1.000000    0.000000
   82  1    5.587545    1.000000    0.000000
   83  2    7.212887    2.000000    0.000000
   85  1    7.818352    1.000000    0.000000
   86  1    7.819686    1.000000    0.000000
   87  1    8.400074    1.000000    0.000000
   88  1    8.403366    1.000000    0.000000
   89  2    8.647554    2.000000    0.000000
   91  2    8.802833    2.000000    0.000000
   93  2    8.933135    2.000000    0.000000
   95  2    9.008888    2.000000    0.000000
   97  2    9.151272    2.000000    0.000000
   99  2    9.242533    2.000000    0.000000
  101  2    9.393237    2.000000    0.000000
  103  1    9.505149    1.000000    0.000000
  104  1    9.507749    1.000000    0.000000
  105  2    9.785288    2.000000    0.000000
  107  1   10.844707    1.000000    0.000000
  108  1   10.847117    1.000000    0.000000
  109  1   11.047401    1.000000    0.000000
  110  1   11.054085    1.000000    0.000000
  111  1   11.410570    1.000000    0.000000
  112  1   11.535395    1.000000    0.000000
  1
    1
    1  2  -53.406099    2.000000    0.000000
    3  2  -52.971488    2.000000    0.000000
    5  2  -52.255310    2.000000    0.000000
    7  2  -50.032442    2.000000    0.000000
    9  2  -49.554090    2.000000    0.000000
   11  2  -49.211117    2.000000    0.000000
   13  4  -27.532342    4.000000    0.000000
   17  2  -11.290316    2.000000    0.000000
   19  2  -11.288569    2.000000    0.000000
   21  2  -11.052472    2.000000    0.000000
   23  2  -11.050839    2.000000    0.000000
   25  4  -10.935174    4.000000    0.000000
   29  2   -9.951730    2.000000    0.000000
   31  2   -9.945578    2.000000    0.000000
   33  4   -9.682679    4.000000    0.000000
   37  2   -2.038330    2.000000    0.000000
   39  2   -1.956609    2.000000    0.000000
   41  2   -1.699518    2.000000    0.000000
   43  2   -1.615218    2.000000    0.000000
   45  2   -1.574421    2.000000    0.000000
   47  2   -1.345202    2.000000    0.000000
   49  2   -1.317434    2.000000    0.000000
   51  2   -1.131433    2.000000    0.000000
   53  2   -0.970255    2.000000    0.000000
   55  2   -0.393869    2.000000    0.000000
   57  2   -0.221304    2.000000    0.000000
   59  2    0.018115    2.000000    0.000000
   61  2    0.628599    2.000000    0.000000
   63  2    0.914132    2.000000    0.000000
   65  2    1.596395    2.000000    0.000000
   67  2    2.020068    2.000000    0.000000
   69  2    2.228994    2.000000    0.000000
   71  2    3.204488    2.000000    0.000000
   73  2    3.492693    2.000000    0.000000
   75  2    3.710887    2.000000    0.000000
   77  2    3.765377    2.000000    0.000000
   79  2    3.838723    2.000000    0.000000
   81  1    7.550992    1.000000    0.000000
   82  1    7.552977    1.000000    0.000000
   83  1    7.604774    1.000000    0.000000
   84  1    7.606789    1.000000    0.000000
   85  1    8.091092    1.000000    0.000000
   86  1    8.094970    1.000000    0.000000
   87  1    8.194047    1.000000    0.000000
   88  1    8.198144    1.000000    0.000000
   89  2    8.877739    2.000000    0.000000
   91  2    8.898175    2.000000    0.000000
   93  2    9.249873    2.000000    0.000000
   95  2    9.327765    2.000000    0.000000
   97  2    9.627625    2.000000    0.000000
   99  2    9.709672    2.000000    0.000000
  101  2    9.836881    2.000000    0.000000
  103  2    9.843597    2.000000    0.000000
  105  1   10.217471    1.000000    0.000000
  106  1   10.220836    1.000000    0.000000
  107  1   10.302803    1.000000    0.000000
  108  1   10.308473    1.000000    0.000000
  109  1   10.557064    1.000000    0.000000
  110  1   10.580634    1.000000    0.000000
  111  1   10.757430    1.000000    0.000000
  112  1   10.852372    1.000000    0.000000
  1
    1
    1  2  -53.406685    2.000000    0.000000
    3  2  -52.971589    2.000000    0.000000
    5  2  -52.256157    2.000000    0.000000
    7  2  -50.031373    2.000000    0.000000
    9  2  -49.554127    2.000000    0.000000
   11  2  -49.210041    2.000000    0.000000
   13  2  -27.533382    2.000000    0.000000
   15  2  -27.531313    2.000000    0.000000
   17  2  -11.281624    2.000000    0.000000
   19  2  -11.271957    2.000000    0.000000
   21  2  -11.051668    2.000000    0.000000
   23  2  -11.032061    2.000000    0.000000
   25  2  -10.948336    2.000000    0.000000
   27  2  -10.940839    2.000000    0.000000
   29  2  -10.350159    2.000000    0.000000
   31  2   -9.782228    2.000000    0.000000
   33  2   -9.640717    2.000000    0.000000
   35  2   -9.495980    2.000000    0.000000
   37  2   -2.548355    2.000000    0.000000
   39  2   -2.104435    2.000000    0.000000
   41  2   -1.954675    2.000000    0.000000
   43  2   -1.785705    2.000000    0.000000
   45  2   -1.577898    2.000000    0.000000
   47  2   -1.405255    2.000000    0.000000
   49  2   -0.539356    2.000000    0.000000
   51  2   -0.464248    2.000000    0.000000
   53  2   -0.355898    2.000000    0.000000
   55  2   -0.225736    2.000000    0.000000
   57  2   -0.143350    2.000000    0.000000
   59  2    0.190898    2.000000    0.000000
   61  2    0.562050    2.000000    0.000000
   63  2    1.009748    2.000000    0.000000
   65  2    1.523325    2.000000    0.000000
   67  2    1.555169    2.000000    0.000000
   69  2    1.771616    2.000000    0.000000
   71  2    2.927510    2.000000    0.000000
   73  2    3.151338    2.000000    0.000000
   75  2    3.458984    2.000000    0.000000
   77  2    3.774817    2.000000    0.000000
   79  2    3.982742    2.000000    0.000000
   81  2    6.936674    2.000000    0.000000
   83  2    7.327293    2.000000    0.000000
   85  1    7.360540    1.000000    0.000000
   86  1    7.362097    1.000000    0.000000
   87  1    8.157275    1.000000    0.000000
   88  1    8.159381    1.000000    0.000000
   89  2    8.251810    2.000000    0.000000
   91  2    8.804738    2.000000    0.000000
   93  1    8.937128    1.000000    0.000000
   94  1    8.940661    1.000000    0.000000
   95  1    9.194577    1.000000    0.000000
   96  1    9.196583    1.000000    0.000000
   97  2    9.206123    2.000000    0.000000
   99  2    9.558689    2.000000    0.000000
  101  2    9.701229    2.000000    0.000000
  103  2    9.784909    2.000000    0.000000
  105  1   10.774147    1.000000    0.000000
  106  1   10.778174    1.000000    0.000000
  107  1   10.808750    1.000000    0.000000
  108  1   10.813173    1.000000    0.000000
  109  1   11.054782    1.000000    0.000000
  110  1   11.125647    1.000000    0.000000
  111  1   11.171954    1.000000    0.000000
  112  1   11.266619    1.000000    0.000000
  1
    1
    1  2  -53.406103    2.000000    0.000000
    3  2  -52.971491    2.000000    0.000000
    5  2  -52.255312    2.000000    0.000000
    7  2  -50.032446    2.000000    0.000000
    9  2  -49.554092    2.000000    0.000000
   11  2  -49.211119    2.000000    0.000000
   13  2  -27.534082    2.000000    0.000000
   15  2  -27.529915    2.000000    0.000000
   17  2  -11.280281    2.000000    0.000000
   19  2  -11.259638    2.000000    0.000000
   21  2  -11.040305    2.000000    0.000000
   23  2  -11.024354    2.000000    0.000000
   25  2  -10.953695    2.000000    0.000000
   27  2  -10.942663    2.000000    0.000000
   29  2  -10.015574    2.000000    0.000000
   31  2  -10.001043    2.000000    0.000000
   33  2   -9.722923    2.000000    0.000000
   35  2   -9.591182    2.000000    0.000000
   37  2   -2.147590    2.000000    0.000000
   39  2   -2.009568    2.000000    0.000000
   41  2   -1.702860    2.000000    0.000000
   43  2   -1.635440    2.000000    0.000000
   45  2   -1.537658    2.000000    0.000000
   47  2   -1.361209    2.000000    0.000000
   49  2   -1.234650    2.000000    0.000000
   51  2   -0.973244    2.000000    0.000000
   53  2   -0.947679    2.000000    0.000000
   55  2   -0.285367    2.000000    0.000000
   57  2   -0.167469    2.000000    0.000000
   59  2   -0.065960    2.000000    0.000000
   61  2    0.568075    2.000000    0.000000
   63  2    0.908544    2.000000    0.000000
   65  2    1.538555    2.000000    0.000000
   67  2    2.153573    2.000000    0.000000
   69  2    2.214061    2.000000    0.000000
   71  2    3.232724    2.000000    0.000000
   73  2    3.465471    2.000000    0.000000
   75  2    3.645805    2.000000    0.000000
   77  2    3.743798    2.000000    0.000000
   79  2    3.907434    2.000000    0.000000
   81  1    7.210650    1.000000    0.000000
   82  1    7.214062    1.000000    0.000000
   83  1    7.562483    1.000000    0.000000
   84  1    7.563944    1.000000    0.000000
   85  1    7.740689    1.000000    0.000000
   86  1    7.743868    1.000000    0.000000
   87  2    8.406607    2.000000    0.000000
   89  1    8.501978    1.000000    0.000000
   90  1    8.505792    1.000000    0.000000
   91  2    8.750843    2.000000    0.000000
   93  2    8.866488    2.000000    0.000000
   95  2    9.361040    2.000000    0.000000
   97  2    9.533734    2.000000    0.000000
   99  1    9.766625    1.000000    0.000000
  100  1    9.767730    1.000000    0.000000
  101  2    9.915890    2.000000    0.000000
  103  2    9.957859    2.000000    0.000000
  105  2   10.057461    2.000000    0.000000
  107  1   10.648265    1.000000    0.000000
  108  1   10.650489    1.000000    0.000000
  109  1   10.836915    1.000000    0.000000
  110  1   10.849639    1.000000    0.000000
  111  1   11.047419    1.000000    0.000000
  112  1   11.079584    1.000000    0.000000
  1
    1
    1  2  -53.406101    2.000000    0.000000
    3  2  -52.971494    2.000000    0.000000
    5  2  -52.255310    2.000000    0.000000
    7  2  -50.032444    2.000000    0.000000
    9  2  -49.554096    2.000000    0.000000
   11  2  -49.211117    2.000000    0.000000
   13  2  -27.534079    2.000000    0.000000
   15  2  -27.529918    2.000000    0.000000
   17  2  -11.280283    2.000000    0.000000
   19  2  -11.259643    2.000000    0.000000
   21  2  -11.040268    2.000000    0.000000
   23  2  -11.024361    2.000000    0.000000
   25  2  -10.953740    2.000000    0.000000
   27  2  -10.942624    2.000000    0.000000
   29  2  -10.015481    2.000000    0.000000
   31  2  -10.001146    2.000000    0.000000
   33  2   -9.723037    2.000000    0.000000
   35  2   -9.591063    2.000000    0.000000
   37  2   -2.147579    2.000000    0.000000
   39  2   -2.009696    2.000000    0.000000
   41  2   -1.704296    2.000000    0.000000
   43  2   -1.632568    2.000000    0.000000
   45  2   -1.537967    2.000000    0.000000
   47  2   -1.362958    2.000000    0.000000
   49  2   -1.233606    2.000000    0.000000
   51  2   -0.973604    2.000000    0.000000
   53  2   -0.947794    2.000000    0.000000
   55  2   -0.284617    2.000000    0.000000
   57  2   -0.167774    2.000000    0.000000
   59  2   -0.066350    2.000000    0.000000
   61  2    0.568221    2.000000    0.000000
   63  2    0.908552    2.000000    0.000000
   65  2    1.538493    2.000000    0.000000
   67  2    2.153450    2.000000    0.000000
   69  2    2.214360    2.000000    0.000000
   71  2    3.232606    2.000000    0.000000
   73  2    3.464290    2.000000    0.000000
   75  2    3.647112    2.000000    0.000000
   77  2    3.744407    2.000000    0.000000
   79  2    3.906690    2.000000    0.000000
   81  1    7.211012    1.000000    0.000000
   82  1    7.213706    1.000000    0.000000
   83  1    7.562066    1.000000    0.000000
   84  1    7.564324    1.000000    0.000000
   85  1    7.739727    1.000000    0.000000
   86  1    7.744817    1.000000    0.000000
   87  2    8.406463    2.000000    0.000000
   89  1    8.502427    1.000000    0.000000
   90  1    8.505371    1.000000    0.000000
   91  2    8.750810    2.000000    0.000000
   93  2    8.866607    2.000000    0.000000
   95  2    9.360993    2.000000    0.000000
   97  2    9.534015    2.000000    0.000000
   99  1    9.766243    1.000000    0.000000
  100  1    9.768109    1.000000    0.000000
  101  2    9.915967    2.000000    0.000000
  103  2    9.957829    2.000000    0.000000
  105  2   10.057322    2.000000    0.000000
  107  1   10.648923    1.000000    0.000000
  108  1   10.657783    1.000000    0.000000
  109  1   10.839034    1.000000    0.000000
  110  1   10.850763    1.000000    0.000000
  111  1   11.049968    1.000000    0.000000
  112  1   11.061525    1.000000    0.000000
  1
    1
    1  2  -53.406103    2.000000    0.000000
    3  2  -52.971495    2.000000    0.000000
    5  2  -52.255312    2.000000    0.000000
    7  2  -50.032445    2.000000    0.000000
    9  2  -49.554095    2.000000    0.000000
   11  2  -49.211119    2.000000    0.000000
   13  4  -27.532381    4.000000    0.000000
   17  2  -11.253709    2.000000    0.000000
   19  2  -11.251979    2.000000    0.000000
   21  2  -11.023327    2.000000    0.000000
   23  2  -11.021438    2.000000    0.000000
   25  4  -10.949491    4.000000    0.000000
   29  2  -10.068488    2.000000    0.000000
   31  2  -10.062985    2.000000    0.000000
   33  2   -9.634137    2.000000    0.000000
   35  2   -9.632668    2.000000    0.000000
   37  2   -2.186749    2.000000    0.000000
   39  2   -2.092186    2.000000    0.000000
   41  2   -1.721202    2.000000    0.000000
   43  2   -1.665010    2.000000    0.000000
   45  2   -1.448172    2.000000    0.000000
   47  2   -1.383649    2.000000    0.000000
   49  2   -1.240825    2.000000    0.000000
   51  2   -0.907889    2.000000    0.000000
   53  2   -0.862804    2.000000    0.000000
   55  2   -0.195205    2.000000    0.000000
   57  2   -0.126144    2.000000    0.000000
   59  2   -0.047890    2.000000    0.000000
   61  2    0.457247    2.000000    0.000000
   63  2    0.914493    2.000000    0.000000
   65  2    1.509613    2.000000    0.000000
   67  2    2.096702    2.000000    0.000000
   69  2    2.429058    2.000000    0.000000
   71  2    3.156971    2.000000    0.000000
   73  2    3.369826    2.000000    0.000000
   75  2    3.650029    2.000000    0.000000
   77  2    3.847939    2.000000    0.000000
   79  2    4.023934    2.000000    0.000000
   81  1    7.070023    1.000000    0.000000
   82  1    7.071485    1.000000    0.000000
   83  1    7.116130    1.000000    0.000000
   84  1    7.117640    1.000000    0.000000
   85  1    7.754318    1.000000    0.000000
   86  1    7.755600    1.000000    0.000000
   87  1    7.829598    1.000000    0.000000
   88  1    7.830868    1.000000    0.000000
   89  2    8.485872    2.000000    0.000000
   91  2    8.526341    2.000000    0.000000
   93  2    9.101211    2.000000    0.000000
   95  2    9.181041    2.000000    0.000000
   97  2    9.474963    2.000000    0.000000
   99  2    9.575581    2.000000    0.000000
  101  2   10.114900    2.000000    0.000000
  103  2   10.185576    2.000000    0.000000
  105  2   10.463520    2.000000    0.000000
  107  2   10.551836    2.000000    0.000000
  109  1   11.144411    1.000000    0.000000
  110  1   11.161905    1.000000    0.000000
  111  1   11.199044    1.000000    0.000000
  112  1   11.269143    1.000000    0.000000
  1
    1
    1  2  -53.406692    2.000000    0.000000
    3  2  -52.971593    2.000000    0.000000
    5  2  -52.256160    2.000000    0.000000
    7  2  -50.031380    2.000000    0.000000
    9  2  -49.554129    2.000000    0.000000
   11  2  -49.210046    2.000000    0.000000
   13  2  -27.535537    2.000000    0.000000
   15  2  -27.529173    2.000000    0.000000
   17  2  -11.314312    2.000000    0.000000
   19  2  -11.252027    2.000000    0.000000
   21  2  -11.044020    2.000000    0.000000
   23  2  -11.011209    2.000000    0.000000
   25  2  -10.961542    2.000000    0.000000
   27  2  -10.915226    2.000000    0.000000
   29  2  -10.316101    2.000000    0.000000
   31  2   -9.800067    2.000000    0.000000
   33  2   -9.614133    2.000000    0.000000
   35  2   -9.595265    2.000000    0.000000
   37  2   -2.514380    2.000000    0.000000
   39  2   -2.044208    2.000000    0.000000
   41  2   -1.936595    2.000000    0.000000
   43  2   -1.746791    2.000000    0.000000
   45  2   -1.556767    2.000000    0.000000
   47  2   -1.420836    2.000000    0.000000
   49  2   -0.947612    2.000000    0.000000
   51  2   -0.525787    2.000000    0.000000
   53  2   -0.397033    2.000000    0.000000
   55  2   -0.020873    2.000000    0.000000
   57  2    0.260906    2.000000    0.000000
   59  2    0.333070    2.000000    0.000000
   61  2    0.654771    2.000000    0.000000
   63  2    0.958613    2.000000    0.000000
   65  2    1.182575    2.000000    0.000000
   67  2    1.499036    2.000000    0.000000
   69  2    1.773052    2.000000    0.000000
   71  2    3.146992    2.000000    0.000000
   73  2    3.190611    2.000000    0.000000
   75  2    3.320503    2.000000    0.000000
   77  2    3.628710    2.000000    0.000000
   79  2    3.951878    2.000000    0.000000
   81  1    7.010850    1.000000    0.000000
   82  1    7.012438    1.000000    0.000000
   83  1    7.256437    1.000000    0.000000
   84  1    7.257640    1.000000    0.000000
   85  2    7.432162    2.000000    0.000000
   87  1    8.000078    1.000000    0.000000
   88  1    8.003629    1.000000    0.000000
   89  1    8.251961    1.000000    0.000000
   90  1    8.255826    1.000000    0.000000
   91  2    8.533944    2.000000    0.000000
   93  2    8.991163    2.000000    0.000000
   95  2    9.185566    2.000000    0.000000
   97  2    9.354443    2.000000    0.000000
   99  2    9.422098    2.000000    0.000000
  101  2    9.936056    2.000000    0.000000
  103  2   10.023943    2.000000    0.000000
  105  1   10.411178    1.000000    0.000000
  106  1   10.414013    1.000000    0.000000
  107  1   10.553816    1.000000    0.000000
  108  1   10.557744    1.000000    0.000000
  109  1   10.712693    1.000000    0.000000
  110  1   10.737910    1.000000    0.000000
  111  1   10.816704    1.000000    0.000000
  112  1   10.838306    1.000000    0.000000
  1
    1
    1  2  -53.406692    2.000000    0.000000
    3  2  -52.971593    2.000000    0.000000
    5  2  -52.256160    2.000000    0.000000
    7  2  -50.031380    2.000000    0.000000
    9  2  -49.554129    2.000000    0.000000
   11  2  -49.210046    2.000000    0.000000
   13  2  -27.535536    2.000000    0.000000
   15  2  -27.529175    2.000000    0.000000
   17  2  -11.314337    2.000000    0.000000
   19  2  -11.252022    2.000000    0.000000
   21  2  -11.044017    2.000000    0.000000
   23  2  -11.011256    2.000000    0.000000
   25  2  -10.961523    2.000000    0.000000
   27  2  -10.915242    2.000000    0.000000
   29  2  -10.316106    2.000000    0.000000
   31  2   -9.799959    2.000000    0.000000
   33  2   -9.614122    2.000000    0.000000
   35  2   -9.595372    2.000000    0.000000
   37  2   -2.514301    2.000000    0.000000
   39  2   -2.044463    2.000000    0.000000
   41  2   -1.936759    2.000000    0.000000
   43  2   -1.746455    2.000000    0.000000
   45  2   -1.556756    2.000000    0.000000
   47  2   -1.420824    2.000000    0.000000
   49  2   -0.947553    2.000000    0.000000
   51  2   -0.525875    2.000000    0.000000
   53  2   -0.397158    2.000000    0.000000
   55  2   -0.020752    2.000000    0.000000
   57  2    0.261061    2.000000    0.000000
   59  2    0.332876    2.000000    0.000000
   61  2    0.654831    2.000000    0.000000
   63  2    0.958538    2.000000    0.000000
   65  2    1.182674    2.000000    0.000000
   67  2    1.498982    2.000000    0.000000
   69  2    1.772858    2.000000    0.000000
   71  2    3.147141    2.000000    0.000000
   73  2    3.191970    2.000000    0.000000
   75  2    3.319182    2.000000    0.000000
   77  2    3.628391    2.000000    0.000000
   79  2    3.952165    2.000000    0.000000
   81  1    7.010962    1.000000    0.000000
   82  1    7.012344    1.000000    0.000000
   83  1    7.256058    1.000000    0.000000
   84  1    7.258008    1.000000    0.000000
   85  2    7.432089    2.000000    0.000000
   87  1    7.999980    1.000000    0.000000
   88  1    8.003739    1.000000    0.000000
   89  1    8.252031    1.000000    0.000000
   90  1    8.255742    1.000000    0.000000
   91  2    8.534005    2.000000    0.000000
   93  2    8.990948    2.000000    0.000000
   95  2    9.185480    2.000000    0.000000
   97  2    9.354261    2.000000    0.000000
   99  2    9.421844    2.000000    0.000000
  101  2    9.936116    2.000000    0.000000
  103  2   10.023965    2.000000    0.000000
  105  1   10.410749    1.000000    0.000000
  106  1   10.411868    1.000000    0.000000
  107  1   10.553153    1.000000    0.000000
  108  1   10.573345    1.000000    0.000000
  109  1   10.712926    1.000000    0.000000
  110  1   10.730819    1.000000    0.000000
  111  1   10.812405    1.000000    0.000000
  112  1   10.955726    1.000000    0.000000
