  108  160
  1
  4
  1  0  0  0  1  0  0  0  1    0.000000    0.000000    0.000000    1.000000    0.000000    0.000000    0.000000    0.000000    0.000000    1.000000    0.000000  1
 -1  0  0  0 -1  0  0  0 -1    0.000000    0.000000    0.000000    1.000000    0.000000    0.000000    0.000000    0.000000    0.000000    1.000000    0.000000  1
  1  0  0  0  1  0  0  0  1    0.000000    0.000000    0.500000    1.000000    0.000000    0.000000    0.000000    0.000000    0.000000    1.000000    0.000000 -1
 -1  0  0  0 -1  0  0  0 -1    0.000000    0.000000    0.500000    1.000000    0.000000    0.000000    0.000000    0.000000    0.000000    1.000000    0.000000 -1
  8
    0.000000    0.000000    0.000000
    0.500000    0.500000    0.500000
    0.000000    0.500000    0.500000
    0.500000    0.000000    0.500000
    0.500000    0.500000    0.000000
    0.500000    0.000000    0.000000
    0.000000    0.500000    0.000000
    0.000000    0.000000    0.500000
  2
    1    2
    1  2  -40.193022    2.000000    0.000000    1.999608    0.000000
    3  3  -40.190597    3.000000    0.000000    0.996575    0.000000
    6  1  -40.189459    1.000000    0.000000   -0.995984    0.000000
    7  2  -40.187793    2.000000    0.000000    1.999802    0.000000
    9  2  -39.014147    2.000000    0.000000    1.999906    0.000000
   11  2  -39.006737    2.000000    0.000000   -1.999905    0.000000
   13  2  -38.647131    2.000000    0.000000   -1.998052    0.000000
   15  2  -38.645443    2.000000    0.000000    1.998051    0.000000
   17  2  -38.262370    2.000000    0.000000    1.999928    0.000000
   19  2  -38.253901    2.000000    0.000000   -1.999927    0.000000
   21  2  -36.047512    2.000000    0.000000    1.999936    0.000000
   23  2  -36.038511    2.000000    0.000000   -1.999936    0.000000
   25  2  -35.743816    2.000000    0.000000   -1.998971    0.000000
   27  2  -35.741492    2.000000    0.000000    1.998970    0.000000
   29  2  -35.462259    2.000000    0.000000    1.999950    0.000000
   31  2  -35.452105    2.000000    0.000000   -1.999949    0.000000
   33  2   -8.399438    2.000000    0.000000    2.000000    0.000000
   35  2   -6.953741    2.000000    0.000000   -2.000000    0.000000
   37  2   -6.909650    2.000000    0.000000    2.000000    0.000000
   39  2   -6.837737    2.000000    0.000000   -2.000000    0.000000
   41  2   -6.757402    2.000000    0.000000   -2.000000    0.000000
   43  2   -6.701539    2.000000    0.000000    2.000000    0.000000
   45  2   -6.567344    2.000000    0.000000   -2.000000    0.000000
   47  2   -6.556644    2.000000    0.000000    2.000000    0.000000
   49  2   -0.268167    2.000000    0.000000   -2.000000    0.000000
   51  2   -0.071217    2.000000    0.000000    2.000000    0.000000
   53  2    0.631447    2.000000    0.000000   -2.000000    0.000000
   55  2    0.672809    2.000000    0.000000    2.000000    0.000000
   57  2    0.695764    2.000000    0.000000    2.000000    0.000000
   59  2    0.793574    2.000000    0.000000    2.000000    0.000000
   61  2    0.832368    2.000000    0.000000   -2.000000    0.000000
   63  2    1.753714    2.000000    0.000000   -2.000000    0.000000
   65  2    1.871445    2.000000    0.000000    2.000000    0.000000
   67  2    2.142825    2.000000    0.000000    2.000000    0.000000
   69  2    2.191956    2.000000    0.000000   -2.000000    0.000000
   71  2    2.272662    2.000000    0.000000    1.999999    0.000000
   73  2    2.290924    2.000000    0.000000   -1.999998    0.000000
   75  2    2.349590    2.000000    0.000000   -2.000000    0.000000
   77  2    2.518141    2.000000    0.000000    2.000000    0.000000
   79  2    2.572323    2.000000    0.000000    2.000000    0.000000
   81  2    2.744518    2.000000    0.000000   -2.000000    0.000000
   83  2    3.184835    2.000000    0.000000    2.000000    0.000000
   85  2    3.202464    2.000000    0.000000   -2.000000    0.000000
   87  2    3.458764    2.000000    0.000000    2.000000    0.000000
   89  2    3.710691    2.000000    0.000000    2.000000    0.000000
   91  2    4.376637    2.000000    0.000000   -2.000000    0.000000
   93  2    4.551727    2.000000    0.000000    1.999999    0.000000
   95  2    4.581720    2.000000    0.000000   -2.000000    0.000000
   97  2    4.702093    2.000000    0.000000    2.000000    0.000000
   99  2    4.772798    2.000000    0.000000    2.000000    0.000000
  101  2    4.790835    2.000000    0.000000   -2.000000    0.000000
  103  2    4.981628    2.000000    0.000000   -2.000000    0.000000
  105  2    5.098031    2.000000    0.000000   -2.000000    0.000000
  107  2    5.179533    2.000000    0.000000   -2.000000    0.000000
  109  2    6.522706    2.000000    0.000000   -2.000000    0.000000
  111  2    6.593644    2.000000    0.000000    2.000000    0.000000
  113  2    7.016266    2.000000    0.000000    2.000000    0.000000
  115  2    7.049856    2.000000    0.000000    1.999998    0.000000
  117  2    7.065999    2.000000    0.000000   -1.999998    0.000000
  119  2    7.282333    2.000000    0.000000   -2.000000    0.000000
  121  2    7.451795    2.000000    0.000000   -2.000000    0.000000
  123  2    7.619199    2.000000    0.000000    2.000000    0.000000
  125  2    7.754532    2.000000    0.000000    1.999912    0.000000
  127  2    7.756801    2.000000    0.000000   -1.999888    0.000000
  129  2    8.500985    2.000000    0.000000    2.000000    0.000000
  131  2    8.601169    2.000000    0.000000   -2.000000    0.000000
  133  2    8.752588    2.000000    0.000000   -2.000000    0.000000
  135  2    8.816932    2.000000    0.000000    2.000000    0.000000
  137  2   10.115197    2.000000    0.000000   -2.000000    0.000000
  139  2   10.736265    2.000000    0.000000   -1.999996    0.000000
  141  2   10.888860    2.000000    0.000000    1.999960    0.000000
  143  2   10.910047    2.000000    0.000000    1.999985    0.000000
  145  1   11.351284    1.000000    0.000000   -0.992890    0.000000
  146  1   11.352332    1.000000    0.000000   -0.975093    0.000000
  147  1   11.359375    1.000000    0.000000    0.977496    0.000000
  148  1   11.360393    1.000000    0.000000    0.972917    0.000000
  149  1   11.376454    1.000000    0.000000   -0.789244    0.000000
  150  1   11.380209    1.000000    0.000000    0.302750    0.000000
  151  1   11.424900    1.000000    0.000000    0.105014    0.000000
  152  1   11.590139    1.000000    0.000000    0.402707    0.000000
  153  1   11.812054    1.000000    0.000000    0.999808    0.000000
  154  1   11.813566    1.000000    0.000000    0.996134    0.000000
  155  1   11.954042    1.000000    0.000000   -0.991023    0.000000
  156  1   11.973861    1.000000    0.000000   -0.923390    0.000000
  157  1   12.112278    1.000000    0.000000    0.995059    0.000000
  158  1   12.150577    1.000000    0.000000    0.935252    0.000000
  159  1   12.925756    1.000000    0.000000   -0.863571    0.000000
  160  1   12.967008    1.000000    0.000000   -0.741422    0.000000
  2
    1    2
    1  2  -40.191809    2.000000    0.000000    0.000000    0.000000
    3  4  -40.190688    4.000000    0.000000   -0.000013    0.000000
    7  2  -40.188158    2.000000    0.000000    0.000000    0.000000
    9  4  -39.010474    4.000000    0.000000    0.000000    0.000000
   13  4  -38.646334    4.000000    0.000000    0.000000    0.000000
   17  4  -38.258132    4.000000    0.000000    0.000001    0.000000
   21  4  -36.043115    4.000000    0.000000    0.000000    0.000000
   25  4  -35.742693    4.000000    0.000000    0.000000    0.000000
   29  4  -35.457230    4.000000    0.000000    0.000000    0.000000
   33  2   -7.388560    2.000000    0.000000    0.000000    0.000000
   35  2   -7.362705    2.000000    0.000000    0.000000    0.000000
   37  2   -7.279110    2.000000    0.000000    0.000000    0.000000
   39  2   -7.253901    2.000000    0.000000    0.000000    0.000000
   41  4   -6.775382    4.000000    0.000000   -0.000000    0.000000
   45  4   -6.637433    4.000000    0.000000    0.000000    0.000000
   49  2    0.723359    2.000000    0.000000    0.000000    0.000000
   51  2    0.852142    2.000000    0.000000    0.000000    0.000000
   53  2    0.936846    2.000000    0.000000    0.000000    0.000000
   55  2    1.038082    2.000000    0.000000   -0.000000    0.000000
   57  2    1.064493    2.000000    0.000000    0.000001    0.000000
   59  2    1.076628    2.000000    0.000000   -0.000000    0.000000
   61  2    1.227671    2.000000    0.000000    0.000000    0.000000
   63  2    1.274711    2.000000    0.000000    0.000000    0.000000
   65  2    1.546173    2.000000    0.000000    0.000001    0.000000
   67  2    1.739316    2.000000    0.000000   -0.000001    0.000000
   69  2    1.987129    2.000000    0.000000    0.000000    0.000000
   71  2    2.183763    2.000000    0.000000    0.000000    0.000000
   73  2    2.306746    2.000000    0.000000    0.000000    0.000000
   75  2    2.391838    2.000000    0.000000    0.000000    0.000000
   77  2    2.642836    2.000000    0.000000    0.000010    0.000000
   79  2    2.644980    2.000000    0.000000   -0.000010    0.000000
   81  2    2.842005    2.000000    0.000000   -0.000000    0.000000
   83  2    2.853670    2.000000    0.000000    0.000000    0.000000
   85  2    3.215781    2.000000    0.000000    0.000000    0.000000
   87  2    3.227672    2.000000    0.000000    0.000000    0.000000
   89  2    3.336795    2.000000    0.000000    0.000000    0.000000
   91  2    3.392945    2.000000    0.000000    0.000000    0.000000
   93  2    3.523734    2.000000    0.000000   -0.000000    0.000000
   95  2    3.658907    2.000000    0.000000    0.000000    0.000000
   97  2    4.559668    2.000000    0.000000    0.000000    0.000000
   99  2    4.622471    2.000000    0.000000    0.000000    0.000000
  101  2    4.982944    2.000000    0.000000   -0.000044    0.000000
  103  2    4.993368    2.000000    0.000000    0.000045    0.000000
  105  2    5.186379    2.000000    0.000000   -0.000000    0.000000
  107  2    5.232769    2.000000    0.000000    0.000000    0.000000
  109  2    6.824051    2.000000    0.000000    0.000000    0.000000
  111  2    6.866571    2.000000    0.000000    0.000000    0.000000
  113  2    7.075113    2.000000    0.000000   -0.000002    0.000000
  115  2    7.099036    2.000000    0.000000    0.000000    0.000000
  117  2    7.135829    2.000000    0.000000    0.000002    0.000000
  119  2    7.185226    2.000000    0.000000    0.000000    0.000000
  121  2    7.343347    2.000000    0.000000    0.000000    0.000000
  123  2    7.412194    2.000000    0.000000    0.000000    0.000000
  125  2    7.692790    2.000000    0.000000    0.000000    0.000000
  127  2    7.785523    2.000000    0.000000    0.000000    0.000000
  129  2    8.330700    2.000000    0.000000    0.000000    0.000000
  131  2    8.369231    2.000000    0.000000    0.000000    0.000000
  133  2    8.610326    2.000000    0.000000    0.000000    0.000000
  135  2    8.782561    2.000000    0.000000   -0.000000    0.000000
  137  1   11.370729    1.000000    0.000000   -0.054586    0.000000
  138  1   11.371969    1.000000    0.000000    0.085605    0.000000
  139  1   11.379072    1.000000    0.000000   -0.845557    0.000000
  140  1   11.406688    1.000000    0.000000    0.802819    0.000000
  141  1   11.479450    1.000000    0.000000   -0.778561    0.000000
  142  1   11.481178    1.000000    0.000000    0.778381    0.000000
  143  2   11.520138    2.000000    0.000000   -0.000232    0.000000
  145  2   11.541888    2.000000    0.000000   -0.164377    0.000000
  147  1   11.543207    1.000000    0.000000   -0.659623    0.000000
  148  1   11.544921    1.000000    0.000000    0.823434    0.000000
  149  1   12.194046    1.000000    0.000000   -0.627680    0.000000
  150  1   12.208028    1.000000    0.000000    0.618663    0.000000
  151  1   12.426443    1.000000    0.000000    0.896592    0.000000
  152  1   12.431424    1.000000    0.000000   -0.878388    0.000000
  153  1   12.647974    1.000000    0.000000   -0.763963    0.000000
  154  1   12.680166    1.000000    0.000000    0.787502    0.000000
  155  1   12.815356    1.000000    0.000000   -0.604930    0.000000
  156  1   12.880196    1.000000    0.000000    0.280735    0.000000
  157  1   12.979313    1.000000    0.000000    0.313687    0.000000
  158  1   13.017757    1.000000    0.000000   -0.310546    0.000000
  159  1   13.051917    1.000000    0.000000    0.386394    0.000000
  160  1   13.077712    1.000000    0.000000   -0.221768    0.000000
  2
    1    2
    1  2  -40.192466    2.000000    0.000000    0.000240    0.000000
    3  2  -40.191064    2.000000    0.000000    0.000021    0.000000
    5  2  -40.189983    2.000000    0.000000   -0.000316    0.000000
    7  2  -40.187739    2.000000    0.000000    0.000055    0.000000
    9  2  -39.014126    2.000000    0.000000    0.000000    0.000000
   11  2  -39.006719    2.000000    0.000000    0.000000    0.000000
   13  2  -38.647076    2.000000    0.000000   -0.000000    0.000000
   15  2  -38.645490    2.000000    0.000000    0.000000    0.000000
   17  2  -38.262342    2.000000    0.000000    0.000000    0.000000
   19  2  -38.253883    2.000000    0.000000    0.000000    0.000000
   21  2  -36.047539    2.000000    0.000000    0.000000    0.000000
   23  2  -36.038553    2.000000    0.000000    0.000000    0.000000
   25  2  -35.743791    2.000000    0.000000   -0.000000    0.000000
   27  2  -35.741502    2.000000    0.000000    0.000000    0.000000
   29  2  -35.462276    2.000000    0.000000    0.000000    0.000000
   31  2  -35.452161    2.000000    0.000000    0.000000    0.000000
   33  2   -7.791743    2.000000    0.000000    0.000000    0.000000
   35  2   -7.770507    2.000000    0.000000    0.000000    0.000000
   37  2   -6.977268    2.000000    0.000000    0.000000    0.000000
   39  2   -6.961718    2.000000    0.000000    0.000000    0.000000
   41  2   -6.666048    2.000000    0.000000   -0.000000    0.000000
   43  2   -6.651550    2.000000    0.000000    0.000000    0.000000
   45  2   -6.548613    2.000000    0.000000   -0.000002    0.000000
   47  2   -6.545398    2.000000    0.000000    0.000002    0.000000
   49  2    0.403575    2.000000    0.000000    0.000000    0.000000
   51  2    0.586071    2.000000    0.000000    0.000000    0.000000
   53  2    0.941825    2.000000    0.000000    0.000000    0.000000
   55  2    1.050807    2.000000    0.000000    0.000000    0.000000
   57  2    1.150621    2.000000    0.000000    0.000003    0.000000
   59  2    1.157218    2.000000    0.000000   -0.000001    0.000000
   61  2    1.354421    2.000000    0.000000    0.000000    0.000000
   63  2    1.395519    2.000000    0.000000   -0.000000    0.000000
   65  2    1.538580    2.000000    0.000000    0.000000    0.000000
   67  2    1.673842    2.000000    0.000000    0.000000    0.000000
   69  2    2.153395    2.000000    0.000000   -0.000000    0.000000
   71  2    2.184274    2.000000    0.000000    0.000009    0.000000
   73  2    2.305239    2.000000    0.000000    0.000000    0.000000
   75  2    2.379501    2.000000    0.000000   -0.000002    0.000000
   77  2    2.452520    2.000000    0.000000    0.000002    0.000000
   79  2    2.501554    2.000000    0.000000   -0.000003    0.000000
   81  2    2.646347    2.000000    0.000000    0.000000    0.000000
   83  2    2.670855    2.000000    0.000000    0.000000    0.000000
   85  2    2.786004    2.000000    0.000000    0.000000    0.000000
   87  2    3.028001    2.000000    0.000000   -0.000000    0.000000
   89  2    3.358680    2.000000    0.000000    0.000000    0.000000
   91  2    3.740294    2.000000    0.000000   -0.000000    0.000000
   93  2    3.808006    2.000000    0.000000    0.000000    0.000000
   95  2    3.898165    2.000000    0.000000    0.000000    0.000000
   97  2    4.587942    2.000000    0.000000    0.000000    0.000000
   99  2    4.698978    2.000000    0.000000    0.000000    0.000000
  101  2    5.005007    2.000000    0.000000    0.000000    0.000000
  103  2    5.141065    2.000000    0.000000    0.000000    0.000000
  105  2    5.239383    2.000000    0.000000    0.000000    0.000000
  107  2    5.406155    2.000000    0.000000    0.000000    0.000000
  109  2    6.513205    2.000000    0.000000    0.000000    0.000000
  111  2    6.764994    2.000000    0.000000    0.000001    0.000000
  113  2    6.831227    2.000000    0.000000    0.000001    0.000000
  115  2    7.066215    2.000000    0.000000    0.000000    0.000000
  117  2    7.162998    2.000000    0.000000   -0.000000    0.000000
  119  2    7.288308    2.000000    0.000000   -0.000001    0.000000
  121  2    7.315054    2.000000    0.000000   -0.000001    0.000000
  123  2    7.548342    2.000000    0.000000    0.000007    0.000000
  125  2    7.667253    2.000000    0.000000    0.000000    0.000000
  127  2    7.720714    2.000000    0.000000    0.000000    0.000000
  129  2    8.064254    2.000000    0.000000    0.000000    0.000000
  131  2    8.214235    2.000000    0.000000   -0.000000    0.000000
  133  2    8.337553    2.000000    0.000000    0.000001    0.000000
  135  2    8.362405    2.000000    0.000000   -0.000001    0.000000
  137  2   11.214843    2.000000    0.000000    0.001730    0.000000
  139  1   11.371977    1.000000    0.000000   -0.201910    0.000000
  140  1   11.381754    1.000000    0.000000    0.148969    0.000000
  141  1   11.407770    1.000000    0.000000    0.309240    0.000000
  142  1   11.437056    1.000000    0.000000   -0.274224    0.000000
  143  1   11.575227    1.000000    0.000000   -0.276831    0.000000
  144  1   11.576505    1.000000    0.000000    0.277077    0.000000
  145  1   12.403117    1.000000    0.000000   -0.049935    0.000000
  146  1   12.405669    1.000000    0.000000    0.044267    0.000000
  147  1   12.452506    1.000000    0.000000    0.981455    0.000000
  148  1   12.458729    1.000000    0.000000   -0.965048    0.000000
  149  1   12.517139    1.000000    0.000000    0.509834    0.000000
  150  1   12.518640    1.000000    0.000000   -0.531206    0.000000
  151  1   12.520011    1.000000    0.000000    0.387817    0.000000
  152  1   12.522873    1.000000    0.000000   -0.364656    0.000000
  153  1   12.866587    1.000000    0.000000    0.616402    0.000000
  154  1   12.875893    1.000000    0.000000   -0.226201    0.000000
  155  1   12.906235    1.000000    0.000000   -0.453422    0.000000
  156  1   13.042351    1.000000    0.000000    0.474762    0.000000
  157  1   13.083629    1.000000    0.000000    0.248270    0.000000
  158  1   13.099640    1.000000    0.000000   -0.258832    0.000000
  159  1   13.124524    1.000000    0.000000    0.166920    0.000000
  160  1   13.159454    1.000000    0.000000   -0.020563    0.000000
  2
    1    2
    1  2  -40.191810    2.000000    0.000000    0.000000    0.000000
    3  4  -40.190689    4.000000    0.000000    0.000006    0.000000
    7  2  -40.188158    2.000000    0.000000   -0.000000    0.000000
    9  4  -39.010474    4.000000    0.000000    0.000000    0.000000
   13  4  -38.646334    4.000000    0.000000   -0.000000    0.000000
   17  4  -38.258131    4.000000    0.000000   -0.000000    0.000000
   21  4  -36.043118    4.000000    0.000000   -0.000000    0.000000
   25  4  -35.742695    4.000000    0.000000    0.000000    0.000000
   29  4  -35.457233    4.000000    0.000000    0.000001    0.000000
   33  2   -7.400852    2.000000    0.000000    0.000000    0.000000
   35  2   -7.380366    2.000000    0.000000    0.000000    0.000000
   37  2   -7.300188    2.000000    0.000000    0.000000    0.000000
   39  2   -7.278742    2.000000    0.000000    0.000000    0.000000
   41  2   -6.745981    2.000000    0.000000    0.000000    0.000000
   43  2   -6.743103    2.000000    0.000000    0.000000    0.000000
   45  2   -6.616764    2.000000    0.000000    0.000000    0.000000
   47  2   -6.612684    2.000000    0.000000    0.000000    0.000000
   49  2    0.593015    2.000000    0.000000    0.000000    0.000000
   51  2    0.688573    2.000000    0.000000    0.000000    0.000000
   53  2    0.776283    2.000000    0.000000    0.000000    0.000000
   55  2    0.869121    2.000000    0.000000   -0.000000    0.000000
   57  2    1.116036    2.000000    0.000000    0.000000    0.000000
   59  2    1.223010    2.000000    0.000000    0.000000    0.000000
   61  2    1.309768    2.000000    0.000000    0.000000    0.000000
   63  2    1.407160    2.000000    0.000000   -0.000001    0.000000
   65  2    1.419963    2.000000    0.000000    0.000002    0.000000
   67  2    1.607512    2.000000    0.000000    0.000000    0.000000
   69  2    1.892329    2.000000    0.000000    0.000000    0.000000
   71  2    2.101992    2.000000    0.000000    0.000000    0.000000
   73  2    2.304939    2.000000    0.000000    0.000000    0.000000
   75  2    2.314411    2.000000    0.000000   -0.000000    0.000000
   77  2    2.601162    2.000000    0.000000    0.000000    0.000000
   79  2    2.624137    2.000000    0.000000    0.000000    0.000000
   81  2    2.896680    2.000000    0.000000    0.000001    0.000000
   83  2    2.919606    2.000000    0.000000   -0.000000    0.000000
   85  2    3.325530    2.000000    0.000000    0.000000    0.000000
   87  2    3.356634    2.000000    0.000000   -0.000000    0.000000
   89  2    3.685557    2.000000    0.000000   -0.000000    0.000000
   91  2    3.743562    2.000000    0.000000    0.000000    0.000000
   93  2    3.768043    2.000000    0.000000   -0.000000    0.000000
   95  2    3.918623    2.000000    0.000000    0.000001    0.000000
   97  2    4.494176    2.000000    0.000000    0.000000    0.000000
   99  2    4.544592    2.000000    0.000000    0.000000    0.000000
  101  2    4.948929    2.000000    0.000000    0.000000    0.000000
  103  2    5.044828    2.000000    0.000000    0.000000    0.000000
  105  2    5.207294    2.000000    0.000000    0.000000    0.000000
  107  2    5.355701    2.000000    0.000000    0.000000    0.000000
  109  2    6.586506    2.000000    0.000000    0.000000    0.000000
  111  2    6.596421    2.000000    0.000000    0.000000    0.000000
  113  2    6.922729    2.000000    0.000000   -0.000000    0.000000
  115  2    6.932849    2.000000    0.000000   -0.000026    0.000000
  117  2    7.228460    2.000000    0.000000   -0.000001    0.000000
  119  2    7.259351    2.000000    0.000000    0.000014    0.000000
  121  2    7.482900    2.000000    0.000000    0.000004    0.000000
  123  2    7.496457    2.000000    0.000000   -0.000004    0.000000
  125  2    7.686191    2.000000    0.000000   -0.000005    0.000000
  127  2    7.725011    2.000000    0.000000    0.000006    0.000000
  129  2    8.062200    2.000000    0.000000    0.000000    0.000000
  131  2    8.137654    2.000000    0.000000    0.000000    0.000000
  133  2    8.560958    2.000000    0.000000    0.000003    0.000000
  135  2    8.731951    2.000000    0.000000    0.000000    0.000000
  137  2   11.112844    2.000000    0.000000    0.000172    0.000000
  139  1   11.280089    1.000000    0.000000   -0.421647    0.000000
  140  1   11.281649    1.000000    0.000000    0.420940    0.000000
  141  1   11.394649    1.000000    0.000000    0.031873    0.000000
  142  1   11.414914    1.000000    0.000000   -0.360899    0.000000
  143  1   11.421324    1.000000    0.000000    0.100657    0.000000
  144  1   11.441025    1.000000    0.000000    0.210776    0.000000
  145  1   11.555503    1.000000    0.000000   -0.049494    0.000000
  146  1   11.566529    1.000000    0.000000    0.048295    0.000000
  147  1   11.707942    1.000000    0.000000   -0.412326    0.000000
  148  1   11.709556    1.000000    0.000000    0.411639    0.000000
  149  1   12.074204    1.000000    0.000000    0.728977    0.000000
  150  1   12.076316    1.000000    0.000000   -0.726444    0.000000
  151  1   12.127677    1.000000    0.000000   -0.581843    0.000000
  152  1   12.130273    1.000000    0.000000    0.564383    0.000000
  153  1   12.453866    1.000000    0.000000   -0.060050    0.000000
  154  1   12.461141    1.000000    0.000000    0.560078    0.000000
  155  1   12.505276    1.000000    0.000000    0.194146    0.000000
  156  1   12.614280    1.000000    0.000000   -0.390387    0.000000
  157  1   12.675091    1.000000    0.000000   -0.222948    0.000000
  158  1   12.718157    1.000000    0.000000   -0.072657    0.000000
  159  1   12.792719    1.000000    0.000000    0.278674    0.000000
  160  1   12.831790    1.000000    0.000000   -0.325463    0.000000
  2
    1    2
    1  4  -40.191999    4.000000    0.000000    0.004017    0.000000
    5  2  -40.189812    2.000000    0.000000    1.995985    0.000000
    7  2  -40.187985    2.000000    0.000000    1.999999    0.000000
    9  4  -39.010500    4.000000    0.000000   -0.000004    0.000000
   13  4  -38.646336    4.000000    0.000000   -0.000003    0.000000
   17  4  -38.258158    4.000000    0.000000   -0.000015    0.000000
   21  4  -36.043094    4.000000    0.000000   -0.000012    0.000000
   25  4  -35.742695    4.000000    0.000000   -0.000009    0.000000
   29  4  -35.457206    4.000000    0.000000   -0.000007    0.000000
   33  4   -7.723272    4.000000    0.000000    0.000000    0.000000
   37  4   -6.818693    4.000000    0.000000   -0.000001    0.000000
   41  2   -6.789893    2.000000    0.000000   -1.999998    0.000000
   43  2   -6.745945    2.000000    0.000000   -2.000000    0.000000
   45  2   -6.670669    2.000000    0.000000    2.000000    0.000000
   47  2   -6.630638    2.000000    0.000000    2.000000    0.000000
   49  2   -0.249519    2.000000    0.000000   -2.000000    0.000000
   51  2   -0.016035    2.000000    0.000000    2.000000    0.000000
   53  2    0.694890    2.000000    0.000000    2.000000    0.000000
   55  2    0.735189    2.000000    0.000000   -1.999969    0.000000
   57  2    0.736982    2.000000    0.000000    1.999969    0.000000
   59  2    1.035014    2.000000    0.000000   -2.000000    0.000000
   61  2    1.457904    2.000000    0.000000    1.999902    0.000000
   63  2    1.459413    2.000000    0.000000   -1.999902    0.000000
   65  2    2.015617    2.000000    0.000000   -1.999998    0.000000
   67  2    2.031357    2.000000    0.000000    1.999998    0.000000
   69  2    2.158936    2.000000    0.000000   -2.000000    0.000000
   71  2    2.243479    2.000000    0.000000   -1.999998    0.000000
   73  2    2.261587    2.000000    0.000000    1.999998    0.000000
   75  2    2.465599    2.000000    0.000000   -2.000000    0.000000
   77  2    2.566004    2.000000    0.000000    2.000000    0.000000
   79  2    2.756872    2.000000    0.000000   -2.000000    0.000000
   81  2    2.806984    2.000000    0.000000    2.000000    0.000000
   83  2    3.349878    2.000000    0.000000   -2.000000    0.000000
   85  2    3.514611    2.000000    0.000000    2.000000    0.000000
   87  2    3.623423    2.000000    0.000000    2.000000    0.000000
   89  2    3.794348    2.000000    0.000000   -2.000000    0.000000
   91  2    3.847128    2.000000    0.000000    2.000000    0.000000
   93  2    4.219901    2.000000    0.000000   -2.000000    0.000000
   95  2    4.227544    2.000000    0.000000    2.000000    0.000000
   97  2    4.522906    2.000000    0.000000    1.999816    0.000000
   99  2    4.526621    2.000000    0.000000   -1.999808    0.000000
  101  2    4.653741    2.000000    0.000000   -2.000000    0.000000
  103  2    4.835432    2.000000    0.000000    2.000000    0.000000
  105  2    5.166736    2.000000    0.000000   -1.999998    0.000000
  107  2    5.176547    2.000000    0.000000    1.999999    0.000000
  109  2    6.618451    2.000000    0.000000   -2.000000    0.000000
  111  2    6.677756    2.000000    0.000000    2.000000    0.000000
  113  2    6.996206    2.000000    0.000000   -2.000000    0.000000
  115  2    7.028957    2.000000    0.000000    2.000000    0.000000
  117  2    7.328828    2.000000    0.000000    1.999997    0.000000
  119  2    7.343220    2.000000    0.000000   -1.999997    0.000000
  121  2    7.384796    2.000000    0.000000   -2.000000    0.000000
  123  2    7.442364    2.000000    0.000000    2.000000    0.000000
  125  2    7.742185    2.000000    0.000000   -1.999992    0.000000
  127  2    7.749804    2.000000    0.000000    1.999992    0.000000
  129  2    8.333102    2.000000    0.000000   -2.000000    0.000000
  131  2    8.535230    2.000000    0.000000    2.000000    0.000000
  133  2    8.697443    2.000000    0.000000    2.000000    0.000000
  135  2    8.840974    2.000000    0.000000   -2.000000    0.000000
  137  2   10.105768    2.000000    0.000000   -1.999999    0.000000
  139  2   10.646402    2.000000    0.000000   -1.999971    0.000000
  141  2   10.861993    2.000000    0.000000    1.999971    0.000000
  143  1   11.117903    1.000000    0.000000    0.999724    0.000000
  144  1   11.119315    1.000000    0.000000    0.999226    0.000000
  145  1   11.370320    1.000000    0.000000   -0.956173    0.000000
  146  1   11.383689    1.000000    0.000000    0.040487    0.000000
  147  1   11.433757    1.000000    0.000000    0.077653    0.000000
  148  1   11.528693    1.000000    0.000000   -0.984222    0.000000
  149  1   11.539356    1.000000    0.000000   -0.795759    0.000000
  150  1   11.562256    1.000000    0.000000    0.866609    0.000000
  151  1   11.574701    1.000000    0.000000    0.927410    0.000000
  152  2   11.661550    2.000000    0.000000    1.997066    0.000000
  154  1   11.712284    1.000000    0.000000   -0.978285    0.000000
  155  1   11.714040    1.000000    0.000000   -0.997416    0.000000
  156  1   11.796740    1.000000    0.000000    0.992108    0.000000
  157  1   11.801092    1.000000    0.000000    0.999712    0.000000
  158  1   12.184207    1.000000    0.000000    0.412587    0.000000
  159  1   12.768990    1.000000    0.000000   -0.959225    0.000000
  160  1   12.896527    1.000000    0.000000   -0.903637    0.000000
  2
    1    2
    1  4  -40.191997    4.000000    0.000000    0.004032    0.000000
    5  2  -40.189812    2.000000    0.000000    1.995970    0.000000
    7  2  -40.187984    2.000000    0.000000    1.999999    0.000000
    9  4  -39.010496    4.000000    0.000000   -0.000017    0.000000
   13  4  -38.646337    4.000000    0.000000   -0.000002    0.000000
   17  4  -38.258157    4.000000    0.000000   -0.000003    0.000000
   21  4  -36.043096    4.000000    0.000000   -0.000008    0.000000
   25  4  -35.742697    4.000000    0.000000   -0.000008    0.000000
   29  4  -35.457208    4.000000    0.000000   -0.000011    0.000000
   33  4   -7.708879    4.000000    0.000000    0.000000    0.000000
   37  4   -6.842209    4.000000    0.000000    0.000000    0.000000
   41  2   -6.790209    2.000000    0.000000   -2.000000    0.000000
   43  2   -6.745240    2.000000    0.000000   -2.000000    0.000000
   45  2   -6.670191    2.000000    0.000000    2.000000    0.000000
   47  2   -6.631122    2.000000    0.000000    2.000000    0.000000
   49  2   -0.250100    2.000000    0.000000   -2.000000    0.000000
   51  2   -0.016033    2.000000    0.000000    2.000000    0.000000
   53  2    0.696704    2.000000    0.000000    2.000000    0.000000
   55  4    0.869481    4.000000    0.000000    0.000001    0.000000
   59  2    1.034682    2.000000    0.000000   -2.000000    0.000000
   61  4    1.432849    4.000000    0.000000   -0.000005    0.000000
   65  2    2.103831    2.000000    0.000000   -2.000000    0.000000
   67  2    2.154675    2.000000    0.000000    2.000000    0.000000
   69  2    2.187977    2.000000    0.000000   -2.000000    0.000000
   71  2    2.255038    2.000000    0.000000   -2.000000    0.000000
   73  2    2.279974    2.000000    0.000000    2.000000    0.000000
   75  2    2.489738    2.000000    0.000000   -2.000000    0.000000
   77  2    2.585600    2.000000    0.000000    2.000000    0.000000
   79  2    2.831187    2.000000    0.000000   -2.000000    0.000000
   81  2    2.870095    2.000000    0.000000    2.000000    0.000000
   83  2    3.348751    2.000000    0.000000   -2.000000    0.000000
   85  2    3.513790    2.000000    0.000000    2.000000    0.000000
   87  4    3.594205    4.000000    0.000000    0.000012    0.000000
   91  2    3.633656    2.000000    0.000000    2.000000    0.000000
   93  2    3.701581    2.000000    0.000000   -2.000000    0.000000
   95  2    3.731841    2.000000    0.000000    2.000000    0.000000
   97  2    4.556498    2.000000    0.000000   -2.000000    0.000000
   99  2    4.711180    2.000000    0.000000    1.999998    0.000000
  101  2    4.742852    2.000000    0.000000   -1.999998    0.000000
  103  2    4.784481    2.000000    0.000000    2.000000    0.000000
  105  2    5.073068    2.000000    0.000000   -1.999998    0.000000
  107  2    5.081619    2.000000    0.000000    1.999999    0.000000
  109  2    6.592868    2.000000    0.000000   -2.000000    0.000000
  111  2    6.630211    2.000000    0.000000    2.000000    0.000000
  113  2    6.977094    2.000000    0.000000   -2.000000    0.000000
  115  2    7.030106    2.000000    0.000000    2.000000    0.000000
  117  2    7.379974    2.000000    0.000000   -2.000000    0.000000
  119  2    7.419438    2.000000    0.000000    2.000000    0.000000
  121  2    7.656483    2.000000    0.000000   -2.000000    0.000000
  123  2    7.731861    2.000000    0.000000    2.000000    0.000000
  125  2    7.751897    2.000000    0.000000    2.000000    0.000000
  127  2    7.781643    2.000000    0.000000   -1.999999    0.000000
  129  2    8.444230    2.000000    0.000000   -2.000000    0.000000
  131  2    8.586580    2.000000    0.000000    2.000000    0.000000
  133  2    8.801179    2.000000    0.000000    2.000000    0.000000
  135  2    8.916229    2.000000    0.000000   -2.000000    0.000000
  137  2   10.118038    2.000000    0.000000   -2.000000    0.000000
  139  2   10.646334    2.000000    0.000000   -2.000000    0.000000
  141  2   10.863221    2.000000    0.000000    1.999955    0.000000
  143  2   11.160834    2.000000    0.000000    1.999310    0.000000
  145  1   11.379602    1.000000    0.000000   -0.743122    0.000000
  146  1   11.390879    1.000000    0.000000    0.774988    0.000000
  147  1   11.409226    1.000000    0.000000    0.507812    0.000000
  148  1   11.503402    1.000000    0.000000   -0.566227    0.000000
  149  1   11.531988    1.000000    0.000000   -0.997180    0.000000
  150  1   11.544550    1.000000    0.000000   -0.038925    0.000000
  151  1   11.551339    1.000000    0.000000    0.999420    0.000000
  152  1   11.563464    1.000000    0.000000    0.070891    0.000000
  153  1   11.745605    1.000000    0.000000    0.999921    0.000000
  154  1   11.753822    1.000000    0.000000    0.968422    0.000000
  155  1   12.654299    1.000000    0.000000   -0.238809    0.000000
  156  1   12.661623    1.000000    0.000000    0.017528    0.000000
  157  1   12.707151    1.000000    0.000000   -0.199196    0.000000
  158  1   12.739486    1.000000    0.000000   -0.828353    0.000000
  159  1   12.756848    1.000000    0.000000   -0.918021    0.000000
  160  1   12.908317    1.000000    0.000000   -0.692700    0.000000
  2
    1    2
    1  2  -40.193104    2.000000    0.000000    1.999618    0.000000
    3  3  -40.190561    3.000000    0.000000    0.996500    0.000000
    6  1  -40.189459    1.000000    0.000000   -0.995891    0.000000
    7  2  -40.187755    2.000000    0.000000    1.999774    0.000000
    9  2  -39.014139    2.000000    0.000000   -1.999905    0.000000
   11  2  -39.006736    2.000000    0.000000    1.999905    0.000000
   13  2  -38.647072    2.000000    0.000000    1.997763    0.000000
   15  2  -38.645497    2.000000    0.000000   -1.997761    0.000000
   17  2  -38.262363    2.000000    0.000000   -1.999928    0.000000
   19  2  -38.253902    2.000000    0.000000    1.999928    0.000000
   21  2  -36.047506    2.000000    0.000000   -1.999936    0.000000
   23  2  -36.038507    2.000000    0.000000    1.999936    0.000000
   25  2  -35.743783    2.000000    0.000000    1.998922    0.000000
   27  2  -35.741513    2.000000    0.000000   -1.998920    0.000000
   29  2  -35.462252    2.000000    0.000000   -1.999949    0.000000
   31  2  -35.452103    2.000000    0.000000    1.999949    0.000000
   33  2   -8.228527    2.000000    0.000000   -2.000000    0.000000
   35  2   -7.245837    2.000000    0.000000    2.000000    0.000000
   37  2   -6.909551    2.000000    0.000000   -2.000000    0.000000
   39  2   -6.837257    2.000000    0.000000    2.000000    0.000000
   41  2   -6.824563    2.000000    0.000000   -2.000000    0.000000
   43  2   -6.646585    2.000000    0.000000    2.000000    0.000000
   45  2   -6.567147    2.000000    0.000000    2.000000    0.000000
   47  2   -6.557138    2.000000    0.000000   -2.000000    0.000000
   49  2   -0.038556    2.000000    0.000000    2.000000    0.000000
   51  2    0.631348    2.000000    0.000000    2.000000    0.000000
   53  2    0.671540    2.000000    0.000000   -2.000000    0.000000
   55  2    0.791425    2.000000    0.000000   -2.000000    0.000000
   57  2    0.832383    2.000000    0.000000    2.000000    0.000000
   59  2    0.957363    2.000000    0.000000   -2.000000    0.000000
   61  2    1.038892    2.000000    0.000000   -2.000000    0.000000
   63  2    1.770929    2.000000    0.000000    2.000000    0.000000
   65  2    1.875613    2.000000    0.000000   -2.000000    0.000000
   67  2    2.150373    2.000000    0.000000   -2.000000    0.000000
   69  2    2.173867    2.000000    0.000000   -2.000000    0.000000
   71  2    2.241899    2.000000    0.000000    2.000000    0.000000
   73  2    2.273899    2.000000    0.000000   -1.999999    0.000000
   75  2    2.343565    2.000000    0.000000    2.000000    0.000000
   77  2    2.383467    2.000000    0.000000    2.000000    0.000000
   79  2    2.528512    2.000000    0.000000   -2.000000    0.000000
   81  2    2.585910    2.000000    0.000000   -2.000000    0.000000
   83  2    2.747135    2.000000    0.000000    2.000000    0.000000
   85  2    2.855924    2.000000    0.000000    2.000000    0.000000
   87  2    3.188803    2.000000    0.000000   -2.000000    0.000000
   89  2    3.212056    2.000000    0.000000    2.000000    0.000000
   91  2    3.445734    2.000000    0.000000   -2.000000    0.000000
   93  2    4.560338    2.000000    0.000000   -2.000000    0.000000
   95  2    4.610244    2.000000    0.000000    2.000000    0.000000
   97  2    4.726821    2.000000    0.000000   -2.000000    0.000000
   99  2    4.817921    2.000000    0.000000    2.000000    0.000000
  101  2    4.958418    2.000000    0.000000    2.000000    0.000000
  103  2    4.979652    2.000000    0.000000   -1.999999    0.000000
  105  2    5.047906    2.000000    0.000000    2.000000    0.000000
  107  2    5.122288    2.000000    0.000000    2.000000    0.000000
  109  2    6.488232    2.000000    0.000000    2.000000    0.000000
  111  2    6.618640    2.000000    0.000000   -2.000000    0.000000
  113  2    7.061671    2.000000    0.000000   -2.000000    0.000000
  115  2    7.168318    2.000000    0.000000   -2.000000    0.000000
  117  2    7.211998    2.000000    0.000000    2.000000    0.000000
  119  2    7.340242    2.000000    0.000000    2.000000    0.000000
  121  2    7.471936    2.000000    0.000000    2.000000    0.000000
  123  2    7.631708    2.000000    0.000000   -2.000000    0.000000
  125  2    7.772913    2.000000    0.000000   -1.999999    0.000000
  127  2    7.808565    2.000000    0.000000    1.999999    0.000000
  129  2    8.438220    2.000000    0.000000    2.000000    0.000000
  131  2    8.609466    2.000000    0.000000   -2.000000    0.000000
  133  2    8.868254    2.000000    0.000000    1.999997    0.000000
  135  2    8.891936    2.000000    0.000000   -1.999997    0.000000
  137  2   10.743094    2.000000    0.000000   -1.999999    0.000000
  139  2   11.160376    2.000000    0.000000    1.999508    0.000000
  141  2   11.299481    2.000000    0.000000    1.999812    0.000000
  143  1   11.349980    1.000000    0.000000   -0.995622    0.000000
  144  1   11.351166    1.000000    0.000000   -0.990268    0.000000
  145  2   11.369395    2.000000    0.000000    1.973918    0.000000
  147  1   11.376441    1.000000    0.000000   -0.887568    0.000000
  148  1   11.387836    1.000000    0.000000    0.324295    0.000000
  149  1   11.411966    1.000000    0.000000    0.034420    0.000000
  150  1   11.483791    1.000000    0.000000    0.577599    0.000000
  151  1   11.956253    1.000000    0.000000    0.925183    0.000000
  152  1   11.960125    1.000000    0.000000   -0.474194    0.000000
  153  1   11.961567    1.000000    0.000000   -0.594243    0.000000
  154  1   11.985366    1.000000    0.000000    0.168647    0.000000
  155  1   12.135160    1.000000    0.000000   -0.996590    0.000000
  156  1   12.144010    1.000000    0.000000   -0.987242    0.000000
  157  1   12.861983    1.000000    0.000000   -0.896654    0.000000
  158  1   12.869263    1.000000    0.000000   -0.319399    0.000000
  159  1   12.944000    1.000000    0.000000   -0.194962    0.000000
  160  1   12.951716    1.000000    0.000000   -0.776480    0.000000
  2
    1    2
    1  2  -40.192434    2.000000    0.000000    0.000233    0.000000
    3  2  -40.191006    2.000000    0.000000    0.000101    0.000000
    5  2  -40.189989    2.000000    0.000000   -0.000386    0.000000
    7  2  -40.187768    2.000000    0.000000    0.000054    0.000000
    9  2  -39.014123    2.000000    0.000000    0.000000    0.000000
   11  2  -39.006719    2.000000    0.000000    0.000000    0.000000
   13  2  -38.647136    2.000000    0.000000    0.000000    0.000000
   15  2  -38.645430    2.000000    0.000000   -0.000000    0.000000
   17  2  -38.262341    2.000000    0.000000    0.000000    0.000000
   19  2  -38.253882    2.000000    0.000000    0.000000    0.000000
   21  2  -36.047532    2.000000    0.000000    0.000000    0.000000
   23  2  -36.038550    2.000000    0.000000    0.000000    0.000000
   25  2  -35.743818    2.000000    0.000000    0.000000    0.000000
   27  2  -35.741476    2.000000    0.000000   -0.000000    0.000000
   29  2  -35.462272    2.000000    0.000000    0.000000    0.000000
   31  2  -35.452157    2.000000    0.000000    0.000000    0.000000
   33  2   -7.909297    2.000000    0.000000    0.000000    0.000000
   35  2   -7.888677    2.000000    0.000000    0.000000    0.000000
   37  2   -6.800373    2.000000    0.000000    0.000000    0.000000
   39  2   -6.782712    2.000000    0.000000    0.000000    0.000000
   41  2   -6.631344    2.000000    0.000000    0.000000    0.000000
   43  2   -6.616568    2.000000    0.000000    0.000001    0.000000
   45  4   -6.574314    4.000000    0.000000    0.000000    0.000000
   49  2    0.301979    2.000000    0.000000    0.000000    0.000000
   51  2    0.463671    2.000000    0.000000    0.000000    0.000000
   53  2    0.478935    2.000000    0.000000    0.000000    0.000000
   55  2    0.638187    2.000000    0.000000    0.000000    0.000000
   57  2    0.819550    2.000000    0.000000    0.000000    0.000000
   59  2    0.893429    2.000000    0.000000    0.000001    0.000000
   61  2    1.263192    2.000000    0.000000    0.000000    0.000000
   63  2    1.446906    2.000000    0.000000    0.000000    0.000000
   65  2    1.482617    2.000000    0.000000    0.000000    0.000000
   67  2    1.777712    2.000000    0.000000    0.000000    0.000000
   69  2    2.161636    2.000000    0.000000    0.000000    0.000000
   71  2    2.230859    2.000000    0.000000   -0.000001    0.000000
   73  2    2.250392    2.000000    0.000000    0.000000    0.000000
   75  2    2.535260    2.000000    0.000000    0.000000    0.000000
   77  2    2.658616    2.000000    0.000000    0.000000    0.000000
   79  2    2.774485    2.000000    0.000000   -0.000000    0.000000
   81  2    2.814873    2.000000    0.000000   -0.000002    0.000000
   83  2    2.963861    2.000000    0.000000    0.000004    0.000000
   85  2    2.984739    2.000000    0.000000   -0.000001    0.000000
   87  2    3.063082    2.000000    0.000000    0.000000    0.000000
   89  2    3.399360    2.000000    0.000000    0.000000    0.000000
   91  2    3.895751    2.000000    0.000000    0.000000    0.000000
   93  2    4.266227    2.000000    0.000000   -0.000001    0.000000
   95  2    4.420659    2.000000    0.000000    0.000008    0.000000
   97  2    4.540226    2.000000    0.000000    0.000001    0.000000
   99  2    4.652170    2.000000    0.000000   -0.000001    0.000000
  101  2    4.914101    2.000000    0.000000    0.000000    0.000000
  103  2    4.984796    2.000000    0.000000    0.000000    0.000000
  105  2    5.094335    2.000000    0.000000    0.000000    0.000000
  107  2    5.361327    2.000000    0.000000    0.000000    0.000000
  109  2    6.829955    2.000000    0.000000    0.000000    0.000000
  111  2    6.987895    2.000000    0.000000    0.000017    0.000000
  113  2    7.026629    2.000000    0.000000   -0.000001    0.000000
  115  2    7.106581    2.000000    0.000000   -0.000000    0.000000
  117  2    7.153213    2.000000    0.000000    0.000000    0.000000
  119  2    7.275876    2.000000    0.000000    0.000001    0.000000
  121  2    7.359374    2.000000    0.000000   -0.000000    0.000000
  123  2    7.492137    2.000000    0.000000    0.000000    0.000000
  125  2    7.532728    2.000000    0.000000    0.000000    0.000000
  127  2    7.575856    2.000000    0.000000   -0.000001    0.000000
  129  2    8.251779    2.000000    0.000000    0.000000    0.000000
  131  2    8.415503    2.000000    0.000000    0.000000    0.000000
  133  2    8.461896    2.000000    0.000000    0.000000    0.000000
  135  2    8.743102    2.000000    0.000000    0.000000    0.000000
  137  2   10.983445    2.000000    0.000000    0.000007    0.000000
  139  2   11.112262    2.000000    0.000000    0.000019    0.000000
  141  2   11.373934    2.000000    0.000000    0.085214    0.000000
  143  1   11.377726    1.000000    0.000000   -0.663867    0.000000
  144  1   11.423579    1.000000    0.000000    0.570974    0.000000
  145  1   11.558355    1.000000    0.000000   -0.920969    0.000000
  146  1   11.559873    1.000000    0.000000    0.920234    0.000000
  147  2   11.621098    2.000000    0.000000    0.001309    0.000000
  149  2   12.012309    2.000000    0.000000    0.000287    0.000000
  151  1   12.103736    1.000000    0.000000   -0.990199    0.000000
  152  1   12.108667    1.000000    0.000000    0.983557    0.000000
  153  1   12.335586    1.000000    0.000000   -0.475932    0.000000
  154  1   12.385803    1.000000    0.000000    0.394410    0.000000
  155  1   12.538781    1.000000    0.000000    0.282150    0.000000
  156  1   12.558410    1.000000    0.000000   -0.276588    0.000000
  157  1   12.618363    1.000000    0.000000    0.173141    0.000000
  158  1   12.642721    1.000000    0.000000   -0.395137    0.000000
  159  1   12.664424    1.000000    0.000000    0.704245    0.000000
  160  1   12.736879    1.000000    0.000000   -0.511858    0.000000
