   60   98
  1
 16
  1  0  0  0  1  0  0  0  1    0.000000    0.000000    0.000000    1.000000    0.000000    0.000000    0.000000    0.000000    0.000000    1.000000    0.000000  1
 -1  0  0  0 -1  0  0  0  1    0.500000    0.500000    0.500000    0.000000   -1.000000    0.000000    0.000000    0.000000    0.000000    0.000000    1.000000  1
 -1  0  0  0  1  0  0  0 -1    0.000000    0.000000    0.500000    0.000000    0.000000   -1.000000    0.000000    1.000000    0.000000    0.000000    0.000000  1
  1  0  0  0 -1  0  0  0 -1    0.500000    0.500000    0.000000    0.000000    0.000000    0.000000   -1.000000    0.000000   -1.000000    0.000000    0.000000  1
 -1  0  0  0 -1  0  0  0 -1    0.000000    0.000000    0.000000    1.000000    0.000000    0.000000    0.000000    0.000000    0.000000    1.000000    0.000000  1
  1  0  0  0  1  0  0  0 -1    0.500000    0.500000    0.500000    0.000000   -1.000000    0.000000    0.000000    0.000000    0.000000    0.000000    1.000000  1
  1  0  0  0 -1  0  0  0  1    0.000000    0.000000    0.500000    0.000000    0.000000   -1.000000    0.000000    1.000000    0.000000    0.000000    0.000000  1
 -1  0  0  0  1  0  0  0  1    0.500000    0.500000    0.000000    0.000000    0.000000    0.000000   -1.000000    0.000000   -1.000000    0.000000    0.000000  1
  1  0  0  0  1  0  0  0  1    0.500000    0.500000    0.000000    1.000000    0.000000    0.000000    0.000000    0.000000    0.000000    1.000000    0.000000 -1
 -1  0  0  0 -1  0  0  0  1    0.000000    0.000000    0.500000    0.000000   -1.000000    0.000000    0.000000    0.000000    0.000000    0.000000    1.000000 -1
 -1  0  0  0  1  0  0  0 -1    0.500000    0.500000    0.500000    0.000000    0.000000   -1.000000    0.000000    1.000000    0.000000    0.000000    0.000000 -1
  1  0  0  0 -1  0  0  0 -1    0.000000    0.000000    0.000000    0.000000    0.000000    0.000000   -1.000000    0.000000   -1.000000    0.000000    0.000000 -1
 -1  0  0  0 -1  0  0  0 -1    0.500000    0.500000    0.000000    1.000000    0.000000    0.000000    0.000000    0.000000    0.000000    1.000000    0.000000 -1
  1  0  0  0  1  0  0  0 -1    0.000000    0.000000    0.500000    0.000000   -1.000000    0.000000    0.000000    0.000000    0.000000    0.000000    1.000000 -1
  1  0  0  0 -1  0  0  0  1    0.500000    0.500000    0.500000    0.000000    0.000000   -1.000000    0.000000    1.000000    0.000000    0.000000    0.000000 -1
 -1  0  0  0  1  0  0  0  1    0.000000    0.000000    0.000000    0.000000    0.000000    0.000000   -1.000000    0.000000   -1.000000    0.000000    0.000000 -1
  8
    0.000000    0.000000    0.000000
    0.500000    0.500000    0.500000
    0.500000    0.500000    0.000000
    0.000000    0.500000    0.500000
    0.500000    0.000000    0.500000
    0.500000    0.000000    0.000000
    0.000000    0.500000    0.000000
    0.000000    0.000000    0.500000
  8
    1    2    3    4    5    6    7    8
    1  2   -7.743570    2.000000    0.000000    0.000000   -0.000000    0.000000    0.000000    0.000000   -0.000000    2.000000    0.000000    0.000000   -0.000000    0.000000    0.000000    0.000000   -0.000000
    3  2   -5.896858    2.000000    0.000000    0.000000   -0.000000    0.000000   -0.000000    0.000000    0.000000   -2.000000    0.000000    0.000000    0.000000    0.000000    0.000000    0.000000    0.000000
    5  2   -5.482969    2.000000    0.000000    0.000000    0.000000    0.000000   -0.000000    0.000000    0.000000    2.000000    0.000000    0.000000    0.000000    0.000000   -0.000000    0.000000    0.000000
    7  2   -5.191435    2.000000    0.000000    0.000000    0.000000    0.000000   -0.000000    0.000000    0.000000   -2.000000    0.000000    0.000000    0.000000    0.000000    0.000000    0.000000    0.000000
    9  2    0.753761    2.000000    0.000000    0.000000    0.000000    0.000000    0.000000    0.000000   -0.000000    2.000000    0.000000    0.000000    0.000000    0.000000    0.000000    0.000000   -0.000000
   11  2    0.872070    2.000000    0.000000    0.000000    0.000000    0.000000   -0.000000    0.000000    0.000000    2.000000    0.000000    0.000000    0.000000    0.000000   -0.000000    0.000000    0.000000
   13  2    3.023679    2.000000    0.000000    0.000000    0.000000    0.000000    0.000000    0.000000    0.000000   -2.000000    0.000000    0.000000    0.000000    0.000000    0.000000    0.000000    0.000000
   15  2    3.504318    2.000000    0.000000    0.000000    0.000000    0.000000    0.000000    0.000000    0.000000    2.000000    0.000000    0.000000    0.000000    0.000000    0.000000    0.000000    0.000000
   17  2    3.571420    2.000000    0.000000    0.000000    0.000000    0.000000    0.000000    0.000000   -0.000000   -2.000000    0.000000    0.000000    0.000000    0.000000    0.000000    0.000000    0.000000
   19  2    3.608300    2.000000    0.000000    0.000000   -0.000000    0.000000    0.000000    0.000000    0.000000    2.000000    0.000000    0.000000   -0.000000    0.000000    0.000000    0.000000    0.000000
   21  2    3.765737    2.000000    0.000000    0.000000    0.000000    0.000000    0.000000    0.000000    0.000001    2.000000    0.000000    0.000000    0.000000    0.000000    0.000000    0.000000    0.000001
   23  2    3.880377    2.000000    0.000000    0.000000    0.000000    0.000000    0.000000    0.000000    0.000000    2.000000    0.000000    0.000000    0.000000    0.000000    0.000000    0.000000    0.000000
   25  2    4.375176    2.000000    0.000000    0.000000   -0.000000    0.000000    0.000000    0.000000    0.000000   -2.000000    0.000000    0.000000    0.000000    0.000000    0.000000    0.000000    0.000000
   27  2    5.303473    2.000000    0.000000    0.000000   -0.000000    0.000000   -0.000000    0.000000    0.000000    2.000000    0.000000    0.000000   -0.000000    0.000000   -0.000000    0.000000    0.000000
   29  2    5.391166    2.000000    0.000000    0.000000    0.000000    0.000000    0.000000    0.000000   -0.000000    2.000000    0.000000    0.000000    0.000000    0.000000    0.000000    0.000000   -0.000000
   31  2    6.059794    2.000000    0.000000    0.000000   -0.000000    0.000000    0.000000    0.000000   -0.000000    2.000000    0.000000    0.000000   -0.000000    0.000000    0.000000    0.000000   -0.000000
   33  2    6.123442    2.000000    0.000000    0.000000    0.000000    0.000000    0.000001    0.000000    0.000001    2.000000    0.000000    0.000000    0.000000    0.000000    0.000001    0.000000    0.000001
   35  2    6.400742    2.000000    0.000000    0.000000   -0.000000    0.000000   -0.000001    0.000000    0.000000    2.000000    0.000000    0.000000   -0.000000    0.000000   -0.000001    0.000000    0.000000
   37  2    6.519121    2.000000    0.000000    0.000000   -0.000000    0.000000    0.000000    0.000000    0.000000    2.000000    0.000000    0.000000   -0.000000    0.000000    0.000000    0.000000    0.000000
   39  2    6.770118    2.000000    0.000000    0.000000    0.000000    0.000000    0.000000    0.000000    0.000000   -2.000000    0.000000    0.000000    0.000000    0.000000    0.000000    0.000000    0.000000
   41  2    6.918393    2.000000    0.000000    0.000000   -0.000000    0.000000   -0.000000    0.000000    0.000000    2.000000    0.000000    0.000000   -0.000000    0.000000   -0.000000    0.000000    0.000000
   43  2    7.131946    2.000000    0.000000    0.000000    0.000000    0.000000    0.000000    0.000000    0.000000   -2.000000    0.000000    0.000000   -0.000000    0.000000    0.000000    0.000000    0.000000
   45  2    7.134354    2.000000    0.000000    0.000000   -0.000001    0.000000   -0.000001    0.000000   -0.000002    2.000000    0.000000    0.000000   -0.000001    0.000000   -0.000001    0.000000   -0.000002
   47  2    7.161693    2.000000    0.000000    0.000000    0.000001    0.000000    0.000001    0.000000    0.000000    2.000000    0.000000    0.000000    0.000001    0.000000    0.000001    0.000000    0.000000
   49  2    7.374474    2.000000    0.000000    0.000000   -0.000002    0.000000    0.000000    0.000000   -0.000002    2.000000    0.000000    0.000000   -0.000002    0.000000    0.000000    0.000000   -0.000002
   51  2    7.433898    2.000000    0.000000    0.000000    0.000005    0.000000    0.000002    0.000000    0.000001    2.000000    0.000000    0.000000    0.000005    0.000000    0.000002    0.000000    0.000001
   53  2    7.594889    2.000000    0.000000    0.000000    0.000002    0.000000    0.000004    0.000000   -0.000003    2.000000    0.000000    0.000000    0.000002    0.000000    0.000004    0.000000   -0.000003
   55  2    7.610433    2.000000    0.000000    0.000000    0.000001    0.000000   -0.000001    0.000000    0.000001    2.000000    0.000000    0.000000    0.000001    0.000000   -0.000001    0.000000    0.000001
   57  2    7.662660    2.000000    0.000000    0.000000   -0.000001    0.000000    0.000002    0.000000   -0.000001    2.000000    0.000000    0.000000   -0.000001    0.000000    0.000002    0.000000   -0.000001
   59  2    8.354819    2.000000    0.000000    0.000000    0.000000    0.000000    0.000001    0.000000   -0.000000    2.000000    0.000000    0.000000    0.000000    0.000000    0.000001    0.000000   -0.000000
   61  2    8.428040    2.000000    0.000000    0.000000    0.000000    0.000000    0.000000    0.000000    0.000000   -2.000000    0.000000    0.000000    0.000000    0.000000    0.000000    0.000000    0.000000
   63  2    8.849983    2.000000    0.000000    0.000000    0.000001    0.000000   -0.000001    0.000000    0.000002    2.000000    0.000000    0.000000    0.000001    0.000000   -0.000001    0.000000    0.000002
   65  2    9.654777    2.000000    0.000000    0.000000    0.000000    0.000000    0.000000    0.000000    0.000000    2.000000    0.000000    0.000000    0.000000    0.000000    0.000000    0.000000    0.000000
   67  2   10.573693    2.000000    0.000000    0.000000   -0.000001    0.000000    0.000000    0.000000    0.000001    2.000000    0.000000    0.000000   -0.000001    0.000000    0.000000    0.000000    0.000001
   69  2   10.643795    2.000000    0.000000    0.000000    0.000000    0.000000    0.000000    0.000000    0.000000    2.000000    0.000000    0.000000    0.000000    0.000000    0.000000    0.000000    0.000000
   71  2   10.803369    2.000000    0.000000    0.000000    0.000000    0.000000    0.000000    0.000000   -0.000000    2.000000    0.000000    0.000000    0.000000    0.000000    0.000000    0.000000   -0.000000
   73  2   11.315884    2.000000    0.000000    0.000000    0.000000    0.000000    0.000000    0.000000    0.000000   -2.000000    0.000000    0.000000    0.000000    0.000000    0.000000    0.000000    0.000000
   75  2   12.560834    2.000000    0.000000    0.000000   -0.000000    0.000000    0.000001    0.000000    0.000000    2.000000    0.000000    0.000000   -0.000000    0.000000    0.000001    0.000000    0.000000
   77  2   12.863093    2.000000    0.000000    0.000000    0.000000    0.000000    0.000000    0.000000    0.000000   -2.000000    0.000000    0.000000    0.000000    0.000000    0.000000    0.000000    0.000000
   79  2   13.069409    2.000000    0.000000    0.000000    0.000000    0.000000    0.000000    0.000000   -0.000000    2.000000    0.000000    0.000000    0.000000    0.000000    0.000000    0.000000   -0.000000
   81  2   14.177788    2.000000    0.000000    0.000000   -0.000000    0.000000    0.000000    0.000000   -0.000000    2.000000    0.000000    0.000000   -0.000000    0.000000    0.000000    0.000000   -0.000000
   83  2   14.370617    2.000000    0.000000    0.000000    0.000000    0.000000    0.000000    0.000000    0.000000   -2.000000    0.000000    0.000000    0.000000    0.000000    0.000000    0.000000    0.000000
   85  2   14.762976    2.000000    0.000000    0.000000    0.000000    0.000000    0.000000    0.000000    0.000000   -2.000000    0.000000    0.000000    0.000000    0.000000    0.000000    0.000000    0.000000
   87  2   14.875859    2.000000    0.000000    0.000000    0.000000    0.000000    0.000000    0.000000    0.000000   -2.000000    0.000000    0.000000    0.000000    0.000000    0.000000    0.000000    0.000000
   89  2   18.575776    2.000000    0.000000    0.000000    0.000092    0.000000   -0.000012    0.000000   -0.000137   -1.999945    0.000000    0.000000   -0.000088    0.000000   -0.000005    0.000000    0.000121
   91  2   18.740203    2.000000    0.000000    0.000000    0.000158    0.000000    0.000184    0.000000   -0.000305   -1.999830    0.000000    0.000000   -0.000101    0.000000   -0.000212    0.000000    0.000270
   93  1   19.244026    1.000000    0.000000    0.000000   -0.474207    0.000000    0.447926    0.000000    0.746407    0.988143    0.000000    0.000000   -0.481461    0.000000    0.450455    0.000000    0.745896
   94  1   19.246699    1.000000    0.000000    0.000000    0.525621    0.000000   -0.350590    0.000000   -0.657728    0.828011    0.000000    0.000000    0.391209    0.000000   -0.438257    0.000000   -0.702375
   95  1   19.314540    1.000000    0.000000    0.000000   -0.274041    0.000000   -0.626039    0.000000   -0.623066   -0.824281    0.000000    0.000000    0.144813    0.000000    0.573700    0.000000    0.552375
   96  1   19.388141    1.000000    0.000000    0.000000    0.288666    0.000000    0.436662    0.000000    0.040037   -0.747929    0.000000    0.000000   -0.229005    0.000000   -0.432873    0.000000    0.083181
   97  1   19.456561    1.000000    0.000000    0.000000   -0.858236    0.000000   -0.139159    0.000000    0.103222   -0.883819    0.000000    0.000000    0.896386    0.000000    0.098318    0.000000   -0.034714
   98  1   19.521472    1.000000    0.000000    0.000000    0.048074    0.000000   -0.727159    0.000000   -0.595991    0.510076    0.000000    0.000000    0.051826    0.000000   -0.366119    0.000000   -0.347215
  8
    1    2    3    4    5    6    7    8
    1  4   -5.642934    4.000000    0.000000    0.000000    0.000000    0.000000    0.000000    0.000000    0.000000    0.000000    0.000000    0.000000    0.000000    0.000000    0.000000    0.000000    0.000000
    5  4   -5.637579    4.000000    0.000000   -0.000000    0.000000    0.000000    0.000000    0.000000    0.000000    0.000000    0.000000    0.000000   -0.000000    0.000000    0.000000    0.000000    0.000000
    9  4    0.962730    4.000000    0.000000   -0.000000    0.000000    0.000000   -0.000000    0.000000    0.000000    0.000001    0.000000    0.000000    0.000000    0.000000    0.000000    0.000000    0.000000
   13  4    0.967494    4.000000    0.000000   -0.000000    0.000000    0.000000   -0.000000    0.000000    0.000000    0.000000    0.000000    0.000000   -0.000000    0.000000    0.000000    0.000000    0.000000
   17  4    4.023830    4.000000    0.000000   -0.000000    0.000000    0.000000    0.000000    0.000000    0.000000   -0.000000    0.000000    0.000000    0.000000    0.000000    0.000000    0.000000    0.000000
   21  4    4.169192    4.000000    0.000000   -0.000000    0.000000    0.000000   -0.000000   -0.000000    0.000000   -0.000000    0.000000    0.000000    0.000000    0.000000    0.000000    0.000000    0.000000
   25  4    4.570759    4.000000    0.000000    0.000000    0.000000    0.000000    0.000000   -0.000000    0.000000    0.000000    0.000000    0.000000    0.000000    0.000000    0.000000    0.000000    0.000000
   29  4    4.631335    4.000000    0.000000    0.000000    0.000000    0.000000   -0.000000    0.000000    0.000000    0.000000    0.000000    0.000000    0.000000    0.000000    0.000000    0.000000    0.000000
   33  4    6.422288    4.000000    0.000000    0.000000    0.000000    0.000000   -0.000000   -0.000001    0.000000    0.000001    0.000000    0.000000    0.000001   -0.000000    0.000000    0.000000    0.000000
   37  4    6.506253    4.000000    0.000000    0.000000    0.000000    0.000000    0.000001   -0.000000    0.000000    0.000001    0.000000    0.000000    0.000000    0.000000    0.000000    0.000000    0.000000
   41  4    6.853348    4.000000    0.000000   -0.000001    0.000000    0.000000   -0.000000    0.000000    0.000000   -0.000000    0.000000    0.000000   -0.000001    0.000001    0.000000    0.000000    0.000000
   45  4    7.178144    4.000000    0.000000    0.000002    0.000000    0.000000    0.000000   -0.000001    0.000000   -0.000001    0.000000    0.000000   -0.000002    0.000001    0.000000    0.000000    0.000000
   49  4    7.342713    4.000000    0.000000   -0.000001    0.000000    0.000000    0.000000    0.000000    0.000000    0.000001    0.000000    0.000000    0.000001    0.000000    0.000000    0.000000    0.000000
   53  4    7.510664    4.000000    0.000000   -0.000001    0.000000    0.000000    0.000000    0.000000    0.000000   -0.000002    0.000000    0.000000   -0.000003   -0.000002    0.000000    0.000000    0.000000
   57  4    8.314083    4.000000    0.000000   -0.000001    0.000000    0.000000    0.000000    0.000000    0.000000    0.000001    0.000000    0.000000    0.000000    0.000000    0.000000    0.000000    0.000000
   61  4    8.641681    4.000000    0.000000    0.000000    0.000000    0.000000   -0.000000    0.000001    0.000000   -0.000001    0.000000    0.000000    0.000001   -0.000000    0.000000    0.000000    0.000000
   65  4    9.313983    4.000000    0.000000   -0.000000    0.000000    0.000000    0.000000   -0.000000    0.000000    0.000000    0.000000    0.000000    0.000000    0.000000    0.000000    0.000000    0.000000
   69  4    9.520499    4.000000    0.000000    0.000001    0.000000    0.000000   -0.000001    0.000000    0.000000    0.000000    0.000000    0.000000    0.000001   -0.000000    0.000000    0.000000    0.000000
   73  4   12.282638    4.000000    0.000000   -0.000000    0.000000    0.000000   -0.000001    0.000001    0.000000    0.000000    0.000000    0.000000   -0.000000    0.000000    0.000000    0.000000    0.000000
   77  4   12.352738    4.000000    0.000000   -0.000000    0.000000    0.000000   -0.000000    0.000000    0.000000    0.000000    0.000000    0.000000   -0.000000   -0.000000    0.000000    0.000000    0.000000
   81  4   15.359412    4.000000    0.000000    0.000000    0.000000    0.000000    0.000000    0.000000    0.000000    0.000000    0.000000    0.000000   -0.000000    0.000000    0.000000    0.000000    0.000000
   85  4   15.362270    4.000000    0.000000    0.000000    0.000000    0.000000    0.000000    0.000000    0.000000    0.000000    0.000000    0.000000    0.000000    0.000000    0.000000    0.000000    0.000000
   89  4   18.684439    4.000000    0.000000    0.000000    0.000000    0.000000    0.000000    0.000003    0.000000    0.000001    0.000000    0.000000    0.000002   -0.000001    0.000000    0.000000    0.000000
   93  4   18.689046    4.000000    0.000000   -0.000001    0.000000    0.000000    0.000001    0.000002    0.000000    0.000000    0.000000    0.000000    0.000000   -0.000002    0.000000    0.000000    0.000000
   97  1   20.974318    1.000000    0.000000    0.600145    0.000000    0.000000    0.203998    0.093952    0.000000    0.335182    0.000000    0.000000    0.450901   -0.169738    0.000000    0.032621    0.000000
   98  1   21.000850    1.000000    0.000000    0.011770    0.000000    0.000000   -0.107318    0.072606    0.000000    0.275204    0.000000    0.000000   -0.663731    0.521506    0.000000    0.061536    0.000000
  8
    1    2    3    4    5    6    7    8
    1  4   -5.915141    4.000000    0.000000    0.000000    0.000000    0.000000    0.000000    0.000000    0.000000   -4.000000    0.000000    0.000000    0.000000    0.000000    0.000000    0.000000    0.000000
    5  4   -5.455890    4.000000    0.000000    0.000000    0.000000    0.000000    0.000000    0.000000    0.000000    4.000000    0.000000    0.000000    0.000000    0.000000    0.000000    0.000000    0.000000
    9  2    0.832624    2.000000    0.000000    0.000000    0.000000    0.000000   -2.000000    0.000000    0.000000    2.000000    0.000000    0.000000    0.000000    0.000000   -2.000000    0.000000    0.000000
   11  2    0.835563    2.000000    0.000000    0.000000    0.000000    0.000000    2.000000    0.000000    0.000000    2.000000    0.000000    0.000000    0.000000    0.000000    2.000000    0.000000    0.000000
   13  2    3.039690    2.000000    0.000000    0.000000    0.000000    0.000000   -2.000000    0.000000    0.000000   -2.000000    0.000000    0.000000    0.000000    0.000000    2.000000    0.000000    0.000000
   15  2    3.040851    2.000000    0.000000    0.000000    0.000000    0.000000    2.000000    0.000000    0.000000   -2.000000    0.000000    0.000000    0.000000    0.000000   -2.000000    0.000000    0.000000
   17  2    3.534451    2.000000    0.000000    0.000000    0.000000    0.000000    2.000000    0.000000    0.000000   -2.000000    0.000000    0.000000    0.000000    0.000000   -2.000000    0.000000    0.000000
   19  2    3.542302    2.000000    0.000000    0.000000    0.000000    0.000000   -2.000000    0.000000    0.000000   -2.000000    0.000000    0.000000    0.000000    0.000000    2.000000    0.000000    0.000000
   21  2    3.667355    2.000000    0.000000    0.000000    0.000000    0.000000   -2.000000    0.000000    0.000000    2.000000    0.000000    0.000000    0.000000    0.000000   -2.000000    0.000000    0.000000
   23  2    3.725775    2.000000    0.000000    0.000000    0.000000    0.000000    2.000000    0.000000    0.000000    2.000000    0.000000    0.000000    0.000000    0.000000    2.000000    0.000000    0.000000
   25  2    3.894690    2.000000    0.000000    0.000000    0.000000    0.000000    2.000000    0.000000    0.000000    2.000000    0.000000    0.000000    0.000000    0.000000    2.000000    0.000000    0.000000
   27  2    3.953806    2.000000    0.000000    0.000000    0.000000    0.000000   -2.000000    0.000000    0.000000    2.000000    0.000000    0.000000    0.000000    0.000000   -2.000000    0.000000    0.000000
   29  2    4.369938    2.000000    0.000000    0.000000    0.000000    0.000000   -2.000000    0.000000    0.000000   -2.000000    0.000000    0.000000    0.000000    0.000000    2.000000    0.000000    0.000000
   31  2    4.374593    2.000000    0.000000    0.000000    0.000000    0.000000    2.000000    0.000000    0.000000   -2.000000    0.000000    0.000000    0.000000    0.000000   -2.000000    0.000000    0.000000
   33  2    5.302043    2.000000    0.000000    0.000000    0.000000    0.000000   -2.000000    0.000000    0.000000    2.000000    0.000000    0.000000    0.000000    0.000000   -2.000000    0.000000    0.000000
   35  2    5.310597    2.000000    0.000000    0.000000    0.000000    0.000000    2.000000    0.000000    0.000000    2.000000    0.000000    0.000000    0.000000    0.000000    2.000000    0.000000    0.000000
   37  2    6.739403    2.000000    0.000000    0.000000    0.000000    0.000000    2.000000    0.000000    0.000000    2.000000    0.000000    0.000000    0.000000    0.000000    2.000000    0.000000    0.000000
   39  2    6.746295    2.000000    0.000000    0.000000    0.000000    0.000000   -2.000000    0.000000    0.000000    2.000000    0.000000    0.000000    0.000000    0.000000   -2.000000    0.000000    0.000000
   41  2    6.870055    2.000000    0.000000    0.000000    0.000000    0.000000    2.000000    0.000000    0.000000    2.000000    0.000000    0.000000    0.000000    0.000000    2.000000    0.000000    0.000000
   43  2    6.895671    2.000000    0.000000    0.000000    0.000000    0.000000   -2.000000    0.000000    0.000000    2.000000    0.000000    0.000000    0.000000    0.000000   -2.000000    0.000000    0.000000
   45  2    7.087395    2.000000    0.000000    0.000000    0.000000    0.000000    2.000000    0.000000    0.000000    2.000000    0.000000    0.000000    0.000000    0.000000    2.000000    0.000000    0.000000
   47  2    7.129544    2.000000    0.000000    0.000000    0.000000    0.000000   -2.000000    0.000000    0.000000    2.000000    0.000000    0.000000    0.000000    0.000000   -2.000000    0.000000    0.000000
   49  2    7.334754    2.000000    0.000000    0.000000    0.000000    0.000000   -2.000000    0.000000    0.000000    2.000000    0.000000    0.000000    0.000000    0.000000   -2.000000    0.000000    0.000000
   51  2    7.374299    2.000000    0.000000    0.000000    0.000000    0.000000    2.000000    0.000000    0.000000    2.000000    0.000000    0.000000    0.000000    0.000000    2.000000    0.000000    0.000000
   53  2    7.539325    2.000000    0.000000    0.000000    0.000000    0.000000   -2.000000    0.000000    0.000000    2.000000    0.000000    0.000000    0.000000    0.000000   -2.000000    0.000000    0.000000
   55  2    7.575725    2.000000    0.000000    0.000000    0.000000    0.000000    2.000000    0.000000    0.000000    2.000000    0.000000    0.000000    0.000000    0.000000    2.000000    0.000000    0.000000
   57  2    7.666175    2.000000    0.000000    0.000000    0.000000    0.000000    2.000000    0.000000    0.000000    2.000000    0.000000    0.000000    0.000000    0.000000    2.000000    0.000000    0.000000
   59  2    7.670245    2.000000    0.000000    0.000000    0.000000    0.000000   -2.000000    0.000000    0.000000    2.000000    0.000000    0.000000    0.000000    0.000000   -2.000000    0.000000    0.000000
   61  2    8.306751    2.000000    0.000000    0.000000    0.000000    0.000000    2.000000    0.000000    0.000000    2.000000    0.000000    0.000000    0.000000    0.000000    2.000000    0.000000    0.000000
   63  2    8.322260    2.000000    0.000000    0.000000    0.000000    0.000000   -2.000000    0.000000    0.000000    2.000000    0.000000    0.000000    0.000000    0.000000   -2.000000    0.000000    0.000000
   65  2    9.708544    2.000000    0.000000    0.000000    0.000000    0.000000   -2.000000    0.000000    0.000000    2.000000    0.000000    0.000000    0.000000    0.000000   -2.000000    0.000000    0.000000
   67  2    9.713440    2.000000    0.000000    0.000000    0.000000    0.000000    2.000000    0.000000    0.000000    2.000000    0.000000    0.000000    0.000000    0.000000    2.000000    0.000000    0.000000
   69  2   10.786616    2.000000    0.000000    0.000000    0.000000    0.000000   -2.000000    0.000000    0.000000    2.000000    0.000000    0.000000    0.000000    0.000000   -2.000000    0.000000    0.000000
   71  2   10.792952    2.000000    0.000000    0.000000    0.000000    0.000000    2.000000    0.000000    0.000000    2.000000    0.000000    0.000000    0.000000    0.000000    2.000000    0.000000    0.000000
   73  2   12.856815    2.000000    0.000000    0.000000    0.000000    0.000000   -2.000000    0.000000    0.000000   -2.000000    0.000000    0.000000    0.000000    0.000000    2.000000    0.000000    0.000000
   75  2   12.861288    2.000000    0.000000    0.000000    0.000000    0.000000    2.000000    0.000000    0.000000   -2.000000    0.000000    0.000000    0.000000    0.000000   -2.000000    0.000000    0.000000
   77  4   13.085092    4.000000    0.000000    0.000000    0.000000    0.000000    0.000000    0.000000    0.000000    4.000000    0.000000    0.000000    0.000000    0.000000    0.000000    0.000000    0.000000
   81  2   14.104556    2.000000    0.000000    0.000000    0.000000    0.000000    2.000000    0.000000    0.000000    2.000000    0.000000    0.000000    0.000000    0.000000    2.000000    0.000000    0.000000
   83  2   14.110248    2.000000    0.000000    0.000000    0.000000    0.000000   -2.000000    0.000000    0.000000    2.000000    0.000000    0.000000    0.000000    0.000000   -2.000000    0.000000    0.000000
   85  4   14.361322    4.000000    0.000000    0.000000    0.000000    0.000000    0.000000    0.000000    0.000000   -4.000000    0.000000    0.000000    0.000000    0.000000    0.000000    0.000000    0.000000
   89  2   19.266460    2.000000    0.000000    0.000000    0.000773    0.000000    1.978086    0.012968    0.000000   -1.998827    0.000000    0.000000   -0.000523    0.000000   -1.977957   -0.012792    0.000000
   91  2   19.271562    2.000000    0.000000    0.000000    0.000270    0.000000   -1.978079   -0.012805    0.000000   -1.998683    0.000000    0.000000    0.000254    0.000000    1.978295    0.013417    0.000000
   93  1   19.532857    1.000000    0.000000    0.000000    0.979283    0.000000   -0.999244   -0.978958    0.000000   -0.999779    0.000000    0.000000   -0.979239    0.000000    0.999375    0.979024    0.000000
   94  1   19.535852    1.000000    0.000000    0.000000   -0.953846    0.000000   -0.864184    0.868850    0.000000   -0.994595    0.000000    0.000000    0.955126    0.000000    0.863538   -0.867758    0.000000
   95  1   19.546353    1.000000    0.000000    0.000000    0.550119    0.000000    0.998604    0.550866    0.000000   -0.999426    0.000000    0.000000   -0.550157    0.000000   -0.998499   -0.550828    0.000000
   96  1   19.550785    1.000000    0.000000    0.000000   -0.564018    0.000000    0.866772   -0.439225    0.000000   -0.986097    0.000000    0.000000    0.571599    0.000000   -0.862435    0.445732    0.000000
   97  2   20.194952    2.000000    0.000000    0.000000   -0.500961    0.000000   -0.555338   -0.538597    0.000000    1.999801    0.000000    0.000000   -0.500961    0.000000   -0.555298   -0.538635    0.000000
  8
    1    2    3    4    5    6    7    8
    1  4   -6.257848    4.000000    0.000000    0.000000    0.000000    0.000000    0.000001    0.000000   -0.000001   -0.000000    0.000000    0.000000    0.000000    0.000000    0.000000    0.000000    0.000000
    5  4   -6.253650    4.000000    0.000000    0.000000    0.000000    0.000000   -0.000000    0.000000   -0.000000   -0.000000    0.000000    0.000001    0.000000   -0.000000    0.000000    0.000000    0.000000
    9  4    2.217427    4.000000    0.000000    0.000000    0.000000    0.000000    0.000000    0.000000   -0.000000    0.000000    0.000000    0.000000    0.000000    0.000001    0.000000    0.000000    0.000000
   13  4    2.306919    4.000000    0.000000    0.000000    0.000000    0.000000   -0.000000    0.000000    0.000000    0.000000    0.000000    0.000000    0.000000   -0.000000    0.000000    0.000000    0.000000
   17  4    4.152993    4.000000    0.000000    0.000000    0.000000    0.000000   -0.000000    0.000000    0.000000    0.000000    0.000000   -0.000000    0.000000    0.000000    0.000000    0.000000    0.000000
   21  4    4.435776    4.000000    0.000000    0.000000    0.000000    0.000000    0.000000    0.000000    0.000000    0.000000    0.000000    0.000000    0.000000   -0.000000    0.000000    0.000000    0.000000
   25  4    4.676423    4.000000    0.000000    0.000000    0.000000    0.000000   -0.000000    0.000000    0.000000   -0.000000    0.000000    0.000000    0.000000    0.000000    0.000000    0.000000    0.000000
   29  4    4.903285    4.000000    0.000000    0.000000    0.000000    0.000000    0.000001    0.000000    0.000000    0.000000    0.000000   -0.000000    0.000000    0.000000    0.000000   -0.000000    0.000000
   33  4    6.168100    4.000000    0.000000    0.000000    0.000000    0.000000   -0.000000    0.000000   -0.000000    0.000001    0.000000    0.000001    0.000000   -0.000001    0.000000   -0.000000    0.000000
   37  4    6.530003    4.000000    0.000000    0.000000    0.000000    0.000000    0.000000    0.000000   -0.000000   -0.000000    0.000000    0.000002    0.000000   -0.000000    0.000000   -0.000001    0.000000
   41  4    6.797955    4.000000    0.000000    0.000000    0.000000    0.000000   -0.000000    0.000000   -0.000000   -0.000002    0.000000   -0.000001    0.000000    0.000001    0.000000   -0.000000    0.000000
   45  4    7.201624    4.000000    0.000000    0.000000    0.000000    0.000000    0.000000    0.000000   -0.000000    0.000001    0.000000   -0.000001    0.000000   -0.000000    0.000000    0.000001    0.000000
   49  4    7.416971    4.000000    0.000000    0.000000    0.000000    0.000000    0.000000    0.000000    0.000001    0.000000    0.000000    0.000000    0.000000   -0.000001    0.000000    0.000001    0.000000
   53  4    8.055303    4.000000    0.000000    0.000000    0.000000    0.000000   -0.000001    0.000000    0.000000   -0.000000    0.000000    0.000000    0.000000   -0.000001    0.000000    0.000001    0.000000
   57  4    8.215287    4.000000    0.000000    0.000000    0.000000    0.000000   -0.000001    0.000000    0.000001    0.000002    0.000000    0.000002    0.000000   -0.000000    0.000000    0.000002    0.000000
   61  4    8.790560    4.000000    0.000000    0.000000    0.000000    0.000000    0.000001    0.000000    0.000000    0.000001    0.000000   -0.000000    0.000000    0.000000    0.000000    0.000000    0.000000
   65  4    8.880245    4.000000    0.000000    0.000000    0.000000    0.000000    0.000001    0.000000    0.000002   -0.000000    0.000000    0.000000    0.000000    0.000001    0.000000    0.000002    0.000000
   69  4    9.393981    4.000000    0.000000    0.000000    0.000000    0.000000    0.000000    0.000000    0.000000    0.000000    0.000000   -0.000000    0.000000    0.000000    0.000000    0.000000    0.000000
   73  4   13.145437    4.000000    0.000000    0.000000    0.000000    0.000000    0.000000    0.000000    0.000000    0.000000    0.000000    0.000000    0.000000    0.000000    0.000000    0.000000    0.000000
   77  4   13.294162    4.000000    0.000000    0.000000    0.000000    0.000000    0.000000    0.000000    0.000000    0.000000    0.000000    0.000000    0.000000    0.000000    0.000000    0.000000    0.000000
   81  4   16.246225    4.000000    0.000000   -0.000001    0.000000    0.000000    0.000002    0.000000    0.000002    0.000006    0.000000    0.000003    0.000000   -0.000003    0.000000   -0.000006    0.000000
   85  4   16.330318    4.000000    0.000000    0.000000    0.000000    0.000000   -0.000004    0.000000    0.000000   -0.000000    0.000000    0.000004    0.000000    0.000001    0.000000   -0.000001    0.000000
   89  4   17.159915    4.000000    0.000000   -0.000009    0.000000    0.000000   -0.000054    0.000000    0.000001   -0.000007    0.000000   -0.000017    0.000000    0.000029    0.000000   -0.000012    0.000000
   93  4   17.164476    4.000000    0.000000    0.000062    0.000000    0.000000    0.000038    0.000000   -0.000053   -0.000043    0.000000    0.000040    0.000000    0.000066    0.000000    0.000027    0.000000
   97  1   18.204038    1.000000    0.000000    0.529350    0.000000    0.000000    0.048055    0.000000   -0.396254    0.059320    0.000000    0.013705    0.000000   -0.733721    0.000000   -0.751912    0.000000
   98  1   18.214765    1.000000    0.000000    0.128999    0.000000    0.000000    0.187939    0.000000   -0.007077    0.621608    0.000000    0.068050    0.000000    0.496220    0.000000    0.185977    0.000000
  8
    1    2    3    4    5    6    7    8
    1  2   -5.666227    2.000000    0.000000    0.000000    0.000000    0.000000    0.000000    0.000000    0.000000    0.000000    0.000000    2.000000    0.000000    0.000000    0.000000    0.000000    0.000000
    3  2   -5.662078    2.000000    0.000000    0.000000    0.000000    0.000000    0.000000    0.000000    0.000000    0.000000    0.000000   -2.000000    0.000000    0.000000    0.000000    0.000000    0.000000
    5  2   -5.655250    2.000000    0.000000   -0.000000    0.000000    0.000000    0.000000    0.000000    0.000000   -0.000000    0.000000    2.000000    0.000000    0.000000    0.000000    0.000000    0.000000
    7  2   -5.651041    2.000000    0.000000    0.000000    0.000000    0.000000   -0.000000    0.000000    0.000000    0.000000    0.000000   -2.000000    0.000000    0.000000    0.000000    0.000000   -0.000000
    9  2    1.482947    2.000000    0.000000    0.000000    0.000000    0.000000   -0.000000    0.000000    0.000000    0.000000    0.000000    2.000000    0.000000    0.000000    0.000000    0.000000    0.000000
   11  2    1.498647    2.000000    0.000000    0.000000    0.000000    0.000000    0.000000   -0.000000    0.000000   -0.000000    0.000000   -2.000000    0.000000   -0.000000    0.000000    0.000000    0.000000
   13  2    1.532972    2.000000    0.000000    0.000000    0.000000    0.000000   -0.000000    0.000000    0.000000    0.000000    0.000000    2.000000    0.000000    0.000000    0.000000    0.000000    0.000000
   15  2    1.546042    2.000000    0.000000    0.000000    0.000000    0.000000    0.000000    0.000000    0.000000    0.000000    0.000000   -2.000000    0.000000    0.000000    0.000000    0.000000    0.000000
   17  2    3.025360    2.000000    0.000000    0.000000    0.000000    0.000000   -0.000000    0.000000    0.000000    0.000000    0.000000   -2.000000    0.000000    0.000000    0.000000    0.000000   -0.000000
   19  2    3.103261    2.000000    0.000000   -0.000000    0.000000    0.000000    0.000000    0.000000    0.000000   -0.000000    0.000000    2.000000    0.000000   -0.000000    0.000000    0.000000    0.000000
   21  2    3.110728    2.000000    0.000000    0.000000    0.000000    0.000000    0.000000   -0.000000    0.000000    0.000000    0.000000   -2.000000    0.000000   -0.000000    0.000000    0.000000    0.000000
   23  2    3.190476    2.000000    0.000000    0.000000    0.000000    0.000000    0.000000    0.000000    0.000000    0.000000    0.000000    2.000000    0.000000    0.000000    0.000000    0.000000   -0.000000
   25  2    4.504598    2.000000    0.000000   -0.000000    0.000000    0.000000    0.000000   -0.000000    0.000000   -0.000000    0.000000    2.000000    0.000000    0.000000    0.000000    0.000000    0.000000
   27  2    4.540287    2.000000    0.000000    0.000000    0.000000    0.000000    0.000000    0.000000    0.000000    0.000000    0.000000   -2.000000    0.000000    0.000000    0.000000    0.000000    0.000000
   29  2    4.868591    2.000000    0.000000   -0.000000    0.000000    0.000000   -0.000000   -0.000000    0.000000   -0.000000    0.000000    2.000000    0.000000    0.000000    0.000000    0.000000    0.000000
   31  2    4.917270    2.000000    0.000000    0.000000    0.000000    0.000000    0.000000    0.000000    0.000000   -0.000000    0.000000   -2.000000    0.000000    0.000000    0.000000    0.000000    0.000000
   33  2    6.309017    2.000000    0.000000    0.000000    0.000000    0.000000    0.000000   -0.000001    0.000000    0.000000    0.000000    2.000000    0.000000    0.000001    0.000000    0.000000   -0.000000
   35  2    6.312720    2.000000    0.000000   -0.000000    0.000000    0.000000    0.000000   -0.000000    0.000000    0.000000    0.000000   -2.000000    0.000000   -0.000000    0.000000    0.000000    0.000000
   37  2    6.791825    2.000000    0.000000   -0.000000    0.000000    0.000000   -0.000000   -0.000000    0.000000   -0.000000    0.000000    2.000000    0.000000    0.000001    0.000000    0.000000    0.000000
   39  2    6.830122    2.000000    0.000000    0.000001    0.000000    0.000000   -0.000000    0.000000    0.000000   -0.000001    0.000000   -2.000000    0.000000    0.000000    0.000000    0.000000   -0.000000
   41  2    6.840557    2.000000    0.000000    0.000000    0.000000    0.000000   -0.000000   -0.000001    0.000000   -0.000000    0.000000   -2.000000    0.000000   -0.000001    0.000000    0.000000   -0.000000
   43  2    6.866029    2.000000    0.000000   -0.000000    0.000000    0.000000    0.000000    0.000000    0.000000   -0.000000    0.000000    2.000000    0.000000    0.000000    0.000000    0.000000    0.000000
   45  2    6.976687    2.000000    0.000000   -0.000000    0.000000    0.000000    0.000000   -0.000000    0.000000    0.000000    0.000000   -2.000000    0.000000   -0.000000    0.000000    0.000000    0.000000
   47  2    7.013176    2.000000    0.000000    0.000000    0.000000    0.000000   -0.000000    0.000000    0.000000    0.000000    0.000000    2.000000    0.000000   -0.000000    0.000000    0.000000    0.000000
   49  2    7.474837    2.000000    0.000000    0.000001    0.000000    0.000000    0.000000   -0.000000    0.000000   -0.000000    0.000000   -2.000000    0.000000   -0.000000    0.000000    0.000000    0.000000
   51  2    7.482558    2.000000    0.000000    0.000000    0.000000    0.000000    0.000000    0.000000    0.000000    0.000000    0.000000    2.000000    0.000000    0.000000    0.000000    0.000000   -0.000000
   53  2    7.531250    2.000000    0.000000    0.000000    0.000000    0.000000    0.000000   -0.000000    0.000000    0.000000    0.000000    2.000000    0.000000    0.000000    0.000000    0.000000   -0.000000
   55  2    7.538531    2.000000    0.000000   -0.000000    0.000000    0.000000    0.000000    0.000001    0.000000    0.000000    0.000000   -2.000000    0.000000    0.000001    0.000000    0.000000    0.000000
   57  2    7.539589    2.000000    0.000000    0.000001    0.000000    0.000000   -0.000000   -0.000000    0.000000    0.000001    0.000000    2.000000    0.000000    0.000000    0.000000    0.000000    0.000001
   59  2    7.569294    2.000000    0.000000    0.000001    0.000000    0.000000    0.000001    0.000000    0.000000   -0.000001    0.000000   -2.000000    0.000000    0.000000    0.000000    0.000000    0.000001
   61  2    8.354572    2.000000    0.000000    0.000002    0.000000    0.000000    0.000000    0.000002    0.000000    0.000002    0.000000    2.000000    0.000000   -0.000002    0.000000    0.000000   -0.000000
   63  2    8.358994    2.000000    0.000000    0.000000    0.000000    0.000000    0.000001    0.000000    0.000000   -0.000000    0.000000   -2.000000    0.000000    0.000000    0.000000    0.000000    0.000001
   65  2    9.795961    2.000000    0.000000    0.000000    0.000000    0.000000    0.000000   -0.000000    0.000000    0.000000    0.000000    2.000000    0.000000    0.000000    0.000000    0.000000    0.000000
   67  2    9.855428    2.000000    0.000000   -0.000000    0.000000    0.000000   -0.000000    0.000000    0.000000    0.000000    0.000000   -2.000000    0.000000    0.000000    0.000000    0.000000   -0.000000
   69  2   10.324457    2.000000    0.000000    0.000000    0.000000    0.000000    0.000000    0.000000    0.000000    0.000000    0.000000    2.000000    0.000000    0.000000    0.000000    0.000000   -0.000000
   71  2   10.367867    2.000000    0.000000    0.000000    0.000000    0.000000    0.000000    0.000000    0.000000    0.000000    0.000000   -2.000000    0.000000    0.000000    0.000000    0.000000    0.000000
   73  2   13.995528    2.000000    0.000000    0.000000    0.000000    0.000000    0.000000    0.000000    0.000000    0.000000    0.000000   -2.000000    0.000000    0.000000    0.000000    0.000000    0.000000
   75  2   14.015981    2.000000    0.000000    0.000000    0.000000    0.000000    0.000000    0.000000    0.000000    0.000000    0.000000    2.000000    0.000000    0.000000    0.000000    0.000000    0.000000
   77  2   14.099766    2.000000    0.000000    0.000000    0.000000    0.000000    0.000000   -0.000000    0.000000    0.000000    0.000000   -2.000000    0.000000   -0.000000    0.000000    0.000000    0.000000
   79  2   14.110345    2.000000    0.000000    0.000000    0.000000    0.000000    0.000000   -0.000000    0.000000    0.000000    0.000000    2.000000    0.000000    0.000000    0.000000    0.000000    0.000000
   81  2   15.476230    2.000000    0.000000    0.000000    0.000000    0.000000   -0.000000    0.000000    0.000000   -0.000000    0.000000   -2.000000    0.000000    0.000000    0.000000    0.000000   -0.000000
   83  2   15.521652    2.000000    0.000000   -0.000000    0.000000    0.000000   -0.000000    0.000000    0.000000   -0.000000    0.000000    2.000000    0.000000   -0.000000    0.000000    0.000000    0.000000
   85  2   15.526467    2.000000    0.000000    0.000000    0.000000    0.000000   -0.000000    0.000000    0.000000    0.000000    0.000000   -2.000000    0.000000    0.000000    0.000000    0.000000   -0.000000
   87  2   15.576377    2.000000    0.000000    0.000000    0.000000    0.000000    0.000000    0.000000    0.000000    0.000000    0.000000    2.000000    0.000000    0.000000    0.000000    0.000000    0.000000
   89  2   17.249335    2.000000    0.000000    0.000027    0.000000    0.000000    0.000050   -0.000045    0.000000    0.000013    0.000000    1.999920    0.000000    0.000017    0.000000    0.000000    0.000003
   91  2   17.260416    2.000000    0.000000   -0.000029    0.000000    0.000000   -0.000095   -0.000023    0.000000    0.000007    0.000000   -1.999923    0.000000   -0.000022    0.000000    0.000000   -0.000066
   93  2   17.309227    2.000000    0.000000   -0.000214    0.000000    0.000000   -0.000005    0.000091    0.000000   -0.000016    0.000000    1.999600    0.000000   -0.000273    0.000000    0.000000    0.000081
   95  2   17.318948    2.000000    0.000000    0.000434    0.000000    0.000000   -0.000043   -0.000101    0.000000   -0.000363    0.000000   -1.999579    0.000000    0.000185    0.000000    0.000000   -0.000056
   97  1   17.865321    1.000000    0.000000    0.257901    0.000000    0.000000    0.678819    0.546486    0.000000    0.215206    0.000000    0.856662    0.000000   -0.465838    0.000000    0.000000   -0.782213
   98  1   17.887837    1.000000    0.000000    0.250469    0.000000    0.000000   -0.357744    0.426294    0.000000   -0.144104    0.000000   -0.179490    0.000000    0.580082    0.000000    0.000000    0.058549
  8
    1    2    3    4    5    6    7    8
    1  4   -6.082583    4.000000    0.000000    0.000000    0.000000    0.000000    0.000000    0.000000    0.000000    0.000000    0.000000    0.000000    0.000000    0.000000    0.000000    0.000000   -0.000000
    5  4   -5.258641    4.000000    0.000000    0.000000    0.000000    0.000000    0.000000    0.000000    0.000000    0.000000    0.000000   -0.000000    0.000000    0.000000   -0.000000    0.000000    0.000000
    9  2    1.387223    2.000000    0.000000    0.000000    0.000000    0.000000   -2.000000    0.000000    0.000000    0.000000    0.000000    0.000000    0.000000    0.000000    0.000000    0.000000    0.000000
   11  2    1.392153    2.000000    0.000000    0.000000   -0.000000    0.000000    2.000000   -0.000000    0.000000    0.000000    0.000000    0.000000    0.000000    0.000000    0.000000    0.000000    0.000000
   13  4    2.521491    4.000000    0.000000    0.000000    0.000000    0.000000    0.000000    0.000000    0.000000    0.000000    0.000000    0.000000    0.000000    0.000000    0.000000    0.000000    0.000000
   17  2    2.984859    2.000000    0.000000    0.000000    0.000000    0.000000   -2.000000    0.000000    0.000000    0.000000    0.000000    0.000000    0.000000    0.000000    0.000000    0.000000    0.000000
   19  2    3.023352    2.000000    0.000000    0.000000    0.000000    0.000000    2.000000    0.000000    0.000000    0.000000    0.000000    0.000000    0.000000    0.000000    0.000000    0.000000   -0.000000
   21  2    3.094864    2.000000    0.000000    0.000000    0.000000    0.000000    2.000000    0.000000    0.000000   -0.000000    0.000000    0.000000    0.000000    0.000000   -0.000000    0.000000   -0.000000
   23  2    3.136143    2.000000    0.000000    0.000000    0.000000    0.000000   -2.000000   -0.000000    0.000000    0.000000    0.000000    0.000000    0.000000    0.000000    0.000000    0.000000    0.000000
   25  2    4.199545    2.000000    0.000000    0.000000    0.000000    0.000000   -2.000000   -0.000000    0.000000    0.000000    0.000000    0.000000    0.000000    0.000000    0.000000    0.000000    0.000000
   27  2    4.291032    2.000000    0.000000    0.000000    0.000000    0.000000    2.000000    0.000000    0.000000    0.000000    0.000000    0.000000    0.000000    0.000000    0.000000    0.000000    0.000000
   29  2    4.325628    2.000000    0.000000    0.000000    0.000000    0.000000    2.000000    0.000000    0.000000    0.000000    0.000000    0.000000    0.000000    0.000000    0.000000    0.000000    0.000000
   31  2    4.420782    2.000000    0.000000    0.000000    0.000000    0.000000   -2.000000    0.000000    0.000000   -0.000000    0.000000   -0.000000    0.000000    0.000000    0.000000    0.000000   -0.000000
   33  2    5.960926    2.000000    0.000000    0.000000   -0.000001    0.000000   -2.000000    0.000001    0.000000   -0.000001    0.000000   -0.000001    0.000000    0.000000    0.000001    0.000000   -0.000001
   35  2    5.966156    2.000000    0.000000    0.000000   -0.000001    0.000000    2.000000   -0.000001    0.000000   -0.000000    0.000000   -0.000001    0.000000    0.000000   -0.000000    0.000000    0.000001
   37  2    6.776941    2.000000    0.000000    0.000000    0.000000    0.000000    2.000000    0.000000    0.000000    0.000000    0.000000   -0.000001    0.000000    0.000000    0.000000    0.000000    0.000001
   39  2    6.778536    2.000000    0.000000    0.000000    0.000000    0.000000   -2.000000   -0.000000    0.000000    0.000001    0.000000    0.000000    0.000000    0.000000   -0.000001    0.000000    0.000000
   41  2    7.025747    2.000000    0.000000    0.000000   -0.000000    0.000000    2.000000   -0.000000    0.000000   -0.000001    0.000000    0.000001    0.000000    0.000000   -0.000001    0.000000   -0.000001
   43  2    7.069707    2.000000    0.000000    0.000000    0.000000    0.000000   -2.000000    0.000000    0.000000    0.000000    0.000000    0.000000    0.000000    0.000000    0.000000    0.000000    0.000000
   45  2    7.298996    2.000000    0.000000    0.000000    0.000001    0.000000    2.000000    0.000001    0.000000    0.000001    0.000000    0.000000    0.000000    0.000000    0.000001    0.000000   -0.000000
   47  2    7.306787    2.000000    0.000000    0.000000    0.000000    0.000000   -2.000000    0.000000    0.000000    0.000001    0.000000   -0.000000    0.000000    0.000000   -0.000000    0.000000   -0.000000
   49  2    7.403530    2.000000    0.000000    0.000000    0.000000    0.000000   -2.000000    0.000000    0.000000   -0.000001    0.000000   -0.000000    0.000000    0.000000    0.000001    0.000000   -0.000000
   51  2    7.469807    2.000000    0.000000    0.000000   -0.000001    0.000000    2.000000   -0.000001    0.000000    0.000001    0.000000   -0.000000    0.000000    0.000000    0.000001    0.000000    0.000001
   53  2    7.587902    2.000000    0.000000    0.000000    0.000001    0.000000    2.000000    0.000001    0.000000    0.000000    0.000000    0.000001    0.000000    0.000000    0.000000    0.000000   -0.000001
   55  2    7.597562    2.000000    0.000000    0.000000   -0.000000    0.000000   -2.000000    0.000000    0.000000    0.000001    0.000000    0.000001    0.000000    0.000000   -0.000000    0.000000    0.000001
   57  2    7.900782    2.000000    0.000000    0.000000   -0.000001    0.000000    2.000000   -0.000001    0.000000   -0.000000    0.000000   -0.000000    0.000000    0.000000   -0.000000    0.000000    0.000000
   59  2    7.928394    2.000000    0.000000    0.000000   -0.000001    0.000000   -2.000000    0.000001    0.000000    0.000001    0.000000    0.000001    0.000000    0.000000   -0.000001    0.000000    0.000001
   61  2    8.755367    2.000000    0.000000    0.000000    0.000000    0.000000   -2.000000    0.000000    0.000000   -0.000001    0.000000    0.000000    0.000000    0.000000    0.000001    0.000000    0.000000
   63  2    8.776262    2.000000    0.000000    0.000000   -0.000000    0.000000    2.000000   -0.000000    0.000000   -0.000000    0.000000    0.000000    0.000000    0.000000   -0.000000    0.000000   -0.000000
   65  2    8.901394    2.000000    0.000000    0.000000    0.000000    0.000000   -2.000000   -0.000000    0.000000   -0.000000    0.000000    0.000001    0.000000    0.000000    0.000000    0.000000    0.000001
   67  2    8.916797    2.000000    0.000000    0.000000   -0.000001    0.000000    2.000000   -0.000001    0.000000   -0.000000    0.000000    0.000000    0.000000    0.000000   -0.000000    0.000000    0.000000
   69  2    9.222991    2.000000    0.000000    0.000000   -0.000001    0.000000    2.000000   -0.000001    0.000000    0.000001    0.000000    0.000000    0.000000    0.000000    0.000001    0.000000   -0.000000
   71  2    9.237485    2.000000    0.000000    0.000000    0.000000    0.000000   -2.000000   -0.000000    0.000000    0.000000    0.000000    0.000000    0.000000    0.000000    0.000000    0.000000    0.000000
   73  2   12.248458    2.000000    0.000000    0.000000   -0.000000    0.000000    2.000000   -0.000000    0.000000    0.000000    0.000000   -0.000000    0.000000    0.000000    0.000000    0.000000    0.000000
   75  2   12.253608    2.000000    0.000000    0.000000    0.000000    0.000000   -2.000000    0.000000    0.000000    0.000000    0.000000    0.000000    0.000000    0.000000    0.000000    0.000000    0.000000
   77  2   15.072391    2.000000    0.000000    0.000000    0.000000    0.000000   -2.000000    0.000000    0.000000   -0.000000    0.000000    0.000000    0.000000    0.000000    0.000000    0.000000    0.000000
   79  2   15.078381    2.000000    0.000000    0.000000    0.000001    0.000000    2.000000    0.000001    0.000000    0.000001    0.000000   -0.000000    0.000000    0.000000    0.000001    0.000000    0.000000
   81  2   15.835348    2.000000    0.000000    0.000000   -0.000000    0.000000    2.000000   -0.000000    0.000000   -0.000000    0.000000    0.000000    0.000000    0.000000   -0.000000    0.000000   -0.000000
   83  2   15.842646    2.000000    0.000000    0.000000    0.000000    0.000000   -2.000000    0.000000    0.000000    0.000000    0.000000    0.000000    0.000000    0.000000    0.000000    0.000000    0.000000
   85  2   16.484089    2.000000    0.000000    0.000000    0.000000    0.000000   -2.000000    0.000000    0.000000    0.000000    0.000000    0.000000    0.000000    0.000000    0.000000    0.000000    0.000000
   87  2   16.492352    2.000000    0.000000    0.000000    0.000000    0.000000    2.000000    0.000000    0.000000    0.000000    0.000000    0.000000    0.000000    0.000000    0.000000    0.000000    0.000000
   89  2   16.940538    2.000000    0.000000    0.000000    0.000000    0.000000   -2.000000   -0.000000    0.000000    0.000000    0.000000   -0.000000    0.000000    0.000000   -0.000000    0.000000   -0.000000
   91  2   16.946858    2.000000    0.000000    0.000000    0.000000    0.000000    2.000000    0.000000    0.000000    0.000000    0.000000    0.000000    0.000000    0.000000    0.000000    0.000000    0.000000
   93  2   17.583808    2.000000    0.000000    0.000000   -0.000002    0.000000   -2.000000    0.000002    0.000000   -0.000003    0.000000   -0.000001    0.000000    0.000000    0.000003    0.000000   -0.000001
   95  2   17.586919    2.000000    0.000000    0.000000    0.000005    0.000000    2.000000    0.000005    0.000000   -0.000002    0.000000   -0.000001    0.000000    0.000000   -0.000002    0.000000    0.000001
   97  2   19.843127    2.000000    0.000000    0.000000    0.627825    0.000000   -0.543085    0.034307    0.000000   -0.409120    0.000000    0.679070    0.000000    0.000000   -0.579235    0.000000    0.380689
  8
    1    2    3    4    5    6    7    8
    1  2   -7.083049    2.000000    0.000000    0.000000   -0.000000    0.000000   -0.000000    0.000000    0.000000    0.000000    0.000000    0.000000    0.000000    0.000000   -2.000000    0.000000    0.000000
    3  2   -7.081969    2.000000    0.000000    0.000000    0.000000    0.000000   -0.000000    0.000000    0.000000   -0.000000    0.000000    0.000000    0.000000    0.000000    2.000000    0.000000    0.000000
    5  4   -5.147869    4.000000    0.000000    0.000000    0.000000    0.000000    0.000000    0.000000   -0.000000    0.000000    0.000000    0.000000    0.000000    0.000000    0.000000    0.000000    0.000000
    9  2    1.619189    2.000000    0.000000    0.000000    0.000000    0.000000   -0.000000    0.000000   -0.000000    0.000000    0.000000   -0.000000    0.000000    0.000000   -2.000000   -0.000000    0.000000
   11  2    1.620721    2.000000    0.000000    0.000000    0.000000    0.000000    0.000000    0.000000    0.000000    0.000000    0.000000    0.000000    0.000000    0.000000    2.000000    0.000000    0.000000
   13  2    2.708452    2.000000    0.000000    0.000000    0.000000    0.000000    0.000000    0.000000    0.000000    0.000000    0.000000    0.000000    0.000000    0.000000   -2.000000    0.000000    0.000000
   15  2    2.710142    2.000000    0.000000    0.000000   -0.000000    0.000000    0.000000    0.000000    0.000000    0.000000    0.000000   -0.000000    0.000000    0.000000    2.000000   -0.000000    0.000000
   17  2    3.588548    2.000000    0.000000    0.000000    0.000000    0.000000    0.000000    0.000000    0.000000   -0.000000    0.000000    0.000000    0.000000    0.000000   -2.000000    0.000000    0.000000
   19  2    3.599332    2.000000    0.000000    0.000000   -0.000000    0.000000    0.000000    0.000000   -0.000000    0.000000    0.000000    0.000000    0.000000    0.000000    2.000000   -0.000000    0.000000
   21  2    3.698724    2.000000    0.000000    0.000000   -0.000000    0.000000    0.000000    0.000000    0.000000    0.000000    0.000000    0.000000    0.000000    0.000000    2.000000   -0.000000    0.000000
   23  2    3.705725    2.000000    0.000000    0.000000    0.000000    0.000000    0.000000    0.000000    0.000000    0.000000    0.000000    0.000000    0.000000    0.000000   -2.000000    0.000000    0.000000
   25  2    5.012978    2.000000    0.000000    0.000000    0.000000    0.000000   -0.000000    0.000000   -0.000000   -0.000000    0.000000    0.000000    0.000000    0.000000    2.000000    0.000000    0.000000
   27  2    5.024530    2.000000    0.000000    0.000000    0.000000    0.000000    0.000000    0.000000    0.000000    0.000000    0.000000    0.000000    0.000000    0.000000   -2.000000    0.000000    0.000000
   29  2    5.288185    2.000000    0.000000    0.000000    0.000000    0.000000    0.000000    0.000000    0.000000    0.000000    0.000000   -0.000000    0.000000    0.000000    2.000000    0.000000    0.000000
   31  2    5.301072    2.000000    0.000000    0.000000   -0.000000    0.000000   -0.000000    0.000000    0.000000    0.000000    0.000000    0.000000    0.000000    0.000000   -2.000000    0.000000    0.000000
   33  2    5.491780    2.000000    0.000000    0.000000   -0.000001    0.000000   -0.000000    0.000000    0.000000    0.000000    0.000000    0.000000    0.000000    0.000000   -2.000000    0.000001    0.000000
   35  2    5.512891    2.000000    0.000000    0.000000   -0.000001    0.000000    0.000000    0.000000   -0.000000    0.000000    0.000000    0.000001    0.000000    0.000000    2.000000   -0.000001    0.000000
   37  2    6.746406    2.000000    0.000000    0.000000    0.000001    0.000000    0.000000    0.000000   -0.000000   -0.000000    0.000000   -0.000000    0.000000    0.000000   -2.000000   -0.000001    0.000000
   39  2    6.756327    2.000000    0.000000    0.000000   -0.000000    0.000000    0.000000    0.000000   -0.000001    0.000000    0.000000    0.000001    0.000000    0.000000    2.000000   -0.000000    0.000000
   41  2    6.801486    2.000000    0.000000    0.000000    0.000000    0.000000    0.000000    0.000000   -0.000001    0.000000    0.000000    0.000001    0.000000    0.000000    2.000000    0.000000    0.000000
   43  2    6.828472    2.000000    0.000000    0.000000    0.000000    0.000000   -0.000001    0.000000   -0.000000    0.000002    0.000000   -0.000000    0.000000    0.000000   -2.000000   -0.000000    0.000000
   45  2    7.275219    2.000000    0.000000    0.000000   -0.000000    0.000000    0.000000    0.000000    0.000000    0.000000    0.000000    0.000000    0.000000    0.000000    2.000000   -0.000000    0.000000
   47  2    7.317746    2.000000    0.000000    0.000000   -0.000000    0.000000   -0.000001    0.000000   -0.000001    0.000001    0.000000   -0.000001    0.000000    0.000000   -2.000000    0.000000    0.000000
   49  2    7.505146    2.000000    0.000000    0.000000    0.000001    0.000000   -0.000000    0.000000   -0.000000    0.000000    0.000000   -0.000000    0.000000    0.000000   -2.000000   -0.000001    0.000000
   51  2    7.542152    2.000000    0.000000    0.000000    0.000000    0.000000    0.000000    0.000000    0.000000    0.000000    0.000000    0.000000    0.000000    0.000000    2.000000    0.000000    0.000000
   53  2    7.663881    2.000000    0.000000    0.000000   -0.000000    0.000000    0.000000    0.000000   -0.000001   -0.000000    0.000000   -0.000001    0.000000    0.000000   -2.000000    0.000000    0.000000
   55  2    7.716530    2.000000    0.000000    0.000000    0.000001    0.000000    0.000000    0.000000    0.000000    0.000000    0.000000   -0.000000    0.000000    0.000000    2.000000    0.000001    0.000000
   57  2    8.461860    2.000000    0.000000    0.000000   -0.000000    0.000000    0.000000    0.000000    0.000000    0.000000    0.000000    0.000000    0.000000    0.000000    2.000000   -0.000000    0.000000
   59  2    8.503946    2.000000    0.000000    0.000000    0.000001    0.000000    0.000001    0.000000    0.000000   -0.000000    0.000000    0.000000    0.000000    0.000000   -2.000000   -0.000000    0.000000
   61  2    8.708903    2.000000    0.000000    0.000000    0.000000    0.000000    0.000000    0.000000    0.000000    0.000000    0.000000    0.000000    0.000000    0.000000   -2.000000    0.000000    0.000000
   63  2    8.763959    2.000000    0.000000    0.000000   -0.000001    0.000000    0.000001    0.000000    0.000001    0.000001    0.000000   -0.000000    0.000000    0.000000    2.000000   -0.000001    0.000000
   65  2    9.642185    2.000000    0.000000    0.000000    0.000001    0.000000    0.000001    0.000000   -0.000000    0.000001    0.000000    0.000001    0.000000    0.000000    2.000000    0.000001    0.000000
   67  2    9.682672    2.000000    0.000000    0.000000    0.000001    0.000000    0.000000    0.000000    0.000000   -0.000000    0.000000    0.000000    0.000000    0.000000   -2.000000   -0.000001    0.000000
   69  2   10.487410    2.000000    0.000000    0.000000    0.000001    0.000000    0.000000    0.000000    0.000001    0.000000    0.000000   -0.000000    0.000000    0.000000    2.000000    0.000001    0.000000
   71  2   10.502575    2.000000    0.000000    0.000000    0.000000    0.000000    0.000000    0.000000    0.000000   -0.000000    0.000000    0.000000    0.000000    0.000000   -2.000000   -0.000000    0.000000
   73  4   12.862503    4.000000    0.000000    0.000000    0.000000    0.000000    0.000000    0.000000    0.000000    0.000000    0.000000    0.000000    0.000000    0.000000    0.000000    0.000000    0.000000
   77  2   14.434397    2.000000    0.000000    0.000000    0.000001    0.000000   -0.000000    0.000000   -0.000000   -0.000000    0.000000    0.000001    0.000000    0.000000    2.000000    0.000001    0.000000
   79  2   14.435861    2.000000    0.000000    0.000000   -0.000001    0.000000    0.000000    0.000000   -0.000001    0.000000    0.000000   -0.000001    0.000000    0.000000   -2.000000    0.000001    0.000000
   81  2   14.757652    2.000000    0.000000    0.000000   -0.000000    0.000000   -0.000000    0.000000    0.000000    0.000000    0.000000    0.000000    0.000000    0.000000   -2.000000    0.000000    0.000000
   83  2   14.762008    2.000000    0.000000    0.000000    0.000000    0.000000    0.000001    0.000000    0.000000    0.000001    0.000000   -0.000000    0.000000    0.000000    2.000000    0.000000    0.000000
   85  2   15.748784    2.000000    0.000000    0.000000    0.000000    0.000000    0.000001    0.000000    0.000001   -0.000001    0.000000    0.000001    0.000000    0.000000   -2.000000    0.000000    0.000000
   87  2   15.751646    2.000000    0.000000    0.000000   -0.000000    0.000000    0.000000    0.000000    0.000000    0.000000    0.000000   -0.000000    0.000000    0.000000    2.000000   -0.000000    0.000000
   89  2   16.091832    2.000000    0.000000    0.000000    0.000003    0.000000    0.000001    0.000000    0.000003    0.000001    0.000000   -0.000002    0.000000    0.000000    2.000000    0.000003    0.000000
   91  2   16.093055    2.000000    0.000000    0.000000   -0.000003    0.000000    0.000009    0.000000    0.000006   -0.000008    0.000000    0.000006    0.000000    0.000000   -1.999999    0.000003    0.000000
   93  2   17.026326    2.000000    0.000000    0.000000   -0.131680    0.000000    1.124716    0.000000    0.348604    0.024497    0.000000    0.210625    0.000000    0.000000    0.619844   -0.348516    0.000000
   95  1   17.033185    1.000000    0.000000    0.000000    0.152823    0.000000   -0.885568    0.000000    0.085509    0.760827    0.000000    0.112497    0.000000    0.000000   -0.659669    0.159284    0.000000
   96  1   17.053185    1.000000    0.000000    0.000000   -0.047822    0.000000   -0.223192    0.000000   -0.435477   -0.772220    0.000000   -0.303668    0.000000    0.000000    0.051763    0.167325    0.000000
   97  1   17.461161    1.000000    0.000000    0.000000    0.103482    0.000000    0.554866    0.000000   -0.165327   -0.639400    0.000000   -0.022382    0.000000    0.000000   -0.426044   -0.652884    0.000000
   98  1   17.462942    1.000000    0.000000    0.000000    0.481253    0.000000   -0.170351    0.000000    0.210934    0.367334    0.000000   -0.126879    0.000000    0.000000    0.358888    0.820151    0.000000
  8
    1    2    3    4    5    6    7    8
    1  4   -6.743466    4.000000    0.000000   -0.000000    0.000000    0.000000   -0.000000    0.000000    0.000000    0.000000    0.000000    0.000000    0.000000   -0.000000    0.000000    0.000000   -0.000000
    5  4   -5.641489    4.000000    0.000000   -0.000000    0.000000    0.000000    0.000000    0.000000    0.000000   -0.000000    0.000000    0.000000   -0.000000   -0.000000    0.000000    0.000000    0.000000
    9  4    0.956432    4.000000    0.000000   -0.000000    0.000000    0.000000    0.000000    0.000000    0.000000    0.000000    0.000000    0.000000    0.000000   -0.000000    0.000000    0.000000    0.000000
   13  4    3.792404    4.000000    0.000000   -0.000000    0.000000    0.000000   -0.000000    0.000000    0.000000    0.000000    0.000000    0.000000   -0.000000    0.000000    0.000000    0.000000    0.000000
   17  4    4.062784    4.000000    0.000000    0.000000    0.000000    0.000000    0.000000    0.000000    0.000000    0.000000    0.000000    0.000000    0.000000    0.000000    0.000000    0.000000    0.000000
   21  4    4.410769    4.000000    0.000000    0.000000    0.000000    0.000000    0.000000    0.000000    0.000000   -0.000000    0.000000    0.000000    0.000000    0.000000    0.000000    0.000000    0.000000
   25  4    4.540576    4.000000    0.000000   -0.000000    0.000000    0.000000    0.000000    0.000000    0.000000    0.000000    0.000000    0.000000    0.000000    0.000000    0.000000    0.000000   -0.000000
   29  4    4.710361    4.000000    0.000000    0.000000    0.000000    0.000000    0.000000    0.000000    0.000000    0.000000    0.000000    0.000000    0.000000   -0.000000    0.000000    0.000000    0.000000
   33  4    6.320357    4.000000    0.000000    0.000000    0.000000    0.000000   -0.000000    0.000000    0.000000    0.000000    0.000000    0.000000    0.000001   -0.000000    0.000000    0.000000    0.000000
   37  4    6.601121    4.000000    0.000000    0.000000    0.000000    0.000000    0.000000    0.000000    0.000000    0.000000    0.000000    0.000000    0.000000   -0.000000    0.000000    0.000000    0.000001
   41  4    6.729731    4.000000    0.000000    0.000001    0.000000    0.000000   -0.000001    0.000000    0.000000    0.000001    0.000000    0.000000   -0.000000   -0.000000    0.000000    0.000000   -0.000002
   45  4    7.124134    4.000000    0.000000    0.000001    0.000000    0.000000    0.000002    0.000000    0.000000    0.000001    0.000000    0.000000   -0.000000   -0.000001    0.000000    0.000000    0.000000
   49  4    7.270288    4.000000    0.000000   -0.000000    0.000000    0.000000   -0.000003    0.000000    0.000000    0.000001    0.000000    0.000000    0.000001   -0.000000    0.000000    0.000000    0.000001
   53  4    7.449248    4.000000    0.000000   -0.000001    0.000000    0.000000    0.000001    0.000000    0.000000   -0.000000    0.000000    0.000000    0.000001    0.000001    0.000000    0.000000   -0.000001
   57  4    8.517678    4.000000    0.000000   -0.000000    0.000000    0.000000    0.000001    0.000000    0.000000    0.000001    0.000000    0.000000    0.000000   -0.000001    0.000000    0.000000   -0.000000
   61  4    9.181840    4.000000    0.000000    0.000000    0.000000    0.000000    0.000000    0.000000    0.000000    0.000001    0.000000    0.000000   -0.000001    0.000001    0.000000    0.000000    0.000000
   65  4    9.646411    4.000000    0.000000    0.000000    0.000000    0.000000    0.000001    0.000000    0.000000   -0.000000    0.000000    0.000000    0.000000    0.000000    0.000000    0.000000    0.000000
   69  4    9.802013    4.000000    0.000000    0.000001    0.000000    0.000000   -0.000002    0.000000    0.000000    0.000001    0.000000    0.000000   -0.000002   -0.000000    0.000000    0.000000   -0.000001
   73  4   12.271847    4.000000    0.000000   -0.000000    0.000000    0.000000   -0.000000    0.000000    0.000000    0.000000    0.000000    0.000000    0.000000    0.000000    0.000000    0.000000    0.000000
   77  4   13.469607    4.000000    0.000000   -0.000000    0.000000    0.000000    0.000000    0.000000    0.000000    0.000000    0.000000    0.000000   -0.000001   -0.000001    0.000000    0.000000    0.000000
   81  4   15.332778    4.000000    0.000000    0.000000    0.000000    0.000000    0.000000    0.000000    0.000000    0.000000    0.000000    0.000000    0.000001    0.000000    0.000000    0.000000   -0.000000
   85  4   15.434046    4.000000    0.000000    0.000000    0.000000    0.000000    0.000000    0.000000    0.000000    0.000000    0.000000    0.000000    0.000000    0.000000    0.000000    0.000000    0.000000
   89  4   15.478061    4.000000    0.000000    0.000000    0.000000    0.000000    0.000000    0.000000    0.000000    0.000000    0.000000    0.000000    0.000000    0.000000    0.000000    0.000000    0.000000
   93  4   17.538282    4.000000    0.000000    0.000006    0.000000    0.000000    0.000006    0.000000    0.000003    0.000005    0.000000    0.000000   -0.000035   -0.000016    0.000000    0.000000    0.000001
   97  2   18.696066    2.000000    0.000000   -0.870300    0.000000    0.000000   -0.092474    0.000000   -0.096010   -1.453628    0.000000    0.000000    0.344566   -0.012688    0.000000    0.000000    0.058373
