   46   72
  1
 12
  1  0  0  0  1  0  0  0  1    0.000000    0.000000    0.000000    1.000000    0.000000    0.000000    0.000000    0.000000    0.000000    1.000000    0.000000  1
  0 -1  0  1 -1  0  0  0  1    0.000000    0.000000    0.000000    0.500000    0.866025    0.000000    0.000000    0.000000    0.000000    0.500000   -0.866025  1
 -1  1  0 -1  0  0  0  0  1    0.000000    0.000000    0.000000    0.500000   -0.866025    0.000000    0.000000    0.000000    0.000000    0.500000    0.866025  1
  0  1  0  1  0  0  0  0 -1    0.000000    0.000000    0.000000    0.000000    0.000000   -0.866026   -0.500000    0.866026   -0.500000    0.000000    0.000000  1
  1 -1  0  0 -1  0  0  0 -1    0.000000    0.000000    0.000000    0.000000    0.000000   -0.866025    0.500000    0.866025    0.500000    0.000000    0.000000  1
 -1  0  0 -1  1  0  0  0 -1    0.000000    0.000000    0.000000    0.000000    0.000000    0.000000   -1.000000    0.000000   -1.000000    0.000000    0.000000  1
 -1  0  0  0 -1  0  0  0 -1    0.000000    0.000000    0.000000    1.000000    0.000000    0.000000    0.000000    0.000000    0.000000    1.000000    0.000000 -1
  0  1  0 -1  1  0  0  0 -1    0.000000    0.000000    0.000000    0.500000    0.866025    0.000000    0.000000    0.000000    0.000000    0.500000   -0.866025 -1
  1 -1  0  1  0  0  0  0 -1    0.000000    0.000000    0.000000    0.500000   -0.866025    0.000000    0.000000    0.000000    0.000000    0.500000    0.866025 -1
  0 -1  0 -1  0  0  0  0  1    0.000000    0.000000    0.000000    0.000000    0.000000   -0.866026   -0.500000    0.866026   -0.500000    0.000000    0.000000 -1
 -1  1  0  0  1  0  0  0  1    0.000000    0.000000    0.000000    0.000000    0.000000   -0.866025    0.500000    0.866025    0.500000    0.000000    0.000000 -1
  1  0  0  1 -1  0  0  0  1    0.000000    0.000000    0.000000    0.000000    0.000000    0.000000   -1.000000    0.000000   -1.000000    0.000000    0.000000 -1
  8
    0.000000    0.000000    0.000000
    0.000000    0.000000    0.500000
    0.333333    0.333333    0.500000
    0.666667    0.666667    0.500000
    0.333333    0.333333    0.000000
    0.666667    0.666667    0.000000
    0.500000    0.000000    0.500000
    0.500000    0.000000    0.000000
  6
    1    2    3    4    5    6
    1  2  -46.056419    2.000000    0.000000    1.000000    0.000000    1.000000    0.000000    0.000000    0.000000    0.000000   -0.000000    0.000000    0.000000
    3  2  -45.461488    2.000000    0.000000    1.000000    0.000001    1.000000   -0.000001    0.000000    0.000000    0.000000    0.000000    0.000000   -0.000000
    5  2  -45.144149    2.000000    0.000000   -2.000000    0.000000   -2.000000    0.000000    0.000000    0.000000    0.000000    0.000000    0.000000    0.000000
    7  2  -41.883964    2.000000    0.000000    1.000000   -0.000000    1.000000    0.000001    0.000000    0.000000    0.000000   -0.000000    0.000000    0.000000
    9  2  -41.555975    2.000000    0.000000    1.000000    0.000000    1.000000    0.000000    0.000000    0.000000    0.000000    0.000000    0.000000    0.000000
   11  2  -41.155000    2.000000    0.000000   -2.000000    0.000000   -2.000000    0.000000    0.000000    0.000000    0.000000    0.000000    0.000000    0.000000
   13  2  -30.857186    2.000000    0.000000    1.000000    0.000004    1.000000   -0.000004    0.000000    0.000000    0.000000   -0.000002    0.000000    0.000002
   15  2  -13.644928    2.000000    0.000000    1.000000    0.000000    1.000000    0.000000    0.000000    0.000000    0.000000    0.000000    0.000000    0.000000
   17  2  -12.575592    2.000000    0.000000    1.000000    0.000000    1.000000    0.000000    0.000000    0.000000    0.000000    0.000000    0.000000    0.000000
   19  2  -12.479366    2.000000    0.000000   -2.000000    0.000000   -2.000000    0.000000    0.000000    0.000000    0.000000    0.000000    0.000000    0.000000
   21  2   -6.968358    2.000000    0.000000    1.000000    0.000001    1.000000   -0.000000    0.000000    0.000000    0.000000   -0.000000    0.000000    0.000000
   23  2   -5.955447    2.000000    0.000000    1.000000    0.000000    1.000000    0.000000    0.000000    0.000000    0.000000    0.000000    0.000000    0.000000
   25  2   -0.016243    2.000000    0.000000    1.000000    0.000004    1.000000   -0.000003    0.000000    0.000000    0.000000    0.000003    0.000000   -0.000003
   27  2    0.880375    2.000000    0.000000    0.999665    0.000000    0.999665   -0.000000    0.000000    0.000000    0.000000    0.000089    0.000000    0.000088
   29  2    0.883911    2.000000    0.000000   -1.999639   -0.000000   -1.999639    0.000000    0.000000    0.000000    0.000000   -0.000096    0.000000   -0.000095
   31  2    1.222767    2.000000    0.000000    1.000000    0.000000    1.000000    0.000000    0.000000    0.000000    0.000000   -0.000000    0.000000    0.000000
   33  2    1.547566    2.000000    0.000000    0.999998   -0.000000    0.999998    0.000000    0.000000    0.000000    0.000000    0.000002    0.000000    0.000002
   35  1    1.601946    1.000000    0.000000   -0.999998    0.000000   -0.999998    0.000000    0.000000   -1.000000    0.000000    0.999998    0.000000    0.999998
   36  1    1.604339    1.000000    0.000000   -1.000000    0.000000   -1.000000    0.000000    0.000000    1.000000    0.000000   -1.000000    0.000000   -1.000000
   37  2    2.797752    2.000000    0.000000    0.999999    0.000000    0.999999   -0.000000    0.000000    0.000000    0.000000    0.000001    0.000000   -0.000001
   39  2    2.893973    2.000000    0.000000   -1.999999    0.000000   -1.999999    0.000000    0.000000    0.000000    0.000000    0.000000    0.000000    0.000000
   41  2    3.953380    2.000000    0.000000    1.000000   -0.000000    1.000000    0.000000    0.000000    0.000000    0.000000   -0.000001    0.000000    0.000001
   43  2    4.753750    2.000000    0.000000    1.000000    0.000000    1.000000   -0.000000    0.000000    0.000000    0.000000   -0.000000    0.000000    0.000000
   45  1    4.808362    1.000000    0.000000   -1.000000    0.000000   -1.000000    0.000000    0.000000   -1.000000    0.000000    1.000000    0.000000    1.000000
   46  1    4.809520    1.000000    0.000000   -1.000000    0.000000   -1.000000    0.000000    0.000000    1.000000    0.000000   -1.000000    0.000000   -1.000000
   47  2    5.608891    2.000000    0.000000    0.999998   -0.000000    0.999998    0.000000    0.000000    0.000000    0.000000   -0.000001    0.000000   -0.000000
   49  2    5.636001    2.000000    0.000000   -1.999998    0.000000   -1.999998    0.000000    0.000000    0.000000    0.000000    0.000001    0.000000    0.000001
   51  2    5.968979    2.000000    0.000000    1.000000    0.000003    1.000000   -0.000003    0.000000    0.000000    0.000000   -0.000008    0.000000    0.000008
   53  2    6.512733    2.000000    0.000000    1.000000    0.000001    1.000000   -0.000000    0.000000    0.000000    0.000000    0.000000    0.000000   -0.000000
   55  2    7.171509    2.000000    0.000000    1.000000   -0.000000    1.000000    0.000000    0.000000    0.000000    0.000000   -0.000002    0.000000    0.000003
   57  2    7.225687    2.000000    0.000000    0.999990   -0.000003    0.999990    0.000003    0.000000    0.000000    0.000000   -0.000002    0.000000   -0.000001
   59  2    7.244332    2.000000    0.000000   -1.999978    0.000000   -1.999978    0.000000    0.000000    0.000000    0.000000    0.000003    0.000000    0.000003
   61  2    8.027678    2.000000    0.000000    0.999996   -0.000000    0.999996    0.000000    0.000000    0.000000    0.000000   -0.000001    0.000000   -0.000001
   63  3    8.051017    3.000000    0.000000   -0.003045    0.000002   -0.003045   -0.000001    0.000000   -1.000000    0.000000    1.002785    0.000000    1.002786
   66  1    8.053572    1.000000    0.000000   -0.999902    0.000000   -0.999902   -0.000000    0.000000    1.000000    0.000000   -0.999902    0.000000   -0.999902
   67  2    8.830227    2.000000    0.000000    0.999961    0.000000    0.999961    0.000000    0.000000    0.000000    0.000000    0.000030    0.000000    0.000029
   69  1    8.838145    1.000000    0.000000   -0.999965    0.000000   -0.999965    0.000000    0.000000   -1.000000    0.000000    0.999965    0.000000    0.999966
   70  1    8.840623    1.000000    0.000000   -0.999995    0.000000   -0.999995    0.000000    0.000000    1.000000    0.000000   -0.999995    0.000000   -0.999995
   71  1   10.729161    1.000000    0.000000    0.486377    0.714087    0.486377   -0.714087    0.000000   -0.384355    0.000000    0.151385    0.000000   -0.531335
   72  1   10.739213    1.000000    0.000000    0.160980   -0.556253    0.160980    0.556253    0.000000    0.320635    0.000000   -0.121890    0.000000    0.402113
  6
    1    2    3    4    5    6
    1  2  -46.056413    2.000000    0.000000    1.000000   -0.000000    1.000000    0.000001    0.000000    0.000000    0.000000    0.000000    0.000000    0.000000
    3  2  -45.461473    2.000000    0.000000    1.000000   -0.000000    1.000000    0.000000    0.000000    0.000000    0.000000    0.000000    0.000000    0.000000
    5  2  -45.144145    2.000000    0.000000   -2.000000    0.000000   -2.000000    0.000000    0.000000    0.000000    0.000000    0.000000    0.000000    0.000000
    7  2  -41.883958    2.000000    0.000000    1.000000    0.000000    1.000000   -0.000000    0.000000    0.000000    0.000000    0.000000    0.000000   -0.000000
    9  2  -41.555954    2.000000    0.000000    1.000000    0.000000    1.000000    0.000000    0.000000    0.000000    0.000000    0.000000    0.000000    0.000000
   11  2  -41.154996    2.000000    0.000000   -2.000000    0.000000   -2.000000    0.000000    0.000000    0.000000    0.000000    0.000000    0.000000    0.000000
   13  2  -30.857181    2.000000    0.000000    1.000000    0.000002    1.000000   -0.000002    0.000000    0.000000    0.000000    0.000000    0.000000    0.000000
   15  2  -13.645771    2.000000    0.000000    1.000000    0.000000    1.000000    0.000000    0.000000    0.000000    0.000000    0.000000    0.000000    0.000000
   17  2  -12.578109    2.000000    0.000000    1.000000    0.000000    1.000000    0.000000    0.000000    0.000000    0.000000    0.000000    0.000000    0.000000
   19  2  -12.479369    2.000000    0.000000   -2.000000    0.000000   -2.000000    0.000000    0.000000    0.000000    0.000000    0.000000    0.000000    0.000000
   21  2   -6.681998    2.000000    0.000000    1.000000    0.000000    1.000000    0.000000    0.000000    0.000000    0.000000    0.000000    0.000000   -0.000000
   23  2   -6.311107    2.000000    0.000000    1.000000   -0.000000    1.000000    0.000001    0.000000    0.000000    0.000000   -0.000001    0.000000    0.000002
   25  2    0.366174    2.000000    0.000000    1.000000   -0.000002    1.000000    0.000002    0.000000    0.000000    0.000000    0.000003    0.000000   -0.000003
   27  2    0.860432    2.000000    0.000000    0.999952    0.000000    0.999952    0.000000    0.000000    0.000000    0.000000    0.000024    0.000000    0.000024
   29  2    0.867759    2.000000    0.000000   -1.999946    0.000000   -1.999946    0.000000    0.000000    0.000000    0.000000   -0.000026    0.000000   -0.000026
   31  2    1.132559    2.000000    0.000000    1.000000    0.000000    1.000000    0.000000    0.000000    0.000000    0.000000    0.000000    0.000000   -0.000000
   33  2    1.551201    2.000000    0.000000    0.999997    0.000000    0.999997    0.000000    0.000000    0.000000    0.000000    0.000003    0.000000    0.000003
   35  1    1.598458    1.000000    0.000000   -0.999997    0.000000   -0.999997    0.000000    0.000000   -1.000000    0.000000    0.999997    0.000000    0.999997
   36  1    1.600973    1.000000    0.000000   -1.000000    0.000000   -1.000000    0.000000    0.000000    1.000000    0.000000   -1.000000    0.000000   -1.000000
   37  2    2.905392    2.000000    0.000000    0.999999   -0.000000    0.999999    0.000000    0.000000    0.000000    0.000000    0.000000    0.000000   -0.000000
   39  2    3.009529    2.000000    0.000000   -1.999999    0.000000   -1.999999    0.000000    0.000000    0.000000    0.000000    0.000000    0.000000    0.000000
   41  2    3.304033    2.000000    0.000000    1.000000    0.000001    1.000000   -0.000001    0.000000    0.000001    0.000000    0.000011    0.000000   -0.000010
   43  2    4.580556    2.000000    0.000000    1.000000    0.000000    1.000000   -0.000000    0.000000    0.000000    0.000000   -0.000000    0.000000    0.000000
   45  1    4.629471    1.000000    0.000000   -1.000000    0.000000   -1.000000    0.000000    0.000000   -1.000000    0.000000    1.000000    0.000000    1.000000
   46  1    4.630573    1.000000    0.000000   -1.000000    0.000000   -1.000000    0.000000    0.000000    1.000000    0.000000   -1.000000    0.000000   -1.000000
   47  2    5.657550    2.000000    0.000000    1.000000    0.000002    1.000000   -0.000001    0.000000    0.000000    0.000000    0.000003    0.000000   -0.000003
   49  2    5.724642    2.000000    0.000000   -1.999999    0.000000   -1.999999    0.000000    0.000000    0.000000    0.000000    0.000000    0.000000    0.000000
   51  2    5.750327    2.000000    0.000000    1.000000    0.000000    1.000000   -0.000000    0.000000    0.000000    0.000000   -0.000004    0.000000    0.000004
   53  2    6.804007    2.000000    0.000000   -1.999972   -0.000000   -1.999972    0.000000    0.000000    0.000000    0.000000    0.000006    0.000000    0.000005
   55  2    6.806094    2.000000    0.000000    0.999971    0.000001    0.999971   -0.000001    0.000000    0.000000    0.000000   -0.000007    0.000000   -0.000004
   57  2    7.152043    2.000000    0.000000    1.000000   -0.000011    1.000000    0.000011    0.000000    0.000000    0.000000    0.000012    0.000000   -0.000012
   59  2    7.560523    2.000000    0.000000    1.000000   -0.000013    1.000000    0.000013    0.000000    0.000000    0.000000    0.000007    0.000000   -0.000007
   61  1    8.217247    1.000000    0.000000   -0.999999    0.000000   -0.999999    0.000000    0.000000    1.000000    0.000000   -0.999999    0.000000   -0.999999
   62  1    8.218266    1.000000    0.000000   -0.999997    0.000000   -0.999997   -0.000000    0.000000   -1.000000    0.000000    0.999997    0.000000    0.999997
   63  2    8.223541    2.000000    0.000000    0.999997   -0.000005    0.999997    0.000005    0.000000    0.000000    0.000000    0.000001    0.000000    0.000004
   65  2    8.786593    2.000000    0.000000    1.000000    0.000004    1.000000   -0.000003    0.000000    0.000000    0.000000   -0.000000    0.000000    0.000000
   67  2    9.889051    2.000000    0.000000    0.999180    0.000016    0.999180   -0.000016    0.000000   -0.000327    0.000000   -0.000011    0.000000   -0.000456
   69  2    9.959716    2.000000    0.000000   -1.998237   -0.000233   -1.998237    0.000233    0.000000    0.002476    0.000000   -0.001032    0.000000   -0.001788
   71  1   10.367194    1.000000    0.000000    0.496717    0.465370    0.496717   -0.465370    0.000000    0.448911    0.000000   -0.388400    0.000000    0.838018
   72  1   10.392781    1.000000    0.000000    0.101214   -0.348036    0.101214    0.348036    0.000000   -0.438194    0.000000    0.388785    0.000000   -0.503144
  6
    1    2    3    4    5    6
    1  2  -46.057249    2.000000    0.000000   -2.000000    0.000000   -2.000000    0.000000    0.000000    0.000000    0.000000    0.000000    0.000000    0.000000
    3  2  -45.461497    2.000000    0.000000    1.000000    0.000001    1.000000   -0.000001    0.000000    0.000000    0.000000   -0.000000    0.000000    0.000000
    5  2  -45.144823    2.000000    0.000000    1.000000    0.000000    1.000000    0.000000    0.000000    0.000000    0.000000    0.000001    0.000000   -0.000000
    7  2  -41.884638    2.000000    0.000000    1.000000    0.000001    1.000000   -0.000000    0.000000    0.000000    0.000000   -0.000000    0.000000    0.000000
    9  2  -41.555862    2.000000    0.000000   -2.000000    0.000000   -2.000000    0.000000    0.000000    0.000000    0.000000    0.000000    0.000000    0.000000
   11  2  -41.156304    2.000000    0.000000    1.000000    0.000000    1.000000    0.000000    0.000000    0.000000    0.000000    0.000000    0.000000    0.000000
   13  2  -30.843611    2.000000    0.000000    1.000000    0.000008    1.000000   -0.000008    0.000000    0.000000    0.000000   -0.000006    0.000000    0.000007
   15  2  -13.709058    2.000000    0.000000    1.000000    0.000000    1.000000    0.000000    0.000000    0.000000    0.000000    0.000000    0.000000    0.000000
   17  2  -12.643440    2.000000    0.000000   -2.000000    0.000000   -2.000000    0.000000    0.000000    0.000000    0.000000    0.000000    0.000000    0.000000
   19  2  -12.572668    2.000000    0.000000    1.000000    0.000000    1.000000    0.000000    0.000000    0.000000    0.000000    0.000000    0.000000    0.000000
   21  2   -5.906992    2.000000    0.000000   -1.999980    0.000000   -1.999980    0.000000    0.000000    0.000000    0.000000   -0.000000    0.000000   -0.000000
   23  2   -5.893984    2.000000    0.000000    0.999980    0.000000    0.999980    0.000000    0.000000    0.000000    0.000000    0.000001    0.000000    0.000001
   25  2    0.287601    2.000000    0.000000    0.999997    0.000000    0.999997    0.000000    0.000000    0.000000    0.000000    0.000001    0.000000    0.000001
   27  1    0.335874    1.000000    0.000000   -0.999998    0.000000   -0.999998    0.000000    0.000000   -1.000000    0.000000    0.999998    0.000000    0.999998
   28  1    0.338935    1.000000    0.000000   -0.999998    0.000000   -0.999998    0.000000    0.000000    1.000000    0.000000   -0.999998    0.000000   -0.999998
   29  2    0.757383    2.000000    0.000000    1.000000    0.000003    1.000000   -0.000003    0.000000    0.000000    0.000000    0.000006    0.000000   -0.000006
   31  2    1.280415    2.000000    0.000000    1.000000    0.000000    1.000000   -0.000000    0.000000    0.000000    0.000000    0.000000    0.000000    0.000000
   33  2    1.421429    2.000000    0.000000    1.000000   -0.000000    1.000000    0.000000    0.000000    0.000000    0.000000    0.000000    0.000000   -0.000000
   35  2    1.760716    2.000000    0.000000    0.999972   -0.000001    0.999972    0.000001    0.000000    0.000000    0.000000   -0.000006    0.000000   -0.000006
   37  2    1.769248    2.000000    0.000000   -1.999990    0.000000   -1.999990    0.000000    0.000000    0.000000    0.000000    0.000002    0.000000    0.000002
   39  2    2.490930    2.000000    0.000000   -2.000000    0.000000   -2.000000    0.000000    0.000000    0.000000    0.000000    0.000000    0.000000    0.000000
   41  2    2.586584    2.000000    0.000000    1.000000    0.000006    1.000000   -0.000005    0.000000    0.000000    0.000000    0.000002    0.000000   -0.000002
   43  2    3.029356    2.000000    0.000000   -2.000000    0.000000   -2.000000    0.000000    0.000000    0.000000    0.000000    0.000000    0.000000    0.000000
   45  2    3.171087    2.000000    0.000000    1.000000    0.000000    1.000000    0.000000    0.000000    0.000000    0.000000   -0.000000    0.000000    0.000000
   47  2    5.165822    2.000000    0.000000    1.000000    0.000006    1.000000   -0.000006    0.000000    0.000000    0.000000   -0.000002    0.000000    0.000002
   49  2    5.363927    2.000000    0.000000    1.000000   -0.000001    1.000000    0.000001    0.000000    0.000000    0.000000    0.000000    0.000000   -0.000000
   51  1    5.577466    1.000000    0.000000   -1.000000    0.000000   -1.000000    0.000000    0.000000   -1.000000    0.000000    1.000000    0.000000    1.000000
   52  1    5.578630    1.000000    0.000000   -1.000000    0.000000   -1.000000    0.000000    0.000000    1.000000    0.000000   -1.000000    0.000000   -1.000000
   53  2    6.112918    2.000000    0.000000    1.000000    0.000017    1.000000   -0.000017    0.000000    0.000000    0.000000    0.000002    0.000000   -0.000002
   55  2    6.138891    2.000000    0.000000    1.000000    0.000015    1.000000   -0.000015    0.000000    0.000000    0.000000    0.000007    0.000000   -0.000007
   57  2    7.890221    2.000000    0.000000   -1.999999    0.000000   -1.999999    0.000000    0.000000    0.000000    0.000000    0.000000    0.000000    0.000000
   59  2    7.944659    2.000000    0.000000    1.000000    0.000000    1.000000    0.000000    0.000000    0.000000    0.000000    0.000000    0.000000   -0.000000
   61  2    9.027891    2.000000    0.000000    1.000000   -0.000018    1.000000    0.000018    0.000000    0.000001    0.000000    0.000060    0.000000   -0.000059
   63  2   10.311029    2.000000    0.000000    0.999998   -0.000262    0.999998    0.000262    0.000000   -0.000007    0.000000   -0.000197    0.000000    0.000191
   65  2   10.342382    2.000000    0.000000    0.999998    0.000783    0.999998   -0.000783    0.000000   -0.000091    0.000000   -0.000172    0.000000    0.000078
   67  2   10.665874    2.000000    0.000000   -1.998428    0.000257   -1.998428   -0.000256    0.000000    0.000308    0.000000    0.000230    0.000000    0.000785
   69  1   10.864356    1.000000    0.000000    0.497524   -0.660134    0.497524    0.660134    0.000000   -0.317582    0.000000    0.329730    0.000000   -0.642611
   70  1   10.865557    1.000000    0.000000    0.475883    0.651105    0.475883   -0.651105    0.000000    0.316755    0.000000   -0.319629    0.000000    0.624917
   71  1   10.883259    1.000000    0.000000   -0.984410   -0.006028   -0.984410    0.006028    0.000000   -0.264716    0.000000    0.254727    0.000000    0.259081
   72  1   10.887684    1.000000    0.000000   -0.939507    0.025356   -0.939507   -0.025356    0.000000    0.257072    0.000000   -0.261488    0.000000   -0.261713
  6
    1    2    3    4    5    6
    1  2  -46.056994    2.000000    0.000000    1.000000    0.000000    1.000000    0.000000    0.000000    0.000000    0.000000   -0.000000    0.000000    0.000000
    3  2  -45.461503    2.000000    0.000000   -2.000000    0.000000   -2.000000    0.000000    0.000000    0.000000    0.000000    0.000000    0.000000    0.000000
    5  2  -45.145113    2.000000    0.000000    1.000000    0.000000    1.000000    0.000000    0.000000    0.000000    0.000000    0.000000    0.000000    0.000000
    7  2  -41.885039    2.000000    0.000000   -2.000000    0.000000   -2.000000    0.000000    0.000000    0.000000    0.000000    0.000000    0.000000    0.000000
    9  2  -41.555836    2.000000    0.000000    1.000000    0.000000    1.000000   -0.000000    0.000000    0.000000    0.000000    0.000000    0.000000    0.000000
   11  2  -41.155870    2.000000    0.000000    1.000000    0.000000    1.000000    0.000000    0.000000    0.000000    0.000000    0.000000    0.000000    0.000000
   13  2  -30.843611    2.000000    0.000000    1.000000   -0.000005    1.000000    0.000005    0.000000    0.000000    0.000000    0.000011    0.000000   -0.000010
   15  2  -13.709466    2.000000    0.000000    1.000000    0.000000    1.000000    0.000000    0.000000    0.000000    0.000000    0.000000    0.000000    0.000000
   17  2  -12.642639    2.000000    0.000000   -2.000000    0.000000   -2.000000    0.000000    0.000000    0.000000    0.000000    0.000000    0.000000    0.000000
   19  2  -12.572951    2.000000    0.000000    1.000000    0.000000    1.000000    0.000000    0.000000    0.000000    0.000000    0.000000    0.000000    0.000000
   21  2   -5.911185    2.000000    0.000000    0.999993    0.000000    0.999993    0.000000    0.000000    0.000000    0.000000    0.000001    0.000000    0.000001
   23  2   -5.890341    2.000000    0.000000   -1.999992    0.000000   -1.999992    0.000000    0.000000    0.000000    0.000000   -0.000001    0.000000   -0.000001
   25  1    0.243552    1.000000    0.000000   -1.000000    0.000000   -1.000000    0.000000    0.000000   -1.000000    0.000000    1.000000    0.000000    1.000000
   26  1    0.245900    1.000000    0.000000   -1.000000    0.000000   -1.000000    0.000000    0.000000    1.000000    0.000000   -1.000000    0.000000   -1.000000
   27  2    0.371977    2.000000    0.000000    0.999999    0.000000    0.999999    0.000000    0.000000    0.000000    0.000000    0.000000    0.000000    0.000000
   29  2    0.765959    2.000000    0.000000    1.000000    0.000001    1.000000   -0.000001    0.000000    0.000000    0.000000    0.000002    0.000000   -0.000002
   31  2    1.268338    2.000000    0.000000    1.000000    0.000000    1.000000    0.000000    0.000000    0.000000    0.000000    0.000000    0.000000    0.000000
   33  2    1.405563    2.000000    0.000000   -2.000000    0.000000   -2.000000    0.000000    0.000000    0.000000    0.000000    0.000000    0.000000    0.000000
   35  2    1.764099    2.000000    0.000000    1.000000    0.000000    1.000000    0.000000    0.000000    0.000000    0.000000    0.000000    0.000000    0.000000
   37  2    1.843465    2.000000    0.000000    1.000000    0.000000    1.000000    0.000000    0.000000    0.000000    0.000000    0.000001    0.000000   -0.000001
   39  2    2.526848    2.000000    0.000000    1.000000    0.000000    1.000000    0.000000    0.000000    0.000000    0.000000    0.000001    0.000000   -0.000000
   41  2    2.541219    2.000000    0.000000    1.000000   -0.000000    1.000000    0.000000    0.000000    0.000000    0.000000    0.000004    0.000000   -0.000004
   43  2    2.998710    2.000000    0.000000    1.000000    0.000000    1.000000   -0.000000    0.000000    0.000000    0.000000    0.000000    0.000000   -0.000000
   45  1    3.154097    1.000000    0.000000   -1.000000    0.000000   -1.000000    0.000000    0.000000   -1.000000    0.000000    1.000000    0.000000    1.000000
   46  1    3.156172    1.000000    0.000000   -1.000000    0.000000   -1.000000    0.000000    0.000000    1.000000    0.000000   -1.000000    0.000000   -1.000000
   47  2    5.103385    2.000000    0.000000    1.000000   -0.000001    1.000000    0.000001    0.000000    0.000000    0.000000    0.000005    0.000000   -0.000005
   49  2    5.346247    2.000000    0.000000   -2.000000    0.000000   -2.000000    0.000000    0.000000    0.000000    0.000000    0.000000    0.000000    0.000000
   51  2    5.581171    2.000000    0.000000    1.000000   -0.000000    1.000000    0.000001    0.000000    0.000000    0.000000   -0.000000    0.000000    0.000000
   53  2    6.153122    2.000000    0.000000    0.999999   -0.000006    0.999999    0.000007    0.000000    0.000000    0.000000    0.000031    0.000000   -0.000031
   55  2    6.200565    2.000000    0.000000   -1.999998    0.000000   -1.999998    0.000000    0.000000    0.000000    0.000000   -0.000000    0.000000   -0.000000
   57  2    7.905714    2.000000    0.000000    0.999996    0.000000    0.999996    0.000000    0.000000    0.000000    0.000000   -0.000002    0.000000   -0.000002
   59  2    7.923995    2.000000    0.000000   -1.999995    0.000000   -1.999995    0.000000    0.000000    0.000000    0.000000    0.000002    0.000000    0.000002
   61  2    9.030498    2.000000    0.000000    1.000000    0.000008    1.000000   -0.000008    0.000000    0.000000    0.000000   -0.000009    0.000000    0.000009
   63  2   10.312685    2.000000    0.000000   -1.999959   -0.000004   -1.999959    0.000005    0.000000   -0.000005    0.000000    0.000005    0.000000   -0.000013
   65  2   10.347458    2.000000    0.000000    0.999967    0.001464    0.999967   -0.001464    0.000000    0.000009    0.000000    0.000817    0.000000   -0.000827
   67  1   10.653297    1.000000    0.000000    0.499872    0.469101    0.499872   -0.469101    0.000000    0.052585    0.000000   -0.700247    0.000000    0.752649
   68  1   10.654523    1.000000    0.000000    0.498789   -0.468939    0.498789    0.468939    0.000000   -0.051050    0.000000    0.699684    0.000000   -0.751689
   69  1   10.873908    1.000000    0.000000   -0.684040   -0.167980   -0.684040    0.167981    0.000000   -0.765675    0.000000    0.664948    0.000000    0.694683
   70  1   10.878160    1.000000    0.000000    0.433113    0.788731    0.433113   -0.788730    0.000000    0.267803    0.000000    0.225071    0.000000   -0.088995
   71  1   10.883298    1.000000    0.000000    0.114109   -0.541452    0.114109    0.541452    0.000000   -0.231759    0.000000   -0.254310    0.000000    0.197446
   72  1   10.899943    1.000000    0.000000   -0.669048   -0.087302   -0.669048    0.087302    0.000000    0.578933    0.000000   -0.566614    0.000000   -0.787093
  6
    1    2    3    4    5    6
    1  2  -46.057251    2.000000    0.000000   -2.000000    0.000000   -2.000000    0.000000    0.000000    0.000000    0.000000    0.000000    0.000000    0.000000
    3  2  -45.461488    2.000000    0.000000    1.000000    0.000000    1.000000   -0.000000    0.000000    0.000000    0.000000    0.000000    0.000000   -0.000000
    5  2  -45.144823    2.000000    0.000000    1.000000   -0.000000    1.000000    0.000001    0.000000    0.000000    0.000000    0.000000    0.000000    0.000000
    7  2  -41.884640    2.000000    0.000000    1.000000   -0.000000    1.000000    0.000000    0.000000    0.000000    0.000000   -0.000001    0.000000    0.000001
    9  2  -41.555850    2.000000    0.000000   -2.000000    0.000000   -2.000000    0.000000    0.000000    0.000000    0.000000    0.000000    0.000000    0.000000
   11  2  -41.156307    2.000000    0.000000    1.000000    0.000000    1.000000    0.000000    0.000000    0.000000    0.000000    0.000000    0.000000    0.000000
   13  2  -30.843612    2.000000    0.000000    1.000000   -0.000001    1.000000    0.000002    0.000000    0.000000    0.000000   -0.000002    0.000000    0.000002
   15  2  -13.709222    2.000000    0.000000    1.000000    0.000000    1.000000    0.000000    0.000000    0.000000    0.000000    0.000000    0.000000    0.000000
   17  2  -12.643877    2.000000    0.000000   -2.000000    0.000000   -2.000000    0.000000    0.000000    0.000000    0.000000    0.000000    0.000000    0.000000
   19  2  -12.572685    2.000000    0.000000    1.000000    0.000000    1.000000    0.000000    0.000000    0.000000    0.000000    0.000000    0.000000    0.000000
   21  2   -5.902383    2.000000    0.000000   -1.999977    0.000000   -1.999977    0.000000    0.000000    0.000000    0.000000   -0.000000    0.000000   -0.000000
   23  2   -5.890121    2.000000    0.000000    0.999978    0.000000    0.999978    0.000000    0.000000    0.000000    0.000000    0.000000    0.000000    0.000000
   25  2    0.311850    2.000000    0.000000    0.999844   -0.000000    0.999844    0.000000    0.000000    0.000000    0.000000    0.000068    0.000000    0.000070
   27  1    0.317881    1.000000    0.000000   -0.999853    0.000000   -0.999853   -0.000000    0.000000   -1.000000    0.000000    0.999854    0.000000    0.999853
   28  1    0.321144    1.000000    0.000000   -0.999943    0.000000   -0.999943    0.000000    0.000000    1.000000    0.000000   -0.999943    0.000000   -0.999943
   29  2    0.778187    2.000000    0.000000    1.000000    0.000002    1.000000   -0.000002    0.000000    0.000000    0.000000   -0.000001    0.000000    0.000001
   31  2    1.129196    2.000000    0.000000    1.000000    0.000000    1.000000   -0.000000    0.000000    0.000000    0.000000   -0.000000    0.000000    0.000000
   33  2    1.487227    2.000000    0.000000    1.000000   -0.000000    1.000000    0.000000    0.000000    0.000000    0.000000    0.000000    0.000000    0.000000
   35  2    1.753977    2.000000    0.000000   -1.999995    0.000000   -1.999995    0.000000    0.000000    0.000000    0.000000    0.000001    0.000000    0.000001
   37  2    1.766612    2.000000    0.000000    0.999985    0.000000    0.999985   -0.000000    0.000000    0.000000    0.000000   -0.000005    0.000000   -0.000002
   39  2    2.584473    2.000000    0.000000   -2.000000    0.000000   -2.000000    0.000000    0.000000    0.000000    0.000000    0.000000    0.000000    0.000000
   41  2    2.768547    2.000000    0.000000    1.000000   -0.000000    1.000000    0.000000    0.000000    0.000000    0.000000    0.000000    0.000000    0.000000
   43  2    2.863560    2.000000    0.000000    1.000000    0.000000    1.000000    0.000000    0.000000    0.000000    0.000000    0.000000    0.000000    0.000000
   45  2    3.041523    2.000000    0.000000   -2.000000    0.000000   -2.000000    0.000000    0.000000    0.000000    0.000000    0.000000    0.000000    0.000000
   47  2    5.179569    2.000000    0.000000   -1.999997    0.000000   -1.999997    0.000000    0.000000    0.000000    0.000000    0.000001    0.000000    0.000001
   49  2    5.224183    2.000000    0.000000    0.999996    0.000000    0.999996   -0.000000    0.000000    0.000000    0.000000   -0.000001    0.000000   -0.000001
   51  2    5.623619    2.000000    0.000000    1.000000    0.000000    1.000000    0.000000    0.000000    0.000000    0.000000    0.000000    0.000000    0.000000
   53  2    6.015319    2.000000    0.000000    1.000000    0.000000    1.000000    0.000000    0.000000    0.000000    0.000000    0.000000    0.000000   -0.000000
   55  2    6.268838    2.000000    0.000000    1.000000   -0.000003    1.000000    0.000003    0.000000    0.000000    0.000000   -0.000004    0.000000    0.000005
   57  2    8.598090    2.000000    0.000000    1.000000   -0.000002    1.000000    0.000002    0.000000    0.000000    0.000000   -0.000011    0.000000    0.000012
   59  2    8.691699    2.000000    0.000000    1.000000   -0.000000    1.000000    0.000000    0.000000    0.000000    0.000000   -0.000000    0.000000    0.000000
   61  1    8.856204    1.000000    0.000000   -1.000000    0.000000   -1.000000    0.000000    0.000000   -1.000000    0.000000    1.000000    0.000000    1.000000
   62  1    8.858213    1.000000    0.000000   -1.000000    0.000000   -1.000000    0.000000    0.000000    1.000000    0.000000   -1.000000    0.000000   -1.000000
   63  2    8.992837    2.000000    0.000000    1.000000    0.000001    1.000000   -0.000001    0.000000    0.000000    0.000000    0.000000    0.000000   -0.000000
   65  1    9.297746    1.000000    0.000000   -1.000000    0.000000   -1.000000    0.000000    0.000000   -1.000000    0.000000    1.000000    0.000000    1.000000
   66  1    9.299189    1.000000    0.000000   -1.000000    0.000000   -1.000000    0.000000    0.000000    1.000000    0.000000   -1.000000    0.000000   -1.000000
   67  2    9.481214    2.000000    0.000000    1.000000    0.000000    1.000000    0.000000    0.000000    0.000000    0.000000   -0.000001    0.000000    0.000001
   69  1   12.459226    1.000000    0.000000    0.481799    0.559470    0.481799   -0.559470    0.000000    0.182616    0.000000    0.703212    0.000000   -0.519853
   70  1   12.481893    1.000000    0.000000    0.426922   -0.293647    0.426922    0.293647    0.000000    0.132187    0.000000   -0.658247    0.000000    0.669359
   71  1   12.519634    1.000000    0.000000    0.315853   -0.129493    0.315853    0.129494    0.000000   -0.759506    0.000000   -0.523334    0.000000   -0.459856
   72  1   12.550351    1.000000    0.000000   -0.153098    0.057587   -0.153098   -0.057587    0.000000    0.168465    0.000000    0.497751    0.000000    0.479647
  6
    1    2    3    4    5    6
    1  2  -46.056995    2.000000    0.000000    1.000000    0.000000    1.000000    0.000000    0.000000    0.000000    0.000000   -0.000000    0.000000    0.000000
    3  2  -45.461494    2.000000    0.000000   -2.000000    0.000000   -2.000000    0.000000    0.000000    0.000000    0.000000    0.000000    0.000000    0.000000
    5  2  -45.145114    2.000000    0.000000    1.000000    0.000000    1.000000    0.000000    0.000000    0.000000    0.000000    0.000000    0.000000    0.000000
    7  2  -41.885043    2.000000    0.000000   -2.000000    0.000000   -2.000000    0.000000    0.000000    0.000000    0.000000    0.000000    0.000000    0.000000
    9  2  -41.555824    2.000000    0.000000    1.000000    0.000000    1.000000    0.000000    0.000000    0.000000    0.000000    0.000000    0.000000    0.000000
   11  2  -41.155871    2.000000    0.000000    1.000000    0.000000    1.000000    0.000000    0.000000    0.000000    0.000000    0.000000    0.000000    0.000000
   13  2  -30.843612    2.000000    0.000000    1.000000   -0.000003    1.000000    0.000004    0.000000    0.000000    0.000000   -0.000005    0.000000    0.000005
   15  2  -13.709607    2.000000    0.000000    1.000000    0.000000    1.000000    0.000000    0.000000    0.000000    0.000000    0.000000    0.000000    0.000000
   17  2  -12.643141    2.000000    0.000000   -2.000000    0.000000   -2.000000    0.000000    0.000000    0.000000    0.000000    0.000000    0.000000    0.000000
   19  2  -12.572947    2.000000    0.000000    1.000000    0.000000    1.000000    0.000000    0.000000    0.000000    0.000000    0.000000    0.000000    0.000000
   21  2   -5.907838    2.000000    0.000000    0.999994    0.000000    0.999994    0.000000    0.000000    0.000000    0.000000    0.000001    0.000000    0.000000
   23  2   -5.884917    2.000000    0.000000   -1.999994    0.000000   -1.999994    0.000000    0.000000    0.000000    0.000000   -0.000000    0.000000   -0.000000
   25  1    0.244119    1.000000    0.000000   -1.000000    0.000000   -1.000000    0.000000    0.000000   -1.000000    0.000000    1.000000    0.000000    1.000000
   26  1    0.246714    1.000000    0.000000   -1.000000    0.000000   -1.000000    0.000000    0.000000    1.000000    0.000000   -1.000000    0.000000   -1.000000
   27  2    0.374664    2.000000    0.000000    0.999999    0.000000    0.999999    0.000000    0.000000    0.000000    0.000000    0.000000    0.000000    0.000000
   29  2    0.809163    2.000000    0.000000    1.000000    0.000001    1.000000   -0.000001    0.000000    0.000000    0.000000   -0.000000    0.000000    0.000000
   31  2    1.084385    2.000000    0.000000    1.000000    0.000000    1.000000   -0.000000    0.000000    0.000000    0.000000    0.000000    0.000000   -0.000000
   33  2    1.485340    2.000000    0.000000   -2.000000    0.000000   -2.000000    0.000000    0.000000    0.000000    0.000000    0.000000    0.000000    0.000000
   35  2    1.726786    2.000000    0.000000    1.000000    0.000000    1.000000    0.000000    0.000000    0.000000    0.000000    0.000000    0.000000   -0.000000
   37  2    1.846649    2.000000    0.000000    1.000000   -0.000001    1.000000    0.000001    0.000000    0.000000    0.000000    0.000000    0.000000   -0.000000
   39  2    2.619565    2.000000    0.000000    1.000000    0.000000    1.000000    0.000000    0.000000    0.000000    0.000000   -0.000000    0.000000    0.000000
   41  2    2.738135    2.000000    0.000000    0.999999   -0.000000    0.999999    0.000000    0.000000    0.000000    0.000000   -0.000001    0.000000    0.000000
   43  1    2.873990    1.000000    0.000000   -1.000000    0.000000   -1.000000    0.000000    0.000000   -1.000000    0.000000    1.000000    0.000000    1.000000
   44  1    2.876088    1.000000    0.000000   -0.999999    0.000000   -0.999999    0.000000    0.000000    1.000000    0.000000   -0.999999    0.000000   -0.999999
   45  2    3.010471    2.000000    0.000000    1.000000    0.000000    1.000000    0.000000    0.000000    0.000000    0.000000    0.000000    0.000000    0.000000
   47  2    5.154655    2.000000    0.000000    1.000000   -0.000000    1.000000    0.000000    0.000000    0.000000    0.000000   -0.000000    0.000000    0.000000
   49  2    5.183648    2.000000    0.000000    1.000000    0.000000    1.000000    0.000000    0.000000    0.000000    0.000000    0.000000    0.000000    0.000000
   51  1    5.589240    1.000000    0.000000   -1.000000    0.000000   -1.000000    0.000000    0.000000   -1.000000    0.000000    1.000000    0.000000    1.000000
   52  1    5.590295    1.000000    0.000000   -1.000000    0.000000   -1.000000    0.000000    0.000000    1.000000    0.000000   -1.000000    0.000000   -1.000000
   53  2    6.087522    2.000000    0.000000   -2.000000    0.000000   -2.000000    0.000000    0.000000    0.000000    0.000000    0.000000    0.000000    0.000000
   55  2    6.292644    2.000000    0.000000    1.000000    0.000009    1.000000   -0.000009    0.000000    0.000000    0.000000   -0.000006    0.000000    0.000006
   57  2    8.602857    2.000000    0.000000    0.999991    0.000116    0.999991   -0.000116    0.000000   -0.000000    0.000000   -0.000032    0.000000    0.000029
   59  2    8.619758    2.000000    0.000000   -1.999987    0.000000   -1.999987    0.000000    0.000000    0.000000    0.000000    0.000002    0.000000    0.000002
   61  2    8.927012    2.000000    0.000000    1.000000   -0.000001    1.000000    0.000001    0.000000    0.000000    0.000000    0.000001    0.000000   -0.000001
   63  1    9.001946    1.000000    0.000000   -1.000000    0.000000   -1.000000    0.000000    0.000000   -1.000000    0.000000    1.000000    0.000000    1.000000
   64  1    9.003750    1.000000    0.000000   -0.999999    0.000000   -0.999999    0.000000    0.000000    1.000000    0.000000   -0.999999    0.000000   -0.999999
   65  2    9.280798    2.000000    0.000000    1.000000    0.000000    1.000000   -0.000000    0.000000    0.000000    0.000000   -0.000000    0.000000    0.000000
   67  2    9.484803    2.000000    0.000000    1.000000    0.000004    1.000000   -0.000004    0.000000    0.000000    0.000000   -0.000000    0.000000    0.000000
   69  1   12.378535    1.000000    0.000000   -0.989850    0.002366   -0.989850   -0.002366    0.000000    0.401178    0.000000   -0.399740    0.000000   -0.407384
   70  1   12.389931    1.000000    0.000000   -0.940458   -0.015018   -0.940458    0.015018    0.000000   -0.379161    0.000000    0.382234    0.000000    0.380176
   71  1   12.549334    1.000000    0.000000    0.439711    0.270777    0.439711   -0.270777    0.000000   -0.176367    0.000000    0.132003    0.000000   -0.199763
   72  1   12.561471    1.000000    0.000000    0.399352    0.062014    0.399352   -0.062013    0.000000    0.122766    0.000000   -0.556863    0.000000    0.790248
  2
    1    6
    1  2  -46.057041    2.000000    0.000000    0.000000    0.000000
    3  2  -45.461499    2.000000    0.000000    0.000000    0.000000
    5  2  -45.144876    2.000000    0.000000    0.000000    0.000000
    7  2  -41.884738    2.000000    0.000000    0.000000    0.000000
    9  2  -41.555865    2.000000    0.000000    0.000000    0.000000
   11  2  -41.155964    2.000000    0.000000    0.000000    0.000000
   13  2  -30.845121    2.000000    0.000000    0.000000    0.000001
   15  2  -13.705368    2.000000    0.000000    0.000000    0.000000
   17  2  -12.654584    2.000000    0.000000    0.000000    0.000000
   19  2  -12.538729    2.000000    0.000000    0.000000    0.000000
   21  2   -6.153680    2.000000    0.000000    0.000000    0.000000
   23  2   -5.768978    2.000000    0.000000    0.000000    0.000000
   25  2   -0.271537    2.000000    0.000000    0.000000   -0.000000
   27  1    0.151027    1.000000    0.000000    0.000000    0.992570
   28  1    0.153270    1.000000    0.000000    0.000000   -0.992570
   29  2    1.232689    2.000000    0.000000    0.000000    0.000002
   31  2    1.295199    2.000000    0.000000    0.000000   -0.000002
   33  2    1.637639    2.000000    0.000000    0.000000    0.000006
   35  2    1.731110    2.000000    0.000000    0.000000   -0.000004
   37  2    2.360163    2.000000    0.000000    0.000000    0.000002
   39  2    2.456745    2.000000    0.000000    0.000000    0.000003
   41  2    2.553002    2.000000    0.000000    0.000000    0.000002
   43  2    3.429612    2.000000    0.000000    0.000000    0.000016
   45  2    3.565922    2.000000    0.000000    0.000000   -0.000042
   47  2    5.171478    2.000000    0.000000    0.000000   -0.000001
   49  2    5.346686    2.000000    0.000000    0.000000   -0.000011
   51  2    5.653462    2.000000    0.000000    0.000000    0.000008
   53  2    5.786887    2.000000    0.000000    0.000000   -0.000002
   55  2    6.610441    2.000000    0.000000    0.000000    0.000003
   57  2    6.908742    2.000000    0.000000    0.000000    0.000000
   59  2    7.998740    2.000000    0.000000    0.000000   -0.000036
   61  2    8.252343    2.000000    0.000000    0.000000   -0.000075
   63  2    9.350546    2.000000    0.000000    0.000000    0.000003
   65  2    9.589943    2.000000    0.000000    0.000000   -0.000006
   67  2   10.202043    2.000000    0.000000    0.000000    0.000000
   69  2   10.357060    2.000000    0.000000    0.000000    0.000000
   71  1   11.304080    1.000000    0.000000    0.000000    0.132617
   72  1   11.307878    1.000000    0.000000    0.000000   -0.132666
  2
    1    6
    1  2  -46.057043    2.000000    0.000000    0.000000    0.000000
    3  2  -45.461503    2.000000    0.000000    0.000000    0.000000
    5  2  -45.144877    2.000000    0.000000    0.000000    0.000000
    7  2  -41.884741    2.000000    0.000000    0.000000    0.000000
    9  2  -41.555870    2.000000    0.000000    0.000000    0.000000
   11  2  -41.155966    2.000000    0.000000    0.000000    0.000000
   13  2  -30.845121    2.000000    0.000000    0.000000    0.000004
   15  2  -13.705513    2.000000    0.000000    0.000000    0.000000
   17  2  -12.655073    2.000000    0.000000    0.000000    0.000000
   19  2  -12.538520    2.000000    0.000000    0.000000    0.000000
   21  2   -6.014423    2.000000    0.000000    0.000000    0.000000
   23  2   -5.925626    2.000000    0.000000    0.000000    0.000000
   25  1   -0.129631    1.000000    0.000000    0.000000    0.991505
   26  1   -0.128235    1.000000    0.000000    0.000000   -0.991504
   27  1    0.253630    1.000000    0.000000    0.000000    0.999353
   28  1    0.255214    1.000000    0.000000    0.000000   -0.999352
   29  2    1.137690    2.000000    0.000000    0.000000   -0.000001
   31  2    1.241855    2.000000    0.000000    0.000000   -0.000001
   33  2    1.660271    2.000000    0.000000    0.000000    0.000014
   35  2    1.735220    2.000000    0.000000    0.000000   -0.000015
   37  2    2.310218    2.000000    0.000000    0.000000   -0.000003
   39  2    2.444958    2.000000    0.000000    0.000000   -0.000001
   41  2    2.745043    2.000000    0.000000    0.000000    0.000102
   43  2    3.136866    2.000000    0.000000    0.000000    0.000001
   45  2    3.389601    2.000000    0.000000    0.000000    0.000009
   47  2    4.679021    2.000000    0.000000    0.000000    0.000001
   49  2    5.516714    2.000000    0.000000    0.000000   -0.000000
   51  2    5.646691    2.000000    0.000000    0.000000    0.000000
   53  2    5.713259    2.000000    0.000000    0.000000    0.000006
   55  2    6.324014    2.000000    0.000000    0.000000   -0.000002
   57  2    7.407898    2.000000    0.000000    0.000000    0.000001
   59  1    8.478326    1.000000    0.000000    0.000000    0.999969
   60  1    8.479548    1.000000    0.000000    0.000000   -0.999969
   61  1    9.176177    1.000000    0.000000    0.000000    0.981715
   62  1    9.177384    1.000000    0.000000    0.000000   -0.981713
   63  1    9.774508    1.000000    0.000000    0.000000    0.988955
   64  1    9.775837    1.000000    0.000000    0.000000   -0.988952
   65  2   10.168790    2.000000    0.000000    0.000000    0.000001
   67  2   10.313883    2.000000    0.000000    0.000000   -0.000081
   69  2   10.556947    2.000000    0.000000    0.000000    0.000078
   71  1   11.121643    1.000000    0.000000    0.000000    0.268589
   72  1   11.133117    1.000000    0.000000    0.000000   -0.219907
