   46   72
  1
  4
  1  0  0  0  1  0  0  0  1    0.000000    0.000000    0.000000    1.000000    0.000000    0.000000    0.000000    0.000000    0.000000    1.000000    0.000000  1
  0  1  0  1  0  0  0  0  1    0.000000    0.000000    0.000000    0.000000    0.000000   -0.707107    0.707107    0.707107    0.707107    0.000000    0.000000  1
  0 -1  0 -1  0  0  0  0 -1    0.000000    0.000000    0.000000    0.000000    0.000000   -0.707107    0.707107    0.707107    0.707107    0.000000    0.000000 -1
 -1  0  0  0 -1  0  0  0 -1    0.000000    0.000000    0.000000    1.000000    0.000000    0.000000    0.000000    0.000000    0.000000    1.000000    0.000000 -1
  6
    0.000000    0.000000    0.000000
    0.000000    0.000000    0.500000
    0.000000    0.500000    0.500000
    0.500000    0.500000    0.500000
    0.000000    0.500000    0.000000
    0.500000    0.500000    0.000000
  2
    1    2
    1  2  -44.831893    2.000000    0.000000    0.000000    0.000000
    3  2  -44.488233    2.000000    0.000000    0.000000   -0.000011
    5  2  -43.915897    2.000000    0.000000    0.000000    0.000000
    7  2  -40.802641    2.000000    0.000000    0.000000    0.000000
    9  2  -40.419213    2.000000    0.000000    0.000000    0.000000
   11  2  -40.070885    2.000000    0.000000    0.000000    0.000000
   13  2  -22.832287    2.000000    0.000000    0.000000    0.000001
   15  2   -9.316239    2.000000    0.000000    0.000000    0.000000
   17  2   -7.448241    2.000000    0.000000    0.000000    0.000000
   19  2   -7.318859    2.000000    0.000000    0.000000    0.000000
   21  1   -4.664065    1.000000    0.000000    0.000000    1.000000
   22  1   -4.655413    1.000000    0.000000    0.000000   -1.000000
   23  1   -3.186605    1.000000    0.000000    0.000000    1.000000
   24  1   -3.183681    1.000000    0.000000    0.000000   -1.000000
   25  1    0.971864    1.000000    0.000000    0.000000    1.000000
   26  1    0.986782    1.000000    0.000000    0.000000   -1.000000
   27  1    2.332117    1.000000    0.000000    0.000000    1.000000
   28  1    2.336365    1.000000    0.000000    0.000000   -1.000000
   29  1    2.433007    1.000000    0.000000    0.000000    1.000000
   30  1    2.435407    1.000000    0.000000    0.000000   -1.000000
   31  1    2.474288    1.000000    0.000000    0.000000    1.000000
   32  1    2.482136    1.000000    0.000000    0.000000   -1.000000
   33  1    2.936747    1.000000    0.000000    0.000000    1.000000
   34  1    2.942489    1.000000    0.000000    0.000000   -1.000000
   35  2    3.227611    2.000000    0.000000    0.000000    0.000000
   37  1    3.684115    1.000000    0.000000    0.000000    1.000000
   38  1    3.693003    1.000000    0.000000    0.000000   -1.000000
   39  1    3.903291    1.000000    0.000000    0.000000    1.000000
   40  1    3.912399    1.000000    0.000000    0.000000   -1.000000
   41  1    5.264617    1.000000    0.000000    0.000000    1.000000
   42  1    5.268751    1.000000    0.000000    0.000000   -1.000000
   43  1    5.454634    1.000000    0.000000    0.000000    1.000000
   44  1    5.458514    1.000000    0.000000    0.000000   -1.000000
   45  1    5.614988    1.000000    0.000000    0.000000    1.000000
   46  1    5.620719    1.000000    0.000000    0.000000   -1.000000
   47  2    6.008418    2.000000    0.000000    0.000000    0.000000
   49  1    6.087195    1.000000    0.000000    0.000000    1.000000
   50  1    6.088683    1.000000    0.000000    0.000000   -1.000000
   51  1    6.788030    1.000000    0.000000    0.000000    1.000000
   52  1    6.791821    1.000000    0.000000    0.000000   -1.000000
   53  1    7.664345    1.000000    0.000000    0.000000    1.000000
   54  1    7.672477    1.000000    0.000000    0.000000   -1.000000
   55  1    7.901326    1.000000    0.000000    0.000000    1.000000
   56  1    7.913740    1.000000    0.000000    0.000000   -0.999999
   57  1    7.968369    1.000000    0.000000    0.000000    1.000000
   58  1    7.974243    1.000000    0.000000    0.000000   -1.000000
   59  1    8.034794    1.000000    0.000000    0.000000    1.000000
   60  1    8.036661    1.000000    0.000000    0.000000   -1.000000
   61  1    8.951081    1.000000    0.000000    0.000000    0.999999
   62  1    8.954675    1.000000    0.000000    0.000000   -0.999999
   63  1    9.271394    1.000000    0.000000    0.000000    0.999954
   64  1    9.272640    1.000000    0.000000    0.000000   -0.999948
   65  1    9.475353    1.000000    0.000000    0.000000    0.478736
   66  1    9.476424    1.000000    0.000000    0.000000   -0.478870
   67  1    9.671743    1.000000    0.000000    0.000000    0.999406
   68  1    9.681150    1.000000    0.000000    0.000000   -0.999223
   69  1    9.722256    1.000000    0.000000    0.000000    0.999707
   70  1    9.731799    1.000000    0.000000    0.000000   -0.999843
   71  1    9.778388    1.000000    0.000000    0.000000    0.999987
   72  1    9.792247    1.000000    0.000000    0.000000   -0.999983
  2
    1    2
    1  2  -44.831895    2.000000    0.000000    0.000000   -0.000000
    3  2  -44.488236    2.000000    0.000000    0.000000    0.000002
    5  2  -43.915899    2.000000    0.000000    0.000000    0.000000
    7  2  -40.802644    2.000000    0.000000    0.000000   -0.000000
    9  2  -40.419216    2.000000    0.000000    0.000000    0.000000
   11  2  -40.070888    2.000000    0.000000    0.000000    0.000000
   13  2  -22.832238    2.000000    0.000000    0.000000    0.000001
   15  2   -9.320250    2.000000    0.000000    0.000000    0.000000
   17  2   -7.473808    2.000000    0.000000    0.000000    0.000000
   19  2   -7.318836    2.000000    0.000000    0.000000    0.000000
   21  1   -4.220477    1.000000    0.000000    0.000000    1.000000
   22  1   -4.211148    1.000000    0.000000    0.000000   -1.000000
   23  1   -3.770084    1.000000    0.000000    0.000000    1.000000
   24  1   -3.767274    1.000000    0.000000    0.000000   -1.000000
   25  1    1.742269    1.000000    0.000000    0.000000    1.000000
   26  1    1.751764    1.000000    0.000000    0.000000   -1.000000
   27  1    2.131965    1.000000    0.000000    0.000000    1.000000
   28  1    2.145330    1.000000    0.000000    0.000000   -1.000000
   29  1    2.336664    1.000000    0.000000    0.000000    1.000000
   30  1    2.338725    1.000000    0.000000    0.000000   -1.000000
   31  1    2.393118    1.000000    0.000000    0.000000    1.000000
   32  1    2.395109    1.000000    0.000000    0.000000   -1.000000
   33  1    2.935744    1.000000    0.000000    0.000000    1.000000
   34  1    2.941466    1.000000    0.000000    0.000000   -1.000000
   35  1    3.660210    1.000000    0.000000    0.000000    1.000000
   36  1    3.667006    1.000000    0.000000    0.000000   -1.000000
   37  1    3.917991    1.000000    0.000000    0.000000    1.000000
   38  1    3.925106    1.000000    0.000000    0.000000   -1.000000
   39  1    4.003221    1.000000    0.000000    0.000000    1.000000
   40  1    4.012013    1.000000    0.000000    0.000000   -1.000000
   41  1    4.239224    1.000000    0.000000    0.000000    1.000000
   42  1    4.243320    1.000000    0.000000    0.000000   -1.000000
   43  1    5.347851    1.000000    0.000000    0.000000    1.000000
   44  1    5.353005    1.000000    0.000000    0.000000   -1.000000
   45  1    5.447914    1.000000    0.000000    0.000000    1.000000
   46  1    5.453183    1.000000    0.000000    0.000000   -1.000000
   47  1    5.850854    1.000000    0.000000    0.000000    1.000000
   48  1    5.852059    1.000000    0.000000    0.000000   -1.000000
   49  1    5.858083    1.000000    0.000000    0.000000    1.000000
   50  1    5.871129    1.000000    0.000000    0.000000   -1.000000
   51  1    6.790735    1.000000    0.000000    0.000000    1.000000
   52  1    6.794529    1.000000    0.000000    0.000000   -1.000000
   53  2    7.076805    2.000000    0.000000    0.000000    0.000000
   55  1    7.739153    1.000000    0.000000    0.000000    0.999991
   56  1    7.740986    1.000000    0.000000    0.000000   -0.999991
   57  1    7.819213    1.000000    0.000000    0.000000    0.999998
   58  1    7.821073    1.000000    0.000000    0.000000   -0.999998
   59  1    8.684280    1.000000    0.000000    0.000000    0.999955
   60  1    8.688310    1.000000    0.000000    0.000000   -0.999962
   61  1    9.458224    1.000000    0.000000    0.000000    0.985548
   62  1    9.460077    1.000000    0.000000    0.000000   -0.985819
   63  2    9.583732    2.000000    0.000000    0.000000    0.000143
   65  1    9.707611    1.000000    0.000000    0.000000    0.999303
   66  1    9.714278    1.000000    0.000000    0.000000   -0.999371
   67  1   10.278414    1.000000    0.000000    0.000000    0.902434
   68  1   10.298809    1.000000    0.000000    0.000000   -0.790798
   69  1   10.423930    1.000000    0.000000    0.000000    0.782875
   70  1   10.438724    1.000000    0.000000    0.000000   -0.783926
   71  1   10.466457    1.000000    0.000000    0.000000   -0.122225
   72  1   10.496299    1.000000    0.000000    0.000000    0.258547
  1
    1
    1  2  -44.832060    2.000000    0.000000
    3  2  -44.488236    2.000000    0.000000
    5  2  -43.916117    2.000000    0.000000
    7  2  -40.803043    2.000000    0.000000
    9  2  -40.419253    2.000000    0.000000
   11  2  -40.071378    2.000000    0.000000
   13  2  -22.813750    2.000000    0.000000
   15  2   -9.395924    2.000000    0.000000
   17  2   -7.626340    2.000000    0.000000
   19  2   -7.332008    2.000000    0.000000
   21  2   -3.594579    2.000000    0.000000
   23  1   -3.554714    1.000000    0.000000
   24  1   -3.551086    1.000000    0.000000
   25  1    1.297658    1.000000    0.000000
   26  1    1.305262    1.000000    0.000000
   27  1    1.657766    1.000000    0.000000
   28  1    1.678475    1.000000    0.000000
   29  2    2.360140    2.000000    0.000000
   31  2    2.502314    2.000000    0.000000
   33  1    2.713298    1.000000    0.000000
   34  1    2.721560    1.000000    0.000000
   35  2    3.013616    2.000000    0.000000
   37  2    3.185445    2.000000    0.000000
   39  1    3.965814    1.000000    0.000000
   40  1    3.967282    1.000000    0.000000
   41  2    4.443893    2.000000    0.000000
   43  1    4.850753    1.000000    0.000000
   44  1    4.856167    1.000000    0.000000
   45  1    4.921598    1.000000    0.000000
   46  1    4.926509    1.000000    0.000000
   47  2    6.117256    2.000000    0.000000
   49  1    6.512083    1.000000    0.000000
   50  1    6.514621    1.000000    0.000000
   51  1    6.752710    1.000000    0.000000
   52  1    6.755327    1.000000    0.000000
   53  2    7.079072    2.000000    0.000000
   55  1    7.582357    1.000000    0.000000
   56  1    7.583505    1.000000    0.000000
   57  1    7.796385    1.000000    0.000000
   58  1    7.797708    1.000000    0.000000
   59  2    8.310595    2.000000    0.000000
   61  1    8.677804    1.000000    0.000000
   62  1    8.680571    1.000000    0.000000
   63  1    9.509594    1.000000    0.000000
   64  1    9.514330    1.000000    0.000000
   65  2    9.841699    2.000000    0.000000
   67  1   10.178146    1.000000    0.000000
   68  1   10.181855    1.000000    0.000000
   69  1   10.718736    1.000000    0.000000
   70  1   10.743210    1.000000    0.000000
   71  1   11.089992    1.000000    0.000000
   72  1   11.166792    1.000000    0.000000
  2
    1    2
    1  2  -44.832328    2.000000    0.000000    0.000000    0.000000
    3  2  -44.488269    2.000000    0.000000    0.000000    0.000002
    5  2  -43.916472    2.000000    0.000000    0.000000    0.000000
    7  2  -40.803223    2.000000    0.000000    0.000000    0.000000
    9  2  -40.419250    2.000000    0.000000    0.000000    0.000000
   11  2  -40.071610    2.000000    0.000000    0.000000    0.000000
   13  2  -22.796321    2.000000    0.000000    0.000000    0.000000
   15  2   -9.430643    2.000000    0.000000    0.000000    0.000000
   17  2   -7.630067    2.000000    0.000000    0.000000    0.000000
   19  2   -7.428318    2.000000    0.000000    0.000000    0.000000
   21  1   -3.453435    1.000000    0.000000    0.000000    1.000000
   22  1   -3.450212    1.000000    0.000000    0.000000   -1.000000
   23  1   -3.103682    1.000000    0.000000    0.000000    1.000000
   24  1   -3.097084    1.000000    0.000000    0.000000   -1.000000
   25  2    1.072825    2.000000    0.000000    0.000000    0.000002
   27  1    1.292735    1.000000    0.000000    0.000000    1.000000
   28  1    1.312002    1.000000    0.000000    0.000000   -1.000000
   29  1    2.430899    1.000000    0.000000    0.000000    1.000000
   30  1    2.435470    1.000000    0.000000    0.000000   -1.000000
   31  1    2.630587    1.000000    0.000000    0.000000    1.000000
   32  1    2.633364    1.000000    0.000000    0.000000   -0.999999
   33  1    3.022196    1.000000    0.000000    0.000000    1.000000
   34  1    3.026563    1.000000    0.000000    0.000000   -1.000000
   35  1    3.096191    1.000000    0.000000    0.000000    1.000000
   36  1    3.100239    1.000000    0.000000    0.000000   -0.999999
   37  1    3.139939    1.000000    0.000000    0.000000    1.000000
   38  1    3.148169    1.000000    0.000000    0.000000   -1.000000
   39  1    3.161897    1.000000    0.000000    0.000000    1.000000
   40  1    3.169968    1.000000    0.000000    0.000000   -1.000000
   41  1    3.745200    1.000000    0.000000    0.000000    1.000000
   42  1    3.746589    1.000000    0.000000    0.000000   -1.000000
   43  1    3.784272    1.000000    0.000000    0.000000    1.000000
   44  1    3.787035    1.000000    0.000000    0.000000   -1.000000
   45  1    4.473663    1.000000    0.000000    0.000000    1.000000
   46  1    4.504679    1.000000    0.000000    0.000000   -1.000000
   47  1    5.788805    1.000000    0.000000    0.000000    1.000000
   48  1    5.798206    1.000000    0.000000    0.000000   -1.000000
   49  1    6.228722    1.000000    0.000000    0.000000    1.000000
   50  1    6.232617    1.000000    0.000000    0.000000   -1.000000
   51  1    6.584078    1.000000    0.000000    0.000000    1.000000
   52  1    6.587482    1.000000    0.000000    0.000000   -1.000000
   53  1    6.801396    1.000000    0.000000    0.000000    1.000000
   54  1    6.804250    1.000000    0.000000    0.000000   -1.000000
   55  1    6.913556    1.000000    0.000000    0.000000    1.000000
   56  1    6.917302    1.000000    0.000000    0.000000   -1.000000
   57  1    8.449045    1.000000    0.000000    0.000000    1.000000
   58  1    8.452892    1.000000    0.000000    0.000000   -1.000000
   59  2    8.809087    2.000000    0.000000    0.000000    0.000000
   61  1    9.305942    1.000000    0.000000    0.000000    0.999997
   62  1    9.315206    1.000000    0.000000    0.000000   -0.999998
   63  1   10.224168    1.000000    0.000000    0.000000    0.999910
   64  1   10.228943    1.000000    0.000000    0.000000   -0.999937
   65  1   10.477567    1.000000    0.000000    0.000000    0.667646
   66  1   10.480655    1.000000    0.000000    0.000000   -0.665023
   67  1   10.675213    1.000000    0.000000    0.000000    0.996674
   68  1   10.687552    1.000000    0.000000    0.000000   -0.996994
   69  1   11.040773    1.000000    0.000000    0.000000    0.326971
   70  1   11.052599    1.000000    0.000000    0.000000   -0.304168
   71  1   11.073534    1.000000    0.000000    0.000000    0.501284
   72  1   11.089512    1.000000    0.000000    0.000000   -0.476571
  1
    1
    1  2  -44.832059    2.000000    0.000000
    3  2  -44.488239    2.000000    0.000000
    5  2  -43.916116    2.000000    0.000000
    7  2  -40.803041    2.000000    0.000000
    9  2  -40.419256    2.000000    0.000000
   11  2  -40.071376    2.000000    0.000000
   13  2  -22.813750    2.000000    0.000000
   15  2   -9.395920    2.000000    0.000000
   17  2   -7.626312    2.000000    0.000000
   19  2   -7.332003    2.000000    0.000000
   21  1   -3.596680    1.000000    0.000000
   22  1   -3.592327    1.000000    0.000000
   23  2   -3.553073    2.000000    0.000000
   25  1    1.295000    1.000000    0.000000
   26  1    1.307968    1.000000    0.000000
   27  1    1.663335    1.000000    0.000000
   28  1    1.673025    1.000000    0.000000
   29  1    2.358830    1.000000    0.000000
   30  1    2.360796    1.000000    0.000000
   31  2    2.501480    2.000000    0.000000
   33  1    2.715102    1.000000    0.000000
   34  1    2.722788    1.000000    0.000000
   35  1    3.012661    1.000000    0.000000
   36  1    3.016749    1.000000    0.000000
   37  2    3.184821    2.000000    0.000000
   39  1    3.964824    1.000000    0.000000
   40  1    3.968708    1.000000    0.000000
   41  2    4.442681    2.000000    0.000000
   43  1    4.843528    1.000000    0.000000
   44  1    4.850164    1.000000    0.000000
   45  1    4.929835    1.000000    0.000000
   46  1    4.934239    1.000000    0.000000
   47  1    6.115526    1.000000    0.000000
   48  1    6.117856    1.000000    0.000000
   49  1    6.513237    1.000000    0.000000
   50  1    6.514467    1.000000    0.000000
   51  1    6.753530    1.000000    0.000000
   52  1    6.755669    1.000000    0.000000
   53  2    7.078391    2.000000    0.000000
   55  1    7.580888    1.000000    0.000000
   56  1    7.582858    1.000000    0.000000
   57  1    7.797448    1.000000    0.000000
   58  1    7.799173    1.000000    0.000000
   59  1    8.309435    1.000000    0.000000
   60  1    8.311987    1.000000    0.000000
   61  1    8.677693    1.000000    0.000000
   62  1    8.680387    1.000000    0.000000
   63  1    9.510667    1.000000    0.000000
   64  1    9.512106    1.000000    0.000000
   65  1    9.840063    1.000000    0.000000
   66  1    9.845920    1.000000    0.000000
   67  1   10.177509    1.000000    0.000000
   68  1   10.181532    1.000000    0.000000
   69  1   10.721953    1.000000    0.000000
   70  1   10.739974    1.000000    0.000000
   71  1   11.077028    1.000000    0.000000
   72  1   11.097001    1.000000    0.000000
  2
    1    2
    1  2  -44.832328    2.000000    0.000000    0.000000   -0.000000
    3  2  -44.488269    2.000000    0.000000    0.000000    0.000002
    5  2  -43.916472    2.000000    0.000000    0.000000    0.000000
    7  2  -40.803223    2.000000    0.000000    0.000000    0.000000
    9  2  -40.419251    2.000000    0.000000    0.000000    0.000000
   11  2  -40.071609    2.000000    0.000000    0.000000    0.000000
   13  2  -22.796321    2.000000    0.000000    0.000000    0.000000
   15  2   -9.430641    2.000000    0.000000    0.000000    0.000000
   17  2   -7.630062    2.000000    0.000000    0.000000    0.000000
   19  2   -7.428313    2.000000    0.000000    0.000000    0.000000
   21  1   -3.454764    1.000000    0.000000    0.000000    1.000000
   22  1   -3.449006    1.000000    0.000000    0.000000   -1.000000
   23  1   -3.102022    1.000000    0.000000    0.000000    1.000000
   24  1   -3.098587    1.000000    0.000000    0.000000   -1.000000
   25  1    1.063519    1.000000    0.000000    0.000000    1.000000
   26  1    1.081224    1.000000    0.000000    0.000000   -1.000000
   27  2    1.302766    2.000000    0.000000    0.000000    0.000000
   29  1    2.428746    1.000000    0.000000    0.000000    1.000000
   30  1    2.436643    1.000000    0.000000    0.000000   -1.000000
   31  1    2.631781    1.000000    0.000000    0.000000    1.000000
   32  1    2.634388    1.000000    0.000000    0.000000   -1.000000
   33  1    3.021280    1.000000    0.000000    0.000000    1.000000
   34  1    3.025937    1.000000    0.000000    0.000000   -1.000000
   35  1    3.093325    1.000000    0.000000    0.000000    1.000000
   36  1    3.097759    1.000000    0.000000    0.000000   -1.000000
   37  1    3.140014    1.000000    0.000000    0.000000    1.000000
   38  1    3.150917    1.000000    0.000000    0.000000   -1.000000
   39  1    3.162541    1.000000    0.000000    0.000000    1.000000
   40  1    3.171820    1.000000    0.000000    0.000000   -1.000000
   41  1    3.744505    1.000000    0.000000    0.000000    1.000000
   42  1    3.746397    1.000000    0.000000    0.000000   -1.000000
   43  1    3.783396    1.000000    0.000000    0.000000    1.000000
   44  1    3.788068    1.000000    0.000000    0.000000   -1.000000
   45  1    4.481619    1.000000    0.000000    0.000000    1.000000
   46  1    4.498250    1.000000    0.000000    0.000000   -1.000000
   47  1    5.789063    1.000000    0.000000    0.000000    0.999998
   48  1    5.798849    1.000000    0.000000    0.000000   -0.999998
   49  1    6.227263    1.000000    0.000000    0.000000    1.000000
   50  1    6.232398    1.000000    0.000000    0.000000   -1.000000
   51  1    6.583662    1.000000    0.000000    0.000000    1.000000
   52  1    6.587433    1.000000    0.000000    0.000000   -1.000000
   53  1    6.800490    1.000000    0.000000    0.000000    1.000000
   54  1    6.805978    1.000000    0.000000    0.000000   -1.000000
   55  1    6.914130    1.000000    0.000000    0.000000    1.000000
   56  1    6.916510    1.000000    0.000000    0.000000   -1.000000
   57  1    8.448592    1.000000    0.000000    0.000000    0.999998
   58  1    8.453599    1.000000    0.000000    0.000000   -0.999998
   59  1    8.805956    1.000000    0.000000    0.000000    0.999999
   60  1    8.812191    1.000000    0.000000    0.000000   -1.000000
   61  2    9.310436    2.000000    0.000000    0.000000    0.000001
   63  1   10.220398    1.000000    0.000000    0.000000    0.999957
   64  1   10.232461    1.000000    0.000000    0.000000   -0.999856
   65  2   10.478234    2.000000    0.000000    0.000000   -0.001146
   67  1   10.675467    1.000000    0.000000    0.000000    0.999613
   68  1   10.685555    1.000000    0.000000    0.000000   -0.999254
   69  1   11.038853    1.000000    0.000000    0.000000   -0.622205
   70  1   11.047443    1.000000    0.000000    0.000000    0.626632
   71  1   11.075445    1.000000    0.000000    0.000000    0.367175
   72  1   11.078731    1.000000    0.000000    0.000000   -0.343104
