  106  160
  1
  2
  1  0  0  0  1  0  0  0  1    0.000000    0.000000    0.000000    1.000000    0.000000    0.000000    0.000000    0.000000    0.000000    1.000000    0.000000  1
  0  1  0  1  0  0  0  0  1    0.000000    0.000000    0.000000    0.000000    0.000000   -1.000000    0.000000    1.000000    0.000000    0.000000    0.000000 -1
  8
    0.000000    0.000000    0.000000
    0.000000    0.000000    0.500000
    0.000000    0.500000    0.500000
    0.500000    0.000000    0.500000
    0.500000    0.500000    0.500000
    0.000000    0.500000    0.000000
    0.500000    0.000000    0.000000
    0.500000    0.500000    0.000000
  1
    1
    1  2  -35.329221    2.000000    0.000000
    3  1  -35.284720    1.000000    0.000000
    4  1  -35.247725    1.000000    0.000000
    5  1  -35.022383    1.000000    0.000000
    6  2  -35.017887    2.000000    0.000000
    8  1  -34.897832    1.000000    0.000000
    9  1  -34.673498    1.000000    0.000000
   10  1  -34.663171    1.000000    0.000000
   11  1  -34.620977    1.000000    0.000000
   12  1  -34.576918    1.000000    0.000000
   13  1  -34.117203    1.000000    0.000000
   14  1  -34.014367    1.000000    0.000000
   15  1  -34.000250    1.000000    0.000000
   16  1  -33.974664    1.000000    0.000000
   17  1  -33.787183    1.000000    0.000000
   18  1  -33.765988    1.000000    0.000000
   19  1  -33.715417    1.000000    0.000000
   20  1  -33.668285    1.000000    0.000000
   21  1  -33.658291    1.000000    0.000000
   22  1  -33.586964    1.000000    0.000000
   23  1  -33.565274    1.000000    0.000000
   24  1  -33.488175    1.000000    0.000000
   25  2  -20.128818    2.000000    0.000000
   27  2  -20.106412    2.000000    0.000000
   29  2  -19.961160    2.000000    0.000000
   31  2  -19.934364    2.000000    0.000000
   33  2  -19.920699    2.000000    0.000000
   35  2  -19.913342    2.000000    0.000000
   37  1  -10.148097    1.000000    0.000000
   38  1  -10.144086    1.000000    0.000000
   39  1   -8.982856    1.000000    0.000000
   40  1   -8.955263    1.000000    0.000000
   41  1   -8.597917    1.000000    0.000000
   42  1   -8.574379    1.000000    0.000000
   43  1   -8.479839    1.000000    0.000000
   44  1   -8.455560    1.000000    0.000000
   45  1   -8.453269    1.000000    0.000000
   46  1   -8.432818    1.000000    0.000000
   47  1   -8.221318    1.000000    0.000000
   48  1   -8.198291    1.000000    0.000000
   49  1   -8.166817    1.000000    0.000000
   50  1   -8.141482    1.000000    0.000000
   51  1   -8.038302    1.000000    0.000000
   52  1   -8.018246    1.000000    0.000000
   53  1   -1.790284    1.000000    0.000000
   54  1   -1.721575    1.000000    0.000000
   55  1   -1.659915    1.000000    0.000000
   56  1   -1.580181    1.000000    0.000000
   57  1   -0.987935    1.000000    0.000000
   58  1   -0.857220    1.000000    0.000000
   59  1   -0.828631    1.000000    0.000000
   60  1   -0.818872    1.000000    0.000000
   61  1   -0.792819    1.000000    0.000000
   62  1   -0.774587    1.000000    0.000000
   63  1   -0.717194    1.000000    0.000000
   64  1   -0.679045    1.000000    0.000000
   65  1   -0.608468    1.000000    0.000000
   66  1   -0.583971    1.000000    0.000000
   67  1    0.285915    1.000000    0.000000
   68  1    0.342061    1.000000    0.000000
   69  1    0.392946    1.000000    0.000000
   70  1    0.409816    1.000000    0.000000
   71  1    0.412690    1.000000    0.000000
   72  1    0.426774    1.000000    0.000000
   73  1    0.533443    1.000000    0.000000
   74  1    0.628829    1.000000    0.000000
   75  1    0.685568    1.000000    0.000000
   76  1    0.701842    1.000000    0.000000
   77  1    0.778717    1.000000    0.000000
   78  1    0.830698    1.000000    0.000000
   79  1    0.836193    1.000000    0.000000
   80  1    0.880061    1.000000    0.000000
   81  1    0.960568    1.000000    0.000000
   82  1    1.099487    1.000000    0.000000
   83  1    1.113168    1.000000    0.000000
   84  1    1.204496    1.000000    0.000000
   85  1    1.231725    1.000000    0.000000
   86  1    1.333473    1.000000    0.000000
   87  1    1.384429    1.000000    0.000000
   88  1    1.416528    1.000000    0.000000
   89  1    1.608102    1.000000    0.000000
   90  1    1.612697    1.000000    0.000000
   91  1    1.647878    1.000000    0.000000
   92  1    1.682329    1.000000    0.000000
   93  1    2.185659    1.000000    0.000000
   94  1    2.196571    1.000000    0.000000
   95  1    2.355205    1.000000    0.000000
   96  1    2.358292    1.000000    0.000000
   97  1    3.120865    1.000000    0.000000
   98  1    3.573710    1.000000    0.000000
   99  1    3.631577    1.000000    0.000000
  100  1    3.660193    1.000000    0.000000
  101  1    3.712356    1.000000    0.000000
  102  1    3.731240    1.000000    0.000000
  103  1    3.776556    1.000000    0.000000
  104  1    3.784200    1.000000    0.000000
  105  1    3.850898    1.000000    0.000000
  106  1    4.032265    1.000000    0.000000
  107  1    4.099550    1.000000    0.000000
  108  1    4.142947    1.000000    0.000000
  109  1    4.425148    1.000000    0.000000
  110  1    4.438976    1.000000    0.000000
  111  1    4.691003    1.000000    0.000000
  112  1    4.733936    1.000000    0.000000
  113  1    4.753471    1.000000    0.000000
  114  1    4.846583    1.000000    0.000000
  115  1    4.876386    1.000000    0.000000
  116  1    5.134259    1.000000    0.000000
  117  1    5.259417    1.000000    0.000000
  118  1    5.270579    1.000000    0.000000
  119  1    5.370415    1.000000    0.000000
  120  1    5.412416    1.000000    0.000000
  121  1    5.608170    1.000000    0.000000
  122  1    5.615297    1.000000    0.000000
  123  1    5.879546    1.000000    0.000000
  124  1    5.894617    1.000000    0.000000
  125  1    5.906008    1.000000    0.000000
  126  1    6.120261    1.000000    0.000000
  127  1    6.246066    1.000000    0.000000
  128  1    6.443559    1.000000    0.000000
  129  1    6.685551    1.000000    0.000000
  130  1    6.753338    1.000000    0.000000
  131  1    6.950663    1.000000    0.000000
  132  1    6.970976    1.000000    0.000000
  133  1    6.979105    1.000000    0.000000
  134  1    7.024878    1.000000    0.000000
  135  1    7.090413    1.000000    0.000000
  136  1    7.193507    1.000000    0.000000
  137  1    7.292875    1.000000    0.000000
  138  1    7.345933    1.000000    0.000000
  139  1    7.354763    1.000000    0.000000
  140  1    7.390920    1.000000    0.000000
  141  1    7.969648    1.000000    0.000000
  142  1    8.071843    1.000000    0.000000
  143  1    9.306144    1.000000    0.000000
  144  1    9.393563    1.000000    0.000000
  145  1    9.529229    1.000000    0.000000
  146  1    9.537367    1.000000    0.000000
  147  1    9.563225    1.000000    0.000000
  148  1    9.571098    1.000000    0.000000
  149  1   10.002695    1.000000    0.000000
  150  1   10.097081    1.000000    0.000000
  151  1   10.343070    1.000000    0.000000
  152  1   10.446748    1.000000    0.000000
  153  1   10.598009    1.000000    0.000000
  154  1   10.659402    1.000000    0.000000
  155  1   11.133427    1.000000    0.000000
  156  1   11.318403    1.000000    0.000000
  157  1   11.327320    1.000000    0.000000
  158  1   11.392422    1.000000    0.000000
  159  1   11.802254    1.000000    0.000000
  160  1   11.953754    1.000000    0.000000
  1
    1
    1  1  -35.330062    1.000000    0.000000
    2  1  -35.323457    1.000000    0.000000
    3  1  -35.289405    1.000000    0.000000
    4  1  -35.247467    1.000000    0.000000
    5  1  -35.022023    1.000000    0.000000
    6  1  -35.018171    1.000000    0.000000
    7  1  -35.017156    1.000000    0.000000
    8  1  -34.898330    1.000000    0.000000
    9  1  -34.668253    1.000000    0.000000
   10  1  -34.662701    1.000000    0.000000
   11  1  -34.625577    1.000000    0.000000
   12  1  -34.576636    1.000000    0.000000
   13  1  -34.116848    1.000000    0.000000
   14  1  -34.014324    1.000000    0.000000
   15  1  -33.999633    1.000000    0.000000
   16  1  -33.976333    1.000000    0.000000
   17  1  -33.784667    1.000000    0.000000
   18  1  -33.766401    1.000000    0.000000
   19  1  -33.715027    1.000000    0.000000
   20  1  -33.668189    1.000000    0.000000
   21  1  -33.659547    1.000000    0.000000
   22  1  -33.586396    1.000000    0.000000
   23  1  -33.566936    1.000000    0.000000
   24  1  -33.488715    1.000000    0.000000
   25  2  -20.128830    2.000000    0.000000
   27  2  -20.106448    2.000000    0.000000
   29  2  -19.961189    2.000000    0.000000
   31  2  -19.934421    2.000000    0.000000
   33  2  -19.920710    2.000000    0.000000
   35  2  -19.913360    2.000000    0.000000
   37  2   -9.463021    2.000000    0.000000
   39  1   -9.374614    1.000000    0.000000
   40  1   -9.351912    1.000000    0.000000
   41  1   -8.755619    1.000000    0.000000
   42  1   -8.728179    1.000000    0.000000
   43  1   -8.557414    1.000000    0.000000
   44  1   -8.534114    1.000000    0.000000
   45  1   -8.488897    1.000000    0.000000
   46  1   -8.462183    1.000000    0.000000
   47  1   -8.410425    1.000000    0.000000
   48  1   -8.383968    1.000000    0.000000
   49  1   -8.173611    1.000000    0.000000
   50  1   -8.151418    1.000000    0.000000
   51  1   -8.103448    1.000000    0.000000
   52  1   -8.082900    1.000000    0.000000
   53  1   -1.883402    1.000000    0.000000
   54  1   -1.795204    1.000000    0.000000
   55  1   -1.746056    1.000000    0.000000
   56  1   -1.691098    1.000000    0.000000
   57  1   -0.981737    1.000000    0.000000
   58  1   -0.889126    1.000000    0.000000
   59  1   -0.869776    1.000000    0.000000
   60  1   -0.840567    1.000000    0.000000
   61  1   -0.729711    1.000000    0.000000
   62  1   -0.700415    1.000000    0.000000
   63  1   -0.662736    1.000000    0.000000
   64  1   -0.632521    1.000000    0.000000
   65  1   -0.253610    1.000000    0.000000
   66  1   -0.228078    1.000000    0.000000
   67  1   -0.190911    1.000000    0.000000
   68  1   -0.109803    1.000000    0.000000
   69  1    0.300018    1.000000    0.000000
   70  1    0.425969    1.000000    0.000000
   71  1    0.450241    1.000000    0.000000
   72  1    0.480928    1.000000    0.000000
   73  1    0.560323    1.000000    0.000000
   74  1    0.582688    1.000000    0.000000
   75  1    0.817460    1.000000    0.000000
   76  1    0.859259    1.000000    0.000000
   77  1    1.014081    1.000000    0.000000
   78  1    1.073825    1.000000    0.000000
   79  1    1.154638    1.000000    0.000000
   80  1    1.169221    1.000000    0.000000
   81  1    1.217784    1.000000    0.000000
   82  1    1.229506    1.000000    0.000000
   83  1    1.245148    1.000000    0.000000
   84  1    1.287023    1.000000    0.000000
   85  1    1.541607    1.000000    0.000000
   86  1    1.596628    1.000000    0.000000
   87  1    1.605553    1.000000    0.000000
   88  1    1.657737    1.000000    0.000000
   89  1    2.194009    1.000000    0.000000
   90  1    2.215333    1.000000    0.000000
   91  1    2.230738    1.000000    0.000000
   92  1    2.238910    1.000000    0.000000
   93  1    2.273880    1.000000    0.000000
   94  1    2.369042    1.000000    0.000000
   95  1    2.392908    1.000000    0.000000
   96  1    2.403179    1.000000    0.000000
   97  1    2.643653    1.000000    0.000000
   98  1    2.657520    1.000000    0.000000
   99  1    2.687223    1.000000    0.000000
  100  1    2.779515    1.000000    0.000000
  101  1    3.270507    1.000000    0.000000
  102  1    3.274933    1.000000    0.000000
  103  1    3.285062    1.000000    0.000000
  104  1    3.516818    1.000000    0.000000
  105  1    3.629585    1.000000    0.000000
  106  1    3.758622    1.000000    0.000000
  107  1    3.881447    1.000000    0.000000
  108  1    4.292017    1.000000    0.000000
  109  1    4.452033    1.000000    0.000000
  110  1    4.504142    1.000000    0.000000
  111  1    4.632157    1.000000    0.000000
  112  1    4.825098    1.000000    0.000000
  113  1    4.942115    1.000000    0.000000
  114  1    4.989641    1.000000    0.000000
  115  1    5.054135    1.000000    0.000000
  116  1    5.149512    1.000000    0.000000
  117  1    5.238958    1.000000    0.000000
  118  1    5.436070    1.000000    0.000000
  119  1    5.586664    1.000000    0.000000
  120  1    5.616930    1.000000    0.000000
  121  1    5.626508    1.000000    0.000000
  122  1    5.792529    1.000000    0.000000
  123  1    5.828715    1.000000    0.000000
  124  1    5.896965    1.000000    0.000000
  125  1    6.006822    1.000000    0.000000
  126  1    6.153398    1.000000    0.000000
  127  1    6.284026    1.000000    0.000000
  128  1    6.506588    1.000000    0.000000
  129  1    6.514618    1.000000    0.000000
  130  1    6.760609    1.000000    0.000000
  131  1    6.796665    1.000000    0.000000
  132  1    6.840595    1.000000    0.000000
  133  1    6.888354    1.000000    0.000000
  134  1    6.960195    1.000000    0.000000
  135  1    7.168075    1.000000    0.000000
  136  1    7.173943    1.000000    0.000000
  137  1    7.271560    1.000000    0.000000
  138  1    7.335438    1.000000    0.000000
  139  1    7.344725    1.000000    0.000000
  140  1    7.386124    1.000000    0.000000
  141  1    8.943652    1.000000    0.000000
  142  1    8.986481    1.000000    0.000000
  143  1    9.152821    1.000000    0.000000
  144  1    9.187169    1.000000    0.000000
  145  1    9.223901    1.000000    0.000000
  146  1    9.339576    1.000000    0.000000
  147  1    9.570691    1.000000    0.000000
  148  1    9.613831    1.000000    0.000000
  149  1    9.642565    1.000000    0.000000
  150  1    9.808670    1.000000    0.000000
  151  1    9.853211    1.000000    0.000000
  152  1    9.910531    1.000000    0.000000
  153  1   10.727096    1.000000    0.000000
  154  1   10.811969    1.000000    0.000000
  155  1   10.862761    1.000000    0.000000
  156  1   10.864682    1.000000    0.000000
  157  1   11.059240    1.000000    0.000000
  158  1   11.199002    1.000000    0.000000
  159  1   11.385067    1.000000    0.000000
  160  1   11.500023    1.000000    0.000000
  1
    1
    1  1  -35.333886    1.000000    0.000000
    2  1  -35.306209    1.000000    0.000000
    3  1  -35.301686    1.000000    0.000000
    4  1  -35.247079    1.000000    0.000000
    5  1  -35.022170    1.000000    0.000000
    6  1  -35.018189    1.000000    0.000000
    7  1  -35.017031    1.000000    0.000000
    8  1  -34.898181    1.000000    0.000000
    9  1  -34.675002    1.000000    0.000000
   10  1  -34.646199    1.000000    0.000000
   11  1  -34.635946    1.000000    0.000000
   12  1  -34.576271    1.000000    0.000000
   13  1  -34.117239    1.000000    0.000000
   14  1  -34.004032    1.000000    0.000000
   15  1  -34.000236    1.000000    0.000000
   16  1  -33.986429    1.000000    0.000000
   17  1  -33.783004    1.000000    0.000000
   18  1  -33.767700    1.000000    0.000000
   19  1  -33.715248    1.000000    0.000000
   20  1  -33.666633    1.000000    0.000000
   21  1  -33.660705    1.000000    0.000000
   22  1  -33.583683    1.000000    0.000000
   23  1  -33.571327    1.000000    0.000000
   24  1  -33.488825    1.000000    0.000000
   25  2  -20.118236    2.000000    0.000000
   27  2  -20.114074    2.000000    0.000000
   29  2  -19.951328    2.000000    0.000000
   31  2  -19.946412    2.000000    0.000000
   33  2  -19.918354    2.000000    0.000000
   35  2  -19.916865    2.000000    0.000000
   37  1   -9.087347    1.000000    0.000000
   38  1   -9.079206    1.000000    0.000000
   39  1   -9.043830    1.000000    0.000000
   40  1   -9.010511    1.000000    0.000000
   41  1   -8.985416    1.000000    0.000000
   42  1   -8.973209    1.000000    0.000000
   43  1   -8.876989    1.000000    0.000000
   44  1   -8.868595    1.000000    0.000000
   45  1   -8.604803    1.000000    0.000000
   46  1   -8.573285    1.000000    0.000000
   47  1   -8.456855    1.000000    0.000000
   48  1   -8.430364    1.000000    0.000000
   49  1   -8.382944    1.000000    0.000000
   50  1   -8.361073    1.000000    0.000000
   51  1   -8.108125    1.000000    0.000000
   52  1   -8.087649    1.000000    0.000000
   53  1   -0.843048    1.000000    0.000000
   54  1   -0.817563    1.000000    0.000000
   55  1   -0.793672    1.000000    0.000000
   56  1   -0.758150    1.000000    0.000000
   57  1   -0.732270    1.000000    0.000000
   58  1   -0.720433    1.000000    0.000000
   59  1   -0.676886    1.000000    0.000000
   60  1   -0.637476    1.000000    0.000000
   61  1   -0.616871    1.000000    0.000000
   62  1   -0.550583    1.000000    0.000000
   63  1   -0.375274    1.000000    0.000000
   64  1   -0.345870    1.000000    0.000000
   65  1   -0.322159    1.000000    0.000000
   66  1   -0.278823    1.000000    0.000000
   67  1   -0.172886    1.000000    0.000000
   68  1   -0.169803    1.000000    0.000000
   69  1   -0.090091    1.000000    0.000000
   70  1   -0.053864    1.000000    0.000000
   71  1    0.007194    1.000000    0.000000
   72  1    0.114263    1.000000    0.000000
   73  1    0.192590    1.000000    0.000000
   74  1    0.251780    1.000000    0.000000
   75  1    0.264657    1.000000    0.000000
   76  1    0.395870    1.000000    0.000000
   77  1    0.843762    1.000000    0.000000
   78  1    0.919242    1.000000    0.000000
   79  1    1.005696    1.000000    0.000000
   80  1    1.030626    1.000000    0.000000
   81  1    1.175246    1.000000    0.000000
   82  1    1.191908    1.000000    0.000000
   83  1    1.201210    1.000000    0.000000
   84  1    1.332806    1.000000    0.000000
   85  1    1.392002    1.000000    0.000000
   86  1    1.438602    1.000000    0.000000
   87  1    1.479373    1.000000    0.000000
   88  1    1.589257    1.000000    0.000000
   89  1    1.741621    1.000000    0.000000
   90  1    1.792016    1.000000    0.000000
   91  1    1.868013    1.000000    0.000000
   92  1    1.931840    1.000000    0.000000
   93  1    1.973362    1.000000    0.000000
   94  1    2.071926    1.000000    0.000000
   95  1    2.079909    1.000000    0.000000
   96  1    2.156689    1.000000    0.000000
   97  1    2.184271    1.000000    0.000000
   98  1    2.193886    1.000000    0.000000
   99  1    2.559924    1.000000    0.000000
  100  1    2.580537    1.000000    0.000000
  101  1    3.494983    1.000000    0.000000
  102  1    3.663076    1.000000    0.000000
  103  1    3.747845    1.000000    0.000000
  104  1    3.818896    1.000000    0.000000
  105  1    3.929107    1.000000    0.000000
  106  1    3.980671    1.000000    0.000000
  107  1    4.215598    1.000000    0.000000
  108  1    4.446155    1.000000    0.000000
  109  1    4.611025    1.000000    0.000000
  110  1    4.617057    1.000000    0.000000
  111  1    4.692966    1.000000    0.000000
  112  1    4.780624    1.000000    0.000000
  113  1    4.854549    1.000000    0.000000
  114  1    4.910479    1.000000    0.000000
  115  1    5.071168    1.000000    0.000000
  116  1    5.240787    1.000000    0.000000
  117  1    5.271469    1.000000    0.000000
  118  1    5.454843    1.000000    0.000000
  119  1    5.564485    1.000000    0.000000
  120  1    5.577560    1.000000    0.000000
  121  1    5.701542    1.000000    0.000000
  122  1    5.776494    1.000000    0.000000
  123  1    5.866642    1.000000    0.000000
  124  1    5.876108    1.000000    0.000000
  125  1    6.005857    1.000000    0.000000
  126  1    6.061689    1.000000    0.000000
  127  1    6.084695    1.000000    0.000000
  128  1    6.151997    1.000000    0.000000
  129  1    6.159219    1.000000    0.000000
  130  1    6.304969    1.000000    0.000000
  131  1    6.346603    1.000000    0.000000
  132  1    6.575548    1.000000    0.000000
  133  1    6.600098    1.000000    0.000000
  134  1    6.728247    1.000000    0.000000
  135  1    6.782808    1.000000    0.000000
  136  1    6.926785    1.000000    0.000000
  137  1    7.031198    1.000000    0.000000
  138  1    7.157223    1.000000    0.000000
  139  1    7.187561    1.000000    0.000000
  140  1    7.459512    1.000000    0.000000
  141  1    9.028295    1.000000    0.000000
  142  1    9.105948    1.000000    0.000000
  143  1    9.223627    1.000000    0.000000
  144  1    9.318104    1.000000    0.000000
  145  1    9.916522    1.000000    0.000000
  146  1    9.950616    1.000000    0.000000
  147  1    9.955179    1.000000    0.000000
  148  1    9.992529    1.000000    0.000000
  149  1   10.878438    1.000000    0.000000
  150  1   11.041553    1.000000    0.000000
  151  1   11.072521    1.000000    0.000000
  152  1   11.096883    1.000000    0.000000
  153  1   11.340507    1.000000    0.000000
  154  1   11.392400    1.000000    0.000000
  155  1   11.678847    1.000000    0.000000
  156  1   11.774050    1.000000    0.000000
  157  1   11.829080    1.000000    0.000000
  158  1   11.939551    1.000000    0.000000
  159  1   11.964128    1.000000    0.000000
  160  1   12.033781    1.000000    0.000000
  1
    1
    1  1  -35.333886    1.000000    0.000000
    2  1  -35.306209    1.000000    0.000000
    3  1  -35.301686    1.000000    0.000000
    4  1  -35.247079    1.000000    0.000000
    5  1  -35.022170    1.000000    0.000000
    6  1  -35.018189    1.000000    0.000000
    7  1  -35.017031    1.000000    0.000000
    8  1  -34.898181    1.000000    0.000000
    9  1  -34.675002    1.000000    0.000000
   10  1  -34.646199    1.000000    0.000000
   11  1  -34.635946    1.000000    0.000000
   12  1  -34.576271    1.000000    0.000000
   13  1  -34.117239    1.000000    0.000000
   14  1  -34.004032    1.000000    0.000000
   15  1  -34.000236    1.000000    0.000000
   16  1  -33.986429    1.000000    0.000000
   17  1  -33.783004    1.000000    0.000000
   18  1  -33.767700    1.000000    0.000000
   19  1  -33.715248    1.000000    0.000000
   20  1  -33.666633    1.000000    0.000000
   21  1  -33.660705    1.000000    0.000000
   22  1  -33.583683    1.000000    0.000000
   23  1  -33.571327    1.000000    0.000000
   24  1  -33.488825    1.000000    0.000000
   25  2  -20.118236    2.000000    0.000000
   27  2  -20.114074    2.000000    0.000000
   29  2  -19.951328    2.000000    0.000000
   31  2  -19.946412    2.000000    0.000000
   33  2  -19.918354    2.000000    0.000000
   35  2  -19.916865    2.000000    0.000000
   37  1   -9.087347    1.000000    0.000000
   38  1   -9.079206    1.000000    0.000000
   39  1   -9.043831    1.000000    0.000000
   40  1   -9.010512    1.000000    0.000000
   41  1   -8.985416    1.000000    0.000000
   42  1   -8.973208    1.000000    0.000000
   43  1   -8.876990    1.000000    0.000000
   44  1   -8.868595    1.000000    0.000000
   45  1   -8.604804    1.000000    0.000000
   46  1   -8.573285    1.000000    0.000000
   47  1   -8.456854    1.000000    0.000000
   48  1   -8.430364    1.000000    0.000000
   49  1   -8.382944    1.000000    0.000000
   50  1   -8.361073    1.000000    0.000000
   51  1   -8.108125    1.000000    0.000000
   52  1   -8.087649    1.000000    0.000000
   53  1   -0.843055    1.000000    0.000000
   54  1   -0.817549    1.000000    0.000000
   55  1   -0.793670    1.000000    0.000000
   56  1   -0.758164    1.000000    0.000000
   57  1   -0.732260    1.000000    0.000000
   58  1   -0.720441    1.000000    0.000000
   59  1   -0.676880    1.000000    0.000000
   60  1   -0.637489    1.000000    0.000000
   61  1   -0.616859    1.000000    0.000000
   62  1   -0.550581    1.000000    0.000000
   63  1   -0.375277    1.000000    0.000000
   64  1   -0.345870    1.000000    0.000000
   65  1   -0.322156    1.000000    0.000000
   66  1   -0.278827    1.000000    0.000000
   67  1   -0.172904    1.000000    0.000000
   68  1   -0.169785    1.000000    0.000000
   69  1   -0.090090    1.000000    0.000000
   70  1   -0.053864    1.000000    0.000000
   71  1    0.007194    1.000000    0.000000
   72  1    0.114265    1.000000    0.000000
   73  1    0.192587    1.000000    0.000000
   74  1    0.251793    1.000000    0.000000
   75  1    0.264645    1.000000    0.000000
   76  1    0.395870    1.000000    0.000000
   77  1    0.843762    1.000000    0.000000
   78  1    0.919242    1.000000    0.000000
   79  1    1.005693    1.000000    0.000000
   80  1    1.030630    1.000000    0.000000
   81  1    1.175243    1.000000    0.000000
   82  1    1.191908    1.000000    0.000000
   83  1    1.201210    1.000000    0.000000
   84  1    1.332806    1.000000    0.000000
   85  1    1.392003    1.000000    0.000000
   86  1    1.438601    1.000000    0.000000
   87  1    1.479373    1.000000    0.000000
   88  1    1.589257    1.000000    0.000000
   89  1    1.741623    1.000000    0.000000
   90  1    1.792015    1.000000    0.000000
   91  1    1.868015    1.000000    0.000000
   92  1    1.931833    1.000000    0.000000
   93  1    1.973366    1.000000    0.000000
   94  1    2.071955    1.000000    0.000000
   95  1    2.079884    1.000000    0.000000
   96  1    2.156681    1.000000    0.000000
   97  1    2.184263    1.000000    0.000000
   98  1    2.193899    1.000000    0.000000
   99  1    2.559926    1.000000    0.000000
  100  1    2.580535    1.000000    0.000000
  101  1    3.494984    1.000000    0.000000
  102  1    3.663076    1.000000    0.000000
  103  1    3.747845    1.000000    0.000000
  104  1    3.818895    1.000000    0.000000
  105  1    3.929106    1.000000    0.000000
  106  1    3.980670    1.000000    0.000000
  107  1    4.215600    1.000000    0.000000
  108  1    4.446156    1.000000    0.000000
  109  1    4.611024    1.000000    0.000000
  110  1    4.617061    1.000000    0.000000
  111  1    4.692966    1.000000    0.000000
  112  1    4.780614    1.000000    0.000000
  113  1    4.854552    1.000000    0.000000
  114  1    4.910479    1.000000    0.000000
  115  1    5.071170    1.000000    0.000000
  116  1    5.240783    1.000000    0.000000
  117  1    5.271475    1.000000    0.000000
  118  1    5.454853    1.000000    0.000000
  119  1    5.564482    1.000000    0.000000
  120  1    5.577548    1.000000    0.000000
  121  1    5.701543    1.000000    0.000000
  122  1    5.776493    1.000000    0.000000
  123  1    5.866646    1.000000    0.000000
  124  1    5.876109    1.000000    0.000000
  125  1    6.005858    1.000000    0.000000
  126  1    6.061686    1.000000    0.000000
  127  1    6.084690    1.000000    0.000000
  128  1    6.152005    1.000000    0.000000
  129  1    6.159212    1.000000    0.000000
  130  1    6.304974    1.000000    0.000000
  131  1    6.346597    1.000000    0.000000
  132  1    6.575549    1.000000    0.000000
  133  1    6.600101    1.000000    0.000000
  134  1    6.728252    1.000000    0.000000
  135  1    6.782804    1.000000    0.000000
  136  1    6.926786    1.000000    0.000000
  137  1    7.031195    1.000000    0.000000
  138  1    7.157223    1.000000    0.000000
  139  1    7.187573    1.000000    0.000000
  140  1    7.459503    1.000000    0.000000
  141  1    9.028294    1.000000    0.000000
  142  1    9.105946    1.000000    0.000000
  143  1    9.223628    1.000000    0.000000
  144  1    9.318105    1.000000    0.000000
  145  1    9.916524    1.000000    0.000000
  146  1    9.950626    1.000000    0.000000
  147  1    9.955169    1.000000    0.000000
  148  1    9.992528    1.000000    0.000000
  149  1   10.878413    1.000000    0.000000
  150  1   11.041543    1.000000    0.000000
  151  1   11.072540    1.000000    0.000000
  152  1   11.096896    1.000000    0.000000
  153  1   11.339967    1.000000    0.000000
  154  1   11.393420    1.000000    0.000000
  155  1   11.661977    1.000000    0.000000
  156  1   11.762838    1.000000    0.000000
  157  1   11.815454    1.000000    0.000000
  158  1   11.963724    1.000000    0.000000
  159  1   11.968897    1.000000    0.000000
  160  1   12.036047    1.000000    0.000000
  1
    1
    1  1  -35.330067    1.000000    0.000000
    2  1  -35.323464    1.000000    0.000000
    3  1  -35.289406    1.000000    0.000000
    4  1  -35.247471    1.000000    0.000000
    5  1  -35.022032    1.000000    0.000000
    6  1  -35.018181    1.000000    0.000000
    7  1  -35.017161    1.000000    0.000000
    8  1  -34.898337    1.000000    0.000000
    9  1  -34.668258    1.000000    0.000000
   10  1  -34.662705    1.000000    0.000000
   11  1  -34.625579    1.000000    0.000000
   12  1  -34.576639    1.000000    0.000000
   13  1  -34.116853    1.000000    0.000000
   14  1  -34.014328    1.000000    0.000000
   15  1  -33.999637    1.000000    0.000000
   16  1  -33.976337    1.000000    0.000000
   17  1  -33.784670    1.000000    0.000000
   18  1  -33.766409    1.000000    0.000000
   19  1  -33.715034    1.000000    0.000000
   20  1  -33.668196    1.000000    0.000000
   21  1  -33.659554    1.000000    0.000000
   22  1  -33.586400    1.000000    0.000000
   23  1  -33.566939    1.000000    0.000000
   24  1  -33.488718    1.000000    0.000000
   25  2  -20.128824    2.000000    0.000000
   27  2  -20.106465    2.000000    0.000000
   29  2  -19.961185    2.000000    0.000000
   31  2  -19.934416    2.000000    0.000000
   33  2  -19.920761    2.000000    0.000000
   35  2  -19.913346    2.000000    0.000000
   37  2   -9.425511    2.000000    0.000000
   39  1   -9.359260    1.000000    0.000000
   40  1   -9.337143    1.000000    0.000000
   41  1   -8.783218    1.000000    0.000000
   42  1   -8.756871    1.000000    0.000000
   43  1   -8.589557    1.000000    0.000000
   44  1   -8.565939    1.000000    0.000000
   45  1   -8.488897    1.000000    0.000000
   46  1   -8.461875    1.000000    0.000000
   47  1   -8.397772    1.000000    0.000000
   48  1   -8.370452    1.000000    0.000000
   49  1   -8.188002    1.000000    0.000000
   50  1   -8.166774    1.000000    0.000000
   51  1   -8.120214    1.000000    0.000000
   52  1   -8.100059    1.000000    0.000000
   53  1   -1.932420    1.000000    0.000000
   54  1   -1.846798    1.000000    0.000000
   55  1   -1.763892    1.000000    0.000000
   56  1   -1.710798    1.000000    0.000000
   57  1   -0.797070    1.000000    0.000000
   58  1   -0.775871    1.000000    0.000000
   59  1   -0.730016    1.000000    0.000000
   60  1   -0.679588    1.000000    0.000000
   61  1   -0.667212    1.000000    0.000000
   62  1   -0.574998    1.000000    0.000000
   63  1   -0.497872    1.000000    0.000000
   64  1   -0.415447    1.000000    0.000000
   65  1   -0.396447    1.000000    0.000000
   66  1   -0.375402    1.000000    0.000000
   67  1   -0.276086    1.000000    0.000000
   68  1   -0.222528    1.000000    0.000000
   69  1    0.437947    1.000000    0.000000
   70  1    0.470557    1.000000    0.000000
   71  1    0.550066    1.000000    0.000000
   72  1    0.596550    1.000000    0.000000
   73  1    0.616129    1.000000    0.000000
   74  1    0.732940    1.000000    0.000000
   75  1    0.850205    1.000000    0.000000
   76  1    0.880769    1.000000    0.000000
   77  1    1.008991    1.000000    0.000000
   78  1    1.011818    1.000000    0.000000
   79  1    1.058797    1.000000    0.000000
   80  1    1.060124    1.000000    0.000000
   81  1    1.099792    1.000000    0.000000
   82  1    1.183795    1.000000    0.000000
   83  1    1.218992    1.000000    0.000000
   84  1    1.277344    1.000000    0.000000
   85  1    1.394784    1.000000    0.000000
   86  1    1.429584    1.000000    0.000000
   87  1    1.459149    1.000000    0.000000
   88  1    1.518469    1.000000    0.000000
   89  1    2.041994    1.000000    0.000000
   90  1    2.047941    1.000000    0.000000
   91  1    2.193259    1.000000    0.000000
   92  1    2.210808    1.000000    0.000000
   93  1    2.257904    1.000000    0.000000
   94  1    2.333789    1.000000    0.000000
   95  1    2.344099    1.000000    0.000000
   96  1    2.369425    1.000000    0.000000
   97  1    2.376234    1.000000    0.000000
   98  1    2.397907    1.000000    0.000000
   99  1    2.685733    1.000000    0.000000
  100  1    2.791192    1.000000    0.000000
  101  1    3.356214    1.000000    0.000000
  102  1    3.359525    1.000000    0.000000
  103  1    3.372620    1.000000    0.000000
  104  1    3.611707    1.000000    0.000000
  105  1    3.713431    1.000000    0.000000
  106  1    3.811974    1.000000    0.000000
  107  1    3.948693    1.000000    0.000000
  108  1    4.375116    1.000000    0.000000
  109  1    4.486387    1.000000    0.000000
  110  1    4.513898    1.000000    0.000000
  111  1    4.631825    1.000000    0.000000
  112  1    4.829730    1.000000    0.000000
  113  1    4.941125    1.000000    0.000000
  114  1    4.997793    1.000000    0.000000
  115  1    5.051380    1.000000    0.000000
  116  1    5.141618    1.000000    0.000000
  117  1    5.235107    1.000000    0.000000
  118  1    5.442082    1.000000    0.000000
  119  1    5.591072    1.000000    0.000000
  120  1    5.608855    1.000000    0.000000
  121  1    5.619960    1.000000    0.000000
  122  1    5.801987    1.000000    0.000000
  123  1    5.866739    1.000000    0.000000
  124  1    5.944623    1.000000    0.000000
  125  1    6.001247    1.000000    0.000000
  126  1    6.176612    1.000000    0.000000
  127  1    6.464077    1.000000    0.000000
  128  1    6.496612    1.000000    0.000000
  129  1    6.574392    1.000000    0.000000
  130  1    6.769551    1.000000    0.000000
  131  1    6.772472    1.000000    0.000000
  132  1    6.805611    1.000000    0.000000
  133  1    6.867727    1.000000    0.000000
  134  1    6.928918    1.000000    0.000000
  135  1    7.142260    1.000000    0.000000
  136  1    7.234550    1.000000    0.000000
  137  1    7.259494    1.000000    0.000000
  138  1    7.296177    1.000000    0.000000
  139  1    7.342309    1.000000    0.000000
  140  1    7.358379    1.000000    0.000000
  141  1    8.711767    1.000000    0.000000
  142  1    8.760154    1.000000    0.000000
  143  1    8.947021    1.000000    0.000000
  144  1    9.032571    1.000000    0.000000
  145  1    9.075199    1.000000    0.000000
  146  1    9.207077    1.000000    0.000000
  147  1    9.643200    1.000000    0.000000
  148  1    9.709777    1.000000    0.000000
  149  1    9.712511    1.000000    0.000000
  150  2    9.745136    2.000000    0.000000
  152  1    9.803200    1.000000    0.000000
  153  1   11.142079    1.000000    0.000000
  154  1   11.249224    1.000000    0.000000
  155  1   11.288446    1.000000    0.000000
  156  1   11.322791    1.000000    0.000000
  157  1   11.408182    1.000000    0.000000
  158  1   11.448718    1.000000    0.000000
  159  1   11.538738    1.000000    0.000000
  160  1   11.622210    1.000000    0.000000
  1
    1
    1  1  -35.339374    1.000000    0.000000
    2  1  -35.302824    1.000000    0.000000
    3  1  -35.299108    1.000000    0.000000
    4  1  -35.247371    1.000000    0.000000
    5  1  -35.022480    1.000000    0.000000
    6  2  -35.017845    2.000000    0.000000
    8  1  -34.897657    1.000000    0.000000
    9  1  -34.682249    1.000000    0.000000
   10  1  -34.638966    1.000000    0.000000
   11  1  -34.636994    1.000000    0.000000
   12  1  -34.576586    1.000000    0.000000
   13  1  -34.117847    1.000000    0.000000
   14  1  -34.003918    1.000000    0.000000
   15  1  -34.000879    1.000000    0.000000
   16  1  -33.984289    1.000000    0.000000
   17  1  -33.786454    1.000000    0.000000
   18  1  -33.767049    1.000000    0.000000
   19  1  -33.715867    1.000000    0.000000
   20  1  -33.665377    1.000000    0.000000
   21  1  -33.659877    1.000000    0.000000
   22  1  -33.583141    1.000000    0.000000
   23  1  -33.571111    1.000000    0.000000
   24  1  -33.488291    1.000000    0.000000
   25  2  -20.118215    2.000000    0.000000
   27  2  -20.114052    2.000000    0.000000
   29  2  -19.951293    2.000000    0.000000
   31  2  -19.946377    2.000000    0.000000
   33  2  -19.918335    2.000000    0.000000
   35  2  -19.916846    2.000000    0.000000
   37  1   -9.638644    1.000000    0.000000
   38  1   -9.620601    1.000000    0.000000
   39  1   -9.543246    1.000000    0.000000
   40  1   -9.541899    1.000000    0.000000
   41  1   -8.849326    1.000000    0.000000
   42  1   -8.820330    1.000000    0.000000
   43  1   -8.637079    1.000000    0.000000
   44  1   -8.608505    1.000000    0.000000
   45  1   -8.326824    1.000000    0.000000
   46  1   -8.299382    1.000000    0.000000
   47  1   -8.132010    1.000000    0.000000
   48  1   -8.120360    1.000000    0.000000
   49  1   -8.107253    1.000000    0.000000
   50  1   -8.096671    1.000000    0.000000
   51  1   -7.956021    1.000000    0.000000
   52  1   -7.936725    1.000000    0.000000
   53  1   -1.227608    1.000000    0.000000
   54  1   -1.204017    1.000000    0.000000
   55  1   -1.123335    1.000000    0.000000
   56  1   -1.018553    1.000000    0.000000
   57  1   -0.953398    1.000000    0.000000
   58  1   -0.911872    1.000000    0.000000
   59  1   -0.812883    1.000000    0.000000
   60  1   -0.698090    1.000000    0.000000
   61  1   -0.680510    1.000000    0.000000
   62  1   -0.621465    1.000000    0.000000
   63  1   -0.556480    1.000000    0.000000
   64  1   -0.536926    1.000000    0.000000
   65  1   -0.274408    1.000000    0.000000
   66  1   -0.200168    1.000000    0.000000
   67  1   -0.134124    1.000000    0.000000
   68  1   -0.060406    1.000000    0.000000
   69  1   -0.000667    1.000000    0.000000
   70  1    0.001325    1.000000    0.000000
   71  1    0.066022    1.000000    0.000000
   72  1    0.094913    1.000000    0.000000
   73  1    0.517639    1.000000    0.000000
   74  1    0.601147    1.000000    0.000000
   75  1    0.701689    1.000000    0.000000
   76  1    0.711657    1.000000    0.000000
   77  1    0.817843    1.000000    0.000000
   78  1    0.834016    1.000000    0.000000
   79  1    0.840397    1.000000    0.000000
   80  1    0.894285    1.000000    0.000000
   81  1    0.907828    1.000000    0.000000
   82  1    0.996024    1.000000    0.000000
   83  1    1.057715    1.000000    0.000000
   84  1    1.106280    1.000000    0.000000
   85  1    1.270004    1.000000    0.000000
   86  1    1.283797    1.000000    0.000000
   87  1    1.346360    1.000000    0.000000
   88  1    1.401102    1.000000    0.000000
   89  1    1.527633    1.000000    0.000000
   90  1    1.659265    1.000000    0.000000
   91  1    1.666818    1.000000    0.000000
   92  1    1.707388    1.000000    0.000000
   93  1    1.847146    1.000000    0.000000
   94  1    2.079152    1.000000    0.000000
   95  1    2.375099    1.000000    0.000000
   96  1    2.385428    1.000000    0.000000
   97  1    2.413001    1.000000    0.000000
   98  1    2.461192    1.000000    0.000000
   99  1    2.787072    1.000000    0.000000
  100  1    2.818229    1.000000    0.000000
  101  1    3.691954    1.000000    0.000000
  102  1    3.732787    1.000000    0.000000
  103  1    3.866818    1.000000    0.000000
  104  1    3.976678    1.000000    0.000000
  105  1    4.034536    1.000000    0.000000
  106  1    4.384279    1.000000    0.000000
  107  1    4.398352    1.000000    0.000000
  108  1    4.424041    1.000000    0.000000
  109  1    4.572840    1.000000    0.000000
  110  1    4.707180    1.000000    0.000000
  111  1    4.767157    1.000000    0.000000
  112  1    4.919844    1.000000    0.000000
  113  1    4.941559    1.000000    0.000000
  114  1    5.023800    1.000000    0.000000
  115  1    5.072069    1.000000    0.000000
  116  1    5.229152    1.000000    0.000000
  117  1    5.292788    1.000000    0.000000
  118  1    5.360295    1.000000    0.000000
  119  1    5.413009    1.000000    0.000000
  120  1    5.546233    1.000000    0.000000
  121  1    5.574462    1.000000    0.000000
  122  1    5.658153    1.000000    0.000000
  123  1    5.807493    1.000000    0.000000
  124  1    5.859460    1.000000    0.000000
  125  1    5.979039    1.000000    0.000000
  126  1    6.005580    1.000000    0.000000
  127  1    6.099638    1.000000    0.000000
  128  1    6.223314    1.000000    0.000000
  129  1    6.283247    1.000000    0.000000
  130  1    6.383847    1.000000    0.000000
  131  1    6.501467    1.000000    0.000000
  132  1    6.568295    1.000000    0.000000
  133  1    6.629431    1.000000    0.000000
  134  1    6.634343    1.000000    0.000000
  135  1    6.667649    1.000000    0.000000
  136  1    6.808985    1.000000    0.000000
  137  1    6.967047    1.000000    0.000000
  138  1    7.029098    1.000000    0.000000
  139  1    7.046491    1.000000    0.000000
  140  1    7.156924    1.000000    0.000000
  141  1    9.025777    1.000000    0.000000
  142  1    9.069468    1.000000    0.000000
  143  1    9.156939    1.000000    0.000000
  144  1    9.268752    1.000000    0.000000
  145  1    9.951803    1.000000    0.000000
  146  1   10.023070    1.000000    0.000000
  147  1   10.029632    1.000000    0.000000
  148  1   10.076794    1.000000    0.000000
  149  1   10.619307    1.000000    0.000000
  150  1   10.650247    1.000000    0.000000
  151  1   10.721885    1.000000    0.000000
  152  1   10.817465    1.000000    0.000000
  153  1   11.514656    1.000000    0.000000
  154  1   11.601946    1.000000    0.000000
  155  1   11.625001    1.000000    0.000000
  156  1   11.693382    1.000000    0.000000
  157  1   12.266158    1.000000    0.000000
  158  1   12.329868    1.000000    0.000000
  159  1   12.458255    1.000000    0.000000
  160  1   12.534349    1.000000    0.000000
  1
    1
    1  1  -35.339374    1.000000    0.000000
    2  1  -35.302824    1.000000    0.000000
    3  1  -35.299108    1.000000    0.000000
    4  1  -35.247371    1.000000    0.000000
    5  1  -35.022480    1.000000    0.000000
    6  2  -35.017845    2.000000    0.000000
    8  1  -34.897657    1.000000    0.000000
    9  1  -34.682249    1.000000    0.000000
   10  1  -34.638966    1.000000    0.000000
   11  1  -34.636994    1.000000    0.000000
   12  1  -34.576586    1.000000    0.000000
   13  1  -34.117847    1.000000    0.000000
   14  1  -34.003918    1.000000    0.000000
   15  1  -34.000879    1.000000    0.000000
   16  1  -33.984289    1.000000    0.000000
   17  1  -33.786454    1.000000    0.000000
   18  1  -33.767049    1.000000    0.000000
   19  1  -33.715867    1.000000    0.000000
   20  1  -33.665377    1.000000    0.000000
   21  1  -33.659877    1.000000    0.000000
   22  1  -33.583141    1.000000    0.000000
   23  1  -33.571111    1.000000    0.000000
   24  1  -33.488291    1.000000    0.000000
   25  2  -20.118215    2.000000    0.000000
   27  2  -20.114052    2.000000    0.000000
   29  2  -19.951293    2.000000    0.000000
   31  2  -19.946377    2.000000    0.000000
   33  2  -19.918335    2.000000    0.000000
   35  2  -19.916846    2.000000    0.000000
   37  1   -9.638644    1.000000    0.000000
   38  1   -9.620601    1.000000    0.000000
   39  1   -9.543248    1.000000    0.000000
   40  1   -9.541897    1.000000    0.000000
   41  1   -8.849326    1.000000    0.000000
   42  1   -8.820330    1.000000    0.000000
   43  1   -8.637078    1.000000    0.000000
   44  1   -8.608505    1.000000    0.000000
   45  1   -8.326824    1.000000    0.000000
   46  1   -8.299382    1.000000    0.000000
   47  1   -8.132010    1.000000    0.000000
   48  1   -8.120360    1.000000    0.000000
   49  1   -8.107253    1.000000    0.000000
   50  1   -8.096670    1.000000    0.000000
   51  1   -7.956021    1.000000    0.000000
   52  1   -7.936725    1.000000    0.000000
   53  1   -1.227607    1.000000    0.000000
   54  1   -1.204019    1.000000    0.000000
   55  1   -1.123333    1.000000    0.000000
   56  1   -1.018557    1.000000    0.000000
   57  1   -0.953394    1.000000    0.000000
   58  1   -0.911870    1.000000    0.000000
   59  1   -0.812887    1.000000    0.000000
   60  1   -0.698091    1.000000    0.000000
   61  1   -0.680507    1.000000    0.000000
   62  1   -0.621465    1.000000    0.000000
   63  1   -0.556480    1.000000    0.000000
   64  1   -0.536923    1.000000    0.000000
   65  1   -0.274411    1.000000    0.000000
   66  1   -0.200166    1.000000    0.000000
   67  1   -0.134124    1.000000    0.000000
   68  1   -0.060406    1.000000    0.000000
   69  1   -0.000693    1.000000    0.000000
   70  1    0.001351    1.000000    0.000000
   71  1    0.066024    1.000000    0.000000
   72  1    0.094912    1.000000    0.000000
   73  1    0.517638    1.000000    0.000000
   74  1    0.601149    1.000000    0.000000
   75  1    0.701692    1.000000    0.000000
   76  1    0.711653    1.000000    0.000000
   77  1    0.817841    1.000000    0.000000
   78  1    0.834005    1.000000    0.000000
   79  1    0.840406    1.000000    0.000000
   80  1    0.894282    1.000000    0.000000
   81  1    0.907832    1.000000    0.000000
   82  1    0.996027    1.000000    0.000000
   83  1    1.057715    1.000000    0.000000
   84  1    1.106275    1.000000    0.000000
   85  1    1.270008    1.000000    0.000000
   86  1    1.283796    1.000000    0.000000
   87  1    1.346360    1.000000    0.000000
   88  1    1.401103    1.000000    0.000000
   89  1    1.527633    1.000000    0.000000
   90  1    1.659266    1.000000    0.000000
   91  1    1.666818    1.000000    0.000000
   92  1    1.707387    1.000000    0.000000
   93  1    1.847146    1.000000    0.000000
   94  1    2.079152    1.000000    0.000000
   95  1    2.375102    1.000000    0.000000
   96  1    2.385426    1.000000    0.000000
   97  1    2.412998    1.000000    0.000000
   98  1    2.461193    1.000000    0.000000
   99  1    2.787070    1.000000    0.000000
  100  1    2.818232    1.000000    0.000000
  101  1    3.691951    1.000000    0.000000
  102  1    3.732791    1.000000    0.000000
  103  1    3.866816    1.000000    0.000000
  104  1    3.976679    1.000000    0.000000
  105  1    4.034535    1.000000    0.000000
  106  1    4.384276    1.000000    0.000000
  107  1    4.398356    1.000000    0.000000
  108  1    4.424039    1.000000    0.000000
  109  1    4.572840    1.000000    0.000000
  110  1    4.707188    1.000000    0.000000
  111  1    4.767151    1.000000    0.000000
  112  1    4.919845    1.000000    0.000000
  113  1    4.941555    1.000000    0.000000
  114  1    5.023801    1.000000    0.000000
  115  1    5.072066    1.000000    0.000000
  116  1    5.229158    1.000000    0.000000
  117  1    5.292787    1.000000    0.000000
  118  1    5.360300    1.000000    0.000000
  119  1    5.413003    1.000000    0.000000
  120  1    5.546243    1.000000    0.000000
  121  1    5.574449    1.000000    0.000000
  122  1    5.658153    1.000000    0.000000
  123  1    5.807495    1.000000    0.000000
  124  1    5.859458    1.000000    0.000000
  125  1    5.979032    1.000000    0.000000
  126  1    6.005582    1.000000    0.000000
  127  1    6.099641    1.000000    0.000000
  128  1    6.223315    1.000000    0.000000
  129  1    6.283247    1.000000    0.000000
  130  1    6.383852    1.000000    0.000000
  131  1    6.501475    1.000000    0.000000
  132  1    6.568289    1.000000    0.000000
  133  1    6.629427    1.000000    0.000000
  134  1    6.634346    1.000000    0.000000
  135  1    6.667645    1.000000    0.000000
  136  1    6.808994    1.000000    0.000000
  137  1    6.967047    1.000000    0.000000
  138  1    7.029097    1.000000    0.000000
  139  1    7.046492    1.000000    0.000000
  140  1    7.156917    1.000000    0.000000
  141  1    9.025773    1.000000    0.000000
  142  1    9.069471    1.000000    0.000000
  143  1    9.156938    1.000000    0.000000
  144  1    9.268755    1.000000    0.000000
  145  1    9.951800    1.000000    0.000000
  146  1   10.023076    1.000000    0.000000
  147  1   10.029630    1.000000    0.000000
  148  1   10.076791    1.000000    0.000000
  149  1   10.619306    1.000000    0.000000
  150  1   10.650247    1.000000    0.000000
  151  1   10.721885    1.000000    0.000000
  152  1   10.817466    1.000000    0.000000
  153  1   11.514651    1.000000    0.000000
  154  1   11.601944    1.000000    0.000000
  155  1   11.625037    1.000000    0.000000
  156  1   11.694261    1.000000    0.000000
  157  1   12.262850    1.000000    0.000000
  158  1   12.314467    1.000000    0.000000
  159  1   12.451149    1.000000    0.000000
  160  1   12.527480    1.000000    0.000000
  1
    1
    1  2  -35.329214    2.000000    0.000000
    3  1  -35.284711    1.000000    0.000000
    4  1  -35.247719    1.000000    0.000000
    5  1  -35.022381    1.000000    0.000000
    6  2  -35.017887    2.000000    0.000000
    8  1  -34.897830    1.000000    0.000000
    9  1  -34.673492    1.000000    0.000000
   10  1  -34.663163    1.000000    0.000000
   11  1  -34.620969    1.000000    0.000000
   12  1  -34.576910    1.000000    0.000000
   13  1  -34.117198    1.000000    0.000000
   14  1  -34.014365    1.000000    0.000000
   15  1  -34.000250    1.000000    0.000000
   16  1  -33.974657    1.000000    0.000000
   17  1  -33.787178    1.000000    0.000000
   18  1  -33.765988    1.000000    0.000000
   19  1  -33.715414    1.000000    0.000000
   20  1  -33.668285    1.000000    0.000000
   21  1  -33.658289    1.000000    0.000000
   22  1  -33.586958    1.000000    0.000000
   23  1  -33.565266    1.000000    0.000000
   24  1  -33.488165    1.000000    0.000000
   25  2  -20.128812    2.000000    0.000000
   27  2  -20.106437    2.000000    0.000000
   29  2  -19.961155    2.000000    0.000000
   31  2  -19.934362    2.000000    0.000000
   33  2  -19.920765    2.000000    0.000000
   35  2  -19.913322    2.000000    0.000000
   37  1  -10.101285    1.000000    0.000000
   38  1  -10.097402    1.000000    0.000000
   39  1   -9.055444    1.000000    0.000000
   40  1   -9.028635    1.000000    0.000000
   41  1   -8.612266    1.000000    0.000000
   42  1   -8.588455    1.000000    0.000000
   43  1   -8.477085    1.000000    0.000000
   44  1   -8.459565    1.000000    0.000000
   45  1   -8.455346    1.000000    0.000000
   46  1   -8.433094    1.000000    0.000000
   47  1   -8.232669    1.000000    0.000000
   48  1   -8.210042    1.000000    0.000000
   49  1   -8.142756    1.000000    0.000000
   50  1   -8.116340    1.000000    0.000000
   51  1   -8.035749    1.000000    0.000000
   52  1   -8.015649    1.000000    0.000000
   53  1   -1.840850    1.000000    0.000000
   54  1   -1.776735    1.000000    0.000000
   55  1   -1.264439    1.000000    0.000000
   56  1   -1.174998    1.000000    0.000000
   57  1   -1.027211    1.000000    0.000000
   58  1   -0.883469    1.000000    0.000000
   59  1   -0.814357    1.000000    0.000000
   60  1   -0.788849    1.000000    0.000000
   61  1   -0.733890    1.000000    0.000000
   62  1   -0.716765    1.000000    0.000000
   63  1   -0.683535    1.000000    0.000000
   64  1   -0.652477    1.000000    0.000000
   65  1   -0.595898    1.000000    0.000000
   66  1   -0.533288    1.000000    0.000000
   67  1    0.213513    1.000000    0.000000
   68  1    0.268386    1.000000    0.000000
   69  1    0.302681    1.000000    0.000000
   70  1    0.390289    1.000000    0.000000
   71  1    0.450926    1.000000    0.000000
   72  1    0.459990    1.000000    0.000000
   73  1    0.467746    1.000000    0.000000
   74  1    0.513370    1.000000    0.000000
   75  1    0.602563    1.000000    0.000000
   76  1    0.635756    1.000000    0.000000
   77  1    0.667595    1.000000    0.000000
   78  1    0.744093    1.000000    0.000000
   79  1    0.857775    1.000000    0.000000
   80  1    0.893785    1.000000    0.000000
   81  1    0.957678    1.000000    0.000000
   82  1    1.089175    1.000000    0.000000
   83  1    1.103105    1.000000    0.000000
   84  1    1.177934    1.000000    0.000000
   85  1    1.225259    1.000000    0.000000
   86  1    1.229201    1.000000    0.000000
   87  1    1.241862    1.000000    0.000000
   88  1    1.338906    1.000000    0.000000
   89  1    1.457184    1.000000    0.000000
   90  1    1.496089    1.000000    0.000000
   91  1    1.768522    1.000000    0.000000
   92  1    1.775041    1.000000    0.000000
   93  1    1.922855    1.000000    0.000000
   94  1    1.984933    1.000000    0.000000
   95  1    2.197779    1.000000    0.000000
   96  1    2.209379    1.000000    0.000000
   97  1    3.171788    1.000000    0.000000
   98  1    3.585437    1.000000    0.000000
   99  1    3.627099    1.000000    0.000000
  100  1    3.665921    1.000000    0.000000
  101  1    3.718352    1.000000    0.000000
  102  1    3.743635    1.000000    0.000000
  103  1    3.794594    1.000000    0.000000
  104  1    3.821125    1.000000    0.000000
  105  1    4.043504    1.000000    0.000000
  106  1    4.089330    1.000000    0.000000
  107  1    4.145731    1.000000    0.000000
  108  1    4.300146    1.000000    0.000000
  109  1    4.529530    1.000000    0.000000
  110  1    4.549515    1.000000    0.000000
  111  1    4.757245    1.000000    0.000000
  112  1    4.772795    1.000000    0.000000
  113  1    4.843432    1.000000    0.000000
  114  1    4.863128    1.000000    0.000000
  115  1    4.873479    1.000000    0.000000
  116  1    5.114735    1.000000    0.000000
  117  1    5.252087    1.000000    0.000000
  118  1    5.275875    1.000000    0.000000
  119  1    5.462127    1.000000    0.000000
  120  1    5.576614    1.000000    0.000000
  121  1    5.601062    1.000000    0.000000
  122  1    5.611573    1.000000    0.000000
  123  1    5.758105    1.000000    0.000000
  124  1    5.876717    1.000000    0.000000
  125  1    5.892796    1.000000    0.000000
  126  1    6.029829    1.000000    0.000000
  127  1    6.119085    1.000000    0.000000
  128  1    6.301764    1.000000    0.000000
  129  1    6.730638    1.000000    0.000000
  130  1    6.759313    1.000000    0.000000
  131  1    6.949964    1.000000    0.000000
  132  1    6.984701    1.000000    0.000000
  133  1    6.993490    1.000000    0.000000
  134  1    7.028982    1.000000    0.000000
  135  1    7.065432    1.000000    0.000000
  136  1    7.299839    1.000000    0.000000
  137  1    7.303238    1.000000    0.000000
  138  1    7.369529    1.000000    0.000000
  139  1    7.375175    1.000000    0.000000
  140  1    7.502455    1.000000    0.000000
  141  1    8.711513    1.000000    0.000000
  142  1    8.798543    1.000000    0.000000
  143  1    9.075091    1.000000    0.000000
  144  1    9.120073    1.000000    0.000000
  145  1    9.381713    1.000000    0.000000
  146  1    9.428158    1.000000    0.000000
  147  1    9.770209    1.000000    0.000000
  148  1    9.797217    1.000000    0.000000
  149  1    9.832807    1.000000    0.000000
  150  1    9.947871    1.000000    0.000000
  151  1   10.487627    1.000000    0.000000
  152  1   10.595269    1.000000    0.000000
  153  1   10.883604    1.000000    0.000000
  154  1   10.903995    1.000000    0.000000
  155  1   11.096205    1.000000    0.000000
  156  1   11.158352    1.000000    0.000000
  157  1   11.287112    1.000000    0.000000
  158  1   11.302937    1.000000    0.000000
  159  1   11.399210    1.000000    0.000000
  160  1   11.508092    1.000000    0.000000
