   64   96
  1
  4
  1  0  0  0  1  0  0  0  1    0.000000    0.000000    0.000000    1.000000    0.000000    0.000000    0.000000    0.000000    0.000000    1.000000    0.000000  1
 -1  0  0  0 -1  0  0  0 -1    0.000000    0.000000    0.000000    1.000000    0.000000    0.000000    0.000000    0.000000    0.000000    1.000000    0.000000  1
 -1  0  0  0  1  0  0  0 -1    0.000000    0.500000    0.500000    0.000000    0.000000   -1.000000    0.000000    1.000000    0.000000    0.000000    0.000000 -1
  1  0  0  0 -1  0  0  0  1    0.000000    0.500000    0.500000    0.000000    0.000000   -1.000000    0.000000    1.000000    0.000000    0.000000    0.000000 -1
  8
    0.000000    0.000000    0.000000
    0.500000    0.000000    0.500000
    0.000000    0.000000    0.500000
    0.500000    0.500000    0.000000
    0.000000    0.500000    0.500000
    0.500000    0.500000    0.500000
    0.500000    0.000000    0.000000
    0.000000    0.500000    0.000000
  2
    1    2
    1  2  -50.074895    2.000000    0.000000   -2.000000    0.000000
    3  1  -49.829740    1.000000    0.000000   -1.000000    0.000000
    4  1  -49.828565    1.000000    0.000000   -1.000000    0.000000
    5  2  -48.824412    2.000000    0.000000   -2.000000    0.000000
    7  2  -47.660377    2.000000    0.000000   -2.000000    0.000000
    9  2  -47.077769    2.000000    0.000000   -2.000000    0.000000
   11  2  -46.610371    2.000000    0.000000   -2.000000    0.000000
   13  2  -41.675935    2.000000    0.000000    2.000000    0.000000
   15  2  -41.673111    2.000000    0.000000    2.000000    0.000000
   17  2  -41.669841    2.000000    0.000000   -2.000000    0.000000
   19  2  -41.667101    2.000000    0.000000   -2.000000    0.000000
   21  2   -9.405877    2.000000    0.000000    2.000000    0.000000
   23  2   -9.153668    2.000000    0.000000    2.000000    0.000000
   25  2   -8.260846    2.000000    0.000000   -2.000000    0.000000
   27  2   -8.167607    2.000000    0.000000   -2.000000    0.000000
   29  1   -1.277957    1.000000    0.000000    1.000000    0.000000
   30  1   -1.276680    1.000000    0.000000    1.000000    0.000000
   31  1   -0.789591    1.000000    0.000000    1.000000    0.000000
   32  1   -0.787663    1.000000    0.000000    1.000000    0.000000
   33  1   -0.031955    1.000000    0.000000   -1.000000    0.000000
   34  1   -0.029872    1.000000    0.000000   -1.000000    0.000000
   35  1    0.134639    1.000000    0.000000    1.000000    0.000000
   36  1    0.138199    1.000000    0.000000    1.000000    0.000000
   37  1    0.449174    1.000000    0.000000    1.000000    0.000000
   38  1    0.461276    1.000000    0.000000    1.000000    0.000000
   39  1    0.546120    1.000000    0.000000    1.000000    0.000000
   40  1    0.557760    1.000000    0.000000    1.000000    0.000000
   41  2    1.163238    2.000000    0.000000    2.000000    0.000000
   43  2    1.191466    2.000000    0.000000   -2.000000    0.000000
   45  1    2.396727    1.000000    0.000000   -1.000000    0.000000
   46  1    2.402504    1.000000    0.000000   -1.000000    0.000000
   47  1    2.603099    1.000000    0.000000    1.000000    0.000000
   48  1    2.605966    1.000000    0.000000    1.000000    0.000000
   49  1    2.645630    1.000000    0.000000    1.000000    0.000000
   50  1    2.650374    1.000000    0.000000    1.000000    0.000000
   51  1    2.816655    1.000000    0.000000   -1.000000    0.000000
   52  1    2.820488    1.000000    0.000000   -1.000000    0.000000
   53  1    2.970230    1.000000    0.000000   -1.000000    0.000000
   54  1    2.972217    1.000000    0.000000   -1.000000    0.000000
   55  1    3.001685    1.000000    0.000000    1.000000    0.000000
   56  1    3.014433    1.000000    0.000000    1.000000    0.000000
   57  1    3.041976    1.000000    0.000000   -1.000000    0.000000
   58  1    3.043373    1.000000    0.000000   -1.000000    0.000000
   59  1    3.441897    1.000000    0.000000    1.000000    0.000000
   60  1    3.470726    1.000000    0.000000    1.000000    0.000000
   61  1    4.131777    1.000000    0.000000    1.000000    0.000000
   62  1    4.144976    1.000000    0.000000    1.000000    0.000000
   63  1    4.397277    1.000000    0.000000    1.000000    0.000000
   64  1    4.421578    1.000000    0.000000    1.000000    0.000000
   65  1    5.097824    1.000000    0.000000    1.000000    0.000000
   66  1    5.104218    1.000000    0.000000    1.000000    0.000000
   67  1    5.413501    1.000000    0.000000    1.000000    0.000000
   68  1    5.433757    1.000000    0.000000    1.000000    0.000000
   69  1    5.910758    1.000000    0.000000    1.000000    0.000000
   70  1    5.917937    1.000000    0.000000    1.000000    0.000000
   71  1    6.722004    1.000000    0.000000    1.000000    0.000000
   72  1    6.724060    1.000000    0.000000    1.000000    0.000000
   73  1    6.755838    1.000000    0.000000   -1.000000    0.000000
   74  1    6.759740    1.000000    0.000000   -1.000000    0.000000
   75  1    7.609292    1.000000    0.000000    1.000000    0.000000
   76  1    7.611563    1.000000    0.000000    1.000000    0.000000
   77  2    9.616344    2.000000    0.000000    2.000000    0.000000
   79  1    9.867288    1.000000    0.000000   -1.000000    0.000000
   80  1    9.872385    1.000000    0.000000   -1.000000    0.000000
   81  1   10.171052    1.000000    0.000000   -1.000000    0.000000
   82  1   10.175830    1.000000    0.000000   -1.000000    0.000000
   83  1   10.363010    1.000000    0.000000    1.000000    0.000000
   84  1   10.365696    1.000000    0.000000    1.000000    0.000000
   85  1   10.404484    1.000000    0.000000   -1.000000    0.000000
   86  1   10.407613    1.000000    0.000000   -1.000000    0.000000
   87  2   11.080264    2.000000    0.000000    2.000000    0.000000
   89  1   11.100012    1.000000    0.000000   -0.999998    0.000000
   90  1   11.103439    1.000000    0.000000   -0.999996    0.000000
   91  1   11.555946    1.000000    0.000000    1.000000    0.000000
   92  1   11.558205    1.000000    0.000000    0.999999    0.000000
   93  1   12.038120    1.000000    0.000000    0.999995    0.000000
   94  1   12.040887    1.000000    0.000000    0.999986    0.000000
   95  1   12.953491    1.000000    0.000000   -0.999034    0.000000
   96  1   12.968689    1.000000    0.000000   -0.999302    0.000000
  2
    1    2
    1  2  -50.079180    2.000000    0.000000    0.000000    0.000000
    3  1  -49.830775    1.000000    0.000000    1.000000    0.000000
    4  1  -49.829610    1.000000    0.000000   -1.000000    0.000000
    5  2  -48.828293    2.000000    0.000000    0.000000    0.000000
    7  2  -47.666076    2.000000    0.000000    0.000000    0.000000
    9  2  -47.080959    2.000000    0.000000    0.000000    0.000000
   11  2  -46.611197    2.000000    0.000000    0.000000    0.000000
   13  2  -41.671368    2.000000    0.000000    0.000000    0.000000
   15  4  -41.669371    4.000000    0.000000    0.000000    0.000000
   19  2  -41.667161    2.000000    0.000000    0.000000    0.000000
   21  2   -8.275774    2.000000    0.000000    0.000000    0.000000
   23  2   -8.274407    2.000000    0.000000    0.000000    0.000000
   25  2   -7.871454    2.000000    0.000000    0.000000    0.000000
   27  2   -7.844567    2.000000    0.000000    0.000000    0.000000
   29  2   -1.458725    2.000000    0.000000    0.000000    0.000000
   31  2   -1.312691    2.000000    0.000000    0.000000    0.000000
   33  2   -0.217621    2.000000    0.000000    0.000000    0.000000
   35  2   -0.206581    2.000000    0.000000    0.000000    0.000000
   37  2    0.096972    2.000000    0.000000    0.000000    0.000000
   39  2    0.270981    2.000000    0.000000    0.000000    0.000000
   41  2    0.727482    2.000000    0.000000    0.000000    0.000000
   43  2    1.006019    2.000000    0.000000    0.000000    0.000000
   45  2    1.145410    2.000000    0.000000    0.000000    0.000000
   47  2    1.396025    2.000000    0.000000    0.000000    0.000000
   49  2    1.982476    2.000000    0.000000    0.000000    0.000000
   51  2    2.000001    2.000000    0.000000    0.000000    0.000000
   53  2    2.454274    2.000000    0.000000    0.000000    0.000000
   55  2    3.046920    2.000000    0.000000    0.000000    0.000000
   57  2    3.276495    2.000000    0.000000    0.000000    0.000000
   59  2    3.621533    2.000000    0.000000    0.000000    0.000000
   61  2    4.349172    2.000000    0.000000    0.000000    0.000000
   63  2    4.501648    2.000000    0.000000    0.000000    0.000000
   65  2    4.903989    2.000000    0.000000    0.000000    0.000000
   67  2    5.483920    2.000000    0.000000    0.000000    0.000000
   69  2    5.525966    2.000000    0.000000    0.000000    0.000000
   71  2    6.416665    2.000000    0.000000    0.000000    0.000000
   73  2    6.873026    2.000000    0.000000    0.000000    0.000000
   75  2    7.077248    2.000000    0.000000    0.000000    0.000000
   77  2    8.372466    2.000000    0.000000    0.000000    0.000000
   79  2    8.637875    2.000000    0.000000    0.000000    0.000000
   81  2    9.625026    2.000000    0.000000    0.000000    0.000000
   83  2    9.817024    2.000000    0.000000    0.000000    0.000000
   85  2   10.128251    2.000000    0.000000    0.000000    0.000000
   87  2   10.204358    2.000000    0.000000   -0.000002    0.000000
   89  2   10.728361    2.000000    0.000000    0.000004    0.000000
   91  2   10.839100    2.000000    0.000000    0.000004    0.000000
   93  2   11.281260    2.000000    0.000000   -0.000842    0.000000
   95  2   11.315020    2.000000    0.000000    0.000223    0.000000
  2
    1    2
    1  2  -50.074896    2.000000    0.000000    0.000000    0.000000
    3  1  -49.829744    1.000000    0.000000    1.000000    0.000000
    4  1  -49.828569    1.000000    0.000000   -1.000000    0.000000
    5  2  -48.824416    2.000000    0.000000    0.000000    0.000000
    7  2  -47.660379    2.000000    0.000000    0.000000    0.000000
    9  2  -47.077774    2.000000    0.000000    0.000000    0.000000
   11  2  -46.610374    2.000000    0.000000    0.000000    0.000000
   13  2  -41.675494    2.000000    0.000000    0.000000    0.000000
   15  2  -41.673500    2.000000    0.000000    0.000000    0.000000
   17  2  -41.669458    2.000000    0.000000    0.000000    0.000000
   19  2  -41.667427    2.000000    0.000000    0.000000    0.000000
   21  2   -9.153733    2.000000    0.000000    0.000000    0.000000
   23  2   -9.132477    2.000000    0.000000    0.000000    0.000000
   25  2   -8.408510    2.000000    0.000000    0.000000    0.000000
   27  2   -8.406979    2.000000    0.000000    0.000000    0.000000
   29  2   -1.106067    2.000000    0.000000    0.000000    0.000000
   31  2   -0.986665    2.000000    0.000000    0.000000    0.000000
   33  2    0.220980    2.000000    0.000000    0.000000    0.000000
   35  2    0.256757    2.000000    0.000000    0.000000    0.000000
   37  2    0.513034    2.000000    0.000000    0.000000    0.000000
   39  2    0.917733    2.000000    0.000000    0.000000    0.000000
   41  2    1.222430    2.000000    0.000000    0.000000    0.000000
   43  2    1.342695    2.000000    0.000000    0.000000    0.000000
   45  2    1.903350    2.000000    0.000000    0.000000    0.000000
   47  2    2.096351    2.000000    0.000000    0.000000    0.000000
   49  2    2.644046    2.000000    0.000000    0.000000    0.000000
   51  2    2.658918    2.000000    0.000000    0.000000    0.000000
   53  2    2.790540    2.000000    0.000000    0.000000    0.000000
   55  2    2.797830    2.000000    0.000000    0.000000    0.000000
   57  2    3.315044    2.000000    0.000000    0.000000    0.000000
   59  2    3.842045    2.000000    0.000000    0.000000    0.000000
   61  2    4.070710    2.000000    0.000000    0.000000    0.000000
   63  2    4.435718    2.000000    0.000000    0.000000    0.000000
   65  2    5.112883    2.000000    0.000000    0.000000    0.000000
   67  2    5.537544    2.000000    0.000000    0.000000    0.000000
   69  2    6.149768    2.000000    0.000000    0.000000    0.000000
   71  2    6.953145    2.000000    0.000000    0.000000    0.000000
   73  2    7.481407    2.000000    0.000000    0.000000    0.000000
   75  2    7.582319    2.000000    0.000000    0.000000    0.000000
   77  2    9.000368    2.000000    0.000000    0.000000    0.000000
   79  2    9.089984    2.000000    0.000000    0.000000    0.000000
   81  2   10.436663    2.000000    0.000000    0.000000    0.000000
   83  2   10.657734    2.000000    0.000000    0.000000    0.000000
   85  2   10.743034    2.000000    0.000000    0.000000    0.000000
   87  2   10.749630    2.000000    0.000000    0.000000    0.000000
   89  2   11.319767    2.000000    0.000000   -0.000211    0.000000
   91  2   11.344941    2.000000    0.000000   -0.000000    0.000000
   93  1   12.075764    1.000000    0.000000   -0.188079    0.000000
   94  1   12.083617    1.000000    0.000000    0.177432    0.000000
   95  1   12.162628    1.000000    0.000000    0.100753    0.000000
   96  1   12.185356    1.000000    0.000000   -0.109354    0.000000
  2
    1    2
    1  2  -50.079171    2.000000    0.000000    0.000000    0.000000
    3  1  -49.830768    1.000000    0.000000    1.000000    0.000000
    4  1  -49.829603    1.000000    0.000000   -1.000000    0.000000
    5  2  -48.828288    2.000000    0.000000    0.000000    0.000000
    7  2  -47.666067    2.000000    0.000000    0.000000    0.000000
    9  2  -47.080953    2.000000    0.000000    0.000000    0.000000
   11  2  -46.611193    2.000000    0.000000    0.000000    0.000000
   13  2  -41.671470    2.000000    0.000000    0.000000    0.000000
   15  2  -41.669990    2.000000    0.000000    0.000000    0.000000
   17  2  -41.668499    2.000000    0.000000    0.000000    0.000000
   19  2  -41.667016    2.000000    0.000000    0.000000    0.000000
   21  2   -8.253715    2.000000    0.000000    0.000000    0.000000
   23  2   -8.250950    2.000000    0.000000    0.000000    0.000000
   25  2   -7.895257    2.000000    0.000000    0.000000    0.000000
   27  2   -7.869387    2.000000    0.000000    0.000000    0.000000
   29  2   -1.471058    2.000000    0.000000    0.000000    0.000000
   31  2   -1.327122    2.000000    0.000000    0.000000    0.000000
   33  2   -0.336961    2.000000    0.000000    0.000000    0.000000
   35  2   -0.297949    2.000000    0.000000    0.000000    0.000000
   37  2    0.328143    2.000000    0.000000    0.000000    0.000000
   39  2    0.500462    2.000000    0.000000    0.000000    0.000000
   41  2    0.710556    2.000000    0.000000    0.000000    0.000000
   43  2    0.863250    2.000000    0.000000    0.000000    0.000000
   45  2    1.039208    2.000000    0.000000    0.000000    0.000000
   47  2    1.313429    2.000000    0.000000    0.000000    0.000000
   49  2    2.048566    2.000000    0.000000    0.000000    0.000000
   51  2    2.085786    2.000000    0.000000    0.000000    0.000000
   53  2    2.475348    2.000000    0.000000    0.000000    0.000000
   55  2    3.033662    2.000000    0.000000    0.000000    0.000000
   57  2    3.272688    2.000000    0.000000    0.000000    0.000000
   59  2    3.541856    2.000000    0.000000    0.000000    0.000000
   61  2    4.333735    2.000000    0.000000    0.000000    0.000000
   63  2    4.537842    2.000000    0.000000    0.000000    0.000000
   65  2    4.930521    2.000000    0.000000    0.000000    0.000000
   67  2    5.383434    2.000000    0.000000    0.000000    0.000000
   69  2    5.569839    2.000000    0.000000    0.000000    0.000000
   71  2    6.483243    2.000000    0.000000    0.000000    0.000000
   73  2    7.182357    2.000000    0.000000    0.000000    0.000000
   75  2    7.311120    2.000000    0.000000    0.000000    0.000000
   77  2    7.866589    2.000000    0.000000    0.000000    0.000000
   79  2    8.162666    2.000000    0.000000    0.000000    0.000000
   81  2    9.387407    2.000000    0.000000   -0.000002    0.000000
   83  2    9.607901    2.000000    0.000000    0.000000    0.000000
   85  2   10.581250    2.000000    0.000000   -0.000000    0.000000
   87  2   10.628521    2.000000    0.000000    0.000000    0.000000
   89  2   11.174643    2.000000    0.000000   -0.000148    0.000000
   91  2   11.188825    2.000000    0.000000    0.000127    0.000000
   93  2   11.308456    2.000000    0.000000    0.000017    0.000000
   95  2   11.504778    2.000000    0.000000    0.000128    0.000000
  2
    1    2
    1  2  -50.074896    2.000000    0.000000   -2.000000    0.000000
    3  1  -49.829738    1.000000    0.000000   -1.000000    0.000000
    4  1  -49.828563    1.000000    0.000000   -1.000000    0.000000
    5  2  -48.824416    2.000000    0.000000   -2.000000    0.000000
    7  2  -47.660381    2.000000    0.000000   -2.000000    0.000000
    9  2  -47.077772    2.000000    0.000000   -2.000000    0.000000
   11  2  -46.610374    2.000000    0.000000   -2.000000    0.000000
   13  2  -41.675478    2.000000    0.000000   -2.000000    0.000000
   15  2  -41.673481    2.000000    0.000000   -2.000000    0.000000
   17  2  -41.669470    2.000000    0.000000    2.000000    0.000000
   19  2  -41.667441    2.000000    0.000000    2.000000    0.000000
   21  2   -9.149966    2.000000    0.000000    2.000000    0.000000
   23  2   -9.128655    2.000000    0.000000    2.000000    0.000000
   25  2   -8.414962    2.000000    0.000000   -2.000000    0.000000
   27  2   -8.413342    2.000000    0.000000   -2.000000    0.000000
   29  2   -0.906065    2.000000    0.000000    2.000000    0.000000
   31  2   -0.712920    2.000000    0.000000    2.000000    0.000000
   33  2   -0.178277    2.000000    0.000000   -2.000000    0.000000
   35  2   -0.083012    2.000000    0.000000   -2.000000    0.000000
   37  2    0.513195    2.000000    0.000000    2.000000    0.000000
   39  2    0.905952    2.000000    0.000000    2.000000    0.000000
   41  2    1.221682    2.000000    0.000000    2.000000    0.000000
   43  2    1.302398    2.000000    0.000000    2.000000    0.000000
   45  2    2.227641    2.000000    0.000000   -2.000000    0.000000
   47  2    2.271102    2.000000    0.000000   -2.000000    0.000000
   49  2    2.604703    2.000000    0.000000    2.000000    0.000000
   51  2    2.655596    2.000000    0.000000    2.000000    0.000000
   53  2    2.796956    2.000000    0.000000   -2.000000    0.000000
   55  2    2.816851    2.000000    0.000000   -2.000000    0.000000
   57  2    2.993912    2.000000    0.000000    2.000000    0.000000
   59  2    3.696064    2.000000    0.000000    2.000000    0.000000
   61  2    4.128072    2.000000    0.000000    2.000000    0.000000
   63  2    4.465209    2.000000    0.000000    2.000000    0.000000
   65  2    5.115730    2.000000    0.000000    2.000000    0.000000
   67  2    5.616607    2.000000    0.000000    2.000000    0.000000
   69  2    6.157852    2.000000    0.000000    2.000000    0.000000
   71  2    6.957139    2.000000    0.000000    2.000000    0.000000
   73  1    8.222404    1.000000    0.000000   -1.000000    0.000000
   74  1    8.223772    1.000000    0.000000   -1.000000    0.000000
   75  1    8.358913    1.000000    0.000000   -1.000000    0.000000
   76  1    8.360203    1.000000    0.000000   -1.000000    0.000000
   77  2    9.053648    2.000000    0.000000    2.000000    0.000000
   79  2    9.307813    2.000000    0.000000    2.000000    0.000000
   81  1    9.706459    1.000000    0.000000   -1.000000    0.000000
   82  1    9.710902    1.000000    0.000000   -1.000000    0.000000
   83  1    9.750933    1.000000    0.000000   -1.000000    0.000000
   84  1    9.755506    1.000000    0.000000   -1.000000    0.000000
   85  2   10.518524    2.000000    0.000000    1.999990    0.000000
   87  2   10.652553    2.000000    0.000000    1.999970    0.000000
   89  2   10.966955    2.000000    0.000000   -2.000000    0.000000
   91  2   11.025960    2.000000    0.000000   -2.000000    0.000000
   93  2   11.916871    2.000000    0.000000    1.995190    0.000000
   95  1   12.030105    1.000000    0.000000    0.997719    0.000000
   96  1   12.031185    1.000000    0.000000    0.994051    0.000000
  2
    1    2
    1  2  -50.079179    2.000000    0.000000   -2.000000    0.000000
    3  1  -49.830774    1.000000    0.000000   -1.000000    0.000000
    4  1  -49.829610    1.000000    0.000000   -1.000000    0.000000
    5  2  -48.828293    2.000000    0.000000   -2.000000    0.000000
    7  2  -47.666075    2.000000    0.000000   -2.000000    0.000000
    9  2  -47.080961    2.000000    0.000000   -2.000000    0.000000
   11  2  -46.611199    2.000000    0.000000   -2.000000    0.000000
   13  2  -41.671365    2.000000    0.000000    2.000000    0.000000
   15  4  -41.669368    4.000000    0.000000    0.000000    0.000000
   19  2  -41.667145    2.000000    0.000000   -2.000000    0.000000
   21  2   -8.274195    2.000000    0.000000   -2.000000    0.000000
   23  2   -8.272737    2.000000    0.000000   -2.000000    0.000000
   25  2   -7.873522    2.000000    0.000000    2.000000    0.000000
   27  2   -7.846730    2.000000    0.000000    2.000000    0.000000
   29  2   -1.467745    2.000000    0.000000    2.000000    0.000000
   31  2   -1.326173    2.000000    0.000000    2.000000    0.000000
   33  2   -0.232208    2.000000    0.000000   -2.000000    0.000000
   35  2   -0.224888    2.000000    0.000000   -2.000000    0.000000
   37  2    0.388041    2.000000    0.000000    2.000000    0.000000
   39  2    0.469151    2.000000    0.000000   -2.000000    0.000000
   41  2    0.472172    2.000000    0.000000   -2.000000    0.000000
   43  2    0.700075    2.000000    0.000000    2.000000    0.000000
   45  2    1.210905    2.000000    0.000000    2.000000    0.000000
   47  2    1.421207    2.000000    0.000000    2.000000    0.000000
   49  2    1.965403    2.000000    0.000000   -2.000000    0.000000
   51  2    2.059247    2.000000    0.000000   -2.000000    0.000000
   53  2    2.451560    2.000000    0.000000    2.000000    0.000000
   55  2    3.021010    2.000000    0.000000    2.000000    0.000000
   57  2    3.264670    2.000000    0.000000    2.000000    0.000000
   59  2    3.612606    2.000000    0.000000    2.000000    0.000000
   61  2    4.310076    2.000000    0.000000    2.000000    0.000000
   63  2    4.489797    2.000000    0.000000    2.000000    0.000000
   65  2    4.856717    2.000000    0.000000    2.000000    0.000000
   67  2    5.529096    2.000000    0.000000    2.000000    0.000000
   69  2    5.760530    2.000000    0.000000    2.000000    0.000000
   71  2    6.704282    2.000000    0.000000    2.000000    0.000000
   73  2    6.878385    2.000000    0.000000   -2.000000    0.000000
   75  2    6.998950    2.000000    0.000000   -2.000000    0.000000
   77  2    7.960774    2.000000    0.000000    2.000000    0.000000
   79  2    8.156595    2.000000    0.000000    2.000000    0.000000
   81  2    9.199972    2.000000    0.000000    2.000000    0.000000
   83  2    9.429543    2.000000    0.000000    2.000000    0.000000
   85  1   10.103780    1.000000    0.000000   -1.000000    0.000000
   86  1   10.106212    1.000000    0.000000   -1.000000    0.000000
   87  1   10.156586    1.000000    0.000000   -1.000000    0.000000
   88  1   10.158876    1.000000    0.000000   -1.000000    0.000000
   89  2   11.392606    2.000000    0.000000   -1.999922    0.000000
   91  2   11.448050    2.000000    0.000000   -1.999940    0.000000
   93  1   12.311922    1.000000    0.000000   -0.907178    0.000000
   94  1   12.377521    1.000000    0.000000   -0.466437    0.000000
   95  1   12.407012    1.000000    0.000000    0.620412    0.000000
   96  1   12.438819    1.000000    0.000000    0.851815    0.000000
  2
    1    2
    1  2  -50.079176    2.000000    0.000000   -2.000000    0.000000
    3  1  -49.830774    1.000000    0.000000   -1.000000    0.000000
    4  1  -49.829609    1.000000    0.000000   -1.000000    0.000000
    5  2  -48.828290    2.000000    0.000000   -2.000000    0.000000
    7  2  -47.666072    2.000000    0.000000   -2.000000    0.000000
    9  2  -47.080958    2.000000    0.000000   -2.000000    0.000000
   11  2  -46.611196    2.000000    0.000000   -2.000000    0.000000
   13  2  -41.671605    2.000000    0.000000   -2.000000    0.000000
   15  4  -41.669430    4.000000    0.000000    0.000000    0.000000
   19  2  -41.666948    2.000000    0.000000    2.000000    0.000000
   21  2   -8.327295    2.000000    0.000000   -2.000000    0.000000
   23  2   -8.142624    2.000000    0.000000   -2.000000    0.000000
   25  2   -7.957276    2.000000    0.000000    2.000000    0.000000
   27  2   -7.844192    2.000000    0.000000    2.000000    0.000000
   29  1   -1.528336    1.000000    0.000000    1.000000    0.000000
   30  1   -1.526104    1.000000    0.000000    1.000000    0.000000
   31  1   -1.217205    1.000000    0.000000    1.000000    0.000000
   32  1   -1.215033    1.000000    0.000000    1.000000    0.000000
   33  1   -0.438847    1.000000    0.000000   -1.000000    0.000000
   34  1   -0.437650    1.000000    0.000000   -1.000000    0.000000
   35  2   -0.115948    2.000000    0.000000   -2.000000    0.000000
   37  1    0.255389    1.000000    0.000000    1.000000    0.000000
   38  1    0.266499    1.000000    0.000000    1.000000    0.000000
   39  1    0.536097    1.000000    0.000000    1.000000    0.000000
   40  1    0.556762    1.000000    0.000000   -1.000000    0.000000
   41  2    0.558147    2.000000    0.000000    0.000000    0.000000
   43  1    0.593596    1.000000    0.000000   -1.000000    0.000000
   44  1    0.594645    1.000000    0.000000   -1.000000    0.000000
   45  1    1.152473    1.000000    0.000000    1.000000    0.000000
   46  1    1.171318    1.000000    0.000000    1.000000    0.000000
   47  1    1.514350    1.000000    0.000000    1.000000    0.000000
   48  1    1.519852    1.000000    0.000000    1.000000    0.000000
   49  1    1.955392    1.000000    0.000000   -1.000000    0.000000
   50  1    1.956822    1.000000    0.000000   -1.000000    0.000000
   51  1    2.172722    1.000000    0.000000   -1.000000    0.000000
   52  1    2.174282    1.000000    0.000000   -1.000000    0.000000
   53  1    2.458541    1.000000    0.000000    1.000000    0.000000
   54  1    2.466373    1.000000    0.000000    1.000000    0.000000
   55  1    2.982671    1.000000    0.000000    1.000000    0.000000
   56  1    2.995608    1.000000    0.000000    1.000000    0.000000
   57  1    3.241799    1.000000    0.000000    1.000000    0.000000
   58  1    3.251228    1.000000    0.000000    1.000000    0.000000
   59  1    3.527797    1.000000    0.000000    1.000000    0.000000
   60  1    3.548538    1.000000    0.000000    1.000000    0.000000
   61  1    4.310570    1.000000    0.000000    1.000000    0.000000
   62  1    4.336274    1.000000    0.000000    1.000000    0.000000
   63  1    4.535835    1.000000    0.000000    1.000000    0.000000
   64  1    4.550498    1.000000    0.000000    1.000000    0.000000
   65  1    4.905452    1.000000    0.000000    1.000000    0.000000
   66  1    4.927973    1.000000    0.000000    1.000000    0.000000
   67  1    5.403043    1.000000    0.000000    1.000000    0.000000
   68  1    5.421323    1.000000    0.000000    1.000000    0.000000
   69  1    5.850976    1.000000    0.000000    1.000000    0.000000
   70  1    5.855379    1.000000    0.000000    1.000000    0.000000
   71  1    6.279989    1.000000    0.000000   -1.000000    0.000000
   72  1    6.283340    1.000000    0.000000   -1.000000    0.000000
   73  1    6.836509    1.000000    0.000000    1.000000    0.000000
   74  1    6.843961    1.000000    0.000000    1.000000    0.000000
   75  1    7.595037    1.000000    0.000000    1.000000    0.000000
   76  1    7.598760    1.000000    0.000000    1.000000    0.000000
   77  1    8.304281    1.000000    0.000000   -1.000000    0.000000
   78  1    8.308054    1.000000    0.000000   -1.000000    0.000000
   79  2    9.288619    2.000000    0.000000    2.000000    0.000000
   81  2    9.475256    2.000000    0.000000   -2.000000    0.000000
   83  1    9.593867    1.000000    0.000000    1.000000    0.000000
   84  1    9.602126    1.000000    0.000000    1.000000    0.000000
   85  1    9.883782    1.000000    0.000000   -0.999999    0.000000
   86  1    9.885283    1.000000    0.000000   -1.000000    0.000000
   87  1   10.026257    1.000000    0.000000    1.000000    0.000000
   88  1   10.036660    1.000000    0.000000    1.000000    0.000000
   89  1   10.247011    1.000000    0.000000   -1.000000    0.000000
   90  1   10.249374    1.000000    0.000000   -1.000000    0.000000
   91  1   10.649900    1.000000    0.000000    0.999999    0.000000
   92  1   10.654687    1.000000    0.000000    0.999999    0.000000
   93  1   10.776950    1.000000    0.000000    0.999999    0.000000
   94  1   10.782421    1.000000    0.000000    0.999998    0.000000
   95  1   11.581806    1.000000    0.000000   -0.999981    0.000000
   96  1   11.587882    1.000000    0.000000   -0.999993    0.000000
  2
    1    2
    1  2  -50.074895    2.000000    0.000000    0.000000    0.000000
    3  1  -49.829739    1.000000    0.000000    1.000000    0.000000
    4  1  -49.828564    1.000000    0.000000   -1.000000    0.000000
    5  2  -48.824414    2.000000    0.000000    0.000000    0.000000
    7  2  -47.660379    2.000000    0.000000    0.000000    0.000000
    9  2  -47.077772    2.000000    0.000000    0.000000    0.000000
   11  2  -46.610372    2.000000    0.000000    0.000000    0.000000
   13  2  -41.675596    2.000000    0.000000    0.000000    0.000000
   15  2  -41.673702    2.000000    0.000000    0.000000    0.000000
   17  2  -41.669273    2.000000    0.000000    0.000000    0.000000
   19  2  -41.667349    2.000000    0.000000    0.000000    0.000000
   21  2   -9.301170    2.000000    0.000000    0.000000    0.000000
   23  2   -9.279458    2.000000    0.000000    0.000000    0.000000
   25  2   -8.204944    2.000000    0.000000    0.000000    0.000000
   27  2   -8.200243    2.000000    0.000000    0.000000    0.000000
   29  2   -1.157756    2.000000    0.000000    0.000000    0.000000
   31  2   -0.986111    2.000000    0.000000    0.000000    0.000000
   33  2    0.045284    2.000000    0.000000    0.000000    0.000000
   35  2    0.231277    2.000000    0.000000    0.000000    0.000000
   37  2    0.471211    2.000000    0.000000    0.000000    0.000000
   39  2    0.855123    2.000000    0.000000    0.000000    0.000000
   41  2    0.957415    2.000000    0.000000    0.000000    0.000000
   43  2    1.161021    2.000000    0.000000    0.000000    0.000000
   45  2    2.090385    2.000000    0.000000    0.000000    0.000000
   47  2    2.266716    2.000000    0.000000    0.000000    0.000000
   49  2    2.648882    2.000000    0.000000    0.000000    0.000000
   51  2    2.739934    2.000000    0.000000    0.000000    0.000000
   53  2    2.976377    2.000000    0.000000    0.000000    0.000000
   55  2    2.984548    2.000000    0.000000    0.000000    0.000000
   57  2    3.283903    2.000000    0.000000    0.000000    0.000000
   59  2    3.544359    2.000000    0.000000    0.000000    0.000000
   61  2    4.121828    2.000000    0.000000    0.000000    0.000000
   63  2    4.420728    2.000000    0.000000    0.000000    0.000000
   65  2    5.100888    2.000000    0.000000    0.000000    0.000000
   67  2    5.448083    2.000000    0.000000    0.000000    0.000000
   69  2    5.902291    2.000000    0.000000    0.000000    0.000000
   71  2    6.720275    2.000000    0.000000    0.000000    0.000000
   73  2    8.364089    2.000000    0.000000    0.000000    0.000000
   75  2    8.427377    2.000000    0.000000    0.000000    0.000000
   77  2    8.445539    2.000000    0.000000    0.000000    0.000000
   79  2    8.707704    2.000000    0.000000    0.000000    0.000000
   81  2    9.909990    2.000000    0.000000    0.000000    0.000000
   83  2    9.990543    2.000000    0.000000    0.000000    0.000000
   85  2   10.711944    2.000000    0.000000    0.000000    0.000000
   87  2   10.824209    2.000000    0.000000    0.000000    0.000000
   89  2   11.060032    2.000000    0.000000   -0.000041    0.000000
   91  2   11.101298    2.000000    0.000000   -0.000007    0.000000
   93  1   12.523588    1.000000    0.000000   -0.298222    0.000000
   94  1   12.524805    1.000000    0.000000    0.299673    0.000000
   95  1   12.552933    1.000000    0.000000   -0.549379    0.000000
   96  1   12.565926    1.000000    0.000000    0.540843    0.000000
