   70  112
  1
  2
  1  0  0  0  1  0  0  0  1    0.000000    0.000000    0.000000    1.000000    0.000000    0.000000    0.000000    0.000000    0.000000    1.000000    0.000000  1
 -1  0  0  0 -1  0  0  0 -1    0.000000    0.000000    0.000000    1.000000    0.000000    0.000000    0.000000    0.000000    0.000000    1.000000    0.000000 -1
  8
    0.000000    0.000000    0.000000
    0.500000    0.500000    0.500000
    0.000000    0.500000    0.500000
    0.500000    0.000000    0.500000
    0.500000    0.500000    0.000000
    0.500000    0.000000    0.000000
    0.000000    0.500000    0.000000
    0.000000    0.000000    0.500000
  1
    1
    1  2  -54.183972    2.000000    0.000000
    3  2  -53.729611    2.000000    0.000000
    5  2  -53.041154    2.000000    0.000000
    7  2  -50.605457    2.000000    0.000000
    9  2  -50.136029    2.000000    0.000000
   11  2  -49.772784    2.000000    0.000000
   13  2  -25.019926    2.000000    0.000000
   15  2  -25.007849    2.000000    0.000000
   17  2  -11.211888    2.000000    0.000000
   19  2  -10.487649    2.000000    0.000000
   21  2  -10.470913    2.000000    0.000000
   23  2  -10.450441    2.000000    0.000000
   25  2   -9.723843    2.000000    0.000000
   27  2   -9.638054    2.000000    0.000000
   29  2   -8.925423    2.000000    0.000000
   31  2   -8.854677    2.000000    0.000000
   33  2   -8.811841    2.000000    0.000000
   35  2   -8.780948    2.000000    0.000000
   37  2   -3.142496    2.000000    0.000000
   39  2   -2.361737    2.000000    0.000000
   41  2   -2.087248    2.000000    0.000000
   43  2   -2.046309    2.000000    0.000000
   45  2   -1.921567    2.000000    0.000000
   47  2   -1.871663    2.000000    0.000000
   49  2   -1.246773    2.000000    0.000000
   51  2   -0.792549    2.000000    0.000000
   53  2   -0.753105    2.000000    0.000000
   55  2   -0.691902    2.000000    0.000000
   57  2   -0.573097    2.000000    0.000000
   59  2   -0.088344    2.000000    0.000000
   61  2   -0.077992    2.000000    0.000000
   63  2    0.453225    2.000000    0.000000
   65  2    0.946753    2.000000    0.000000
   67  2    1.052795    2.000000    0.000000
   69  2    1.097873    2.000000    0.000000
   71  2    2.264557    2.000000    0.000000
   73  2    2.303082    2.000000    0.000000
   75  2    3.002641    2.000000    0.000000
   77  2    3.158875    2.000000    0.000000
   79  2    3.280026    2.000000    0.000000
   81  2    4.344350    2.000000    0.000000
   83  2    6.020869    2.000000    0.000000
   85  1    6.668183    1.000000    0.000000
   86  1    6.669213    1.000000    0.000000
   87  2    7.175046    2.000000    0.000000
   89  2    7.325708    2.000000    0.000000
   91  2    7.427282    2.000000    0.000000
   93  2    7.631912    2.000000    0.000000
   95  2    7.695086    2.000000    0.000000
   97  2    7.764275    2.000000    0.000000
   99  2    7.975506    2.000000    0.000000
  101  2    8.161361    2.000000    0.000000
  103  2    8.418553    2.000000    0.000000
  105  2    8.503913    2.000000    0.000000
  107  2    9.457574    2.000000    0.000000
  109  2    9.807224    2.000000    0.000000
  111  1   10.244354    1.000000    0.000000
  112  1   10.282854    1.000000    0.000000
  1
    1
    1  2  -54.183830    2.000000    0.000000
    3  2  -53.729589    2.000000    0.000000
    5  2  -53.040960    2.000000    0.000000
    7  2  -50.605721    2.000000    0.000000
    9  2  -50.136024    2.000000    0.000000
   11  2  -49.773060    2.000000    0.000000
   13  4  -25.013671    4.000000    0.000000
   17  2  -10.812074    2.000000    0.000000
   19  2  -10.806864    2.000000    0.000000
   21  2  -10.603160    2.000000    0.000000
   23  2  -10.600885    2.000000    0.000000
   25  2   -9.636928    2.000000    0.000000
   27  2   -9.635841    2.000000    0.000000
   29  2   -8.838182    2.000000    0.000000
   31  2   -8.836276    2.000000    0.000000
   33  2   -8.780568    2.000000    0.000000
   35  2   -8.779351    2.000000    0.000000
   37  2   -2.406294    2.000000    0.000000
   39  2   -2.401633    2.000000    0.000000
   41  2   -2.106999    2.000000    0.000000
   43  2   -2.041223    2.000000    0.000000
   45  2   -1.952859    2.000000    0.000000
   47  2   -1.778371    2.000000    0.000000
   49  2   -1.761854    2.000000    0.000000
   51  2   -1.421255    2.000000    0.000000
   53  2   -1.339132    2.000000    0.000000
   55  2   -0.698793    2.000000    0.000000
   57  2   -0.550308    2.000000    0.000000
   59  2   -0.304291    2.000000    0.000000
   61  2    0.030502    2.000000    0.000000
   63  2    0.288351    2.000000    0.000000
   65  2    0.894908    2.000000    0.000000
   67  2    1.283510    2.000000    0.000000
   69  2    1.553084    2.000000    0.000000
   71  2    2.468457    2.000000    0.000000
   73  2    2.645899    2.000000    0.000000
   75  2    2.864904    2.000000    0.000000
   77  2    2.901150    2.000000    0.000000
   79  2    2.990421    2.000000    0.000000
   81  2    6.310299    2.000000    0.000000
   83  2    6.382699    2.000000    0.000000
   85  2    6.979680    2.000000    0.000000
   87  2    7.079594    2.000000    0.000000
   89  2    7.618678    2.000000    0.000000
   91  2    7.671226    2.000000    0.000000
   93  2    7.971467    2.000000    0.000000
   95  2    8.073404    2.000000    0.000000
   97  2    8.418410    2.000000    0.000000
   99  2    8.475978    2.000000    0.000000
  101  2    8.622879    2.000000    0.000000
  103  2    8.685163    2.000000    0.000000
  105  1    9.059087    1.000000    0.000000
  106  1    9.060502    1.000000    0.000000
  107  1    9.131162    1.000000    0.000000
  108  1    9.132187    1.000000    0.000000
  109  1    9.320709    1.000000    0.000000
  110  1    9.323829    1.000000    0.000000
  111  1    9.489098    1.000000    0.000000
  112  1    9.495711    1.000000    0.000000
  1
    1
    1  2  -54.183972    2.000000    0.000000
    3  2  -53.729611    2.000000    0.000000
    5  2  -53.041154    2.000000    0.000000
    7  2  -50.605456    2.000000    0.000000
    9  2  -50.136031    2.000000    0.000000
   11  2  -49.772784    2.000000    0.000000
   13  2  -25.015463    2.000000    0.000000
   15  2  -25.012225    2.000000    0.000000
   17  2  -11.162214    2.000000    0.000000
   19  2  -10.641588    2.000000    0.000000
   21  2  -10.606856    2.000000    0.000000
   23  2  -10.336606    2.000000    0.000000
   25  2   -9.680093    2.000000    0.000000
   27  2   -9.615883    2.000000    0.000000
   29  2   -8.859482    2.000000    0.000000
   31  2   -8.821189    2.000000    0.000000
   33  2   -8.815459    2.000000    0.000000
   35  2   -8.756864    2.000000    0.000000
   37  2   -2.888764    2.000000    0.000000
   39  2   -2.375173    2.000000    0.000000
   41  2   -2.312898    2.000000    0.000000
   43  2   -2.146896    2.000000    0.000000
   45  2   -1.966810    2.000000    0.000000
   47  2   -1.836379    2.000000    0.000000
   49  2   -0.929559    2.000000    0.000000
   51  2   -0.837467    2.000000    0.000000
   53  2   -0.744084    2.000000    0.000000
   55  2   -0.607608    2.000000    0.000000
   57  2   -0.543555    2.000000    0.000000
   59  2   -0.476765    2.000000    0.000000
   61  2   -0.118505    2.000000    0.000000
   63  2    0.439254    2.000000    0.000000
   65  2    0.696012    2.000000    0.000000
   67  2    0.957434    2.000000    0.000000
   69  2    1.176778    2.000000    0.000000
   71  2    2.178293    2.000000    0.000000
   73  2    2.312870    2.000000    0.000000
   75  2    2.612833    2.000000    0.000000
   77  2    2.979502    2.000000    0.000000
   79  2    3.181785    2.000000    0.000000
   81  2    5.787472    2.000000    0.000000
   83  2    6.162608    2.000000    0.000000
   85  2    6.274269    2.000000    0.000000
   87  2    6.944741    2.000000    0.000000
   89  2    6.979379    2.000000    0.000000
   91  2    7.341521    2.000000    0.000000
   93  2    7.726895    2.000000    0.000000
   95  2    7.881306    2.000000    0.000000
   97  2    8.092494    2.000000    0.000000
   99  2    8.234765    2.000000    0.000000
  101  2    8.519705    2.000000    0.000000
  103  2    8.581430    2.000000    0.000000
  105  2    9.449273    2.000000    0.000000
  107  2    9.667116    2.000000    0.000000
  109  1   10.071092    1.000000    0.000000
  110  1   10.104771    1.000000    0.000000
  111  1   10.122164    1.000000    0.000000
  112  1   10.190551    1.000000    0.000000
  1
    1
    1  2  -54.183830    2.000000    0.000000
    3  2  -53.729589    2.000000    0.000000
    5  2  -53.040960    2.000000    0.000000
    7  2  -50.605721    2.000000    0.000000
    9  2  -50.136024    2.000000    0.000000
   11  2  -49.773060    2.000000    0.000000
   13  2  -25.015460    2.000000    0.000000
   15  2  -25.011354    2.000000    0.000000
   17  2  -10.908996    2.000000    0.000000
   19  2  -10.754800    2.000000    0.000000
   21  2  -10.584650    2.000000    0.000000
   23  2  -10.497764    2.000000    0.000000
   25  2   -9.680878    2.000000    0.000000
   27  2   -9.634122    2.000000    0.000000
   29  2   -8.885200    2.000000    0.000000
   31  2   -8.830221    2.000000    0.000000
   33  2   -8.818023    2.000000    0.000000
   35  2   -8.770587    2.000000    0.000000
   37  2   -2.570085    2.000000    0.000000
   39  2   -2.384499    2.000000    0.000000
   41  2   -2.078225    2.000000    0.000000
   43  2   -2.003927    2.000000    0.000000
   45  2   -1.937427    2.000000    0.000000
   47  2   -1.856934    2.000000    0.000000
   49  2   -1.721843    2.000000    0.000000
   51  2   -1.337014    2.000000    0.000000
   53  2   -1.242747    2.000000    0.000000
   55  2   -0.605497    2.000000    0.000000
   57  2   -0.452975    2.000000    0.000000
   59  2   -0.368107    2.000000    0.000000
   61  2   -0.020363    2.000000    0.000000
   63  2    0.281090    2.000000    0.000000
   65  2    0.872501    2.000000    0.000000
   67  2    1.479277    2.000000    0.000000
   69  2    1.498845    2.000000    0.000000
   71  2    2.495808    2.000000    0.000000
   73  2    2.658148    2.000000    0.000000
   75  2    2.788337    2.000000    0.000000
   77  2    2.899597    2.000000    0.000000
   79  2    3.043982    2.000000    0.000000
   81  1    6.109812    1.000000    0.000000
   82  1    6.111135    1.000000    0.000000
   83  2    6.425732    2.000000    0.000000
   85  2    6.543203    2.000000    0.000000
   87  2    7.059248    2.000000    0.000000
   89  1    7.274323    1.000000    0.000000
   90  1    7.275396    1.000000    0.000000
   91  2    7.415562    2.000000    0.000000
   93  2    7.586748    2.000000    0.000000
   95  2    8.126370    2.000000    0.000000
   97  2    8.263327    2.000000    0.000000
   99  2    8.583832    2.000000    0.000000
  101  2    8.666248    2.000000    0.000000
  103  2    8.736363    2.000000    0.000000
  105  2    8.875663    2.000000    0.000000
  107  1    9.477976    1.000000    0.000000
  108  1    9.479794    1.000000    0.000000
  109  1    9.680678    1.000000    0.000000
  110  1    9.691440    1.000000    0.000000
  111  1    9.807899    1.000000    0.000000
  112  1    9.918366    1.000000    0.000000
  1
    1
    1  2  -54.183830    2.000000    0.000000
    3  2  -53.729589    2.000000    0.000000
    5  2  -53.040960    2.000000    0.000000
    7  2  -50.605720    2.000000    0.000000
    9  2  -50.136025    2.000000    0.000000
   11  2  -49.773059    2.000000    0.000000
   13  2  -25.015459    2.000000    0.000000
   15  2  -25.011356    2.000000    0.000000
   17  2  -10.909126    2.000000    0.000000
   19  2  -10.754667    2.000000    0.000000
   21  2  -10.584531    2.000000    0.000000
   23  2  -10.497877    2.000000    0.000000
   25  2   -9.680872    2.000000    0.000000
   27  2   -9.634132    2.000000    0.000000
   29  2   -8.885172    2.000000    0.000000
   31  2   -8.830286    2.000000    0.000000
   33  2   -8.817993    2.000000    0.000000
   35  2   -8.770585    2.000000    0.000000
   37  2   -2.569982    2.000000    0.000000
   39  2   -2.384359    2.000000    0.000000
   41  2   -2.084578    2.000000    0.000000
   43  2   -1.998379    2.000000    0.000000
   45  2   -1.936564    2.000000    0.000000
   47  2   -1.856309    2.000000    0.000000
   49  2   -1.722005    2.000000    0.000000
   51  2   -1.336494    2.000000    0.000000
   53  2   -1.243676    2.000000    0.000000
   55  2   -0.612496    2.000000    0.000000
   57  2   -0.446691    2.000000    0.000000
   59  2   -0.366455    2.000000    0.000000
   61  2   -0.020973    2.000000    0.000000
   63  2    0.280168    2.000000    0.000000
   65  2    0.874078    2.000000    0.000000
   67  2    1.468658    2.000000    0.000000
   69  2    1.507653    2.000000    0.000000
   71  2    2.496074    2.000000    0.000000
   73  2    2.660862    2.000000    0.000000
   75  2    2.786238    2.000000    0.000000
   77  2    2.898154    2.000000    0.000000
   79  2    3.045027    2.000000    0.000000
   81  2    6.110424    2.000000    0.000000
   83  2    6.425745    2.000000    0.000000
   85  2    6.543047    2.000000    0.000000
   87  1    7.058859    1.000000    0.000000
   88  1    7.060211    1.000000    0.000000
   89  2    7.274592    2.000000    0.000000
   91  2    7.415560    2.000000    0.000000
   93  2    7.586888    2.000000    0.000000
   95  2    8.126458    2.000000    0.000000
   97  2    8.263328    2.000000    0.000000
   99  2    8.583489    2.000000    0.000000
  101  2    8.666420    2.000000    0.000000
  103  2    8.736175    2.000000    0.000000
  105  2    8.875881    2.000000    0.000000
  107  1    9.477981    1.000000    0.000000
  108  1    9.479169    1.000000    0.000000
  109  1    9.680038    1.000000    0.000000
  110  1    9.683001    1.000000    0.000000
  111  1    9.804621    1.000000    0.000000
  112  1    9.816683    1.000000    0.000000
  1
    1
    1  2  -54.183830    2.000000    0.000000
    3  2  -53.729590    2.000000    0.000000
    5  2  -53.040960    2.000000    0.000000
    7  2  -50.605721    2.000000    0.000000
    9  2  -50.136025    2.000000    0.000000
   11  2  -49.773060    2.000000    0.000000
   13  4  -25.013718    4.000000    0.000000
   17  2  -10.880877    2.000000    0.000000
   19  2  -10.874718    2.000000    0.000000
   21  4  -10.449986    4.000000    0.000000
   25  2   -9.685001    2.000000    0.000000
   27  2   -9.683867    2.000000    0.000000
   29  2   -8.887510    2.000000    0.000000
   31  2   -8.886433    2.000000    0.000000
   33  2   -8.801796    2.000000    0.000000
   35  2   -8.800111    2.000000    0.000000
   37  2   -2.607741    2.000000    0.000000
   39  2   -2.460790    2.000000    0.000000
   41  2   -2.075316    2.000000    0.000000
   43  2   -2.021528    2.000000    0.000000
   45  2   -1.916493    2.000000    0.000000
   47  2   -1.852847    2.000000    0.000000
   49  2   -1.730374    2.000000    0.000000
   51  2   -1.228924    2.000000    0.000000
   53  2   -1.188867    2.000000    0.000000
   55  2   -0.500334    2.000000    0.000000
   57  2   -0.387093    2.000000    0.000000
   59  2   -0.326078    2.000000    0.000000
   61  2   -0.151629    2.000000    0.000000
   63  2    0.282920    2.000000    0.000000
   65  2    0.874447    2.000000    0.000000
   67  2    1.429830    2.000000    0.000000
   69  2    1.723196    2.000000    0.000000
   71  2    2.408464    2.000000    0.000000
   73  2    2.594586    2.000000    0.000000
   75  2    2.825545    2.000000    0.000000
   77  2    2.968764    2.000000    0.000000
   79  2    3.155468    2.000000    0.000000
   81  2    5.883928    2.000000    0.000000
   83  2    5.952576    2.000000    0.000000
   85  2    6.662906    2.000000    0.000000
   87  2    6.730310    2.000000    0.000000
   89  2    7.023467    2.000000    0.000000
   91  2    7.110893    2.000000    0.000000
   93  2    7.885793    2.000000    0.000000
   95  2    7.954309    2.000000    0.000000
   97  2    8.228573    2.000000    0.000000
   99  1    8.330567    1.000000    0.000000
  100  1    8.331737    1.000000    0.000000
  101  2    8.898086    2.000000    0.000000
  103  2    8.972268    2.000000    0.000000
  105  2    9.177840    2.000000    0.000000
  107  2    9.278945    2.000000    0.000000
  109  1   10.038030    1.000000    0.000000
  110  1   10.048468    1.000000    0.000000
  111  1   10.098246    1.000000    0.000000
  112  1   10.119554    1.000000    0.000000
  1
    1
    1  2  -54.183974    2.000000    0.000000
    3  2  -53.729611    2.000000    0.000000
    5  2  -53.041155    2.000000    0.000000
    7  2  -50.605460    2.000000    0.000000
    9  2  -50.136030    2.000000    0.000000
   11  2  -49.772786    2.000000    0.000000
   13  2  -25.017669    2.000000    0.000000
   15  2  -25.010039    2.000000    0.000000
   17  2  -11.204344    2.000000    0.000000
   19  2  -10.577171    2.000000    0.000000
   21  2  -10.490848    2.000000    0.000000
   23  2  -10.418586    2.000000    0.000000
   25  2   -9.683989    2.000000    0.000000
   27  2   -9.645086    2.000000    0.000000
   29  2   -8.877709    2.000000    0.000000
   31  2   -8.833761    2.000000    0.000000
   33  2   -8.818147    2.000000    0.000000
   35  2   -8.779771    2.000000    0.000000
   37  2   -2.888869    2.000000    0.000000
   39  2   -2.333932    2.000000    0.000000
   41  2   -2.269488    2.000000    0.000000
   43  2   -2.093308    2.000000    0.000000
   45  2   -1.960566    2.000000    0.000000
   47  2   -1.851123    2.000000    0.000000
   49  2   -1.321245    2.000000    0.000000
   51  2   -0.856943    2.000000    0.000000
   53  2   -0.723600    2.000000    0.000000
   55  2   -0.493549    2.000000    0.000000
   57  2   -0.387747    2.000000    0.000000
   59  2   -0.152985    2.000000    0.000000
   61  2    0.033987    2.000000    0.000000
   63  2    0.375505    2.000000    0.000000
   65  2    0.654430    2.000000    0.000000
   67  2    0.803804    2.000000    0.000000
   69  2    1.001227    2.000000    0.000000
   71  2    2.330757    2.000000    0.000000
   73  2    2.404493    2.000000    0.000000
   75  2    2.536931    2.000000    0.000000
   77  2    2.806401    2.000000    0.000000
   79  2    3.109295    2.000000    0.000000
   81  2    5.889215    2.000000    0.000000
   83  2    6.144798    2.000000    0.000000
   85  2    6.191744    2.000000    0.000000
   87  2    6.794524    2.000000    0.000000
   89  1    7.035679    1.000000    0.000000
   90  1    7.036686    1.000000    0.000000
   91  2    7.502815    2.000000    0.000000
   93  2    7.682967    2.000000    0.000000
   95  2    7.849182    2.000000    0.000000
   97  2    8.197587    2.000000    0.000000
   99  2    8.234445    2.000000    0.000000
  101  2    8.557806    2.000000    0.000000
  103  2    8.852020    2.000000    0.000000
  105  1    9.296313    1.000000    0.000000
  106  1    9.297531    1.000000    0.000000
  107  1    9.487538    1.000000    0.000000
  108  1    9.496512    1.000000    0.000000
  109  1    9.596894    1.000000    0.000000
  110  1    9.613303    1.000000    0.000000
  111  1    9.661382    1.000000    0.000000
  112  1    9.711595    1.000000    0.000000
  1
    1
    1  2  -54.183972    2.000000    0.000000
    3  2  -53.729613    2.000000    0.000000
    5  2  -53.041154    2.000000    0.000000
    7  2  -50.605458    2.000000    0.000000
    9  2  -50.136033    2.000000    0.000000
   11  2  -49.772785    2.000000    0.000000
   13  2  -25.017668    2.000000    0.000000
   15  2  -25.010039    2.000000    0.000000
   17  2  -11.204321    2.000000    0.000000
   19  2  -10.577281    2.000000    0.000000
   21  2  -10.490751    2.000000    0.000000
   23  2  -10.418606    2.000000    0.000000
   25  2   -9.683987    2.000000    0.000000
   27  2   -9.645088    2.000000    0.000000
   29  2   -8.877727    2.000000    0.000000
   31  2   -8.833734    2.000000    0.000000
   33  2   -8.818144    2.000000    0.000000
   35  2   -8.779780    2.000000    0.000000
   37  2   -2.888856    2.000000    0.000000
   39  2   -2.332646    2.000000    0.000000
   41  2   -2.270249    2.000000    0.000000
   43  2   -2.094163    2.000000    0.000000
   45  2   -1.961259    2.000000    0.000000
   47  2   -1.849787    2.000000    0.000000
   49  2   -1.322844    2.000000    0.000000
   51  2   -0.854401    2.000000    0.000000
   53  2   -0.720425    2.000000    0.000000
   55  2   -0.504243    2.000000    0.000000
   57  2   -0.381262    2.000000    0.000000
   59  2   -0.153860    2.000000    0.000000
   61  2    0.034371    2.000000    0.000000
   63  2    0.377851    2.000000    0.000000
   65  2    0.649457    2.000000    0.000000
   67  2    0.804738    2.000000    0.000000
   69  2    1.003382    2.000000    0.000000
   71  2    2.329234    2.000000    0.000000
   73  2    2.404558    2.000000    0.000000
   75  2    2.539187    2.000000    0.000000
   77  2    2.805140    2.000000    0.000000
   79  2    3.109505    2.000000    0.000000
   81  2    5.889073    2.000000    0.000000
   83  2    6.144825    2.000000    0.000000
   85  2    6.191826    2.000000    0.000000
   87  1    6.794116    1.000000    0.000000
   88  1    6.795176    1.000000    0.000000
   89  2    7.036000    2.000000    0.000000
   91  2    7.502759    2.000000    0.000000
   93  2    7.682966    2.000000    0.000000
   95  2    7.849012    2.000000    0.000000
   97  2    8.197721    2.000000    0.000000
   99  2    8.234490    2.000000    0.000000
  101  2    8.557765    2.000000    0.000000
  103  2    8.852223    2.000000    0.000000
  105  2    9.296070    2.000000    0.000000
  107  1    9.487435    1.000000    0.000000
  108  1    9.489264    1.000000    0.000000
  109  1    9.596970    1.000000    0.000000
  110  1    9.599455    1.000000    0.000000
  111  1    9.662910    1.000000    0.000000
  112  1    9.664538    1.000000    0.000000
