   78  120
  1
  2
  1  0  0  0  1  0  0  0  1    0.000000    0.000000    0.000000    1.000000    0.000000    0.000000    0.000000    0.000000    0.000000    1.000000    0.000000  1
 -1  0  0  0 -1  0  0  0 -1    0.000000    0.000000    0.000000    1.000000    0.000000    0.000000    0.000000    0.000000    0.000000    1.000000    0.000000 -1
  8
    0.000000    0.000000    0.000000
    0.500000    0.500000    0.500000
    0.000000    0.500000    0.500000
    0.500000    0.000000    0.500000
    0.500000    0.500000    0.000000
    0.500000    0.000000    0.000000
    0.000000    0.500000    0.000000
    0.000000    0.000000    0.500000
  1
    1
    1  2  -28.675515    2.000000    0.000000
    3  2  -28.666725    2.000000    0.000000
    5  2  -28.660145    2.000000    0.000000
    7  2  -28.658554    2.000000    0.000000
    9  2  -12.411309    2.000000    0.000000
   11  2  -12.401984    2.000000    0.000000
   13  2  -12.374049    2.000000    0.000000
   15  2  -12.323441    2.000000    0.000000
   17  2  -12.169576    2.000000    0.000000
   19  2  -12.159126    2.000000    0.000000
   21  2  -12.134327    2.000000    0.000000
   23  2  -12.125149    2.000000    0.000000
   25  2  -12.116717    2.000000    0.000000
   27  2  -12.088696    2.000000    0.000000
   29  2  -12.051179    2.000000    0.000000
   31  2  -12.049348    2.000000    0.000000
   33  2  -10.822928    2.000000    0.000000
   35  2  -10.255975    2.000000    0.000000
   37  2  -10.250720    2.000000    0.000000
   39  2  -10.149035    2.000000    0.000000
   41  2   -2.554263    2.000000    0.000000
   43  2   -2.181954    2.000000    0.000000
   45  2   -1.459615    2.000000    0.000000
   47  2   -1.425880    2.000000    0.000000
   49  2   -1.334377    2.000000    0.000000
   51  2   -1.131226    2.000000    0.000000
   53  2   -1.060957    2.000000    0.000000
   55  2   -0.739175    2.000000    0.000000
   57  2   -0.654396    2.000000    0.000000
   59  2   -0.479905    2.000000    0.000000
   61  2   -0.280448    2.000000    0.000000
   63  2    0.092372    2.000000    0.000000
   65  2    0.300000    2.000000    0.000000
   67  2    0.514570    2.000000    0.000000
   69  2    0.632955    2.000000    0.000000
   71  2    1.014660    2.000000    0.000000
   73  2    1.119599    2.000000    0.000000
   75  2    1.638494    2.000000    0.000000
   77  2    1.828480    2.000000    0.000000
   79  2    2.777511    2.000000    0.000000
   81  2    2.855233    2.000000    0.000000
   83  2    2.889149    2.000000    0.000000
   85  1    3.371889    1.000000    0.000000
   86  1    3.373256    1.000000    0.000000
   87  1    5.236703    1.000000    0.000000
   88  1    5.238006    1.000000    0.000000
   89  2    5.263117    2.000000    0.000000
   91  1    6.006460    1.000000    0.000000
   92  1    6.008375    1.000000    0.000000
   93  1    6.048975    1.000000    0.000000
   94  1    6.051984    1.000000    0.000000
   95  2    6.564710    2.000000    0.000000
   97  1    6.576102    1.000000    0.000000
   98  1    6.578212    1.000000    0.000000
   99  2    6.747733    2.000000    0.000000
  101  2    6.833223    2.000000    0.000000
  103  2    7.129088    2.000000    0.000000
  105  2    7.351952    2.000000    0.000000
  107  2    7.515049    2.000000    0.000000
  109  2    7.859259    2.000000    0.000000
  111  2    7.964873    2.000000    0.000000
  113  1    8.000923    1.000000    0.000000
  114  1    8.002408    1.000000    0.000000
  115  1    8.547412    1.000000    0.000000
  116  1    8.548730    1.000000    0.000000
  117  1    8.758412    1.000000    0.000000
  118  1    8.796031    1.000000    0.000000
  119  1    8.895819    1.000000    0.000000
  120  1    8.907665    1.000000    0.000000
  1
    1
    1  4  -28.665817    4.000000    0.000000
    5  4  -28.664605    4.000000    0.000000
    9  2  -12.439396    2.000000    0.000000
   11  2  -12.437725    2.000000    0.000000
   13  4  -12.403281    4.000000    0.000000
   17  2  -12.176268    2.000000    0.000000
   19  2  -12.175230    2.000000    0.000000
   21  4  -12.148125    4.000000    0.000000
   25  4  -12.072751    4.000000    0.000000
   29  4  -12.059505    4.000000    0.000000
   33  2  -10.434132    2.000000    0.000000
   35  2  -10.427604    2.000000    0.000000
   37  4  -10.148103    4.000000    0.000000
   41  2   -2.380436    2.000000    0.000000
   43  2   -2.261941    2.000000    0.000000
   45  2   -1.493304    2.000000    0.000000
   47  2   -1.433922    2.000000    0.000000
   49  2   -1.355582    2.000000    0.000000
   51  2   -1.330028    2.000000    0.000000
   53  2   -1.218439    2.000000    0.000000
   55  2   -1.169009    2.000000    0.000000
   57  2   -0.821298    2.000000    0.000000
   59  2   -0.447491    2.000000    0.000000
   61  2   -0.388524    2.000000    0.000000
   63  2   -0.280156    2.000000    0.000000
   65  2    0.265101    2.000000    0.000000
   67  2    0.416218    2.000000    0.000000
   69  2    0.938158    2.000000    0.000000
   71  2    1.302535    2.000000    0.000000
   73  2    1.419051    2.000000    0.000000
   75  2    1.940085    2.000000    0.000000
   77  2    2.053809    2.000000    0.000000
   79  2    2.437107    2.000000    0.000000
   81  2    2.584781    2.000000    0.000000
   83  2    2.722426    2.000000    0.000000
   85  2    5.030750    2.000000    0.000000
   87  2    5.106594    2.000000    0.000000
   89  2    5.387380    2.000000    0.000000
   91  1    5.465199    1.000000    0.000000
   92  1    5.466372    1.000000    0.000000
   93  2    6.035085    2.000000    0.000000
   95  1    6.110463    1.000000    0.000000
   96  1    6.111836    1.000000    0.000000
   97  2    6.639559    2.000000    0.000000
   99  2    6.718044    2.000000    0.000000
  101  2    7.167049    2.000000    0.000000
  103  2    7.237836    2.000000    0.000000
  105  2    7.680000    2.000000    0.000000
  107  2    7.728259    2.000000    0.000000
  109  1    7.783670    1.000000    0.000000
  110  1    7.784835    1.000000    0.000000
  111  1    7.791867    1.000000    0.000000
  112  1    7.793384    1.000000    0.000000
  113  1    8.638657    1.000000    0.000000
  114  1    8.646031    1.000000    0.000000
  115  1    8.654376    1.000000    0.000000
  116  1    8.678060    1.000000    0.000000
  117  1    8.703770    1.000000    0.000000
  118  1    8.742544    1.000000    0.000000
  119  1    8.800251    1.000000    0.000000
  120  1    8.827452    1.000000    0.000000
  1
    1
    1  2  -28.672220    2.000000    0.000000
    3  2  -28.670237    2.000000    0.000000
    5  4  -28.659437    4.000000    0.000000
    9  2  -12.415484    2.000000    0.000000
   11  2  -12.398624    2.000000    0.000000
   13  2  -12.380407    2.000000    0.000000
   15  2  -12.372970    2.000000    0.000000
   17  2  -12.177974    2.000000    0.000000
   19  2  -12.162328    2.000000    0.000000
   21  2  -12.146891    2.000000    0.000000
   23  2  -12.128999    2.000000    0.000000
   25  2  -12.097745    2.000000    0.000000
   27  2  -12.096320    2.000000    0.000000
   29  2  -12.075356    2.000000    0.000000
   31  2  -12.051000    2.000000    0.000000
   33  2  -10.645531    2.000000    0.000000
   35  2  -10.268848    2.000000    0.000000
   37  2  -10.219466    2.000000    0.000000
   39  2  -10.180371    2.000000    0.000000
   41  2   -2.518475    2.000000    0.000000
   43  2   -2.180979    2.000000    0.000000
   45  2   -1.623425    2.000000    0.000000
   47  2   -1.497636    2.000000    0.000000
   49  2   -1.425387    2.000000    0.000000
   51  2   -1.130503    2.000000    0.000000
   53  2   -1.044427    2.000000    0.000000
   55  2   -0.813685    2.000000    0.000000
   57  2   -0.755449    2.000000    0.000000
   59  2   -0.526640    2.000000    0.000000
   61  2   -0.269317    2.000000    0.000000
   63  2    0.068045    2.000000    0.000000
   65  2    0.335242    2.000000    0.000000
   67  2    0.560395    2.000000    0.000000
   69  2    0.682970    2.000000    0.000000
   71  2    0.876809    2.000000    0.000000
   73  2    1.008398    2.000000    0.000000
   75  2    1.622325    2.000000    0.000000
   77  2    1.889927    2.000000    0.000000
   79  2    2.502228    2.000000    0.000000
   81  2    2.701946    2.000000    0.000000
   83  2    2.750170    2.000000    0.000000
   85  1    4.998575    1.000000    0.000000
   86  1    5.004737    1.000000    0.000000
   87  1    5.514141    1.000000    0.000000
   88  1    5.515538    1.000000    0.000000
   89  1    5.766372    1.000000    0.000000
   90  1    5.769899    1.000000    0.000000
   91  2    5.845551    2.000000    0.000000
   93  1    5.992358    1.000000    0.000000
   94  1    6.000978    1.000000    0.000000
   95  2    6.194847    2.000000    0.000000
   97  2    6.458313    2.000000    0.000000
   99  2    6.951432    2.000000    0.000000
  101  1    7.205229    1.000000    0.000000
  102  1    7.206382    1.000000    0.000000
  103  1    7.246746    1.000000    0.000000
  104  1    7.248243    1.000000    0.000000
  105  2    7.406487    2.000000    0.000000
  107  2    7.670276    2.000000    0.000000
  109  2    7.979162    2.000000    0.000000
  111  1    8.141897    1.000000    0.000000
  112  1    8.144205    1.000000    0.000000
  113  1    8.188269    1.000000    0.000000
  114  1    8.189435    1.000000    0.000000
  115  1    8.494999    1.000000    0.000000
  116  1    8.496004    1.000000    0.000000
  117  1    8.510744    1.000000    0.000000
  118  1    8.514223    1.000000    0.000000
  119  1    8.854335    1.000000    0.000000
  120  1    8.874783    1.000000    0.000000
  1
    1
    1  4  -28.666777    4.000000    0.000000
    5  4  -28.663698    4.000000    0.000000
    9  4  -12.411315    4.000000    0.000000
   13  4  -12.390001    4.000000    0.000000
   17  4  -12.179845    4.000000    0.000000
   21  4  -12.130207    4.000000    0.000000
   25  4  -12.098276    4.000000    0.000000
   29  4  -12.057507    4.000000    0.000000
   33  2  -10.479807    2.000000    0.000000
   35  2  -10.472688    2.000000    0.000000
   37  4  -10.169157    4.000000    0.000000
   41  2   -2.255812    2.000000    0.000000
   43  2   -2.134348    2.000000    0.000000
   45  2   -1.547761    2.000000    0.000000
   47  2   -1.462105    2.000000    0.000000
   49  2   -1.341085    2.000000    0.000000
   51  2   -1.322935    2.000000    0.000000
   53  2   -1.071533    2.000000    0.000000
   55  2   -0.989824    2.000000    0.000000
   57  2   -0.865424    2.000000    0.000000
   59  2   -0.427403    2.000000    0.000000
   61  2   -0.388476    2.000000    0.000000
   63  2   -0.309251    2.000000    0.000000
   65  2    0.266198    2.000000    0.000000
   67  2    0.378984    2.000000    0.000000
   69  2    0.839536    2.000000    0.000000
   71  2    1.348219    2.000000    0.000000
   73  2    1.404560    2.000000    0.000000
   75  2    1.892459    2.000000    0.000000
   77  2    2.015044    2.000000    0.000000
   79  2    2.432078    2.000000    0.000000
   81  2    2.626034    2.000000    0.000000
   83  2    2.665639    2.000000    0.000000
   85  1    5.028119    1.000000    0.000000
   86  1    5.030610    1.000000    0.000000
   87  1    5.033705    1.000000    0.000000
   88  1    5.036218    1.000000    0.000000
   89  1    5.599045    1.000000    0.000000
   90  1    5.602230    1.000000    0.000000
   91  1    5.686322    1.000000    0.000000
   92  1    5.688884    1.000000    0.000000
   93  1    5.901240    1.000000    0.000000
   94  1    5.902844    1.000000    0.000000
   95  2    6.037644    2.000000    0.000000
   97  2    6.435931    2.000000    0.000000
   99  2    6.517894    2.000000    0.000000
  101  2    6.849081    2.000000    0.000000
  103  2    6.945404    2.000000    0.000000
  105  2    7.144724    2.000000    0.000000
  107  2    7.219810    2.000000    0.000000
  109  2    7.717660    2.000000    0.000000
  111  2    7.719972    2.000000    0.000000
  113  1    8.331603    1.000000    0.000000
  114  1    8.334763    1.000000    0.000000
  115  1    8.387808    1.000000    0.000000
  116  1    8.396956    1.000000    0.000000
  117  1    8.610783    1.000000    0.000000
  118  1    8.639908    1.000000    0.000000
  119  1    8.691103    1.000000    0.000000
  120  1    8.753427    1.000000    0.000000
  1
    1
    1  4  -28.665818    4.000000    0.000000
    5  4  -28.664604    4.000000    0.000000
    9  2  -12.439362    2.000000    0.000000
   11  2  -12.437759    2.000000    0.000000
   13  3  -12.403290    3.000000    0.000000
   16  1  -12.402281    1.000000    0.000000
   17  4  -12.176169    4.000000    0.000000
   21  4  -12.148147    4.000000    0.000000
   25  4  -12.072823    4.000000    0.000000
   29  4  -12.059542    4.000000    0.000000
   33  2  -10.434204    2.000000    0.000000
   35  2  -10.427532    2.000000    0.000000
   37  4  -10.148164    4.000000    0.000000
   41  2   -2.380449    2.000000    0.000000
   43  2   -2.261952    2.000000    0.000000
   45  2   -1.494027    2.000000    0.000000
   47  2   -1.433361    2.000000    0.000000
   49  2   -1.354810    2.000000    0.000000
   51  2   -1.329566    2.000000    0.000000
   53  2   -1.220911    2.000000    0.000000
   55  2   -1.167603    2.000000    0.000000
   57  2   -0.821540    2.000000    0.000000
   59  2   -0.448264    2.000000    0.000000
   61  2   -0.387501    2.000000    0.000000
   63  2   -0.280118    2.000000    0.000000
   65  2    0.265171    2.000000    0.000000
   67  2    0.416138    2.000000    0.000000
   69  2    0.937484    2.000000    0.000000
   71  2    1.303544    2.000000    0.000000
   73  2    1.418709    2.000000    0.000000
   75  2    1.939976    2.000000    0.000000
   77  2    2.053739    2.000000    0.000000
   79  2    2.437337    2.000000    0.000000
   81  2    2.584601    2.000000    0.000000
   83  2    2.722421    2.000000    0.000000
   85  2    5.030854    2.000000    0.000000
   87  2    5.106615    2.000000    0.000000
   89  2    5.387404    2.000000    0.000000
   91  1    5.465228    1.000000    0.000000
   92  1    5.466331    1.000000    0.000000
   93  1    6.034902    1.000000    0.000000
   94  1    6.036089    1.000000    0.000000
   95  1    6.110483    1.000000    0.000000
   96  1    6.112035    1.000000    0.000000
   97  2    6.639559    2.000000    0.000000
   99  2    6.718045    2.000000    0.000000
  101  2    7.167154    2.000000    0.000000
  103  2    7.237948    2.000000    0.000000
  105  2    7.680064    2.000000    0.000000
  107  2    7.728291    2.000000    0.000000
  109  1    7.783397    1.000000    0.000000
  110  1    7.784537    1.000000    0.000000
  111  1    7.792183    1.000000    0.000000
  112  1    7.793630    1.000000    0.000000
  113  1    8.642830    1.000000    0.000000
  114  1    8.649774    1.000000    0.000000
  115  1    8.668775    1.000000    0.000000
  116  1    8.694037    1.000000    0.000000
  117  1    8.716446    1.000000    0.000000
  118  1    8.748103    1.000000    0.000000
  119  1    8.802064    1.000000    0.000000
  120  1    8.861233    1.000000    0.000000
  1
    1
    1  4  -28.666783    4.000000    0.000000
    5  4  -28.663702    4.000000    0.000000
    9  4  -12.411275    4.000000    0.000000
   13  4  -12.389942    4.000000    0.000000
   17  4  -12.179909    4.000000    0.000000
   21  4  -12.130462    4.000000    0.000000
   25  4  -12.098314    4.000000    0.000000
   29  4  -12.057584    4.000000    0.000000
   33  2  -10.479845    2.000000    0.000000
   35  2  -10.472654    2.000000    0.000000
   37  4  -10.169122    4.000000    0.000000
   41  2   -2.255807    2.000000    0.000000
   43  2   -2.134291    2.000000    0.000000
   45  2   -1.547234    2.000000    0.000000
   47  2   -1.461751    2.000000    0.000000
   49  2   -1.341409    2.000000    0.000000
   51  2   -1.325277    2.000000    0.000000
   53  2   -1.069829    2.000000    0.000000
   55  2   -0.987597    2.000000    0.000000
   57  2   -0.867559    2.000000    0.000000
   59  2   -0.432417    2.000000    0.000000
   61  2   -0.378109    2.000000    0.000000
   63  2   -0.314928    2.000000    0.000000
   65  2    0.266439    2.000000    0.000000
   67  2    0.379348    2.000000    0.000000
   69  2    0.838461    2.000000    0.000000
   71  2    1.352273    2.000000    0.000000
   73  2    1.401309    2.000000    0.000000
   75  2    1.892324    2.000000    0.000000
   77  2    2.014841    2.000000    0.000000
   79  2    2.432021    2.000000    0.000000
   81  2    2.626051    2.000000    0.000000
   83  2    2.665574    2.000000    0.000000
   85  1    5.027048    1.000000    0.000000
   86  1    5.029465    1.000000    0.000000
   87  1    5.034710    1.000000    0.000000
   88  1    5.037334    1.000000    0.000000
   89  2    5.600308    2.000000    0.000000
   91  1    5.687020    1.000000    0.000000
   92  1    5.688111    1.000000    0.000000
   93  1    5.901543    1.000000    0.000000
   94  1    5.902584    1.000000    0.000000
   95  1    6.037364    1.000000    0.000000
   96  1    6.038398    1.000000    0.000000
   97  1    6.435027    1.000000    0.000000
   98  1    6.437267    1.000000    0.000000
   99  1    6.516407    1.000000    0.000000
  100  1    6.519941    1.000000    0.000000
  101  2    6.848908    2.000000    0.000000
  103  1    6.945018    1.000000    0.000000
  104  1    6.946143    1.000000    0.000000
  105  2    7.144908    2.000000    0.000000
  107  2    7.219415    2.000000    0.000000
  109  2    7.717160    2.000000    0.000000
  111  1    7.719668    1.000000    0.000000
  112  1    7.720958    1.000000    0.000000
  113  1    8.334614    1.000000    0.000000
  114  1    8.343374    1.000000    0.000000
  115  1    8.388858    1.000000    0.000000
  116  1    8.402550    1.000000    0.000000
  117  1    8.604132    1.000000    0.000000
  118  1    8.621651    1.000000    0.000000
  119  1    8.666068    1.000000    0.000000
  120  1    8.760969    1.000000    0.000000
  1
    1
    1  2  -28.672231    2.000000    0.000000
    3  2  -28.670225    2.000000    0.000000
    5  4  -28.659429    4.000000    0.000000
    9  2  -12.415479    2.000000    0.000000
   11  2  -12.398652    2.000000    0.000000
   13  2  -12.380398    2.000000    0.000000
   15  2  -12.372956    2.000000    0.000000
   17  2  -12.177950    2.000000    0.000000
   19  2  -12.162369    2.000000    0.000000
   21  2  -12.146874    2.000000    0.000000
   23  2  -12.129000    2.000000    0.000000
   25  2  -12.097701    2.000000    0.000000
   27  2  -12.096318    2.000000    0.000000
   29  2  -12.075342    2.000000    0.000000
   31  2  -12.051021    2.000000    0.000000
   33  2  -10.645508    2.000000    0.000000
   35  2  -10.268854    2.000000    0.000000
   37  2  -10.219614    2.000000    0.000000
   39  2  -10.180231    2.000000    0.000000
   41  2   -2.518383    2.000000    0.000000
   43  2   -2.181021    2.000000    0.000000
   45  2   -1.624457    2.000000    0.000000
   47  2   -1.494391    2.000000    0.000000
   49  2   -1.427487    2.000000    0.000000
   51  2   -1.130946    2.000000    0.000000
   53  2   -1.044108    2.000000    0.000000
   55  2   -0.813526    2.000000    0.000000
   57  2   -0.755772    2.000000    0.000000
   59  2   -0.526289    2.000000    0.000000
   61  2   -0.269702    2.000000    0.000000
   63  2    0.068186    2.000000    0.000000
   65  2    0.335532    2.000000    0.000000
   67  2    0.560009    2.000000    0.000000
   69  2    0.683453    2.000000    0.000000
   71  2    0.879044    2.000000    0.000000
   73  2    1.005289    2.000000    0.000000
   75  2    1.622979    2.000000    0.000000
   77  2    1.889844    2.000000    0.000000
   79  2    2.501198    2.000000    0.000000
   81  2    2.708302    2.000000    0.000000
   83  2    2.744572    2.000000    0.000000
   85  1    5.000508    1.000000    0.000000
   86  1    5.002923    1.000000    0.000000
   87  1    5.512774    1.000000    0.000000
   88  1    5.516878    1.000000    0.000000
   89  1    5.764225    1.000000    0.000000
   90  1    5.772047    1.000000    0.000000
   91  2    5.845473    2.000000    0.000000
   93  1    5.994725    1.000000    0.000000
   94  1    5.998676    1.000000    0.000000
   95  2    6.194593    2.000000    0.000000
   97  1    6.457669    1.000000    0.000000
   98  1    6.459372    1.000000    0.000000
   99  2    6.951415    2.000000    0.000000
  101  2    7.205432    2.000000    0.000000
  103  1    7.246981    1.000000    0.000000
  104  1    7.248032    1.000000    0.000000
  105  1    7.405942    1.000000    0.000000
  106  1    7.407288    1.000000    0.000000
  107  1    7.669515    1.000000    0.000000
  108  1    7.671539    1.000000    0.000000
  109  1    7.978863    1.000000    0.000000
  110  1    7.980265    1.000000    0.000000
  111  2    8.142095    2.000000    0.000000
  113  1    8.187952    1.000000    0.000000
  114  1    8.190482    1.000000    0.000000
  115  1    8.495204    1.000000    0.000000
  116  1    8.502437    1.000000    0.000000
  117  1    8.508305    1.000000    0.000000
  118  1    8.517816    1.000000    0.000000
  119  1    8.853428    1.000000    0.000000
  120  1    8.906985    1.000000    0.000000
  1
    1
    1  2  -28.673315    2.000000    0.000000
    3  2  -28.668873    2.000000    0.000000
    5  4  -28.659670    4.000000    0.000000
    9  4  -12.406004    4.000000    0.000000
   13  2  -12.366748    2.000000    0.000000
   15  2  -12.362592    2.000000    0.000000
   17  2  -12.170380    2.000000    0.000000
   19  2  -12.160340    2.000000    0.000000
   21  2  -12.124837    2.000000    0.000000
   23  2  -12.110112    2.000000    0.000000
   25  2  -12.093507    2.000000    0.000000
   27  2  -12.089371    2.000000    0.000000
   29  2  -12.083019    2.000000    0.000000
   31  2  -12.061746    2.000000    0.000000
   33  2  -10.665491    2.000000    0.000000
   35  2  -10.316198    2.000000    0.000000
   37  2  -10.248170    2.000000    0.000000
   39  2  -10.222736    2.000000    0.000000
   41  2   -2.461993    2.000000    0.000000
   43  2   -2.192514    2.000000    0.000000
   45  2   -1.639386    2.000000    0.000000
   47  2   -1.452472    2.000000    0.000000
   49  2   -1.303652    2.000000    0.000000
   51  2   -1.206873    2.000000    0.000000
   53  2   -1.034834    2.000000    0.000000
   55  2   -0.800431    2.000000    0.000000
   57  2   -0.664292    2.000000    0.000000
   59  2   -0.270923    2.000000    0.000000
   61  2   -0.088392    2.000000    0.000000
   63  2    0.088448    2.000000    0.000000
   65  2    0.252530    2.000000    0.000000
   67  2    0.574295    2.000000    0.000000
   69  2    0.711839    2.000000    0.000000
   71  2    0.863402    2.000000    0.000000
   73  2    1.075890    2.000000    0.000000
   75  2    1.623313    2.000000    0.000000
   77  2    1.771598    2.000000    0.000000
   79  2    2.514476    2.000000    0.000000
   81  2    2.700026    2.000000    0.000000
   83  2    2.777475    2.000000    0.000000
   85  1    4.932820    1.000000    0.000000
   86  1    4.934394    1.000000    0.000000
   87  2    4.963129    2.000000    0.000000
   89  1    5.136373    1.000000    0.000000
   90  1    5.137488    1.000000    0.000000
   91  1    5.214803    1.000000    0.000000
   92  1    5.215857    1.000000    0.000000
   93  2    5.663061    2.000000    0.000000
   95  2    5.983199    2.000000    0.000000
   97  1    5.989992    1.000000    0.000000
   98  1    5.991221    1.000000    0.000000
   99  1    6.033375    1.000000    0.000000
  100  1    6.034831    1.000000    0.000000
  101  2    7.507107    2.000000    0.000000
  103  1    7.563637    1.000000    0.000000
  104  1    7.564764    1.000000    0.000000
  105  1    7.663017    1.000000    0.000000
  106  1    7.666007    1.000000    0.000000
  107  2    8.196560    2.000000    0.000000
  109  2    8.218289    2.000000    0.000000
  111  2    8.232531    2.000000    0.000000
  113  1    8.537484    1.000000    0.000000
  114  1    8.538726    1.000000    0.000000
  115  2    8.616217    2.000000    0.000000
  117  1    8.880362    1.000000    0.000000
  118  1    8.930196    1.000000    0.000000
  119  1    9.081091    1.000000    0.000000
  120  1    9.091722    1.000000    0.000000
