  224  328
  1
  1
  1  0  0  0  1  0  0  0  1    0.000000    0.000000    0.000000    1.000000    0.000000    0.000000    0.000000    0.000000    0.000000    1.000000    0.000000  1
  8
    0.000000    0.000000    0.000000
    0.500000    0.500000    0.500000
    0.000000    0.500000    0.500000
    0.500000    0.000000    0.500000
    0.500000    0.500000    0.000000
    0.500000    0.000000    0.000000
    0.000000    0.500000    0.000000
    0.000000    0.000000    0.500000
  1
    1
    1  1  -33.770812    1.000000    0.000000
    2  1  -33.761819    1.000000    0.000000
    3  1  -33.713408    1.000000    0.000000
    4  1  -33.709329    1.000000    0.000000
    5  1  -33.706982    1.000000    0.000000
    6  1  -33.699248    1.000000    0.000000
    7  1  -33.644159    1.000000    0.000000
    8  1  -33.640796    1.000000    0.000000
    9  1  -33.611875    1.000000    0.000000
   10  1  -33.603677    1.000000    0.000000
   11  1  -33.582263    1.000000    0.000000
   12  1  -33.580024    1.000000    0.000000
   13  1  -33.543419    1.000000    0.000000
   14  1  -33.536005    1.000000    0.000000
   15  1  -33.477623    1.000000    0.000000
   16  1  -33.476048    1.000000    0.000000
   17  1  -33.364621    1.000000    0.000000
   18  1  -33.361446    1.000000    0.000000
   19  1  -33.294289    1.000000    0.000000
   20  1  -33.291666    1.000000    0.000000
   21  1  -33.121259    1.000000    0.000000
   22  1  -33.113314    1.000000    0.000000
   23  1  -33.074032    1.000000    0.000000
   24  1  -33.068688    1.000000    0.000000
   25  1  -33.055788    1.000000    0.000000
   26  1  -33.049287    1.000000    0.000000
   27  1  -33.005788    1.000000    0.000000
   28  1  -33.001637    1.000000    0.000000
   29  1  -32.909002    1.000000    0.000000
   30  1  -32.906684    1.000000    0.000000
   31  1  -32.485055    1.000000    0.000000
   32  1  -32.478231    1.000000    0.000000
   33  1  -32.425688    1.000000    0.000000
   34  1  -32.416348    1.000000    0.000000
   35  1  -32.410964    1.000000    0.000000
   36  1  -32.406317    1.000000    0.000000
   37  1  -32.242973    1.000000    0.000000
   38  1  -32.238525    1.000000    0.000000
   39  1  -32.172695    1.000000    0.000000
   40  1  -32.170281    1.000000    0.000000
   41  1  -32.146162    1.000000    0.000000
   42  1  -32.142921    1.000000    0.000000
   43  1  -32.104420    1.000000    0.000000
   44  1  -32.098818    1.000000    0.000000
   45  1  -32.050905    1.000000    0.000000
   46  1  -32.045312    1.000000    0.000000
   47  1  -32.043703    1.000000    0.000000
   48  1  -32.033273    1.000000    0.000000
   49  1  -31.990738    1.000000    0.000000
   50  1  -31.980015    1.000000    0.000000
   51  1  -31.949075    1.000000    0.000000
   52  1  -31.944384    1.000000    0.000000
   53  1  -31.837786    1.000000    0.000000
   54  1  -31.833135    1.000000    0.000000
   55  1  -31.766611    1.000000    0.000000
   56  1  -31.764783    1.000000    0.000000
   57  1  -31.701870    1.000000    0.000000
   58  1  -31.697551    1.000000    0.000000
   59  1  -31.630606    1.000000    0.000000
   60  1  -31.629190    1.000000    0.000000
   61  2  -16.293123    2.000000    0.000000
   63  2  -16.291069    2.000000    0.000000
   65  2   -8.969529    2.000000    0.000000
   67  2   -8.724715    2.000000    0.000000
   69  2   -8.625089    2.000000    0.000000
   71  2   -8.012033    2.000000    0.000000
   73  2   -7.959732    2.000000    0.000000
   75  2   -7.892922    2.000000    0.000000
   77  1   -7.676699    1.000000    0.000000
   78  1   -7.674058    1.000000    0.000000
   79  1   -7.672864    1.000000    0.000000
   80  1   -7.670077    1.000000    0.000000
   81  2   -7.543919    2.000000    0.000000
   83  2   -7.476811    2.000000    0.000000
   85  2   -7.422365    2.000000    0.000000
   87  2   -7.286198    2.000000    0.000000
   89  2   -7.220045    2.000000    0.000000
   91  2   -7.151079    2.000000    0.000000
   93  1   -7.131212    1.000000    0.000000
   94  1   -7.129957    1.000000    0.000000
   95  2   -7.091283    2.000000    0.000000
   97  2   -3.868163    2.000000    0.000000
   99  2   -3.822574    2.000000    0.000000
  101  2   -2.777740    2.000000    0.000000
  103  2   -2.710594    2.000000    0.000000
  105  2   -1.240751    2.000000    0.000000
  107  2   -1.224944    2.000000    0.000000
  109  2   -0.645390    2.000000    0.000000
  111  2   -0.316682    2.000000    0.000000
  113  2   -0.175314    2.000000    0.000000
  115  2    0.012166    2.000000    0.000000
  117  2    0.107154    2.000000    0.000000
  119  2    0.161346    2.000000    0.000000
  121  2    0.321289    2.000000    0.000000
  123  2    0.664027    2.000000    0.000000
  125  2    0.759324    2.000000    0.000000
  127  2    0.893580    2.000000    0.000000
  129  2    0.898406    2.000000    0.000000
  131  2    1.041744    2.000000    0.000000
  133  2    1.245963    2.000000    0.000000
  135  2    1.476289    2.000000    0.000000
  137  2    1.560785    2.000000    0.000000
  139  2    1.592108    2.000000    0.000000
  141  2    1.765241    2.000000    0.000000
  143  2    2.008472    2.000000    0.000000
  145  1    2.073049    1.000000    0.000000
  146  1    2.076442    1.000000    0.000000
  147  2    2.098433    2.000000    0.000000
  149  2    2.129739    2.000000    0.000000
  151  1    2.153356    1.000000    0.000000
  152  1    2.159461    1.000000    0.000000
  153  1    2.248373    1.000000    0.000000
  154  1    2.249695    1.000000    0.000000
  155  2    2.324910    2.000000    0.000000
  157  1    2.350945    1.000000    0.000000
  158  1    2.353079    1.000000    0.000000
  159  2    2.380101    2.000000    0.000000
  161  1    2.400616    1.000000    0.000000
  162  1    2.404975    1.000000    0.000000
  163  2    2.425161    2.000000    0.000000
  165  2    2.559754    2.000000    0.000000
  167  2    2.641085    2.000000    0.000000
  169  2    2.798596    2.000000    0.000000
  171  2    2.870528    2.000000    0.000000
  173  1    2.947526    1.000000    0.000000
  174  1    2.950899    1.000000    0.000000
  175  2    3.038502    2.000000    0.000000
  177  2    3.092615    2.000000    0.000000
  179  1    3.193560    1.000000    0.000000
  180  1    3.195998    1.000000    0.000000
  181  2    3.219347    2.000000    0.000000
  183  1    3.401012    1.000000    0.000000
  184  1    3.402081    1.000000    0.000000
  185  1    3.429242    1.000000    0.000000
  186  1    3.430857    1.000000    0.000000
  187  2    3.477934    2.000000    0.000000
  189  1    3.553342    1.000000    0.000000
  190  1    3.554713    1.000000    0.000000
  191  2    3.584946    2.000000    0.000000
  193  1    3.870268    1.000000    0.000000
  194  1    3.871342    1.000000    0.000000
  195  2    4.209100    2.000000    0.000000
  197  1    4.291590    1.000000    0.000000
  198  1    4.292614    1.000000    0.000000
  199  1    4.305738    1.000000    0.000000
  200  1    4.307506    1.000000    0.000000
  201  2    4.458607    2.000000    0.000000
  203  1    4.476887    1.000000    0.000000
  204  1    4.478158    1.000000    0.000000
  205  2    4.581076    2.000000    0.000000
  207  1    4.786621    1.000000    0.000000
  208  1    4.787711    1.000000    0.000000
  209  1    4.820849    1.000000    0.000000
  210  1    4.821951    1.000000    0.000000
  211  2    5.071996    2.000000    0.000000
  213  1    5.251635    1.000000    0.000000
  214  1    5.252873    1.000000    0.000000
  215  2    5.278664    2.000000    0.000000
  217  2    5.327364    2.000000    0.000000
  219  1    5.417768    1.000000    0.000000
  220  1    5.418898    1.000000    0.000000
  221  1    5.479424    1.000000    0.000000
  222  1    5.482100    1.000000    0.000000
  223  1    5.531211    1.000000    0.000000
  224  1    5.532878    1.000000    0.000000
  225  1    5.548305    1.000000    0.000000
  226  1    5.549651    1.000000    0.000000
  227  1    5.610047    1.000000    0.000000
  228  1    5.611382    1.000000    0.000000
  229  2    5.704438    2.000000    0.000000
  231  2    5.859106    2.000000    0.000000
  233  1    6.036095    1.000000    0.000000
  234  1    6.037233    1.000000    0.000000
  235  1    6.053902    1.000000    0.000000
  236  1    6.055268    1.000000    0.000000
  237  1    6.297879    1.000000    0.000000
  238  1    6.298942    1.000000    0.000000
  239  1    6.354313    1.000000    0.000000
  240  1    6.356952    1.000000    0.000000
  241  1    6.425960    1.000000    0.000000
  242  1    6.428306    1.000000    0.000000
  243  1    6.490612    1.000000    0.000000
  244  1    6.491645    1.000000    0.000000
  245  2    6.684536    2.000000    0.000000
  247  1    6.703517    1.000000    0.000000
  248  1    6.704915    1.000000    0.000000
  249  1    6.735564    1.000000    0.000000
  250  1    6.737747    1.000000    0.000000
  251  1    6.825205    1.000000    0.000000
  252  1    6.827545    1.000000    0.000000
  253  1    6.976455    1.000000    0.000000
  254  1    6.978320    1.000000    0.000000
  255  1    7.123993    1.000000    0.000000
  256  1    7.125873    1.000000    0.000000
  257  1    7.129536    1.000000    0.000000
  258  1    7.130564    1.000000    0.000000
  259  2    7.186665    2.000000    0.000000
  261  1    7.188576    1.000000    0.000000
  262  1    7.190152    1.000000    0.000000
  263  1    7.347901    1.000000    0.000000
  264  1    7.350090    1.000000    0.000000
  265  2    7.549367    2.000000    0.000000
  267  2    7.638930    2.000000    0.000000
  269  2    7.726746    2.000000    0.000000
  271  2    7.751154    2.000000    0.000000
  273  1    7.822611    1.000000    0.000000
  274  1    7.824787    1.000000    0.000000
  275  1    7.871257    1.000000    0.000000
  276  1    7.872900    1.000000    0.000000
  277  1    7.971085    1.000000    0.000000
  278  1    7.973472    1.000000    0.000000
  279  1    8.047966    1.000000    0.000000
  280  1    8.049573    1.000000    0.000000
  281  2    8.250445    2.000000    0.000000
  283  2    8.327227    2.000000    0.000000
  285  1    8.422716    1.000000    0.000000
  286  1    8.424730    1.000000    0.000000
  287  1    8.464892    1.000000    0.000000
  288  1    8.466779    1.000000    0.000000
  289  1    8.498927    1.000000    0.000000
  290  1    8.500696    1.000000    0.000000
  291  2    8.562291    2.000000    0.000000
  293  1    8.612930    1.000000    0.000000
  294  1    8.614856    1.000000    0.000000
  295  2    8.728199    2.000000    0.000000
  297  2    8.821020    2.000000    0.000000
  299  2    8.868083    2.000000    0.000000
  301  1    8.880464    1.000000    0.000000
  302  1    8.882938    1.000000    0.000000
  303  1    8.961649    1.000000    0.000000
  304  1    8.964664    1.000000    0.000000
  305  2    9.226318    2.000000    0.000000
  307  2    9.350598    2.000000    0.000000
  309  2   10.659831    2.000000    0.000000
  311  2   11.006868    2.000000    0.000000
  313  2   11.171993    2.000000    0.000000
  315  2   11.256083    2.000000    0.000000
  317  1   11.284946    1.000000    0.000000
  318  1   11.294172    1.000000    0.000000
  319  1   11.446127    1.000000    0.000000
  320  1   11.447986    1.000000    0.000000
  321  2   11.482993    2.000000    0.000000
  323  1   11.512734    1.000000    0.000000
  324  1   11.550030    1.000000    0.000000
  325  1   11.813571    1.000000    0.000000
  326  1   11.836195    1.000000    0.000000
  327  1   11.854411    1.000000    0.000000
  328  1   11.877145    1.000000    0.000000
  1
    1
    1  1  -33.798689    1.000000    0.000000
    2  1  -33.789369    1.000000    0.000000
    3  1  -33.736599    1.000000    0.000000
    4  1  -33.735021    1.000000    0.000000
    5  1  -33.732748    1.000000    0.000000
    6  1  -33.727104    1.000000    0.000000
    7  1  -33.667075    1.000000    0.000000
    8  1  -33.663901    1.000000    0.000000
    9  1  -33.611390    1.000000    0.000000
   10  2  -33.609659    2.000000    0.000000
   12  1  -33.599476    1.000000    0.000000
   13  1  -33.546064    1.000000    0.000000
   14  1  -33.538043    1.000000    0.000000
   15  1  -33.479355    1.000000    0.000000
   16  1  -33.477983    1.000000    0.000000
   17  1  -33.364834    1.000000    0.000000
   18  1  -33.361646    1.000000    0.000000
   19  1  -33.294507    1.000000    0.000000
   20  1  -33.291884    1.000000    0.000000
   21  1  -33.141672    1.000000    0.000000
   22  1  -33.134192    1.000000    0.000000
   23  1  -33.095450    1.000000    0.000000
   24  1  -33.089678    1.000000    0.000000
   25  1  -33.075808    1.000000    0.000000
   26  1  -33.069635    1.000000    0.000000
   27  1  -33.027604    1.000000    0.000000
   28  1  -33.023155    1.000000    0.000000
   29  1  -32.928423    1.000000    0.000000
   30  1  -32.926070    1.000000    0.000000
   31  1  -32.514882    1.000000    0.000000
   32  1  -32.507974    1.000000    0.000000
   33  1  -32.454314    1.000000    0.000000
   34  1  -32.443582    1.000000    0.000000
   35  1  -32.423326    1.000000    0.000000
   36  1  -32.420023    1.000000    0.000000
   37  1  -32.253825    1.000000    0.000000
   38  1  -32.249331    1.000000    0.000000
   39  1  -32.183467    1.000000    0.000000
   40  1  -32.181087    1.000000    0.000000
   41  1  -32.163335    1.000000    0.000000
   42  1  -32.159956    1.000000    0.000000
   43  1  -32.118355    1.000000    0.000000
   44  1  -32.112696    1.000000    0.000000
   45  1  -32.058150    1.000000    0.000000
   46  1  -32.051530    1.000000    0.000000
   47  1  -32.046892    1.000000    0.000000
   48  1  -32.044964    1.000000    0.000000
   49  1  -31.991506    1.000000    0.000000
   50  1  -31.980714    1.000000    0.000000
   51  1  -31.967028    1.000000    0.000000
   52  1  -31.962393    1.000000    0.000000
   53  1  -31.871178    1.000000    0.000000
   54  1  -31.866523    1.000000    0.000000
   55  1  -31.800119    1.000000    0.000000
   56  1  -31.798220    1.000000    0.000000
   57  1  -31.703031    1.000000    0.000000
   58  1  -31.698800    1.000000    0.000000
   59  1  -31.631768    1.000000    0.000000
   60  1  -31.630335    1.000000    0.000000
   61  1  -15.748906    1.000000    0.000000
   62  1  -15.747872    1.000000    0.000000
   63  1  -15.746823    1.000000    0.000000
   64  1  -15.745782    1.000000    0.000000
   65  2   -7.468499    2.000000    0.000000
   67  2   -7.457887    2.000000    0.000000
   69  1   -7.393890    1.000000    0.000000
   70  1   -7.391023    1.000000    0.000000
   71  1   -7.383843    1.000000    0.000000
   72  1   -7.380837    1.000000    0.000000
   73  1   -7.236133    1.000000    0.000000
   74  2   -7.232379    2.000000    0.000000
   76  1   -7.228115    1.000000    0.000000
   77  1   -7.163518    1.000000    0.000000
   78  2   -7.158178    2.000000    0.000000
   80  1   -7.151633    1.000000    0.000000
   81  2   -7.119401    2.000000    0.000000
   83  1   -7.089311    1.000000    0.000000
   84  1   -7.088205    1.000000    0.000000
   85  1   -7.080829    1.000000    0.000000
   86  1   -7.073490    1.000000    0.000000
   87  1   -7.053692    1.000000    0.000000
   88  1   -7.045716    1.000000    0.000000
   89  2   -6.873630    2.000000    0.000000
   91  2   -6.857695    2.000000    0.000000
   93  1   -6.800937    1.000000    0.000000
   94  1   -6.798384    1.000000    0.000000
   95  1   -6.780752    1.000000    0.000000
   96  1   -6.777764    1.000000    0.000000
   97  2   -4.839578    2.000000    0.000000
   99  2   -4.837462    2.000000    0.000000
  101  2   -2.990510    2.000000    0.000000
  103  2   -2.988490    2.000000    0.000000
  105  2   -2.262105    2.000000    0.000000
  107  2   -2.260069    2.000000    0.000000
  109  2   -0.620055    2.000000    0.000000
  111  2   -0.511601    2.000000    0.000000
  113  2   -0.509115    2.000000    0.000000
  115  2   -0.455924    2.000000    0.000000
  117  2   -0.258538    2.000000    0.000000
  119  2   -0.192865    2.000000    0.000000
  121  2    0.006356    2.000000    0.000000
  123  2    0.038187    2.000000    0.000000
  125  2    0.384650    2.000000    0.000000
  127  1    0.423162    1.000000    0.000000
  128  1    0.425257    1.000000    0.000000
  129  1    0.462050    1.000000    0.000000
  130  1    0.463214    1.000000    0.000000
  131  1    0.510895    1.000000    0.000000
  132  1    0.513658    1.000000    0.000000
  133  2    0.900909    2.000000    0.000000
  135  2    0.909186    2.000000    0.000000
  137  2    1.075771    2.000000    0.000000
  139  2    1.082956    2.000000    0.000000
  141  2    1.360478    2.000000    0.000000
  143  2    1.364657    2.000000    0.000000
  145  1    1.414612    1.000000    0.000000
  146  1    1.416181    1.000000    0.000000
  147  1    1.444878    1.000000    0.000000
  148  1    1.446817    1.000000    0.000000
  149  1    1.561481    1.000000    0.000000
  150  1    1.563372    1.000000    0.000000
  151  1    1.600973    1.000000    0.000000
  152  1    1.603218    1.000000    0.000000
  153  1    1.775385    1.000000    0.000000
  154  1    1.778121    1.000000    0.000000
  155  1    1.810078    1.000000    0.000000
  156  1    1.812584    1.000000    0.000000
  157  1    1.882657    1.000000    0.000000
  158  1    1.885311    1.000000    0.000000
  159  1    1.943088    1.000000    0.000000
  160  1    1.946220    1.000000    0.000000
  161  1    2.085027    1.000000    0.000000
  162  1    2.086932    1.000000    0.000000
  163  2    2.143723    2.000000    0.000000
  165  2    2.154682    2.000000    0.000000
  167  1    2.179511    1.000000    0.000000
  168  1    2.180816    1.000000    0.000000
  169  2    2.195284    2.000000    0.000000
  171  1    2.213531    1.000000    0.000000
  172  1    2.214575    1.000000    0.000000
  173  2    2.259461    2.000000    0.000000
  175  2    2.277542    2.000000    0.000000
  177  2    2.430659    2.000000    0.000000
  179  1    2.447964    1.000000    0.000000
  180  1    2.449466    1.000000    0.000000
  181  1    2.498694    1.000000    0.000000
  182  1    2.500026    1.000000    0.000000
  183  2    2.532304    2.000000    0.000000
  185  2    2.619656    2.000000    0.000000
  187  2    2.638742    2.000000    0.000000
  189  2    2.728781    2.000000    0.000000
  191  2    2.738360    2.000000    0.000000
  193  2    2.783406    2.000000    0.000000
  195  1    2.792249    1.000000    0.000000
  196  1    2.793992    1.000000    0.000000
  197  1    2.841962    1.000000    0.000000
  198  1    2.845708    1.000000    0.000000
  199  1    2.912443    1.000000    0.000000
  200  1    2.915713    1.000000    0.000000
  201  1    3.216188    1.000000    0.000000
  202  2    3.218399    2.000000    0.000000
  204  1    3.222046    1.000000    0.000000
  205  2    4.431170    2.000000    0.000000
  207  1    4.680432    1.000000    0.000000
  208  1    4.682139    1.000000    0.000000
  209  1    4.905005    1.000000    0.000000
  210  1    4.906412    1.000000    0.000000
  211  1    4.917586    1.000000    0.000000
  212  1    4.920118    1.000000    0.000000
  213  1    5.096071    1.000000    0.000000
  214  1    5.097791    1.000000    0.000000
  215  2    5.191141    2.000000    0.000000
  217  1    5.418543    1.000000    0.000000
  218  1    5.420027    1.000000    0.000000
  219  1    5.474123    1.000000    0.000000
  220  1    5.476641    1.000000    0.000000
  221  1    5.540702    1.000000    0.000000
  222  1    5.543876    1.000000    0.000000
  223  1    5.966309    1.000000    0.000000
  224  1    5.970782    1.000000    0.000000
  225  1    6.051633    1.000000    0.000000
  226  1    6.057473    1.000000    0.000000
  227  1    6.117781    1.000000    0.000000
  228  1    6.124513    1.000000    0.000000
  229  2    6.187944    2.000000    0.000000
  231  2    6.195572    2.000000    0.000000
  233  1    6.222051    1.000000    0.000000
  234  1    6.224121    1.000000    0.000000
  235  1    6.291702    1.000000    0.000000
  236  1    6.295385    1.000000    0.000000
  237  2    6.440032    2.000000    0.000000
  239  1    6.546734    1.000000    0.000000
  240  1    6.549316    1.000000    0.000000
  241  1    6.664694    1.000000    0.000000
  242  1    6.668259    1.000000    0.000000
  243  1    6.692697    1.000000    0.000000
  244  1    6.694124    1.000000    0.000000
  245  2    6.871926    2.000000    0.000000
  247  1    6.903059    1.000000    0.000000
  248  1    6.904075    1.000000    0.000000
  249  2    6.957626    2.000000    0.000000
  251  1    7.070327    1.000000    0.000000
  252  1    7.072021    1.000000    0.000000
  253  1    7.074398    1.000000    0.000000
  254  1    7.075417    1.000000    0.000000
  255  1    7.082182    1.000000    0.000000
  256  1    7.087368    1.000000    0.000000
  257  1    7.137388    1.000000    0.000000
  258  1    7.147272    1.000000    0.000000
  259  1    7.227364    1.000000    0.000000
  260  1    7.230216    1.000000    0.000000
  261  2    7.354259    2.000000    0.000000
  263  2    7.399722    2.000000    0.000000
  265  2    7.459226    2.000000    0.000000
  267  1    7.480217    1.000000    0.000000
  268  1    7.484230    1.000000    0.000000
  269  1    7.548216    1.000000    0.000000
  270  1    7.550861    1.000000    0.000000
  271  2    7.683244    2.000000    0.000000
  273  2    7.817487    2.000000    0.000000
  275  2    7.961368    2.000000    0.000000
  277  2    7.994621    2.000000    0.000000
  279  1    8.021258    1.000000    0.000000
  280  1    8.024096    1.000000    0.000000
  281  2    8.131373    2.000000    0.000000
  283  2    8.276083    2.000000    0.000000
  285  2    8.352804    2.000000    0.000000
  287  2    8.512711    2.000000    0.000000
  289  2    8.585437    2.000000    0.000000
  291  1    8.716473    1.000000    0.000000
  292  1    8.718082    1.000000    0.000000
  293  1    8.767537    1.000000    0.000000
  294  1    8.770243    1.000000    0.000000
  295  2    8.803012    2.000000    0.000000
  297  1    8.883500    1.000000    0.000000
  298  1    8.886437    1.000000    0.000000
  299  1    8.933761    1.000000    0.000000
  300  1    8.935194    1.000000    0.000000
  301  2    8.966381    2.000000    0.000000
  303  1    8.995726    1.000000    0.000000
  304  1    8.997151    1.000000    0.000000
  305  1   10.003090    1.000000    0.000000
  306  1   10.004334    1.000000    0.000000
  307  1   10.006101    1.000000    0.000000
  308  1   10.007733    1.000000    0.000000
  309  1   10.474735    1.000000    0.000000
  310  1   10.476564    1.000000    0.000000
  311  1   10.481519    1.000000    0.000000
  312  1   10.483586    1.000000    0.000000
  313  2   10.752499    2.000000    0.000000
  315  2   10.849465    2.000000    0.000000
  317  1   11.170435    1.000000    0.000000
  318  1   11.172167    1.000000    0.000000
  319  1   11.226962    1.000000    0.000000
  320  1   11.232568    1.000000    0.000000
  321  1   11.315457    1.000000    0.000000
  322  1   11.317391    1.000000    0.000000
  323  1   11.345609    1.000000    0.000000
  324  1   11.356068    1.000000    0.000000
  325  1   11.436337    1.000000    0.000000
  326  1   11.507846    1.000000    0.000000
  327  1   11.566717    1.000000    0.000000
  328  1   11.607975    1.000000    0.000000
  1
    1
    1  1  -33.770811    1.000000    0.000000
    2  1  -33.761819    1.000000    0.000000
    3  1  -33.713405    1.000000    0.000000
    4  1  -33.709326    1.000000    0.000000
    5  1  -33.706981    1.000000    0.000000
    6  1  -33.699247    1.000000    0.000000
    7  1  -33.644155    1.000000    0.000000
    8  1  -33.640793    1.000000    0.000000
    9  1  -33.611873    1.000000    0.000000
   10  1  -33.603675    1.000000    0.000000
   11  1  -33.582262    1.000000    0.000000
   12  1  -33.580023    1.000000    0.000000
   13  1  -33.543418    1.000000    0.000000
   14  1  -33.536004    1.000000    0.000000
   15  1  -33.477622    1.000000    0.000000
   16  1  -33.476047    1.000000    0.000000
   17  1  -33.364619    1.000000    0.000000
   18  1  -33.361445    1.000000    0.000000
   19  1  -33.294287    1.000000    0.000000
   20  1  -33.291664    1.000000    0.000000
   21  1  -33.121259    1.000000    0.000000
   22  1  -33.113314    1.000000    0.000000
   23  1  -33.074028    1.000000    0.000000
   24  1  -33.068684    1.000000    0.000000
   25  1  -33.055788    1.000000    0.000000
   26  1  -33.049287    1.000000    0.000000
   27  1  -33.005784    1.000000    0.000000
   28  1  -33.001633    1.000000    0.000000
   29  1  -32.909001    1.000000    0.000000
   30  1  -32.906683    1.000000    0.000000
   31  1  -32.485052    1.000000    0.000000
   32  1  -32.478228    1.000000    0.000000
   33  1  -32.425685    1.000000    0.000000
   34  1  -32.416345    1.000000    0.000000
   35  1  -32.410962    1.000000    0.000000
   36  1  -32.406314    1.000000    0.000000
   37  1  -32.242967    1.000000    0.000000
   38  1  -32.238519    1.000000    0.000000
   39  1  -32.172689    1.000000    0.000000
   40  1  -32.170275    1.000000    0.000000
   41  1  -32.146162    1.000000    0.000000
   42  1  -32.142921    1.000000    0.000000
   43  1  -32.104418    1.000000    0.000000
   44  1  -32.098817    1.000000    0.000000
   45  1  -32.050904    1.000000    0.000000
   46  1  -32.045310    1.000000    0.000000
   47  1  -32.043703    1.000000    0.000000
   48  1  -32.033272    1.000000    0.000000
   49  1  -31.990737    1.000000    0.000000
   50  1  -31.980014    1.000000    0.000000
   51  1  -31.949070    1.000000    0.000000
   52  1  -31.944379    1.000000    0.000000
   53  1  -31.837784    1.000000    0.000000
   54  1  -31.833133    1.000000    0.000000
   55  1  -31.766609    1.000000    0.000000
   56  1  -31.764781    1.000000    0.000000
   57  1  -31.701872    1.000000    0.000000
   58  1  -31.697553    1.000000    0.000000
   59  1  -31.630608    1.000000    0.000000
   60  1  -31.629191    1.000000    0.000000
   61  2  -16.293017    2.000000    0.000000
   63  2  -16.290964    2.000000    0.000000
   65  2   -8.890515    2.000000    0.000000
   67  2   -8.736660    2.000000    0.000000
   69  2   -8.524806    2.000000    0.000000
   71  2   -8.340060    2.000000    0.000000
   73  2   -8.079875    2.000000    0.000000
   75  2   -7.951077    2.000000    0.000000
   77  2   -7.771173    2.000000    0.000000
   79  2   -7.583393    2.000000    0.000000
   81  2   -7.479808    2.000000    0.000000
   83  2   -7.460495    2.000000    0.000000
   85  2   -7.319775    2.000000    0.000000
   87  1   -7.184285    1.000000    0.000000
   88  1   -7.183070    1.000000    0.000000
   89  1   -7.170898    1.000000    0.000000
   90  1   -7.169505    1.000000    0.000000
   91  2   -7.122941    2.000000    0.000000
   93  2   -7.094206    2.000000    0.000000
   95  2   -7.035246    2.000000    0.000000
   97  2   -3.909378    2.000000    0.000000
   99  2   -3.862086    2.000000    0.000000
  101  2   -2.840962    2.000000    0.000000
  103  2   -2.766050    2.000000    0.000000
  105  2   -1.255477    2.000000    0.000000
  107  2   -1.244213    2.000000    0.000000
  109  1   -0.684404    1.000000    0.000000
  110  1   -0.683072    1.000000    0.000000
  111  1   -0.663704    1.000000    0.000000
  112  1   -0.662666    1.000000    0.000000
  113  2   -0.452869    2.000000    0.000000
  115  2    0.115301    2.000000    0.000000
  117  2    0.344769    2.000000    0.000000
  119  2    0.419257    2.000000    0.000000
  121  2    0.510242    2.000000    0.000000
  123  2    0.527540    2.000000    0.000000
  125  2    0.689478    2.000000    0.000000
  127  2    0.818881    2.000000    0.000000
  129  2    1.149372    2.000000    0.000000
  131  2    1.225839    2.000000    0.000000
  133  2    1.263214    2.000000    0.000000
  135  2    1.364272    2.000000    0.000000
  137  2    1.454085    2.000000    0.000000
  139  2    1.682762    2.000000    0.000000
  141  1    2.022825    1.000000    0.000000
  142  1    2.023993    1.000000    0.000000
  143  1    2.084520    1.000000    0.000000
  144  1    2.088492    1.000000    0.000000
  145  2    2.108336    2.000000    0.000000
  147  1    2.153332    1.000000    0.000000
  148  1    2.155180    1.000000    0.000000
  149  1    2.161303    1.000000    0.000000
  150  1    2.165628    1.000000    0.000000
  151  2    2.224128    2.000000    0.000000
  153  2    2.260248    2.000000    0.000000
  155  1    2.339321    1.000000    0.000000
  156  1    2.340889    1.000000    0.000000
  157  1    2.392126    1.000000    0.000000
  158  1    2.395187    1.000000    0.000000
  159  2    2.422145    2.000000    0.000000
  161  2    2.459711    2.000000    0.000000
  163  2    2.464617    2.000000    0.000000
  165  2    2.585216    2.000000    0.000000
  167  2    2.602432    2.000000    0.000000
  169  2    2.849941    2.000000    0.000000
  171  1    2.904760    1.000000    0.000000
  172  1    2.910283    1.000000    0.000000
  173  2    2.945320    2.000000    0.000000
  175  2    3.001801    2.000000    0.000000
  177  1    3.081926    1.000000    0.000000
  178  1    3.083786    1.000000    0.000000
  179  1    3.084933    1.000000    0.000000
  180  1    3.086844    1.000000    0.000000
  181  2    3.138752    2.000000    0.000000
  183  2    3.291069    2.000000    0.000000
  185  1    3.393459    1.000000    0.000000
  186  1    3.395918    1.000000    0.000000
  187  2    3.428697    2.000000    0.000000
  189  1    3.505420    1.000000    0.000000
  190  1    3.507612    1.000000    0.000000
  191  2    3.527868    2.000000    0.000000
  193  2    3.872681    2.000000    0.000000
  195  2    4.113435    2.000000    0.000000
  197  2    4.158383    2.000000    0.000000
  199  1    4.170144    1.000000    0.000000
  200  1    4.172719    1.000000    0.000000
  201  2    4.385543    2.000000    0.000000
  203  2    4.526649    2.000000    0.000000
  205  2    4.615858    2.000000    0.000000
  207  2    4.677943    2.000000    0.000000
  209  2    4.792950    2.000000    0.000000
  211  1    5.041413    1.000000    0.000000
  212  1    5.043756    1.000000    0.000000
  213  1    5.089818    1.000000    0.000000
  214  1    5.093567    1.000000    0.000000
  215  2    5.239067    2.000000    0.000000
  217  1    5.436571    1.000000    0.000000
  218  1    5.438447    1.000000    0.000000
  219  1    5.444250    1.000000    0.000000
  220  1    5.445307    1.000000    0.000000
  221  1    5.513354    1.000000    0.000000
  222  1    5.514631    1.000000    0.000000
  223  1    5.566939    1.000000    0.000000
  224  1    5.568880    1.000000    0.000000
  225  2    5.583837    2.000000    0.000000
  227  1    5.619001    1.000000    0.000000
  228  1    5.620703    1.000000    0.000000
  229  2    5.803746    2.000000    0.000000
  231  1    5.887198    1.000000    0.000000
  232  1    5.888851    1.000000    0.000000
  233  1    5.997369    1.000000    0.000000
  234  1    5.998452    1.000000    0.000000
  235  1    6.015538    1.000000    0.000000
  236  1    6.017238    1.000000    0.000000
  237  1    6.211357    1.000000    0.000000
  238  1    6.213733    1.000000    0.000000
  239  1    6.281404    1.000000    0.000000
  240  1    6.283735    1.000000    0.000000
  241  1    6.405127    1.000000    0.000000
  242  1    6.408214    1.000000    0.000000
  243  1    6.461663    1.000000    0.000000
  244  1    6.465401    1.000000    0.000000
  245  1    6.584545    1.000000    0.000000
  246  1    6.586653    1.000000    0.000000
  247  1    6.780443    1.000000    0.000000
  248  1    6.781541    1.000000    0.000000
  249  1    6.916148    1.000000    0.000000
  250  1    6.918051    1.000000    0.000000
  251  1    6.967347    1.000000    0.000000
  252  1    6.970059    1.000000    0.000000
  253  1    7.043244    1.000000    0.000000
  254  1    7.044676    1.000000    0.000000
  255  1    7.131166    1.000000    0.000000
  256  1    7.132458    1.000000    0.000000
  257  2    7.146246    2.000000    0.000000
  259  2    7.295555    2.000000    0.000000
  261  1    7.362724    1.000000    0.000000
  262  1    7.364341    1.000000    0.000000
  263  2    7.470935    2.000000    0.000000
  265  1    7.539153    1.000000    0.000000
  266  1    7.542171    1.000000    0.000000
  267  2    7.595564    2.000000    0.000000
  269  2    7.618886    2.000000    0.000000
  271  1    7.685021    1.000000    0.000000
  272  1    7.686492    1.000000    0.000000
  273  2    7.731480    2.000000    0.000000
  275  2    7.851052    2.000000    0.000000
  277  1    7.926859    1.000000    0.000000
  278  1    7.930878    1.000000    0.000000
  279  2    7.953256    2.000000    0.000000
  281  1    7.979738    1.000000    0.000000
  282  1    7.982643    1.000000    0.000000
  283  1    8.136334    1.000000    0.000000
  284  1    8.138023    1.000000    0.000000
  285  2    8.309270    2.000000    0.000000
  287  1    8.508344    1.000000    0.000000
  288  1    8.510464    1.000000    0.000000
  289  2    8.585746    2.000000    0.000000
  291  1    8.610146    1.000000    0.000000
  292  1    8.611186    1.000000    0.000000
  293  2    8.679538    2.000000    0.000000
  295  2    8.756732    2.000000    0.000000
  297  1    8.900355    1.000000    0.000000
  298  1    8.901734    1.000000    0.000000
  299  1    8.965707    1.000000    0.000000
  300  1    8.968187    1.000000    0.000000
  301  1    9.051041    1.000000    0.000000
  302  1    9.054103    1.000000    0.000000
  303  2    9.084501    2.000000    0.000000
  305  2    9.210535    2.000000    0.000000
  307  2    9.271493    2.000000    0.000000
  309  2    9.824500    2.000000    0.000000
  311  2   10.326725    2.000000    0.000000
  313  2   10.844092    2.000000    0.000000
  315  2   11.321338    2.000000    0.000000
  317  1   11.690385    1.000000    0.000000
  318  1   11.692609    1.000000    0.000000
  319  1   11.736442    1.000000    0.000000
  320  1   11.740081    1.000000    0.000000
  321  1   11.839241    1.000000    0.000000
  322  1   11.842697    1.000000    0.000000
  323  1   11.941957    1.000000    0.000000
  324  1   11.950182    1.000000    0.000000
  325  1   12.230662    1.000000    0.000000
  326  1   12.258558    1.000000    0.000000
  327  1   12.269623    1.000000    0.000000
  328  1   12.364896    1.000000    0.000000
  1
    1
    1  1  -33.798691    1.000000    0.000000
    2  1  -33.789371    1.000000    0.000000
    3  1  -33.736597    1.000000    0.000000
    4  1  -33.735022    1.000000    0.000000
    5  1  -33.732746    1.000000    0.000000
    6  1  -33.727106    1.000000    0.000000
    7  1  -33.667073    1.000000    0.000000
    8  1  -33.663898    1.000000    0.000000
    9  1  -33.611390    1.000000    0.000000
   10  2  -33.609659    2.000000    0.000000
   12  1  -33.599475    1.000000    0.000000
   13  1  -33.546063    1.000000    0.000000
   14  1  -33.538043    1.000000    0.000000
   15  1  -33.479354    1.000000    0.000000
   16  1  -33.477983    1.000000    0.000000
   17  1  -33.364833    1.000000    0.000000
   18  1  -33.361646    1.000000    0.000000
   19  1  -33.294506    1.000000    0.000000
   20  1  -33.291884    1.000000    0.000000
   21  1  -33.141676    1.000000    0.000000
   22  1  -33.134197    1.000000    0.000000
   23  1  -33.095443    1.000000    0.000000
   24  1  -33.089671    1.000000    0.000000
   25  1  -33.075813    1.000000    0.000000
   26  1  -33.069640    1.000000    0.000000
   27  1  -33.027597    1.000000    0.000000
   28  1  -33.023148    1.000000    0.000000
   29  1  -32.928423    1.000000    0.000000
   30  1  -32.926070    1.000000    0.000000
   31  1  -32.514881    1.000000    0.000000
   32  1  -32.507974    1.000000    0.000000
   33  1  -32.454314    1.000000    0.000000
   34  1  -32.443582    1.000000    0.000000
   35  1  -32.423325    1.000000    0.000000
   36  1  -32.420023    1.000000    0.000000
   37  1  -32.253825    1.000000    0.000000
   38  1  -32.249331    1.000000    0.000000
   39  1  -32.183467    1.000000    0.000000
   40  1  -32.181088    1.000000    0.000000
   41  1  -32.163335    1.000000    0.000000
   42  1  -32.159955    1.000000    0.000000
   43  1  -32.118354    1.000000    0.000000
   44  1  -32.112695    1.000000    0.000000
   45  1  -32.058149    1.000000    0.000000
   46  1  -32.051529    1.000000    0.000000
   47  1  -32.046891    1.000000    0.000000
   48  1  -32.044963    1.000000    0.000000
   49  1  -31.991505    1.000000    0.000000
   50  1  -31.980713    1.000000    0.000000
   51  1  -31.967027    1.000000    0.000000
   52  1  -31.962393    1.000000    0.000000
   53  1  -31.871177    1.000000    0.000000
   54  1  -31.866522    1.000000    0.000000
   55  1  -31.800118    1.000000    0.000000
   56  1  -31.798219    1.000000    0.000000
   57  1  -31.703032    1.000000    0.000000
   58  1  -31.698801    1.000000    0.000000
   59  1  -31.631768    1.000000    0.000000
   60  1  -31.630335    1.000000    0.000000
   61  1  -15.748910    1.000000    0.000000
   62  1  -15.747876    1.000000    0.000000
   63  1  -15.746827    1.000000    0.000000
   64  1  -15.745786    1.000000    0.000000
   65  2   -7.461646    2.000000    0.000000
   67  2   -7.452037    2.000000    0.000000
   69  1   -7.405540    1.000000    0.000000
   70  1   -7.402383    1.000000    0.000000
   71  1   -7.395768    1.000000    0.000000
   72  1   -7.392560    1.000000    0.000000
   73  1   -7.237106    1.000000    0.000000
   74  1   -7.234064    1.000000    0.000000
   75  1   -7.231758    1.000000    0.000000
   76  1   -7.227967    1.000000    0.000000
   77  1   -7.196077    1.000000    0.000000
   78  1   -7.194172    1.000000    0.000000
   79  1   -7.173594    1.000000    0.000000
   80  1   -7.169978    1.000000    0.000000
   81  1   -7.151225    1.000000    0.000000
   82  1   -7.145602    1.000000    0.000000
   83  1   -7.143528    1.000000    0.000000
   84  1   -7.138510    1.000000    0.000000
   85  1   -6.987418    1.000000    0.000000
   86  1   -6.983455    1.000000    0.000000
   87  1   -6.960582    1.000000    0.000000
   88  1   -6.956778    1.000000    0.000000
   89  2   -6.873095    2.000000    0.000000
   91  2   -6.853286    2.000000    0.000000
   93  1   -6.813822    1.000000    0.000000
   94  1   -6.810892    1.000000    0.000000
   95  1   -6.794904    1.000000    0.000000
   96  1   -6.791304    1.000000    0.000000
   97  2   -4.847003    2.000000    0.000000
   99  2   -4.844852    2.000000    0.000000
  101  2   -3.004293    2.000000    0.000000
  103  2   -3.002194    2.000000    0.000000
  105  2   -2.287320    2.000000    0.000000
  107  2   -2.285215    2.000000    0.000000
  109  2   -0.690847    2.000000    0.000000
  111  1   -0.644223    1.000000    0.000000
  112  1   -0.643214    1.000000    0.000000
  113  2   -0.422086    2.000000    0.000000
  115  2   -0.326767    2.000000    0.000000
  117  2   -0.079742    2.000000    0.000000
  119  2    0.002593    2.000000    0.000000
  121  1    0.159596    1.000000    0.000000
  122  1    0.161915    1.000000    0.000000
  123  1    0.197491    1.000000    0.000000
  124  1    0.199347    1.000000    0.000000
  125  1    0.346449    1.000000    0.000000
  126  1    0.347930    1.000000    0.000000
  127  1    0.366108    1.000000    0.000000
  128  1    0.368258    1.000000    0.000000
  129  1    0.509908    1.000000    0.000000
  130  1    0.511326    1.000000    0.000000
  131  1    0.527345    1.000000    0.000000
  132  1    0.528476    1.000000    0.000000
  133  2    0.611717    2.000000    0.000000
  135  2    0.621911    2.000000    0.000000
  137  1    0.640924    1.000000    0.000000
  138  1    0.644528    1.000000    0.000000
  139  1    0.669410    1.000000    0.000000
  140  1    0.672377    1.000000    0.000000
  141  2    1.520133    2.000000    0.000000
  143  2    1.564676    2.000000    0.000000
  145  2    1.625788    2.000000    0.000000
  147  2    1.658610    2.000000    0.000000
  149  1    1.710518    1.000000    0.000000
  150  1    1.711936    1.000000    0.000000
  151  2    1.769318    2.000000    0.000000
  153  1    1.845256    1.000000    0.000000
  154  1    1.847346    1.000000    0.000000
  155  1    1.879133    1.000000    0.000000
  156  1    1.880972    1.000000    0.000000
  157  1    1.944270    1.000000    0.000000
  158  1    1.945601    1.000000    0.000000
  159  2    1.962531    2.000000    0.000000
  161  1    2.062625    1.000000    0.000000
  162  1    2.066728    1.000000    0.000000
  163  1    2.083060    1.000000    0.000000
  164  1    2.087730    1.000000    0.000000
  165  2    2.119350    2.000000    0.000000
  167  2    2.123840    2.000000    0.000000
  169  1    2.235386    1.000000    0.000000
  170  1    2.239636    1.000000    0.000000
  171  1    2.244180    1.000000    0.000000
  172  1    2.248372    1.000000    0.000000
  173  2    2.305642    2.000000    0.000000
  175  2    2.321173    2.000000    0.000000
  177  2    2.335183    2.000000    0.000000
  179  1    2.388263    1.000000    0.000000
  180  1    2.389560    1.000000    0.000000
  181  1    2.458034    1.000000    0.000000
  182  1    2.460755    1.000000    0.000000
  183  1    2.478092    1.000000    0.000000
  184  1    2.479105    1.000000    0.000000
  185  2    2.555606    2.000000    0.000000
  187  2    2.580403    2.000000    0.000000
  189  2    2.695918    2.000000    0.000000
  191  2    2.711762    2.000000    0.000000
  193  2    2.722224    2.000000    0.000000
  195  2    2.781956    2.000000    0.000000
  197  1    2.907559    1.000000    0.000000
  198  1    2.912140    1.000000    0.000000
  199  1    2.957526    1.000000    0.000000
  200  1    2.961618    1.000000    0.000000
  201  1    3.161944    1.000000    0.000000
  202  1    3.163739    1.000000    0.000000
  203  1    3.177285    1.000000    0.000000
  204  1    3.178878    1.000000    0.000000
  205  2    4.506850    2.000000    0.000000
  207  2    4.731776    2.000000    0.000000
  209  1    5.009112    1.000000    0.000000
  210  1    5.010680    1.000000    0.000000
  211  1    5.014762    1.000000    0.000000
  212  1    5.016157    1.000000    0.000000
  213  1    5.085279    1.000000    0.000000
  214  1    5.086748    1.000000    0.000000
  215  2    5.100435    2.000000    0.000000
  217  1    5.318538    1.000000    0.000000
  218  1    5.319672    1.000000    0.000000
  219  1    5.362594    1.000000    0.000000
  220  1    5.365225    1.000000    0.000000
  221  1    5.430319    1.000000    0.000000
  222  1    5.432552    1.000000    0.000000
  223  1    5.873031    1.000000    0.000000
  224  1    5.876886    1.000000    0.000000
  225  1    6.029861    1.000000    0.000000
  226  1    6.035177    1.000000    0.000000
  227  1    6.100883    1.000000    0.000000
  228  1    6.107122    1.000000    0.000000
  229  1    6.197049    1.000000    0.000000
  230  1    6.198376    1.000000    0.000000
  231  1    6.243004    1.000000    0.000000
  232  1    6.246053    1.000000    0.000000
  233  1    6.312122    1.000000    0.000000
  234  1    6.316070    1.000000    0.000000
  235  1    6.335471    1.000000    0.000000
  236  1    6.336945    1.000000    0.000000
  237  1    6.728989    1.000000    0.000000
  238  1    6.731246    1.000000    0.000000
  239  1    6.738534    1.000000    0.000000
  240  1    6.741828    1.000000    0.000000
  241  2    6.775998    2.000000    0.000000
  243  2    6.832946    2.000000    0.000000
  245  2    6.864975    2.000000    0.000000
  247  1    6.919072    1.000000    0.000000
  248  1    6.920791    1.000000    0.000000
  249  2    6.945874    2.000000    0.000000
  251  1    7.013911    1.000000    0.000000
  252  1    7.017707    1.000000    0.000000
  253  1    7.056254    1.000000    0.000000
  254  1    7.061069    1.000000    0.000000
  255  1    7.067160    1.000000    0.000000
  256  1    7.070688    1.000000    0.000000
  257  1    7.116738    1.000000    0.000000
  258  1    7.123561    1.000000    0.000000
  259  1    7.135395    1.000000    0.000000
  260  1    7.136907    1.000000    0.000000
  261  1    7.247503    1.000000    0.000000
  262  1    7.249688    1.000000    0.000000
  263  1    7.295892    1.000000    0.000000
  264  1    7.297067    1.000000    0.000000
  265  1    7.331609    1.000000    0.000000
  266  1    7.333958    1.000000    0.000000
  267  1    7.447928    1.000000    0.000000
  268  1    7.450580    1.000000    0.000000
  269  1    7.490749    1.000000    0.000000
  270  1    7.493692    1.000000    0.000000
  271  1    7.555512    1.000000    0.000000
  272  1    7.558571    1.000000    0.000000
  273  2    7.730709    2.000000    0.000000
  275  1    7.753174    1.000000    0.000000
  276  1    7.754513    1.000000    0.000000
  277  1    7.768544    1.000000    0.000000
  278  1    7.770029    1.000000    0.000000
  279  1    7.869081    1.000000    0.000000
  280  1    7.870844    1.000000    0.000000
  281  1    8.109993    1.000000    0.000000
  282  1    8.112782    1.000000    0.000000
  283  1    8.135502    1.000000    0.000000
  284  1    8.136627    1.000000    0.000000
  285  2    8.334328    2.000000    0.000000
  287  2    8.613744    2.000000    0.000000
  289  2    8.651352    2.000000    0.000000
  291  2    8.737560    2.000000    0.000000
  293  2    8.916442    2.000000    0.000000
  295  2    8.945652    2.000000    0.000000
  297  2    8.954567    2.000000    0.000000
  299  2    9.029023    2.000000    0.000000
  301  1    9.196456    1.000000    0.000000
  302  1    9.197769    1.000000    0.000000
  303  1    9.202614    1.000000    0.000000
  304  1    9.204881    1.000000    0.000000
  305  1    9.442304    1.000000    0.000000
  306  1    9.444591    1.000000    0.000000
  307  1    9.454588    1.000000    0.000000
  308  1    9.457192    1.000000    0.000000
  309  1   10.526624    1.000000    0.000000
  310  1   10.528780    1.000000    0.000000
  311  1   10.564587    1.000000    0.000000
  312  1   10.565621    1.000000    0.000000
  313  1   10.612462    1.000000    0.000000
  314  1   10.614706    1.000000    0.000000
  315  1   10.637906    1.000000    0.000000
  316  1   10.639443    1.000000    0.000000
  317  1   11.141097    1.000000    0.000000
  318  1   11.143123    1.000000    0.000000
  319  1   11.294654    1.000000    0.000000
  320  1   11.297300    1.000000    0.000000
  321  1   11.381397    1.000000    0.000000
  322  1   11.391047    1.000000    0.000000
  323  1   11.611472    1.000000    0.000000
  324  1   11.637769    1.000000    0.000000
  325  1   11.708661    1.000000    0.000000
  326  1   11.720959    1.000000    0.000000
  327  1   11.733629    1.000000    0.000000
  328  1   11.774669    1.000000    0.000000
  1
    1
    1  1  -33.798689    1.000000    0.000000
    2  1  -33.789369    1.000000    0.000000
    3  1  -33.736599    1.000000    0.000000
    4  1  -33.735021    1.000000    0.000000
    5  1  -33.732748    1.000000    0.000000
    6  1  -33.727104    1.000000    0.000000
    7  1  -33.667075    1.000000    0.000000
    8  1  -33.663901    1.000000    0.000000
    9  1  -33.611391    1.000000    0.000000
   10  2  -33.609660    2.000000    0.000000
   12  1  -33.599477    1.000000    0.000000
   13  1  -33.546065    1.000000    0.000000
   14  1  -33.538045    1.000000    0.000000
   15  1  -33.479356    1.000000    0.000000
   16  1  -33.477985    1.000000    0.000000
   17  1  -33.364833    1.000000    0.000000
   18  1  -33.361645    1.000000    0.000000
   19  1  -33.294506    1.000000    0.000000
   20  1  -33.291883    1.000000    0.000000
   21  1  -33.141670    1.000000    0.000000
   22  1  -33.134190    1.000000    0.000000
   23  1  -33.095452    1.000000    0.000000
   24  1  -33.089680    1.000000    0.000000
   25  1  -33.075807    1.000000    0.000000
   26  1  -33.069634    1.000000    0.000000
   27  1  -33.027606    1.000000    0.000000
   28  1  -33.023157    1.000000    0.000000
   29  1  -32.928424    1.000000    0.000000
   30  1  -32.926071    1.000000    0.000000
   31  1  -32.514881    1.000000    0.000000
   32  1  -32.507974    1.000000    0.000000
   33  1  -32.454314    1.000000    0.000000
   34  1  -32.443581    1.000000    0.000000
   35  1  -32.423325    1.000000    0.000000
   36  1  -32.420022    1.000000    0.000000
   37  1  -32.253825    1.000000    0.000000
   38  1  -32.249331    1.000000    0.000000
   39  1  -32.183467    1.000000    0.000000
   40  1  -32.181087    1.000000    0.000000
   41  1  -32.163334    1.000000    0.000000
   42  1  -32.159954    1.000000    0.000000
   43  1  -32.118355    1.000000    0.000000
   44  1  -32.112696    1.000000    0.000000
   45  1  -32.058150    1.000000    0.000000
   46  1  -32.051530    1.000000    0.000000
   47  1  -32.046892    1.000000    0.000000
   48  1  -32.044963    1.000000    0.000000
   49  1  -31.991505    1.000000    0.000000
   50  1  -31.980713    1.000000    0.000000
   51  1  -31.967029    1.000000    0.000000
   52  1  -31.962394    1.000000    0.000000
   53  1  -31.871180    1.000000    0.000000
   54  1  -31.866525    1.000000    0.000000
   55  1  -31.800121    1.000000    0.000000
   56  1  -31.798222    1.000000    0.000000
   57  1  -31.703034    1.000000    0.000000
   58  1  -31.698803    1.000000    0.000000
   59  1  -31.631770    1.000000    0.000000
   60  1  -31.630337    1.000000    0.000000
   61  1  -15.748907    1.000000    0.000000
   62  1  -15.747873    1.000000    0.000000
   63  1  -15.746824    1.000000    0.000000
   64  1  -15.745783    1.000000    0.000000
   65  2   -7.468866    2.000000    0.000000
   67  2   -7.458313    2.000000    0.000000
   69  1   -7.393346    1.000000    0.000000
   70  1   -7.390490    1.000000    0.000000
   71  1   -7.383218    1.000000    0.000000
   72  1   -7.380229    1.000000    0.000000
   73  1   -7.235948    1.000000    0.000000
   74  2   -7.232280    2.000000    0.000000
   76  1   -7.228002    1.000000    0.000000
   77  1   -7.163286    1.000000    0.000000
   78  2   -7.158083    2.000000    0.000000
   80  1   -7.151523    1.000000    0.000000
   81  2   -7.119837    2.000000    0.000000
   83  1   -7.089646    1.000000    0.000000
   84  1   -7.088478    1.000000    0.000000
   85  1   -7.081655    1.000000    0.000000
   86  1   -7.074228    1.000000    0.000000
   87  1   -7.054249    1.000000    0.000000
   88  1   -7.046215    1.000000    0.000000
   89  2   -6.872732    2.000000    0.000000
   91  2   -6.856913    2.000000    0.000000
   93  1   -6.801337    1.000000    0.000000
   94  1   -6.798770    1.000000    0.000000
   95  1   -6.781093    1.000000    0.000000
   96  1   -6.778092    1.000000    0.000000
   97  2   -4.839598    2.000000    0.000000
   99  2   -4.837481    2.000000    0.000000
  101  2   -2.990484    2.000000    0.000000
  103  2   -2.988464    2.000000    0.000000
  105  2   -2.261967    2.000000    0.000000
  107  2   -2.259932    2.000000    0.000000
  109  2   -0.668137    2.000000    0.000000
  111  2   -0.588026    2.000000    0.000000
  113  1   -0.414481    1.000000    0.000000
  114  1   -0.413444    1.000000    0.000000
  115  2   -0.297803    2.000000    0.000000
  117  1   -0.296643    1.000000    0.000000
  118  1   -0.294165    1.000000    0.000000
  119  1   -0.263521    1.000000    0.000000
  120  1   -0.260494    1.000000    0.000000
  121  1    0.111370    1.000000    0.000000
  122  1    0.113021    1.000000    0.000000
  123  1    0.149193    1.000000    0.000000
  124  2    0.151399    2.000000    0.000000
  126  1    0.152757    1.000000    0.000000
  127  1    0.171984    1.000000    0.000000
  128  1    0.173695    1.000000    0.000000
  129  2    0.561111    2.000000    0.000000
  131  1    0.595028    1.000000    0.000000
  132  1    0.596643    1.000000    0.000000
  133  1    0.909708    1.000000    0.000000
  134  1    0.910811    1.000000    0.000000
  135  2    0.927477    2.000000    0.000000
  137  2    1.094828    2.000000    0.000000
  139  2    1.102110    2.000000    0.000000
  141  2    1.335732    2.000000    0.000000
  143  2    1.352804    2.000000    0.000000
  145  2    1.468378    2.000000    0.000000
  147  2    1.497480    2.000000    0.000000
  149  1    1.607406    1.000000    0.000000
  150  1    1.610465    1.000000    0.000000
  151  1    1.621342    1.000000    0.000000
  152  1    1.624333    1.000000    0.000000
  153  1    1.810819    1.000000    0.000000
  154  1    1.813482    1.000000    0.000000
  155  1    1.883579    1.000000    0.000000
  156  1    1.886550    1.000000    0.000000
  157  1    1.890712    1.000000    0.000000
  158  1    1.892526    1.000000    0.000000
  159  1    1.947642    1.000000    0.000000
  160  1    1.950375    1.000000    0.000000
  161  1    2.013567    1.000000    0.000000
  162  1    2.017085    1.000000    0.000000
  163  1    2.026235    1.000000    0.000000
  164  1    2.030021    1.000000    0.000000
  165  2    2.132106    2.000000    0.000000
  167  2    2.148528    2.000000    0.000000
  169  1    2.167667    1.000000    0.000000
  170  1    2.168999    1.000000    0.000000
  171  2    2.194817    2.000000    0.000000
  173  2    2.280722    2.000000    0.000000
  175  2    2.312667    2.000000    0.000000
  177  2    2.367393    2.000000    0.000000
  179  2    2.389926    2.000000    0.000000
  181  2    2.474319    2.000000    0.000000
  183  1    2.479819    1.000000    0.000000
  184  1    2.482039    1.000000    0.000000
  185  1    2.549127    1.000000    0.000000
  186  1    2.552069    1.000000    0.000000
  187  1    2.560087    1.000000    0.000000
  188  1    2.561455    1.000000    0.000000
  189  2    2.683438    2.000000    0.000000
  191  2    2.724501    2.000000    0.000000
  193  1    2.782225    1.000000    0.000000
  194  1    2.783548    1.000000    0.000000
  195  1    2.826322    1.000000    0.000000
  196  1    2.828710    1.000000    0.000000
  197  1    3.060270    1.000000    0.000000
  198  2    3.062473    2.000000    0.000000
  200  1    3.065900    1.000000    0.000000
  201  1    3.243462    1.000000    0.000000
  202  1    3.246465    1.000000    0.000000
  203  1    3.257092    1.000000    0.000000
  204  1    3.259345    1.000000    0.000000
  205  2    4.343723    2.000000    0.000000
  207  2    4.514591    2.000000    0.000000
  209  1    5.008641    1.000000    0.000000
  210  1    5.010869    1.000000    0.000000
  211  1    5.033189    1.000000    0.000000
  212  1    5.035739    1.000000    0.000000
  213  2    5.049847    2.000000    0.000000
  215  1    5.260804    1.000000    0.000000
  216  1    5.262479    1.000000    0.000000
  217  1    5.363702    1.000000    0.000000
  218  1    5.365127    1.000000    0.000000
  219  2    5.423914    2.000000    0.000000
  221  2    5.584116    2.000000    0.000000
  223  1    5.914657    1.000000    0.000000
  224  1    5.918762    1.000000    0.000000
  225  1    6.051130    1.000000    0.000000
  226  1    6.056881    1.000000    0.000000
  227  1    6.117217    1.000000    0.000000
  228  1    6.123742    1.000000    0.000000
  229  1    6.186344    1.000000    0.000000
  230  1    6.187693    1.000000    0.000000
  231  1    6.213813    1.000000    0.000000
  232  1    6.215575    1.000000    0.000000
  233  1    6.244503    1.000000    0.000000
  234  1    6.246117    1.000000    0.000000
  235  1    6.301054    1.000000    0.000000
  236  1    6.303912    1.000000    0.000000
  237  2    6.408553    2.000000    0.000000
  239  1    6.475550    1.000000    0.000000
  240  1    6.478788    1.000000    0.000000
  241  1    6.762009    1.000000    0.000000
  242  1    6.763340    1.000000    0.000000
  243  2    6.783810    2.000000    0.000000
  245  2    6.838597    2.000000    0.000000
  247  2    6.904305    2.000000    0.000000
  249  2    6.920638    2.000000    0.000000
  251  1    7.044517    1.000000    0.000000
  252  1    7.046150    1.000000    0.000000
  253  1    7.070021    1.000000    0.000000
  254  1    7.072384    1.000000    0.000000
  255  1    7.081517    1.000000    0.000000
  256  1    7.087308    1.000000    0.000000
  257  1    7.137323    1.000000    0.000000
  258  1    7.147161    1.000000    0.000000
  259  1    7.228586    1.000000    0.000000
  260  1    7.231474    1.000000    0.000000
  261  2    7.338551    2.000000    0.000000
  263  2    7.353682    2.000000    0.000000
  265  1    7.481537    1.000000    0.000000
  266  1    7.485528    1.000000    0.000000
  267  2    7.494368    2.000000    0.000000
  269  1    7.547894    1.000000    0.000000
  270  1    7.550566    1.000000    0.000000
  271  2    7.740178    2.000000    0.000000
  273  2    7.803629    2.000000    0.000000
  275  1    7.893088    1.000000    0.000000
  276  1    7.895125    1.000000    0.000000
  277  2    7.930209    2.000000    0.000000
  279  1    8.108588    1.000000    0.000000
  280  1    8.111934    1.000000    0.000000
  281  1    8.130350    1.000000    0.000000
  282  1    8.131975    1.000000    0.000000
  283  1    8.345384    1.000000    0.000000
  284  1    8.346971    1.000000    0.000000
  285  2    8.396207    2.000000    0.000000
  287  2    8.551085    2.000000    0.000000
  289  2    8.566212    2.000000    0.000000
  291  1    8.669269    1.000000    0.000000
  292  1    8.670336    1.000000    0.000000
  293  1    8.778758    1.000000    0.000000
  294  1    8.780947    1.000000    0.000000
  295  1    8.845376    1.000000    0.000000
  296  1    8.848994    1.000000    0.000000
  297  1    8.886167    1.000000    0.000000
  298  1    8.888168    1.000000    0.000000
  299  1    8.908121    1.000000    0.000000
  300  1    8.910458    1.000000    0.000000
  301  1    8.929599    1.000000    0.000000
  302  1    8.931869    1.000000    0.000000
  303  2    8.983947    2.000000    0.000000
  305  1    9.898409    1.000000    0.000000
  306  1    9.899454    1.000000    0.000000
  307  1    9.902315    1.000000    0.000000
  308  1    9.903748    1.000000    0.000000
  309  1   10.394452    1.000000    0.000000
  310  1   10.395821    1.000000    0.000000
  311  1   10.414514    1.000000    0.000000
  312  1   10.416135    1.000000    0.000000
  313  1   10.876750    1.000000    0.000000
  314  1   10.877969    1.000000    0.000000
  315  2   10.960714    2.000000    0.000000
  317  1   11.168536    1.000000    0.000000
  318  1   11.174880    1.000000    0.000000
  319  1   11.289259    1.000000    0.000000
  320  1   11.295991    1.000000    0.000000
  321  1   11.439422    1.000000    0.000000
  322  1   11.443246    1.000000    0.000000
  323  1   11.449932    1.000000    0.000000
  324  1   11.458983    1.000000    0.000000
  325  1   11.481191    1.000000    0.000000
  326  1   11.503377    1.000000    0.000000
  327  1   11.538788    1.000000    0.000000
  328  1   11.580922    1.000000    0.000000
  1
    1
    1  1  -33.798691    1.000000    0.000000
    2  1  -33.789371    1.000000    0.000000
    3  1  -33.736598    1.000000    0.000000
    4  1  -33.735022    1.000000    0.000000
    5  1  -33.732746    1.000000    0.000000
    6  1  -33.727105    1.000000    0.000000
    7  1  -33.667073    1.000000    0.000000
    8  1  -33.663899    1.000000    0.000000
    9  1  -33.611390    1.000000    0.000000
   10  2  -33.609659    2.000000    0.000000
   12  1  -33.599475    1.000000    0.000000
   13  1  -33.546063    1.000000    0.000000
   14  1  -33.538043    1.000000    0.000000
   15  1  -33.479354    1.000000    0.000000
   16  1  -33.477983    1.000000    0.000000
   17  1  -33.364831    1.000000    0.000000
   18  1  -33.361644    1.000000    0.000000
   19  1  -33.294504    1.000000    0.000000
   20  1  -33.291881    1.000000    0.000000
   21  1  -33.141676    1.000000    0.000000
   22  1  -33.134196    1.000000    0.000000
   23  1  -33.095444    1.000000    0.000000
   24  1  -33.089671    1.000000    0.000000
   25  1  -33.075812    1.000000    0.000000
   26  1  -33.069639    1.000000    0.000000
   27  1  -33.027598    1.000000    0.000000
   28  1  -33.023148    1.000000    0.000000
   29  1  -32.928423    1.000000    0.000000
   30  1  -32.926070    1.000000    0.000000
   31  1  -32.514882    1.000000    0.000000
   32  1  -32.507974    1.000000    0.000000
   33  1  -32.454315    1.000000    0.000000
   34  1  -32.443582    1.000000    0.000000
   35  1  -32.423325    1.000000    0.000000
   36  1  -32.420023    1.000000    0.000000
   37  1  -32.253824    1.000000    0.000000
   38  1  -32.249330    1.000000    0.000000
   39  1  -32.183466    1.000000    0.000000
   40  1  -32.181086    1.000000    0.000000
   41  1  -32.163334    1.000000    0.000000
   42  1  -32.159954    1.000000    0.000000
   43  1  -32.118354    1.000000    0.000000
   44  1  -32.112695    1.000000    0.000000
   45  1  -32.058149    1.000000    0.000000
   46  1  -32.051528    1.000000    0.000000
   47  1  -32.046891    1.000000    0.000000
   48  1  -32.044961    1.000000    0.000000
   49  1  -31.991503    1.000000    0.000000
   50  1  -31.980711    1.000000    0.000000
   51  1  -31.967027    1.000000    0.000000
   52  1  -31.962393    1.000000    0.000000
   53  1  -31.871177    1.000000    0.000000
   54  1  -31.866522    1.000000    0.000000
   55  1  -31.800118    1.000000    0.000000
   56  1  -31.798219    1.000000    0.000000
   57  1  -31.703033    1.000000    0.000000
   58  1  -31.698801    1.000000    0.000000
   59  1  -31.631769    1.000000    0.000000
   60  1  -31.630336    1.000000    0.000000
   61  1  -15.748910    1.000000    0.000000
   62  1  -15.747876    1.000000    0.000000
   63  1  -15.746827    1.000000    0.000000
   64  1  -15.745786    1.000000    0.000000
   65  2   -7.462130    2.000000    0.000000
   67  2   -7.452690    2.000000    0.000000
   69  1   -7.404798    1.000000    0.000000
   70  1   -7.401639    1.000000    0.000000
   71  1   -7.394716    1.000000    0.000000
   72  1   -7.391495    1.000000    0.000000
   73  1   -7.237017    1.000000    0.000000
   74  1   -7.233959    1.000000    0.000000
   75  1   -7.231642    1.000000    0.000000
   76  1   -7.227820    1.000000    0.000000
   77  1   -7.197066    1.000000    0.000000
   78  1   -7.195062    1.000000    0.000000
   79  1   -7.174412    1.000000    0.000000
   80  1   -7.170702    1.000000    0.000000
   81  1   -7.150997    1.000000    0.000000
   82  1   -7.145433    1.000000    0.000000
   83  1   -7.143343    1.000000    0.000000
   84  1   -7.138373    1.000000    0.000000
   85  1   -6.987092    1.000000    0.000000
   86  1   -6.983124    1.000000    0.000000
   87  1   -6.960260    1.000000    0.000000
   88  1   -6.956451    1.000000    0.000000
   89  2   -6.873331    2.000000    0.000000
   91  2   -6.853508    2.000000    0.000000
   93  1   -6.813668    1.000000    0.000000
   94  1   -6.810751    1.000000    0.000000
   95  1   -6.794775    1.000000    0.000000
   96  1   -6.791188    1.000000    0.000000
   97  2   -4.847008    2.000000    0.000000
   99  2   -4.844858    2.000000    0.000000
  101  2   -3.004298    2.000000    0.000000
  103  2   -3.002203    2.000000    0.000000
  105  2   -2.287343    2.000000    0.000000
  107  2   -2.285237    2.000000    0.000000
  109  1   -0.644024    1.000000    0.000000
  110  1   -0.641838    1.000000    0.000000
  111  1   -0.605503    1.000000    0.000000
  112  1   -0.603589    1.000000    0.000000
  113  1   -0.525363    1.000000    0.000000
  114  1   -0.523196    1.000000    0.000000
  115  1   -0.433233    1.000000    0.000000
  116  1   -0.431746    1.000000    0.000000
  117  2    0.006819    2.000000    0.000000
  119  2    0.137898    2.000000    0.000000
  121  1    0.175249    1.000000    0.000000
  122  1    0.177603    1.000000    0.000000
  123  1    0.217404    1.000000    0.000000
  124  1    0.218804    1.000000    0.000000
  125  2    0.288173    2.000000    0.000000
  127  1    0.336802    1.000000    0.000000
  128  1    0.338426    1.000000    0.000000
  129  1    0.524064    1.000000    0.000000
  130  1    0.525346    1.000000    0.000000
  131  1    0.553030    1.000000    0.000000
  132  1    0.554569    1.000000    0.000000
  133  2    0.578186    2.000000    0.000000
  135  2    0.584982    2.000000    0.000000
  137  1    0.629158    1.000000    0.000000
  138  1    0.632810    1.000000    0.000000
  139  1    0.677542    1.000000    0.000000
  140  1    0.680903    1.000000    0.000000
  141  2    1.513228    2.000000    0.000000
  143  2    1.538752    2.000000    0.000000
  145  1    1.550643    1.000000    0.000000
  146  1    1.552017    1.000000    0.000000
  147  1    1.644397    1.000000    0.000000
  148  1    1.646736    1.000000    0.000000
  149  1    1.728449    1.000000    0.000000
  150  1    1.729871    1.000000    0.000000
  151  2    1.750732    2.000000    0.000000
  153  2    1.785213    2.000000    0.000000
  155  2    1.809129    2.000000    0.000000
  157  2    1.967353    2.000000    0.000000
  159  1    1.993387    1.000000    0.000000
  160  1    1.996878    1.000000    0.000000
  161  2    2.077659    2.000000    0.000000
  163  1    2.080054    1.000000    0.000000
  164  1    2.082136    1.000000    0.000000
  165  2    2.121855    2.000000    0.000000
  167  2    2.160977    2.000000    0.000000
  169  2    2.291474    2.000000    0.000000
  171  2    2.329457    2.000000    0.000000
  173  2    2.355955    2.000000    0.000000
  175  1    2.376007    1.000000    0.000000
  176  1    2.378144    1.000000    0.000000
  177  2    2.399809    2.000000    0.000000
  179  2    2.426952    2.000000    0.000000
  181  1    2.469816    1.000000    0.000000
  182  1    2.471762    1.000000    0.000000
  183  1    2.488368    1.000000    0.000000
  184  1    2.491238    1.000000    0.000000
  185  2    2.533758    2.000000    0.000000
  187  2    2.547416    2.000000    0.000000
  189  2    2.582358    2.000000    0.000000
  191  1    2.624467    1.000000    0.000000
  192  1    2.626527    1.000000    0.000000
  193  1    2.854259    1.000000    0.000000
  194  1    2.857746    1.000000    0.000000
  195  1    2.929330    1.000000    0.000000
  196  1    2.930575    1.000000    0.000000
  197  1    2.945970    1.000000    0.000000
  198  1    2.947148    1.000000    0.000000
  199  1    2.965401    1.000000    0.000000
  200  1    2.968693    1.000000    0.000000
  201  1    2.990216    1.000000    0.000000
  202  1    2.992513    1.000000    0.000000
  203  1    3.001637    1.000000    0.000000
  204  1    3.004530    1.000000    0.000000
  205  2    4.531069    2.000000    0.000000
  207  1    4.838012    1.000000    0.000000
  208  1    4.839718    1.000000    0.000000
  209  1    4.909753    1.000000    0.000000
  210  1    4.912766    1.000000    0.000000
  211  1    4.970509    1.000000    0.000000
  212  1    4.972064    1.000000    0.000000
  213  1    5.117852    1.000000    0.000000
  214  1    5.119705    1.000000    0.000000
  215  1    5.177307    1.000000    0.000000
  216  1    5.179378    1.000000    0.000000
  217  2    5.247255    2.000000    0.000000
  219  2    5.313139    2.000000    0.000000
  221  2    5.481862    2.000000    0.000000
  223  1    5.907406    1.000000    0.000000
  224  1    5.911609    1.000000    0.000000
  225  1    6.034854    1.000000    0.000000
  226  1    6.041028    1.000000    0.000000
  227  1    6.096010    1.000000    0.000000
  228  1    6.103033    1.000000    0.000000
  229  1    6.199727    1.000000    0.000000
  230  1    6.201094    1.000000    0.000000
  231  1    6.242701    1.000000    0.000000
  232  1    6.245558    1.000000    0.000000
  233  1    6.309852    1.000000    0.000000
  234  1    6.311861    1.000000    0.000000
  235  1    6.317045    1.000000    0.000000
  236  1    6.320681    1.000000    0.000000
  237  1    6.636243    1.000000    0.000000
  238  1    6.638169    1.000000    0.000000
  239  1    6.741955    1.000000    0.000000
  240  1    6.744306    1.000000    0.000000
  241  2    6.829010    2.000000    0.000000
  243  2    6.859703    2.000000    0.000000
  245  1    6.923804    1.000000    0.000000
  246  1    6.925389    1.000000    0.000000
  247  2    6.928525    2.000000    0.000000
  249  1    6.957234    1.000000    0.000000
  250  1    6.960656    1.000000    0.000000
  251  1    7.004824    1.000000    0.000000
  252  1    7.007302    1.000000    0.000000
  253  1    7.020522    1.000000    0.000000
  254  1    7.023986    1.000000    0.000000
  255  1    7.063099    1.000000    0.000000
  256  1    7.066013    1.000000    0.000000
  257  1    7.095458    1.000000    0.000000
  258  1    7.097655    1.000000    0.000000
  259  1    7.114765    1.000000    0.000000
  260  1    7.120868    1.000000    0.000000
  261  1    7.239582    1.000000    0.000000
  262  1    7.242031    1.000000    0.000000
  263  1    7.282526    1.000000    0.000000
  264  1    7.283884    1.000000    0.000000
  265  1    7.301856    1.000000    0.000000
  266  1    7.303362    1.000000    0.000000
  267  1    7.452936    1.000000    0.000000
  268  1    7.456332    1.000000    0.000000
  269  1    7.488199    1.000000    0.000000
  270  1    7.491936    1.000000    0.000000
  271  1    7.556191    1.000000    0.000000
  272  1    7.559027    1.000000    0.000000
  273  1    7.746479    1.000000    0.000000
  274  1    7.747741    1.000000    0.000000
  275  2    7.776707    2.000000    0.000000
  277  1    7.884593    1.000000    0.000000
  278  1    7.887386    1.000000    0.000000
  279  2    7.925247    2.000000    0.000000
  281  1    7.979037    1.000000    0.000000
  282  1    7.982458    1.000000    0.000000
  283  1    8.171815    1.000000    0.000000
  284  1    8.173031    1.000000    0.000000
  285  2    8.254009    2.000000    0.000000
  287  2    8.627675    2.000000    0.000000
  289  2    8.665296    2.000000    0.000000
  291  2    8.889512    2.000000    0.000000
  293  1    8.943217    1.000000    0.000000
  294  1    8.944762    1.000000    0.000000
  295  1    8.960879    1.000000    0.000000
  296  1    8.962180    1.000000    0.000000
  297  1    8.974192    1.000000    0.000000
  298  1    8.975692    1.000000    0.000000
  299  1    9.003376    1.000000    0.000000
  300  1    9.004977    1.000000    0.000000
  301  2    9.013856    2.000000    0.000000
  303  1    9.077111    1.000000    0.000000
  304  1    9.078369    1.000000    0.000000
  305  1    9.543310    1.000000    0.000000
  306  1    9.546356    1.000000    0.000000
  307  1    9.570843    1.000000    0.000000
  308  1    9.573831    1.000000    0.000000
  309  2   10.367500    2.000000    0.000000
  311  1   10.455762    1.000000    0.000000
  312  1   10.457027    1.000000    0.000000
  313  1   10.671919    1.000000    0.000000
  314  1   10.674770    1.000000    0.000000
  315  1   10.713534    1.000000    0.000000
  316  1   10.716324    1.000000    0.000000
  317  1   10.972502    1.000000    0.000000
  318  1   10.974292    1.000000    0.000000
  319  1   11.139180    1.000000    0.000000
  320  1   11.141142    1.000000    0.000000
  321  1   11.666730    1.000000    0.000000
  322  1   11.669728    1.000000    0.000000
  323  1   11.681962    1.000000    0.000000
  324  1   11.713442    1.000000    0.000000
  325  1   11.737269    1.000000    0.000000
  326  1   11.807414    1.000000    0.000000
  327  1   11.847185    1.000000    0.000000
  328  1   11.923286    1.000000    0.000000
  1
    1
    1  1  -33.770813    1.000000    0.000000
    2  1  -33.761820    1.000000    0.000000
    3  1  -33.713404    1.000000    0.000000
    4  1  -33.709325    1.000000    0.000000
    5  1  -33.706982    1.000000    0.000000
    6  1  -33.699249    1.000000    0.000000
    7  1  -33.644155    1.000000    0.000000
    8  1  -33.640792    1.000000    0.000000
    9  1  -33.611874    1.000000    0.000000
   10  1  -33.603676    1.000000    0.000000
   11  1  -33.582262    1.000000    0.000000
   12  1  -33.580023    1.000000    0.000000
   13  1  -33.543418    1.000000    0.000000
   14  1  -33.536005    1.000000    0.000000
   15  1  -33.477623    1.000000    0.000000
   16  1  -33.476047    1.000000    0.000000
   17  1  -33.364619    1.000000    0.000000
   18  1  -33.361444    1.000000    0.000000
   19  1  -33.294287    1.000000    0.000000
   20  1  -33.291664    1.000000    0.000000
   21  1  -33.121261    1.000000    0.000000
   22  1  -33.113316    1.000000    0.000000
   23  1  -33.074027    1.000000    0.000000
   24  1  -33.068683    1.000000    0.000000
   25  1  -33.055789    1.000000    0.000000
   26  1  -33.049289    1.000000    0.000000
   27  1  -33.005784    1.000000    0.000000
   28  1  -33.001633    1.000000    0.000000
   29  1  -32.909002    1.000000    0.000000
   30  1  -32.906684    1.000000    0.000000
   31  1  -32.485053    1.000000    0.000000
   32  1  -32.478228    1.000000    0.000000
   33  1  -32.425686    1.000000    0.000000
   34  1  -32.416346    1.000000    0.000000
   35  1  -32.410961    1.000000    0.000000
   36  1  -32.406314    1.000000    0.000000
   37  1  -32.242969    1.000000    0.000000
   38  1  -32.238520    1.000000    0.000000
   39  1  -32.172690    1.000000    0.000000
   40  1  -32.170277    1.000000    0.000000
   41  1  -32.146162    1.000000    0.000000
   42  1  -32.142921    1.000000    0.000000
   43  1  -32.104418    1.000000    0.000000
   44  1  -32.098817    1.000000    0.000000
   45  1  -32.050904    1.000000    0.000000
   46  1  -32.045309    1.000000    0.000000
   47  1  -32.043703    1.000000    0.000000
   48  1  -32.033272    1.000000    0.000000
   49  1  -31.990737    1.000000    0.000000
   50  1  -31.980014    1.000000    0.000000
   51  1  -31.949071    1.000000    0.000000
   52  1  -31.944380    1.000000    0.000000
   53  1  -31.837785    1.000000    0.000000
   54  1  -31.833134    1.000000    0.000000
   55  1  -31.766610    1.000000    0.000000
   56  1  -31.764782    1.000000    0.000000
   57  1  -31.701872    1.000000    0.000000
   58  1  -31.697553    1.000000    0.000000
   59  1  -31.630608    1.000000    0.000000
   60  1  -31.629192    1.000000    0.000000
   61  2  -16.293017    2.000000    0.000000
   63  2  -16.290965    2.000000    0.000000
   65  2   -8.844700    2.000000    0.000000
   67  2   -8.819325    2.000000    0.000000
   69  2   -8.425226    2.000000    0.000000
   71  2   -8.396740    2.000000    0.000000
   73  2   -8.032554    2.000000    0.000000
   75  2   -8.029154    2.000000    0.000000
   77  2   -7.704749    2.000000    0.000000
   79  2   -7.681877    2.000000    0.000000
   81  2   -7.456012    2.000000    0.000000
   83  2   -7.424586    2.000000    0.000000
   85  2   -7.253581    2.000000    0.000000
   87  2   -7.230746    2.000000    0.000000
   89  2   -7.192473    2.000000    0.000000
   91  2   -7.127704    2.000000    0.000000
   93  2   -7.088091    2.000000    0.000000
   95  2   -7.038091    2.000000    0.000000
   97  1   -3.887131    1.000000    0.000000
   98  2   -3.885406    2.000000    0.000000
  100  1   -3.883048    1.000000    0.000000
  101  1   -2.806525    1.000000    0.000000
  102  2   -2.804609    2.000000    0.000000
  104  1   -2.802051    1.000000    0.000000
  105  1   -1.251609    1.000000    0.000000
  106  2   -1.249544    2.000000    0.000000
  108  1   -1.247333    1.000000    0.000000
  109  2   -0.697125    2.000000    0.000000
  111  2   -0.667719    2.000000    0.000000
  113  2   -0.268176    2.000000    0.000000
  115  2   -0.241798    2.000000    0.000000
  117  2    0.428030    2.000000    0.000000
  119  2    0.473464    2.000000    0.000000
  121  1    0.541731    1.000000    0.000000
  122  1    0.542748    1.000000    0.000000
  123  1    0.602908    1.000000    0.000000
  124  1    0.604392    1.000000    0.000000
  125  2    0.806023    2.000000    0.000000
  127  2    0.837281    2.000000    0.000000
  129  1    0.994575    1.000000    0.000000
  130  1    0.996122    1.000000    0.000000
  131  1    1.039367    1.000000    0.000000
  132  1    1.040688    1.000000    0.000000
  133  1    1.341678    1.000000    0.000000
  134  1    1.344022    1.000000    0.000000
  135  1    1.380440    1.000000    0.000000
  136  1    1.382722    1.000000    0.000000
  137  1    1.688346    1.000000    0.000000
  138  1    1.692659    1.000000    0.000000
  139  1    1.739004    1.000000    0.000000
  140  1    1.743209    1.000000    0.000000
  141  2    1.966820    2.000000    0.000000
  143  2    1.987311    2.000000    0.000000
  145  1    2.085658    1.000000    0.000000
  146  1    2.089865    1.000000    0.000000
  147  1    2.152879    1.000000    0.000000
  148  1    2.155184    1.000000    0.000000
  149  1    2.158134    1.000000    0.000000
  150  1    2.163441    1.000000    0.000000
  151  2    2.226425    2.000000    0.000000
  153  2    2.258948    2.000000    0.000000
  155  2    2.272455    2.000000    0.000000
  157  1    2.334484    1.000000    0.000000
  158  1    2.335790    1.000000    0.000000
  159  2    2.360142    2.000000    0.000000
  161  1    2.386968    1.000000    0.000000
  162  1    2.389911    1.000000    0.000000
  163  2    2.475139    2.000000    0.000000
  165  2    2.567087    2.000000    0.000000
  167  2    2.592981    2.000000    0.000000
  169  2    2.848602    2.000000    0.000000
  171  1    2.902687    1.000000    0.000000
  172  1    2.907465    1.000000    0.000000
  173  2    2.915801    2.000000    0.000000
  175  2    2.948429    2.000000    0.000000
  177  2    3.004514    2.000000    0.000000
  179  1    3.083481    1.000000    0.000000
  180  1    3.087566    1.000000    0.000000
  181  2    3.301789    2.000000    0.000000
  183  2    3.361404    2.000000    0.000000
  185  1    3.395394    1.000000    0.000000
  186  1    3.397950    1.000000    0.000000
  187  1    3.501036    1.000000    0.000000
  188  1    3.503314    1.000000    0.000000
  189  2    3.782635    2.000000    0.000000
  191  2    3.818090    2.000000    0.000000
  193  1    3.901586    1.000000    0.000000
  194  1    3.903074    1.000000    0.000000
  195  1    3.932522    1.000000    0.000000
  196  1    3.935066    1.000000    0.000000
  197  1    4.020295    1.000000    0.000000
  198  1    4.022063    1.000000    0.000000
  199  1    4.056736    1.000000    0.000000
  200  1    4.058245    1.000000    0.000000
  201  1    4.329053    1.000000    0.000000
  202  1    4.332192    1.000000    0.000000
  203  1    4.433833    1.000000    0.000000
  204  1    4.436356    1.000000    0.000000
  205  1    4.619149    1.000000    0.000000
  206  1    4.622094    1.000000    0.000000
  207  1    4.659512    1.000000    0.000000
  208  1    4.661790    1.000000    0.000000
  209  2    4.785738    2.000000    0.000000
  211  1    5.020621    1.000000    0.000000
  212  1    5.022365    1.000000    0.000000
  213  1    5.090711    1.000000    0.000000
  214  1    5.093872    1.000000    0.000000
  215  2    5.263308    2.000000    0.000000
  217  1    5.396838    1.000000    0.000000
  218  1    5.398882    1.000000    0.000000
  219  1    5.455421    1.000000    0.000000
  220  1    5.456554    1.000000    0.000000
  221  1    5.545941    1.000000    0.000000
  222  1    5.547656    1.000000    0.000000
  223  1    5.597124    1.000000    0.000000
  224  1    5.600172    1.000000    0.000000
  225  1    5.612603    1.000000    0.000000
  226  1    5.614339    1.000000    0.000000
  227  1    5.621154    1.000000    0.000000
  228  1    5.623265    1.000000    0.000000
  229  1    5.779113    1.000000    0.000000
  230  1    5.780116    1.000000    0.000000
  231  2    5.827013    2.000000    0.000000
  233  1    6.013594    1.000000    0.000000
  234  1    6.015211    1.000000    0.000000
  235  2    6.128370    2.000000    0.000000
  237  1    6.205482    1.000000    0.000000
  238  1    6.206678    1.000000    0.000000
  239  1    6.289888    1.000000    0.000000
  240  1    6.291703    1.000000    0.000000
  241  2    6.370269    2.000000    0.000000
  243  1    6.484610    1.000000    0.000000
  244  1    6.485955    1.000000    0.000000
  245  1    6.615767    1.000000    0.000000
  246  1    6.617917    1.000000    0.000000
  247  2    6.731899    2.000000    0.000000
  249  2    6.868913    2.000000    0.000000
  251  1    6.969874    1.000000    0.000000
  252  1    6.971656    1.000000    0.000000
  253  1    7.075205    1.000000    0.000000
  254  1    7.077408    1.000000    0.000000
  255  2    7.202348    2.000000    0.000000
  257  1    7.260550    1.000000    0.000000
  258  1    7.262547    1.000000    0.000000
  259  2    7.291484    2.000000    0.000000
  261  1    7.325275    1.000000    0.000000
  262  1    7.328344    1.000000    0.000000
  263  2    7.358580    2.000000    0.000000
  265  2    7.494511    2.000000    0.000000
  267  2    7.579149    2.000000    0.000000
  269  1    7.622148    1.000000    0.000000
  270  1    7.623340    1.000000    0.000000
  271  2    7.647105    2.000000    0.000000
  273  2    7.715537    2.000000    0.000000
  275  2    7.846040    2.000000    0.000000
  277  2    7.931534    2.000000    0.000000
  279  1    7.947767    1.000000    0.000000
  280  1    7.950644    1.000000    0.000000
  281  1    7.994782    1.000000    0.000000
  282  1    7.996562    1.000000    0.000000
  283  1    8.185570    1.000000    0.000000
  284  1    8.186859    1.000000    0.000000
  285  2    8.309322    2.000000    0.000000
  287  1    8.457267    1.000000    0.000000
  288  1    8.460350    1.000000    0.000000
  289  1    8.662750    1.000000    0.000000
  290  1    8.665130    1.000000    0.000000
  291  1    8.711418    1.000000    0.000000
  292  1    8.714244    1.000000    0.000000
  293  1    8.716678    1.000000    0.000000
  294  1    8.718278    1.000000    0.000000
  295  1    8.807015    1.000000    0.000000
  296  1    8.809250    1.000000    0.000000
  297  1    8.823686    1.000000    0.000000
  298  1    8.827498    1.000000    0.000000
  299  1    8.870258    1.000000    0.000000
  300  1    8.872102    1.000000    0.000000
  301  1    8.973119    1.000000    0.000000
  302  1    8.976282    1.000000    0.000000
  303  1    9.043215    1.000000    0.000000
  304  1    9.046961    1.000000    0.000000
  305  1    9.266306    1.000000    0.000000
  306  1    9.267389    1.000000    0.000000
  307  1    9.294235    1.000000    0.000000
  308  1    9.295321    1.000000    0.000000
  309  1    9.970420    1.000000    0.000000
  310  1    9.972113    1.000000    0.000000
  311  1   10.044718    1.000000    0.000000
  312  1   10.046242    1.000000    0.000000
  313  2   11.237301    2.000000    0.000000
  315  2   11.302259    2.000000    0.000000
  317  1   11.598173    1.000000    0.000000
  318  1   11.599382    1.000000    0.000000
  319  2   11.700398    2.000000    0.000000
  321  1   11.799807    1.000000    0.000000
  322  1   11.802352    1.000000    0.000000
  323  1   11.939390    1.000000    0.000000
  324  1   11.952091    1.000000    0.000000
  325  1   12.244755    1.000000    0.000000
  326  1   12.267685    1.000000    0.000000
  327  1   12.323271    1.000000    0.000000
  328  1   12.348727    1.000000    0.000000
  1
    1
    1  1  -33.770814    1.000000    0.000000
    2  1  -33.761822    1.000000    0.000000
    3  1  -33.713411    1.000000    0.000000
    4  1  -33.709331    1.000000    0.000000
    5  1  -33.706984    1.000000    0.000000
    6  1  -33.699250    1.000000    0.000000
    7  1  -33.644161    1.000000    0.000000
    8  1  -33.640799    1.000000    0.000000
    9  1  -33.611876    1.000000    0.000000
   10  1  -33.603678    1.000000    0.000000
   11  1  -33.582265    1.000000    0.000000
   12  1  -33.580026    1.000000    0.000000
   13  1  -33.543421    1.000000    0.000000
   14  1  -33.536007    1.000000    0.000000
   15  1  -33.477625    1.000000    0.000000
   16  1  -33.476049    1.000000    0.000000
   17  1  -33.364622    1.000000    0.000000
   18  1  -33.361447    1.000000    0.000000
   19  1  -33.294290    1.000000    0.000000
   20  1  -33.291667    1.000000    0.000000
   21  1  -33.121261    1.000000    0.000000
   22  1  -33.113316    1.000000    0.000000
   23  1  -33.074034    1.000000    0.000000
   24  1  -33.068690    1.000000    0.000000
   25  1  -33.055790    1.000000    0.000000
   26  1  -33.049289    1.000000    0.000000
   27  1  -33.005790    1.000000    0.000000
   28  1  -33.001639    1.000000    0.000000
   29  1  -32.909004    1.000000    0.000000
   30  1  -32.906686    1.000000    0.000000
   31  1  -32.485058    1.000000    0.000000
   32  1  -32.478233    1.000000    0.000000
   33  1  -32.425691    1.000000    0.000000
   34  1  -32.416351    1.000000    0.000000
   35  1  -32.410966    1.000000    0.000000
   36  1  -32.406319    1.000000    0.000000
   37  1  -32.242976    1.000000    0.000000
   38  1  -32.238527    1.000000    0.000000
   39  1  -32.172697    1.000000    0.000000
   40  1  -32.170284    1.000000    0.000000
   41  1  -32.146164    1.000000    0.000000
   42  1  -32.142923    1.000000    0.000000
   43  1  -32.104422    1.000000    0.000000
   44  1  -32.098820    1.000000    0.000000
   45  1  -32.050907    1.000000    0.000000
   46  1  -32.045312    1.000000    0.000000
   47  1  -32.043706    1.000000    0.000000
   48  1  -32.033275    1.000000    0.000000
   49  1  -31.990739    1.000000    0.000000
   50  1  -31.980016    1.000000    0.000000
   51  1  -31.949077    1.000000    0.000000
   52  1  -31.944386    1.000000    0.000000
   53  1  -31.837788    1.000000    0.000000
   54  1  -31.833137    1.000000    0.000000
   55  1  -31.766613    1.000000    0.000000
   56  1  -31.764785    1.000000    0.000000
   57  1  -31.701872    1.000000    0.000000
   58  1  -31.697554    1.000000    0.000000
   59  1  -31.630609    1.000000    0.000000
   60  1  -31.629192    1.000000    0.000000
   61  2  -16.293125    2.000000    0.000000
   63  2  -16.291073    2.000000    0.000000
   65  2   -8.919249    2.000000    0.000000
   67  2   -8.870052    2.000000    0.000000
   69  2   -8.360960    2.000000    0.000000
   71  2   -8.332074    2.000000    0.000000
   73  2   -7.882667    2.000000    0.000000
   75  2   -7.849846    2.000000    0.000000
   77  2   -7.647695    2.000000    0.000000
   79  2   -7.639480    2.000000    0.000000
   81  2   -7.485634    2.000000    0.000000
   83  2   -7.470224    2.000000    0.000000
   85  2   -7.413411    2.000000    0.000000
   87  2   -7.383773    2.000000    0.000000
   89  1   -7.233922    1.000000    0.000000
   90  1   -7.232402    1.000000    0.000000
   91  1   -7.222492    1.000000    0.000000
   92  1   -7.220833    1.000000    0.000000
   93  2   -7.086934    2.000000    0.000000
   95  2   -7.059020    2.000000    0.000000
   97  1   -3.846513    1.000000    0.000000
   98  2   -3.845043    2.000000    0.000000
  100  1   -3.842883    1.000000    0.000000
  101  1   -2.747507    1.000000    0.000000
  102  1   -2.746123    1.000000    0.000000
  103  1   -2.745122    1.000000    0.000000
  104  1   -2.743736    1.000000    0.000000
  105  1   -1.235401    1.000000    0.000000
  106  2   -1.233796    2.000000    0.000000
  108  1   -1.231610    1.000000    0.000000
  109  1   -0.486658    1.000000    0.000000
  110  1   -0.484604    1.000000    0.000000
  111  1   -0.460533    1.000000    0.000000
  112  1   -0.458897    1.000000    0.000000
  113  1   -0.106169    1.000000    0.000000
  114  1   -0.104065    1.000000    0.000000
  115  1   -0.054542    1.000000    0.000000
  116  1   -0.052315    1.000000    0.000000
  117  2   -0.006921    2.000000    0.000000
  119  2    0.064185    2.000000    0.000000
  121  2    0.503096    2.000000    0.000000
  123  2    0.575078    2.000000    0.000000
  125  2    0.758862    2.000000    0.000000
  127  2    0.783437    2.000000    0.000000
  129  2    1.088265    2.000000    0.000000
  131  2    1.140699    2.000000    0.000000
  133  2    1.444860    2.000000    0.000000
  135  1    1.520953    1.000000    0.000000
  136  1    1.522227    1.000000    0.000000
  137  2    1.659095    2.000000    0.000000
  139  1    1.700987    1.000000    0.000000
  140  1    1.702049    1.000000    0.000000
  141  1    1.721945    1.000000    0.000000
  142  1    1.723934    1.000000    0.000000
  143  2    1.783785    2.000000    0.000000
  145  2    1.823310    2.000000    0.000000
  147  1    1.878658    1.000000    0.000000
  148  1    1.879800    1.000000    0.000000
  149  1    2.073388    1.000000    0.000000
  150  1    2.076872    1.000000    0.000000
  151  1    2.152498    1.000000    0.000000
  152  1    2.158670    1.000000    0.000000
  153  1    2.250348    1.000000    0.000000
  154  1    2.251673    1.000000    0.000000
  155  1    2.346536    1.000000    0.000000
  156  1    2.348842    1.000000    0.000000
  157  1    2.361998    1.000000    0.000000
  158  1    2.363724    1.000000    0.000000
  159  1    2.376133    1.000000    0.000000
  160  1    2.377559    1.000000    0.000000
  161  1    2.393104    1.000000    0.000000
  162  1    2.396923    1.000000    0.000000
  163  2    2.432944    2.000000    0.000000
  165  2    2.560974    2.000000    0.000000
  167  2    2.640000    2.000000    0.000000
  169  2    2.877423    2.000000    0.000000
  171  1    2.927225    1.000000    0.000000
  172  1    2.929776    1.000000    0.000000
  173  2    2.944489    2.000000    0.000000
  175  1    3.014015    1.000000    0.000000
  176  1    3.015150    1.000000    0.000000
  177  2    3.104808    2.000000    0.000000
  179  1    3.195348    1.000000    0.000000
  180  1    3.198505    1.000000    0.000000
  181  1    3.335265    1.000000    0.000000
  182  1    3.337731    1.000000    0.000000
  183  1    3.379814    1.000000    0.000000
  184  1    3.382015    1.000000    0.000000
  185  1    3.414345    1.000000    0.000000
  186  1    3.416514    1.000000    0.000000
  187  1    3.468135    1.000000    0.000000
  188  1    3.469607    1.000000    0.000000
  189  1    3.604982    1.000000    0.000000
  190  1    3.606166    1.000000    0.000000
  191  2    3.789155    2.000000    0.000000
  193  1    3.891913    1.000000    0.000000
  194  1    3.894670    1.000000    0.000000
  195  1    4.064976    1.000000    0.000000
  196  1    4.066774    1.000000    0.000000
  197  2    4.248090    2.000000    0.000000
  199  1    4.310717    1.000000    0.000000
  200  1    4.312740    1.000000    0.000000
  201  2    4.488719    2.000000    0.000000
  203  1    4.521728    1.000000    0.000000
  204  1    4.524071    1.000000    0.000000
  205  2    4.571257    2.000000    0.000000
  207  2    4.602044    2.000000    0.000000
  209  1    4.769129    1.000000    0.000000
  210  1    4.770341    1.000000    0.000000
  211  2    5.076346    2.000000    0.000000
  213  1    5.240370    1.000000    0.000000
  214  1    5.241728    1.000000    0.000000
  215  2    5.332198    2.000000    0.000000
  217  1    5.349051    1.000000    0.000000
  218  1    5.350275    1.000000    0.000000
  219  2    5.446786    2.000000    0.000000
  221  1    5.515526    1.000000    0.000000
  222  1    5.517721    1.000000    0.000000
  223  1    5.545395    1.000000    0.000000
  224  1    5.547341    1.000000    0.000000
  225  1    5.558161    1.000000    0.000000
  226  1    5.559841    1.000000    0.000000
  227  1    5.591314    1.000000    0.000000
  228  1    5.592619    1.000000    0.000000
  229  2    5.780190    2.000000    0.000000
  231  1    5.827851    1.000000    0.000000
  232  1    5.829012    1.000000    0.000000
  233  1    5.934891    1.000000    0.000000
  234  1    5.936402    1.000000    0.000000
  235  1    6.047508    1.000000    0.000000
  236  1    6.048824    1.000000    0.000000
  237  1    6.346949    1.000000    0.000000
  238  1    6.350292    1.000000    0.000000
  239  1    6.358538    1.000000    0.000000
  240  1    6.360449    1.000000    0.000000
  241  2    6.422735    2.000000    0.000000
  243  2    6.491619    2.000000    0.000000
  245  1    6.627147    1.000000    0.000000
  246  1    6.629145    1.000000    0.000000
  247  1    6.703360    1.000000    0.000000
  248  1    6.705860    1.000000    0.000000
  249  2    6.717866    2.000000    0.000000
  251  2    6.894730    2.000000    0.000000
  253  2    6.953719    2.000000    0.000000
  255  1    7.000437    1.000000    0.000000
  256  1    7.002181    1.000000    0.000000
  257  1    7.126919    1.000000    0.000000
  258  1    7.129282    1.000000    0.000000
  259  1    7.300513    1.000000    0.000000
  260  1    7.302426    1.000000    0.000000
  261  1    7.318395    1.000000    0.000000
  262  1    7.319940    1.000000    0.000000
  263  2    7.327137    2.000000    0.000000
  265  1    7.510952    1.000000    0.000000
  266  1    7.512895    1.000000    0.000000
  267  2    7.603866    2.000000    0.000000
  269  2    7.728419    2.000000    0.000000
  271  2    7.750897    2.000000    0.000000
  273  2    7.808219    2.000000    0.000000
  275  2    7.873347    2.000000    0.000000
  277  1    7.977876    1.000000    0.000000
  278  1    7.980111    1.000000    0.000000
  279  1    8.049246    1.000000    0.000000
  280  1    8.050498    1.000000    0.000000
  281  2    8.216605    2.000000    0.000000
  283  2    8.389236    2.000000    0.000000
  285  1    8.419972    1.000000    0.000000
  286  1    8.422291    1.000000    0.000000
  287  1    8.461393    1.000000    0.000000
  288  1    8.463414    1.000000    0.000000
  289  2    8.483492    2.000000    0.000000
  291  2    8.568397    2.000000    0.000000
  293  1    8.611031    1.000000    0.000000
  294  1    8.613103    1.000000    0.000000
  295  2    8.678473    2.000000    0.000000
  297  2    8.830220    2.000000    0.000000
  299  2    8.856540    2.000000    0.000000
  301  1    8.879028    1.000000    0.000000
  302  1    8.881486    1.000000    0.000000
  303  1    8.962582    1.000000    0.000000
  304  1    8.965538    1.000000    0.000000
  305  2    9.295835    2.000000    0.000000
  307  2    9.306245    2.000000    0.000000
  309  1   10.697341    1.000000    0.000000
  310  1   10.698551    1.000000    0.000000
  311  1   10.766213    1.000000    0.000000
  312  1   10.767258    1.000000    0.000000
  313  1   11.227298    1.000000    0.000000
  314  1   11.229542    1.000000    0.000000
  315  1   11.298607    1.000000    0.000000
  316  1   11.299806    1.000000    0.000000
  317  1   11.608588    1.000000    0.000000
  318  1   11.613470    1.000000    0.000000
  319  1   11.641599    1.000000    0.000000
  320  1   11.650453    1.000000    0.000000
  321  1   11.706498    1.000000    0.000000
  322  1   11.741491    1.000000    0.000000
  323  1   11.758023    1.000000    0.000000
  324  1   11.776019    1.000000    0.000000
  325  1   11.803154    1.000000    0.000000
  326  1   11.825346    1.000000    0.000000
  327  1   12.028238    1.000000    0.000000
  328  1   12.075050    1.000000    0.000000
