  240  424
  1
  1
  1  0  0  0  1  0  0  0  1    0.000000    0.000000    0.000000    1.000000    0.000000    0.000000    0.000000    0.000000    0.000000    1.000000    0.000000  1
  8
    0.000000    0.000000    0.000000
    0.500000    0.500000    0.500000
    0.000000    0.500000    0.500000
    0.500000    0.000000    0.500000
    0.500000    0.500000    0.000000
    0.500000    0.000000    0.000000
    0.000000    0.500000    0.000000
    0.000000    0.000000    0.500000
  1
    1
    1  2  -61.225411    2.000000    0.000000
    3  2  -61.214047    2.000000    0.000000
    5  2  -61.209799    2.000000    0.000000
    7  2  -61.205873    2.000000    0.000000
    9  2  -61.194686    2.000000    0.000000
   11  2  -61.183227    2.000000    0.000000
   13  1  -60.794608    1.000000    0.000000
   14  1  -60.793454    1.000000    0.000000
   15  1  -60.478852    1.000000    0.000000
   16  1  -60.477180    1.000000    0.000000
   17  2  -59.088996    2.000000    0.000000
   19  2  -59.079264    2.000000    0.000000
   21  2  -59.077285    2.000000    0.000000
   23  2  -59.069532    2.000000    0.000000
   25  2  -59.058142    2.000000    0.000000
   27  2  -59.049203    2.000000    0.000000
   29  2  -59.024069    2.000000    0.000000
   31  2  -59.013024    2.000000    0.000000
   33  2  -59.004403    2.000000    0.000000
   35  2  -59.000146    2.000000    0.000000
   37  2  -58.993458    2.000000    0.000000
   39  2  -58.980734    2.000000    0.000000
   41  2  -58.883596    2.000000    0.000000
   43  1  -58.404120    1.000000    0.000000
   44  1  -58.402243    1.000000    0.000000
   45  1  -58.097481    1.000000    0.000000
   46  1  -58.095296    1.000000    0.000000
   47  1  -57.782316    1.000000    0.000000
   48  1  -57.780267    1.000000    0.000000
   49  1  -37.444713    1.000000    0.000000
   50  1  -37.441779    1.000000    0.000000
   51  1  -37.440563    1.000000    0.000000
   52  1  -37.437659    1.000000    0.000000
   53  1  -37.164057    1.000000    0.000000
   54  1  -37.161129    1.000000    0.000000
   55  1  -37.158685    1.000000    0.000000
   56  1  -37.155766    1.000000    0.000000
   57  1  -37.149924    1.000000    0.000000
   58  2  -37.147101    2.000000    0.000000
   60  1  -37.144158    1.000000    0.000000
   61  2  -10.031610    2.000000    0.000000
   63  2   -9.321258    2.000000    0.000000
   65  2   -9.218805    2.000000    0.000000
   67  2   -8.380689    2.000000    0.000000
   69  2   -8.074612    2.000000    0.000000
   71  2   -8.051031    2.000000    0.000000
   73  2   -7.859144    2.000000    0.000000
   75  2   -7.854596    2.000000    0.000000
   77  2   -7.804114    2.000000    0.000000
   79  2   -7.755723    2.000000    0.000000
   81  2   -7.712187    2.000000    0.000000
   83  2   -7.666117    2.000000    0.000000
   85  2   -7.641559    2.000000    0.000000
   87  2   -7.528288    2.000000    0.000000
   89  2   -7.465403    2.000000    0.000000
   91  2   -7.389443    2.000000    0.000000
   93  2   -2.127478    2.000000    0.000000
   95  2   -1.493363    2.000000    0.000000
   97  2   -1.483757    2.000000    0.000000
   99  2   -1.234353    2.000000    0.000000
  101  2   -0.864356    2.000000    0.000000
  103  2   -0.593281    2.000000    0.000000
  105  2   -0.581414    2.000000    0.000000
  107  2   -0.538329    2.000000    0.000000
  109  2   -0.529614    2.000000    0.000000
  111  2   -0.479369    2.000000    0.000000
  113  2   -0.362266    2.000000    0.000000
  115  2   -0.229189    2.000000    0.000000
  117  2   -0.014300    2.000000    0.000000
  119  2    0.038351    2.000000    0.000000
  121  2    0.111458    2.000000    0.000000
  123  2    0.324635    2.000000    0.000000
  125  2    0.344127    2.000000    0.000000
  127  2    0.352023    2.000000    0.000000
  129  2    0.405083    2.000000    0.000000
  131  2    0.555960    2.000000    0.000000
  133  2    0.698073    2.000000    0.000000
  135  2    0.753842    2.000000    0.000000
  137  2    0.785407    2.000000    0.000000
  139  2    0.812034    2.000000    0.000000
  141  2    0.831081    2.000000    0.000000
  143  2    0.902021    2.000000    0.000000
  145  2    1.045716    2.000000    0.000000
  147  2    1.227387    2.000000    0.000000
  149  2    1.369197    2.000000    0.000000
  151  2    1.457944    2.000000    0.000000
  153  2    1.524427    2.000000    0.000000
  155  2    1.603272    2.000000    0.000000
  157  2    1.625316    2.000000    0.000000
  159  2    1.877105    2.000000    0.000000
  161  2    1.960320    2.000000    0.000000
  163  2    2.001068    2.000000    0.000000
  165  2    2.110057    2.000000    0.000000
  167  2    2.129177    2.000000    0.000000
  169  2    2.143902    2.000000    0.000000
  171  2    2.149381    2.000000    0.000000
  173  2    2.201179    2.000000    0.000000
  175  2    2.328980    2.000000    0.000000
  177  2    2.430839    2.000000    0.000000
  179  2    2.493461    2.000000    0.000000
  181  2    2.515297    2.000000    0.000000
  183  2    2.530059    2.000000    0.000000
  185  2    2.541890    2.000000    0.000000
  187  2    2.550102    2.000000    0.000000
  189  2    2.569889    2.000000    0.000000
  191  2    2.605439    2.000000    0.000000
  193  2    2.621124    2.000000    0.000000
  195  2    2.627382    2.000000    0.000000
  197  2    2.661158    2.000000    0.000000
  199  2    2.711032    2.000000    0.000000
  201  2    2.720880    2.000000    0.000000
  203  2    2.752130    2.000000    0.000000
  205  2    2.824667    2.000000    0.000000
  207  2    2.869677    2.000000    0.000000
  209  2    3.036877    2.000000    0.000000
  211  2    3.134171    2.000000    0.000000
  213  2    3.227355    2.000000    0.000000
  215  1    3.340713    1.000000    0.000000
  216  1    3.342639    1.000000    0.000000
  217  2    3.429184    2.000000    0.000000
  219  2    3.465440    2.000000    0.000000
  221  2    3.582229    2.000000    0.000000
  223  2    3.584221    2.000000    0.000000
  225  2    3.864268    2.000000    0.000000
  227  2    3.920170    2.000000    0.000000
  229  2    4.135993    2.000000    0.000000
  231  2    4.354919    2.000000    0.000000
  233  2    4.415243    2.000000    0.000000
  235  2    4.505322    2.000000    0.000000
  237  2    4.621856    2.000000    0.000000
  239  2    4.733776    2.000000    0.000000
  241  2    4.825535    2.000000    0.000000
  243  2    4.884756    2.000000    0.000000
  245  1    5.438508    1.000000    0.000000
  246  1    5.440727    1.000000    0.000000
  247  2    5.781293    2.000000    0.000000
  249  2    5.956731    2.000000    0.000000
  251  2    5.997591    2.000000    0.000000
  253  2    6.026008    2.000000    0.000000
  255  2    6.028124    2.000000    0.000000
  257  2    6.064719    2.000000    0.000000
  259  2    6.087283    2.000000    0.000000
  261  2    6.101182    2.000000    0.000000
  263  2    6.176688    2.000000    0.000000
  265  2    6.184537    2.000000    0.000000
  267  2    6.195901    2.000000    0.000000
  269  2    7.631216    2.000000    0.000000
  271  2    9.293286    2.000000    0.000000
  273  2    9.318941    2.000000    0.000000
  275  2   10.091273    2.000000    0.000000
  277  2   10.110505    2.000000    0.000000
  279  2   10.160110    2.000000    0.000000
  281  2   10.328719    2.000000    0.000000
  283  2   10.404822    2.000000    0.000000
  285  2   10.578312    2.000000    0.000000
  287  2   10.758659    2.000000    0.000000
  289  2   10.793611    2.000000    0.000000
  291  2   10.839930    2.000000    0.000000
  293  2   11.059693    2.000000    0.000000
  295  2   11.290324    2.000000    0.000000
  297  2   11.293427    2.000000    0.000000
  299  1   11.354899    1.000000    0.000000
  300  1   11.356565    1.000000    0.000000
  301  2   12.179561    2.000000    0.000000
  303  2   12.204788    2.000000    0.000000
  305  2   12.304022    2.000000    0.000000
  307  2   12.405803    2.000000    0.000000
  309  2   12.433412    2.000000    0.000000
  311  2   12.455092    2.000000    0.000000
  313  2   12.591450    2.000000    0.000000
  315  2   12.881541    2.000000    0.000000
  317  2   13.048788    2.000000    0.000000
  319  2   13.163250    2.000000    0.000000
  321  2   13.190572    2.000000    0.000000
  323  2   13.232022    2.000000    0.000000
  325  2   13.331372    2.000000    0.000000
  327  2   13.345987    2.000000    0.000000
  329  2   13.539963    2.000000    0.000000
  331  2   13.607361    2.000000    0.000000
  333  2   13.612710    2.000000    0.000000
  335  2   13.681425    2.000000    0.000000
  337  2   13.786375    2.000000    0.000000
  339  2   14.239217    2.000000    0.000000
  341  2   14.254064    2.000000    0.000000
  343  2   14.297287    2.000000    0.000000
  345  2   14.349564    2.000000    0.000000
  347  2   14.412390    2.000000    0.000000
  349  2   14.471372    2.000000    0.000000
  351  2   14.630343    2.000000    0.000000
  353  2   14.650417    2.000000    0.000000
  355  2   14.677607    2.000000    0.000000
  357  2   14.679677    2.000000    0.000000
  359  2   14.741051    2.000000    0.000000
  361  2   14.880412    2.000000    0.000000
  363  2   15.124687    2.000000    0.000000
  365  2   15.234037    2.000000    0.000000
  367  2   15.533514    2.000000    0.000000
  369  2   16.082484    2.000000    0.000000
  371  2   16.351674    2.000000    0.000000
  373  2   16.430089    2.000000    0.000000
  375  2   16.454749    2.000000    0.000000
  377  2   16.589781    2.000000    0.000000
  379  2   16.677458    2.000000    0.000000
  381  2   17.111878    2.000000    0.000000
  383  2   17.141384    2.000000    0.000000
  385  2   17.283100    2.000000    0.000000
  387  2   17.427621    2.000000    0.000000
  389  2   17.584317    2.000000    0.000000
  391  1   17.742814    1.000000    0.000000
  392  3   17.743942    3.000000    0.000000
  395  2   18.037873    2.000000    0.000000
  397  2   18.142511    2.000000    0.000000
  399  2   18.152022    2.000000    0.000000
  401  2   18.317831    2.000000    0.000000
  403  2   18.829267    2.000000    0.000000
  405  1   18.909150    1.000000    0.000000
  406  1   18.910729    1.000000    0.000000
  407  1   19.079746    1.000000    0.000000
  408  1   19.083074    1.000000    0.000000
  409  1   19.189375    1.000000    0.000000
  410  1   19.191658    1.000000    0.000000
  411  1   19.380226    1.000000    0.000000
  412  1   19.396131    1.000000    0.000000
  413  1   19.464382    1.000000    0.000000
  414  1   19.498980    1.000000    0.000000
  415  1   19.675849    1.000000    0.000000
  416  1   19.692801    1.000000    0.000000
  417  1   19.718112    1.000000    0.000000
  418  1   19.772841    1.000000    0.000000
  419  1   19.817177    1.000000    0.000000
  420  1   19.864558    1.000000    0.000000
  421  1   19.929920    1.000000    0.000000
  422  1   19.982721    1.000000    0.000000
  423  1   20.010928    1.000000    0.000000
  424  1   20.068772    1.000000    0.000000
  1
    1
    1  2  -61.225328    2.000000    0.000000
    3  2  -61.213962    2.000000    0.000000
    5  2  -61.209723    2.000000    0.000000
    7  2  -61.205803    2.000000    0.000000
    9  2  -61.194612    2.000000    0.000000
   11  2  -61.183155    2.000000    0.000000
   13  1  -60.794533    1.000000    0.000000
   14  1  -60.793379    1.000000    0.000000
   15  1  -60.478770    1.000000    0.000000
   16  1  -60.477098    1.000000    0.000000
   17  2  -59.088880    2.000000    0.000000
   19  2  -59.079181    2.000000    0.000000
   21  2  -59.077183    2.000000    0.000000
   23  2  -59.069456    2.000000    0.000000
   25  2  -59.058063    2.000000    0.000000
   27  2  -59.049143    2.000000    0.000000
   29  2  -59.023998    2.000000    0.000000
   31  2  -59.012953    2.000000    0.000000
   33  2  -59.004337    2.000000    0.000000
   35  2  -59.000049    2.000000    0.000000
   37  2  -58.993391    2.000000    0.000000
   39  2  -58.980626    2.000000    0.000000
   41  2  -58.883521    2.000000    0.000000
   43  1  -58.404033    1.000000    0.000000
   44  1  -58.402157    1.000000    0.000000
   45  1  -58.097384    1.000000    0.000000
   46  1  -58.095199    1.000000    0.000000
   47  1  -57.782237    1.000000    0.000000
   48  1  -57.780188    1.000000    0.000000
   49  1  -37.444705    1.000000    0.000000
   50  1  -37.441770    1.000000    0.000000
   51  1  -37.440555    1.000000    0.000000
   52  1  -37.437651    1.000000    0.000000
   53  1  -37.164047    1.000000    0.000000
   54  1  -37.161120    1.000000    0.000000
   55  1  -37.158675    1.000000    0.000000
   56  1  -37.155757    1.000000    0.000000
   57  1  -37.149914    1.000000    0.000000
   58  2  -37.147090    2.000000    0.000000
   60  1  -37.144150    1.000000    0.000000
   61  1   -9.358221    1.000000    0.000000
   62  1   -9.357100    1.000000    0.000000
   63  1   -9.315077    1.000000    0.000000
   64  1   -9.313986    1.000000    0.000000
   65  1   -9.183671    1.000000    0.000000
   66  1   -9.181350    1.000000    0.000000
   67  1   -9.128232    1.000000    0.000000
   68  1   -9.126021    1.000000    0.000000
   69  2   -8.317226    2.000000    0.000000
   71  2   -8.309116    2.000000    0.000000
   73  2   -8.017858    2.000000    0.000000
   75  1   -8.007180    1.000000    0.000000
   76  1   -8.006177    1.000000    0.000000
   77  1   -7.670100    1.000000    0.000000
   78  1   -7.668964    1.000000    0.000000
   79  2   -7.639199    2.000000    0.000000
   81  2   -7.602882    2.000000    0.000000
   83  2   -7.594273    2.000000    0.000000
   85  2   -7.547117    2.000000    0.000000
   87  1   -7.521856    1.000000    0.000000
   88  1   -7.520562    1.000000    0.000000
   89  1   -7.510705    1.000000    0.000000
   90  1   -7.509677    1.000000    0.000000
   91  2   -7.481413    2.000000    0.000000
   93  2   -0.856311    2.000000    0.000000
   95  1   -0.846973    1.000000    0.000000
   96  1   -0.845755    1.000000    0.000000
   97  1   -0.767701    1.000000    0.000000
   98  1   -0.765978    1.000000    0.000000
   99  1   -0.722440    1.000000    0.000000
  100  1   -0.720675    1.000000    0.000000
  101  2   -0.569134    2.000000    0.000000
  103  2   -0.562609    2.000000    0.000000
  105  1   -0.271833    1.000000    0.000000
  106  1   -0.270530    1.000000    0.000000
  107  1   -0.259371    1.000000    0.000000
  108  1   -0.257798    1.000000    0.000000
  109  1   -0.209691    1.000000    0.000000
  110  1   -0.208653    1.000000    0.000000
  111  2   -0.196364    2.000000    0.000000
  113  2   -0.101316    2.000000    0.000000
  115  2   -0.096365    2.000000    0.000000
  117  2   -0.039344    2.000000    0.000000
  119  1   -0.035097    1.000000    0.000000
  120  1   -0.033977    1.000000    0.000000
  121  1    0.011968    1.000000    0.000000
  122  1    0.013357    1.000000    0.000000
  123  2    0.073103    2.000000    0.000000
  125  2    0.224615    2.000000    0.000000
  127  2    0.241495    2.000000    0.000000
  129  2    0.329240    2.000000    0.000000
  131  2    0.333091    2.000000    0.000000
  133  2    0.600952    2.000000    0.000000
  135  2    0.616994    2.000000    0.000000
  137  2    0.659342    2.000000    0.000000
  139  2    0.710351    2.000000    0.000000
  141  2    0.735315    2.000000    0.000000
  143  2    0.762547    2.000000    0.000000
  145  1    0.853954    1.000000    0.000000
  146  1    0.855011    1.000000    0.000000
  147  1    0.904935    1.000000    0.000000
  148  1    0.906366    1.000000    0.000000
  149  1    1.004995    1.000000    0.000000
  150  1    1.006635    1.000000    0.000000
  151  2    1.125690    2.000000    0.000000
  153  2    1.136050    2.000000    0.000000
  155  1    1.245138    1.000000    0.000000
  156  1    1.246853    1.000000    0.000000
  157  2    1.517743    2.000000    0.000000
  159  2    1.624173    2.000000    0.000000
  161  1    1.717040    1.000000    0.000000
  162  1    1.718500    1.000000    0.000000
  163  2    1.728857    2.000000    0.000000
  165  2    1.767632    2.000000    0.000000
  167  2    1.775732    2.000000    0.000000
  169  2    1.839223    2.000000    0.000000
  171  2    2.061465    2.000000    0.000000
  173  1    2.136462    1.000000    0.000000
  174  1    2.137495    1.000000    0.000000
  175  2    2.185640    2.000000    0.000000
  177  2    2.212114    2.000000    0.000000
  179  2    2.297683    2.000000    0.000000
  181  2    2.388076    2.000000    0.000000
  183  2    2.437888    2.000000    0.000000
  185  2    2.500685    2.000000    0.000000
  187  1    2.563827    1.000000    0.000000
  188  1    2.565491    1.000000    0.000000
  189  2    2.731116    2.000000    0.000000
  191  2    2.743665    2.000000    0.000000
  193  2    2.764898    2.000000    0.000000
  195  2    2.784209    2.000000    0.000000
  197  2    2.826157    2.000000    0.000000
  199  2    2.874394    2.000000    0.000000
  201  2    2.886756    2.000000    0.000000
  203  2    3.047475    2.000000    0.000000
  205  2    3.066441    2.000000    0.000000
  207  2    3.139444    2.000000    0.000000
  209  2    3.168481    2.000000    0.000000
  211  2    3.214551    2.000000    0.000000
  213  1    3.299273    1.000000    0.000000
  214  1    3.300656    1.000000    0.000000
  215  2    3.425176    2.000000    0.000000
  217  2    3.451791    2.000000    0.000000
  219  1    3.608855    1.000000    0.000000
  220  1    3.610114    1.000000    0.000000
  221  2    3.653664    2.000000    0.000000
  223  2    3.670842    2.000000    0.000000
  225  1    3.727964    1.000000    0.000000
  226  1    3.729033    1.000000    0.000000
  227  2    3.810437    2.000000    0.000000
  229  2    3.824876    2.000000    0.000000
  231  1    3.897287    1.000000    0.000000
  232  1    3.898646    1.000000    0.000000
  233  2    3.952679    2.000000    0.000000
  235  1    4.165843    1.000000    0.000000
  236  1    4.167486    1.000000    0.000000
  237  1    4.421317    1.000000    0.000000
  238  1    4.423279    1.000000    0.000000
  239  2    4.818631    2.000000    0.000000
  241  2    4.974828    2.000000    0.000000
  243  2    5.118340    2.000000    0.000000
  245  2    5.148249    2.000000    0.000000
  247  2    5.163080    2.000000    0.000000
  249  2    5.175106    2.000000    0.000000
  251  2    5.196647    2.000000    0.000000
  253  2    5.271687    2.000000    0.000000
  255  2    5.552881    2.000000    0.000000
  257  2    5.616800    2.000000    0.000000
  259  2    5.624280    2.000000    0.000000
  261  2    5.762151    2.000000    0.000000
  263  2    5.775763    2.000000    0.000000
  265  2    5.778741    2.000000    0.000000
  267  2    5.833718    2.000000    0.000000
  269  1   10.422999    1.000000    0.000000
  270  1   10.425021    1.000000    0.000000
  271  1   10.521273    1.000000    0.000000
  272  1   10.523116    1.000000    0.000000
  273  2   10.695702    2.000000    0.000000
  275  1   10.700188    1.000000    0.000000
  276  1   10.701641    1.000000    0.000000
  277  2   10.853985    2.000000    0.000000
  279  2   10.859079    2.000000    0.000000
  281  1   11.357110    1.000000    0.000000
  282  1   11.359119    1.000000    0.000000
  283  1   11.376495    1.000000    0.000000
  284  1   11.378586    1.000000    0.000000
  285  2   11.598974    2.000000    0.000000
  287  2   11.610444    2.000000    0.000000
  289  2   12.064065    2.000000    0.000000
  291  2   12.084114    2.000000    0.000000
  293  2   12.170739    2.000000    0.000000
  295  2   12.176388    2.000000    0.000000
  297  2   12.202803    2.000000    0.000000
  299  2   12.207198    2.000000    0.000000
  301  1   12.553478    1.000000    0.000000
  302  1   12.554683    1.000000    0.000000
  303  2   12.561231    2.000000    0.000000
  305  2   12.568200    2.000000    0.000000
  307  2   12.601060    2.000000    0.000000
  309  2   12.971888    2.000000    0.000000
  311  2   12.981163    2.000000    0.000000
  313  1   13.105038    1.000000    0.000000
  314  1   13.106459    1.000000    0.000000
  315  2   13.109035    2.000000    0.000000
  317  1   13.120631    1.000000    0.000000
  318  1   13.121722    1.000000    0.000000
  319  2   13.139914    2.000000    0.000000
  321  2   13.374755    2.000000    0.000000
  323  2   13.419637    2.000000    0.000000
  325  2   13.445992    2.000000    0.000000
  327  2   13.450593    2.000000    0.000000
  329  2   13.583507    2.000000    0.000000
  331  2   13.587848    2.000000    0.000000
  333  2   13.796418    2.000000    0.000000
  335  2   13.812919    2.000000    0.000000
  337  2   13.856886    2.000000    0.000000
  339  2   13.871623    2.000000    0.000000
  341  2   13.897273    2.000000    0.000000
  343  2   13.932199    2.000000    0.000000
  345  2   14.206005    2.000000    0.000000
  347  2   14.208846    2.000000    0.000000
  349  2   14.493327    2.000000    0.000000
  351  2   14.499289    2.000000    0.000000
  353  2   14.557982    2.000000    0.000000
  355  2   14.563609    2.000000    0.000000
  357  2   14.997710    2.000000    0.000000
  359  2   15.000479    2.000000    0.000000
  361  2   15.097322    2.000000    0.000000
  363  2   15.128153    2.000000    0.000000
  365  2   15.221654    2.000000    0.000000
  367  1   15.223672    1.000000    0.000000
  368  1   15.224856    1.000000    0.000000
  369  2   15.518815    2.000000    0.000000
  371  2   15.527563    2.000000    0.000000
  373  2   15.631679    2.000000    0.000000
  375  2   15.650804    2.000000    0.000000
  377  1   15.904272    1.000000    0.000000
  378  1   15.906437    1.000000    0.000000
  379  1   15.917090    1.000000    0.000000
  380  1   15.919242    1.000000    0.000000
  381  2   16.089874    2.000000    0.000000
  383  2   16.092222    2.000000    0.000000
  385  1   16.241367    1.000000    0.000000
  386  1   16.242418    1.000000    0.000000
  387  1   16.246827    1.000000    0.000000
  388  1   16.247956    1.000000    0.000000
  389  2   16.458817    2.000000    0.000000
  391  2   16.460183    2.000000    0.000000
  393  1   16.641081    1.000000    0.000000
  394  1   16.642317    1.000000    0.000000
  395  1   16.682117    1.000000    0.000000
  396  1   16.683450    1.000000    0.000000
  397  2   16.743283    2.000000    0.000000
  399  2   16.761038    2.000000    0.000000
  401  2   16.790957    2.000000    0.000000
  403  2   16.793457    2.000000    0.000000
  405  1   17.430718    1.000000    0.000000
  406  1   17.432014    1.000000    0.000000
  407  1   17.468643    1.000000    0.000000
  408  1   17.469902    1.000000    0.000000
  409  1   17.932340    1.000000    0.000000
  410  1   17.934484    1.000000    0.000000
  411  1   17.935792    1.000000    0.000000
  412  1   17.937953    1.000000    0.000000
  413  1   18.672644    1.000000    0.000000
  414  1   18.676742    1.000000    0.000000
  415  1   18.696457    1.000000    0.000000
  416  1   18.705224    1.000000    0.000000
  417  1   18.950374    1.000000    0.000000
  418  1   18.961019    1.000000    0.000000
  419  1   18.984469    1.000000    0.000000
  420  1   19.000844    1.000000    0.000000
  421  1   19.266548    1.000000    0.000000
  422  1   19.277998    1.000000    0.000000
  423  1   19.287858    1.000000    0.000000
  424  1   19.344835    1.000000    0.000000
  1
    1
    1  2  -61.225420    2.000000    0.000000
    3  2  -61.214055    2.000000    0.000000
    5  2  -61.209810    2.000000    0.000000
    7  2  -61.205886    2.000000    0.000000
    9  2  -61.194696    2.000000    0.000000
   11  2  -61.183241    2.000000    0.000000
   13  1  -60.794621    1.000000    0.000000
   14  1  -60.793467    1.000000    0.000000
   15  1  -60.478863    1.000000    0.000000
   16  1  -60.477191    1.000000    0.000000
   17  2  -59.088994    2.000000    0.000000
   19  2  -59.079270    2.000000    0.000000
   21  2  -59.077295    2.000000    0.000000
   23  2  -59.069533    2.000000    0.000000
   25  2  -59.058140    2.000000    0.000000
   27  2  -59.049225    2.000000    0.000000
   29  2  -59.024093    2.000000    0.000000
   31  2  -59.013049    2.000000    0.000000
   33  2  -59.004426    2.000000    0.000000
   35  2  -59.000155    2.000000    0.000000
   37  2  -58.993481    2.000000    0.000000
   39  2  -58.980729    2.000000    0.000000
   41  2  -58.883610    2.000000    0.000000
   43  1  -58.404133    1.000000    0.000000
   44  1  -58.402256    1.000000    0.000000
   45  1  -58.097495    1.000000    0.000000
   46  1  -58.095310    1.000000    0.000000
   47  1  -57.782324    1.000000    0.000000
   48  1  -57.780276    1.000000    0.000000
   49  1  -37.444715    1.000000    0.000000
   50  1  -37.441780    1.000000    0.000000
   51  1  -37.440564    1.000000    0.000000
   52  1  -37.437661    1.000000    0.000000
   53  1  -37.164056    1.000000    0.000000
   54  1  -37.161128    1.000000    0.000000
   55  1  -37.158683    1.000000    0.000000
   56  1  -37.155764    1.000000    0.000000
   57  1  -37.149929    1.000000    0.000000
   58  2  -37.147110    2.000000    0.000000
   60  1  -37.144165    1.000000    0.000000
   61  2   -9.753562    2.000000    0.000000
   63  2   -9.559393    2.000000    0.000000
   65  2   -9.042754    2.000000    0.000000
   67  2   -8.754231    2.000000    0.000000
   69  2   -8.047027    2.000000    0.000000
   71  2   -7.944516    2.000000    0.000000
   73  2   -7.909718    2.000000    0.000000
   75  2   -7.802261    2.000000    0.000000
   77  1   -7.766366    1.000000    0.000000
   78  1   -7.764357    1.000000    0.000000
   79  1   -7.759882    1.000000    0.000000
   80  1   -7.756332    1.000000    0.000000
   81  2   -7.746296    2.000000    0.000000
   83  2   -7.709409    2.000000    0.000000
   85  2   -7.605910    2.000000    0.000000
   87  2   -7.596138    2.000000    0.000000
   89  1   -7.491970    1.000000    0.000000
   90  1   -7.490275    1.000000    0.000000
   91  1   -7.486975    1.000000    0.000000
   92  1   -7.485705    1.000000    0.000000
   93  2   -1.502680    2.000000    0.000000
   95  2   -1.260251    2.000000    0.000000
   97  4   -1.121878    4.000000    0.000000
  101  2   -0.917387    2.000000    0.000000
  103  2   -0.681950    2.000000    0.000000
  105  2   -0.637426    2.000000    0.000000
  107  2   -0.347234    2.000000    0.000000
  109  2   -0.322776    2.000000    0.000000
  111  2   -0.282886    2.000000    0.000000
  113  2   -0.274084    2.000000    0.000000
  115  2   -0.125124    2.000000    0.000000
  117  2    0.009009    2.000000    0.000000
  119  2    0.028716    2.000000    0.000000
  121  2    0.111853    2.000000    0.000000
  123  2    0.199310    2.000000    0.000000
  125  2    0.212131    2.000000    0.000000
  127  2    0.273500    2.000000    0.000000
  129  2    0.303487    2.000000    0.000000
  131  2    0.680093    2.000000    0.000000
  133  2    0.687532    2.000000    0.000000
  135  2    0.688884    2.000000    0.000000
  137  2    0.697826    2.000000    0.000000
  139  2    0.801319    2.000000    0.000000
  141  2    0.826973    2.000000    0.000000
  143  2    0.877298    2.000000    0.000000
  145  2    0.914342    2.000000    0.000000
  147  1    1.048415    1.000000    0.000000
  148  1    1.049639    1.000000    0.000000
  149  1    1.211603    1.000000    0.000000
  150  1    1.212622    1.000000    0.000000
  151  2    1.288215    2.000000    0.000000
  153  2    1.483680    2.000000    0.000000
  155  1    1.486684    1.000000    0.000000
  156  1    1.487730    1.000000    0.000000
  157  2    1.695087    2.000000    0.000000
  159  2    1.726008    2.000000    0.000000
  161  2    1.752924    2.000000    0.000000
  163  2    1.781881    2.000000    0.000000
  165  2    1.866246    2.000000    0.000000
  167  2    1.909788    2.000000    0.000000
  169  2    1.924975    2.000000    0.000000
  171  2    2.030051    2.000000    0.000000
  173  2    2.190551    2.000000    0.000000
  175  2    2.346058    2.000000    0.000000
  177  2    2.365583    2.000000    0.000000
  179  2    2.414500    2.000000    0.000000
  181  2    2.464307    2.000000    0.000000
  183  2    2.528969    2.000000    0.000000
  185  2    2.549180    2.000000    0.000000
  187  2    2.563954    2.000000    0.000000
  189  2    2.575644    2.000000    0.000000
  191  2    2.646342    2.000000    0.000000
  193  2    2.716900    2.000000    0.000000
  195  2    2.799577    2.000000    0.000000
  197  2    2.821800    2.000000    0.000000
  199  2    2.855699    2.000000    0.000000
  201  2    2.932718    2.000000    0.000000
  203  2    2.981575    2.000000    0.000000
  205  2    3.125131    2.000000    0.000000
  207  2    3.130357    2.000000    0.000000
  209  2    3.176899    2.000000    0.000000
  211  3    3.232477    3.000000    0.000000
  214  1    3.233622    1.000000    0.000000
  215  2    3.397688    2.000000    0.000000
  217  2    3.443080    2.000000    0.000000
  219  2    3.500476    2.000000    0.000000
  221  2    3.577077    2.000000    0.000000
  223  1    3.625458    1.000000    0.000000
  224  1    3.626626    1.000000    0.000000
  225  1    3.698874    1.000000    0.000000
  226  1    3.700039    1.000000    0.000000
  227  2    3.745297    2.000000    0.000000
  229  2    3.875765    2.000000    0.000000
  231  2    3.936021    2.000000    0.000000
  233  2    3.950872    2.000000    0.000000
  235  2    3.986916    2.000000    0.000000
  237  1    4.827899    1.000000    0.000000
  238  1    4.829178    1.000000    0.000000
  239  2    4.847437    2.000000    0.000000
  241  2    5.346575    2.000000    0.000000
  243  2    5.360756    2.000000    0.000000
  245  2    5.375693    2.000000    0.000000
  247  2    5.478192    2.000000    0.000000
  249  2    5.506341    2.000000    0.000000
  251  2    5.519979    2.000000    0.000000
  253  2    5.531979    2.000000    0.000000
  255  2    5.612451    2.000000    0.000000
  257  2    5.634684    2.000000    0.000000
  259  2    5.812112    2.000000    0.000000
  261  2    5.939724    2.000000    0.000000
  263  2    6.097226    2.000000    0.000000
  265  2    6.118857    2.000000    0.000000
  267  2    6.147079    2.000000    0.000000
  269  2    8.780725    2.000000    0.000000
  271  2    9.527052    2.000000    0.000000
  273  2    9.697930    2.000000    0.000000
  275  2   10.185225    2.000000    0.000000
  277  2   10.319329    2.000000    0.000000
  279  2   10.332662    2.000000    0.000000
  281  2   10.382628    2.000000    0.000000
  283  2   10.555521    2.000000    0.000000
  285  2   10.570145    2.000000    0.000000
  287  2   10.981990    2.000000    0.000000
  289  2   11.108667    2.000000    0.000000
  291  2   11.194153    2.000000    0.000000
  293  2   11.200997    2.000000    0.000000
  295  2   11.593934    2.000000    0.000000
  297  2   11.721181    2.000000    0.000000
  299  2   11.750348    2.000000    0.000000
  301  2   11.979130    2.000000    0.000000
  303  2   12.431856    2.000000    0.000000
  305  2   12.713702    2.000000    0.000000
  307  2   12.780515    2.000000    0.000000
  309  2   12.786774    2.000000    0.000000
  311  2   12.805858    2.000000    0.000000
  313  2   12.870174    2.000000    0.000000
  315  2   12.898047    2.000000    0.000000
  317  2   12.963372    2.000000    0.000000
  319  2   13.018550    2.000000    0.000000
  321  1   13.164230    1.000000    0.000000
  322  1   13.166466    1.000000    0.000000
  323  1   13.190162    1.000000    0.000000
  324  1   13.191717    1.000000    0.000000
  325  2   13.224267    2.000000    0.000000
  327  2   13.290882    2.000000    0.000000
  329  2   13.585712    2.000000    0.000000
  331  2   13.782166    2.000000    0.000000
  333  2   14.140015    2.000000    0.000000
  335  2   14.336451    2.000000    0.000000
  337  2   14.345407    2.000000    0.000000
  339  2   14.685878    2.000000    0.000000
  341  2   14.720244    2.000000    0.000000
  343  2   14.835551    2.000000    0.000000
  345  2   14.840568    2.000000    0.000000
  347  2   14.864977    2.000000    0.000000
  349  2   14.982829    2.000000    0.000000
  351  2   14.989079    2.000000    0.000000
  353  2   15.080767    2.000000    0.000000
  355  2   15.101959    2.000000    0.000000
  357  2   15.202469    2.000000    0.000000
  359  2   15.240346    2.000000    0.000000
  361  2   15.245071    2.000000    0.000000
  363  2   15.286165    2.000000    0.000000
  365  2   15.303320    2.000000    0.000000
  367  2   15.573724    2.000000    0.000000
  369  2   15.711230    2.000000    0.000000
  371  2   15.904065    2.000000    0.000000
  373  2   15.940792    2.000000    0.000000
  375  2   15.952917    2.000000    0.000000
  377  2   16.057045    2.000000    0.000000
  379  2   16.180138    2.000000    0.000000
  381  2   16.190815    2.000000    0.000000
  383  2   16.388519    2.000000    0.000000
  385  2   16.417099    2.000000    0.000000
  387  2   16.462393    2.000000    0.000000
  389  2   16.660093    2.000000    0.000000
  391  2   16.797308    2.000000    0.000000
  393  2   16.931890    2.000000    0.000000
  395  2   17.190663    2.000000    0.000000
  397  2   17.518670    2.000000    0.000000
  399  2   17.567498    2.000000    0.000000
  401  2   17.624324    2.000000    0.000000
  403  2   17.970994    2.000000    0.000000
  405  2   18.054003    2.000000    0.000000
  407  2   18.160015    2.000000    0.000000
  409  2   18.166106    2.000000    0.000000
  411  2   18.174965    2.000000    0.000000
  413  2   19.064275    2.000000    0.000000
  415  2   19.091658    2.000000    0.000000
  417  1   19.187609    1.000000    0.000000
  418  1   19.188881    1.000000    0.000000
  419  1   19.220410    1.000000    0.000000
  420  1   19.221445    1.000000    0.000000
  421  1   19.764829    1.000000    0.000000
  422  1   19.774752    1.000000    0.000000
  423  1   19.809405    1.000000    0.000000
  424  1   19.865570    1.000000    0.000000
  1
    1
    1  2  -61.225384    2.000000    0.000000
    3  2  -61.214018    2.000000    0.000000
    5  2  -61.209780    2.000000    0.000000
    7  2  -61.205858    2.000000    0.000000
    9  2  -61.194668    2.000000    0.000000
   11  2  -61.183211    2.000000    0.000000
   13  1  -60.794593    1.000000    0.000000
   14  1  -60.793439    1.000000    0.000000
   15  1  -60.478811    1.000000    0.000000
   16  1  -60.477139    1.000000    0.000000
   17  2  -59.088957    2.000000    0.000000
   19  2  -59.079256    2.000000    0.000000
   21  2  -59.077257    2.000000    0.000000
   23  2  -59.069531    2.000000    0.000000
   25  2  -59.058141    2.000000    0.000000
   27  2  -59.049213    2.000000    0.000000
   29  2  -59.024038    2.000000    0.000000
   31  2  -59.012996    2.000000    0.000000
   33  2  -59.004380    2.000000    0.000000
   35  2  -59.000084    2.000000    0.000000
   37  2  -58.993432    2.000000    0.000000
   39  2  -58.980690    2.000000    0.000000
   41  2  -58.883593    2.000000    0.000000
   43  1  -58.404088    1.000000    0.000000
   44  1  -58.402212    1.000000    0.000000
   45  1  -58.097422    1.000000    0.000000
   46  1  -58.095237    1.000000    0.000000
   47  1  -57.782323    1.000000    0.000000
   48  1  -57.780274    1.000000    0.000000
   49  1  -37.444712    1.000000    0.000000
   50  1  -37.441778    1.000000    0.000000
   51  1  -37.440561    1.000000    0.000000
   52  1  -37.437658    1.000000    0.000000
   53  1  -37.164064    1.000000    0.000000
   54  1  -37.161136    1.000000    0.000000
   55  1  -37.158691    1.000000    0.000000
   56  1  -37.155773    1.000000    0.000000
   57  1  -37.149913    1.000000    0.000000
   58  2  -37.147087    2.000000    0.000000
   60  1  -37.144147    1.000000    0.000000
   61  1   -9.594701    1.000000    0.000000
   62  1   -9.592891    1.000000    0.000000
   63  1   -9.542717    1.000000    0.000000
   64  1   -9.540941    1.000000    0.000000
   65  1   -9.045280    1.000000    0.000000
   66  1   -9.044007    1.000000    0.000000
   67  1   -9.014372    1.000000    0.000000
   68  1   -9.013212    1.000000    0.000000
   69  1   -8.097200    1.000000    0.000000
   70  1   -8.096116    1.000000    0.000000
   71  1   -8.085367    1.000000    0.000000
   72  1   -8.084275    1.000000    0.000000
   73  2   -7.957038    2.000000    0.000000
   75  2   -7.916717    2.000000    0.000000
   77  2   -7.691128    2.000000    0.000000
   79  1   -7.665876    1.000000    0.000000
   80  1   -7.664836    1.000000    0.000000
   81  2   -7.614549    2.000000    0.000000
   83  2   -7.594653    2.000000    0.000000
   85  2   -7.591152    2.000000    0.000000
   87  2   -7.541210    2.000000    0.000000
   89  2   -7.535798    2.000000    0.000000
   91  2   -7.509635    2.000000    0.000000
   93  1   -1.314696    1.000000    0.000000
   94  1   -1.312886    1.000000    0.000000
   95  1   -1.252165    1.000000    0.000000
   96  1   -1.250350    1.000000    0.000000
   97  2   -0.931484    2.000000    0.000000
   99  2   -0.911630    2.000000    0.000000
  101  2   -0.679865    2.000000    0.000000
  103  2   -0.670088    2.000000    0.000000
  105  1   -0.665920    1.000000    0.000000
  106  1   -0.664227    1.000000    0.000000
  107  1   -0.619390    1.000000    0.000000
  108  1   -0.617205    1.000000    0.000000
  109  2   -0.288996    2.000000    0.000000
  111  2   -0.277459    2.000000    0.000000
  113  2   -0.131527    2.000000    0.000000
  115  2   -0.110554    2.000000    0.000000
  117  2    0.008739    2.000000    0.000000
  119  2    0.017351    2.000000    0.000000
  121  1    0.045971    1.000000    0.000000
  122  1    0.047761    1.000000    0.000000
  123  2    0.124960    2.000000    0.000000
  125  2    0.263800    2.000000    0.000000
  127  2    0.266892    2.000000    0.000000
  129  2    0.284091    2.000000    0.000000
  131  1    0.335409    1.000000    0.000000
  132  1    0.336621    1.000000    0.000000
  133  2    0.664126    2.000000    0.000000
  135  2    0.667539    2.000000    0.000000
  137  2    0.698787    2.000000    0.000000
  139  2    0.705306    2.000000    0.000000
  141  2    0.822422    2.000000    0.000000
  143  1    0.826796    1.000000    0.000000
  144  1    0.828079    1.000000    0.000000
  145  2    0.831748    2.000000    0.000000
  147  2    0.840857    2.000000    0.000000
  149  2    1.164329    2.000000    0.000000
  151  1    1.224534    1.000000    0.000000
  152  1    1.225745    1.000000    0.000000
  153  2    1.354541    2.000000    0.000000
  155  2    1.442627    2.000000    0.000000
  157  2    1.672942    2.000000    0.000000
  159  2    1.685909    2.000000    0.000000
  161  1    1.728562    1.000000    0.000000
  162  1    1.729588    1.000000    0.000000
  163  1    1.733096    1.000000    0.000000
  164  1    1.734108    1.000000    0.000000
  165  2    1.864685    2.000000    0.000000
  167  2    1.880868    2.000000    0.000000
  169  2    2.011349    2.000000    0.000000
  171  2    2.022058    2.000000    0.000000
  173  1    2.193842    1.000000    0.000000
  174  1    2.194984    1.000000    0.000000
  175  2    2.263981    2.000000    0.000000
  177  2    2.369274    2.000000    0.000000
  179  2    2.486016    2.000000    0.000000
  181  2    2.505269    2.000000    0.000000
  183  2    2.522891    2.000000    0.000000
  185  2    2.557418    2.000000    0.000000
  187  2    2.567687    2.000000    0.000000
  189  1    2.708952    1.000000    0.000000
  190  1    2.710290    1.000000    0.000000
  191  2    2.798533    2.000000    0.000000
  193  2    2.811278    2.000000    0.000000
  195  2    2.815554    2.000000    0.000000
  197  2    2.904491    2.000000    0.000000
  199  2    2.912892    2.000000    0.000000
  201  2    2.935813    2.000000    0.000000
  203  2    3.083078    2.000000    0.000000
  205  2    3.101741    2.000000    0.000000
  207  1    3.112657    1.000000    0.000000
  208  1    3.113825    1.000000    0.000000
  209  2    3.118634    2.000000    0.000000
  211  2    3.218008    2.000000    0.000000
  213  2    3.222130    2.000000    0.000000
  215  1    3.397408    1.000000    0.000000
  216  1    3.398697    1.000000    0.000000
  217  2    3.429401    2.000000    0.000000
  219  1    3.460551    1.000000    0.000000
  220  1    3.461897    1.000000    0.000000
  221  2    3.566359    2.000000    0.000000
  223  2    3.655742    2.000000    0.000000
  225  2    3.753236    2.000000    0.000000
  227  2    3.762362    2.000000    0.000000
  229  1    3.787052    1.000000    0.000000
  230  1    3.788360    1.000000    0.000000
  231  2    3.894546    2.000000    0.000000
  233  1    3.967556    1.000000    0.000000
  234  1    3.969108    1.000000    0.000000
  235  1    3.978590    1.000000    0.000000
  236  1    3.980224    1.000000    0.000000
  237  2    4.704167    2.000000    0.000000
  239  1    4.860569    1.000000    0.000000
  240  1    4.862514    1.000000    0.000000
  241  2    5.271960    2.000000    0.000000
  243  2    5.323271    2.000000    0.000000
  245  2    5.483033    2.000000    0.000000
  247  2    5.498405    2.000000    0.000000
  249  1    5.503294    1.000000    0.000000
  250  1    5.505092    1.000000    0.000000
  251  2    5.565453    2.000000    0.000000
  253  2    5.587653    2.000000    0.000000
  255  2    5.610489    2.000000    0.000000
  257  2    5.626968    2.000000    0.000000
  259  2    5.638756    2.000000    0.000000
  261  2    5.911286    2.000000    0.000000
  263  2    6.027015    2.000000    0.000000
  265  2    6.140818    2.000000    0.000000
  267  2    6.149226    2.000000    0.000000
  269  1    9.455521    1.000000    0.000000
  270  1    9.456625    1.000000    0.000000
  271  1    9.563040    1.000000    0.000000
  272  1    9.564057    1.000000    0.000000
  273  1    9.687184    1.000000    0.000000
  274  1    9.689857    1.000000    0.000000
  275  1    9.707288    1.000000    0.000000
  276  1    9.709834    1.000000    0.000000
  277  2   10.396089    2.000000    0.000000
  279  2   10.410055    2.000000    0.000000
  281  2   10.555513    2.000000    0.000000
  283  2   10.562886    2.000000    0.000000
  285  1   10.971240    1.000000    0.000000
  286  1   10.972527    1.000000    0.000000
  287  1   11.001390    1.000000    0.000000
  288  1   11.002655    1.000000    0.000000
  289  2   11.100134    2.000000    0.000000
  291  2   11.111902    2.000000    0.000000
  293  2   11.595421    2.000000    0.000000
  295  2   11.602645    2.000000    0.000000
  297  2   11.751934    2.000000    0.000000
  299  2   11.776091    2.000000    0.000000
  301  2   12.062214    2.000000    0.000000
  303  2   12.073579    2.000000    0.000000
  305  2   12.380117    2.000000    0.000000
  307  2   12.385213    2.000000    0.000000
  309  1   12.731698    1.000000    0.000000
  310  1   12.733887    1.000000    0.000000
  311  1   12.755561    1.000000    0.000000
  312  1   12.757684    1.000000    0.000000
  313  2   12.955925    2.000000    0.000000
  315  2   12.965307    2.000000    0.000000
  317  1   13.187120    1.000000    0.000000
  318  1   13.188283    1.000000    0.000000
  319  1   13.191358    1.000000    0.000000
  320  1   13.192773    1.000000    0.000000
  321  2   13.301155    2.000000    0.000000
  323  2   13.321594    2.000000    0.000000
  325  1   13.574379    1.000000    0.000000
  326  1   13.575466    1.000000    0.000000
  327  1   13.602884    1.000000    0.000000
  328  1   13.603976    1.000000    0.000000
  329  1   14.147062    1.000000    0.000000
  330  1   14.148353    1.000000    0.000000
  331  1   14.151798    1.000000    0.000000
  332  1   14.153151    1.000000    0.000000
  333  2   14.303415    2.000000    0.000000
  335  2   14.319037    2.000000    0.000000
  337  2   14.321040    2.000000    0.000000
  339  2   14.346022    2.000000    0.000000
  341  2   14.794405    2.000000    0.000000
  343  2   14.810799    2.000000    0.000000
  345  2   14.814132    2.000000    0.000000
  347  2   14.815383    2.000000    0.000000
  349  1   14.932107    1.000000    0.000000
  350  1   14.933186    1.000000    0.000000
  351  1   14.934335    1.000000    0.000000
  352  1   14.935662    1.000000    0.000000
  353  2   14.985134    2.000000    0.000000
  355  2   14.993882    2.000000    0.000000
  357  2   15.199071    2.000000    0.000000
  359  2   15.202398    2.000000    0.000000
  361  2   15.249231    2.000000    0.000000
  363  2   15.263224    2.000000    0.000000
  365  1   15.335254    1.000000    0.000000
  366  1   15.337854    1.000000    0.000000
  367  1   15.345028    1.000000    0.000000
  368  1   15.347701    1.000000    0.000000
  369  1   15.598712    1.000000    0.000000
  370  1   15.600745    1.000000    0.000000
  371  1   15.627069    1.000000    0.000000
  372  1   15.629092    1.000000    0.000000
  373  2   15.939323    2.000000    0.000000
  375  2   15.940464    2.000000    0.000000
  377  2   16.031089    2.000000    0.000000
  379  2   16.056639    2.000000    0.000000
  381  3   16.151402    3.000000    0.000000
  384  1   16.152598    1.000000    0.000000
  385  1   16.199278    1.000000    0.000000
  386  1   16.200716    1.000000    0.000000
  387  1   16.205589    1.000000    0.000000
  388  1   16.207180    1.000000    0.000000
  389  2   16.565963    2.000000    0.000000
  391  2   16.585031    2.000000    0.000000
  393  2   16.941170    2.000000    0.000000
  395  2   16.943828    2.000000    0.000000
  397  1   17.203686    1.000000    0.000000
  398  1   17.205536    1.000000    0.000000
  399  1   17.210279    1.000000    0.000000
  400  1   17.212238    1.000000    0.000000
  401  2   17.548494    2.000000    0.000000
  403  2   17.562721    2.000000    0.000000
  405  2   17.612740    2.000000    0.000000
  407  2   17.617655    2.000000    0.000000
  409  1   18.085079    1.000000    0.000000
  410  1   18.087946    1.000000    0.000000
  411  1   18.094806    1.000000    0.000000
  412  1   18.097722    1.000000    0.000000
  413  1   19.199090    1.000000    0.000000
  414  1   19.200506    1.000000    0.000000
  415  2   19.246679    2.000000    0.000000
  417  1   19.253173    1.000000    0.000000
  418  1   19.256348    1.000000    0.000000
  419  1   19.263188    1.000000    0.000000
  420  1   19.272152    1.000000    0.000000
  421  1   19.802953    1.000000    0.000000
  422  1   19.808523    1.000000    0.000000
  423  1   19.853164    1.000000    0.000000
  424  1   19.959331    1.000000    0.000000
  1
    1
    1  2  -61.225341    2.000000    0.000000
    3  2  -61.213975    2.000000    0.000000
    5  2  -61.209735    2.000000    0.000000
    7  2  -61.205818    2.000000    0.000000
    9  2  -61.194626    2.000000    0.000000
   11  2  -61.183170    2.000000    0.000000
   13  1  -60.794544    1.000000    0.000000
   14  1  -60.793390    1.000000    0.000000
   15  1  -60.478792    1.000000    0.000000
   16  1  -60.477120    1.000000    0.000000
   17  2  -59.088894    2.000000    0.000000
   19  2  -59.079176    2.000000    0.000000
   21  2  -59.077204    2.000000    0.000000
   23  2  -59.069472    2.000000    0.000000
   25  2  -59.058078    2.000000    0.000000
   27  2  -59.049158    2.000000    0.000000
   29  2  -59.024012    2.000000    0.000000
   31  2  -59.012967    2.000000    0.000000
   33  2  -59.004352    2.000000    0.000000
   35  2  -59.000075    2.000000    0.000000
   37  2  -58.993405    2.000000    0.000000
   39  2  -58.980647    2.000000    0.000000
   41  2  -58.883527    2.000000    0.000000
   43  1  -58.404051    1.000000    0.000000
   44  1  -58.402175    1.000000    0.000000
   45  1  -58.097413    1.000000    0.000000
   46  1  -58.095228    1.000000    0.000000
   47  1  -57.782244    1.000000    0.000000
   48  1  -57.780196    1.000000    0.000000
   49  1  -37.444707    1.000000    0.000000
   50  1  -37.441772    1.000000    0.000000
   51  1  -37.440557    1.000000    0.000000
   52  1  -37.437653    1.000000    0.000000
   53  1  -37.164048    1.000000    0.000000
   54  1  -37.161120    1.000000    0.000000
   55  1  -37.158676    1.000000    0.000000
   56  1  -37.155758    1.000000    0.000000
   57  1  -37.149918    1.000000    0.000000
   58  2  -37.147094    2.000000    0.000000
   60  1  -37.144154    1.000000    0.000000
   61  1   -9.347758    1.000000    0.000000
   62  1   -9.346713    1.000000    0.000000
   63  1   -9.304496    1.000000    0.000000
   64  1   -9.303487    1.000000    0.000000
   65  1   -9.221764    1.000000    0.000000
   66  1   -9.219459    1.000000    0.000000
   67  1   -9.169819    1.000000    0.000000
   68  1   -9.167618    1.000000    0.000000
   69  1   -8.113617    1.000000    0.000000
   70  1   -8.112261    1.000000    0.000000
   71  2   -8.090309    2.000000    0.000000
   73  1   -8.077710    1.000000    0.000000
   74  1   -8.075384    1.000000    0.000000
   75  2   -8.040703    2.000000    0.000000
   77  2   -7.812761    2.000000    0.000000
   79  2   -7.798440    2.000000    0.000000
   81  2   -7.750706    2.000000    0.000000
   83  2   -7.744901    2.000000    0.000000
   85  2   -7.476528    2.000000    0.000000
   87  2   -7.427895    2.000000    0.000000
   89  2   -7.423685    2.000000    0.000000
   91  2   -7.415628    2.000000    0.000000
   93  2   -0.808596    2.000000    0.000000
   95  2   -0.800024    2.000000    0.000000
   97  1   -0.614443    1.000000    0.000000
   98  1   -0.612991    1.000000    0.000000
   99  2   -0.581294    2.000000    0.000000
  101  2   -0.576528    2.000000    0.000000
  103  1   -0.557610    1.000000    0.000000
  104  1   -0.556237    1.000000    0.000000
  105  2   -0.459034    2.000000    0.000000
  107  1   -0.451516    1.000000    0.000000
  108  1   -0.450303    1.000000    0.000000
  109  2   -0.364199    2.000000    0.000000
  111  2   -0.357434    2.000000    0.000000
  113  1   -0.028911    1.000000    0.000000
  114  1   -0.027366    1.000000    0.000000
  115  2    0.007639    2.000000    0.000000
  117  2    0.019455    2.000000    0.000000
  119  2    0.043830    2.000000    0.000000
  121  2    0.107216    2.000000    0.000000
  123  2    0.149885    2.000000    0.000000
  125  2    0.352710    2.000000    0.000000
  127  1    0.371769    1.000000    0.000000
  128  1    0.373674    1.000000    0.000000
  129  2    0.378816    2.000000    0.000000
  131  1    0.385383    1.000000    0.000000
  132  1    0.386755    1.000000    0.000000
  133  2    0.563027    2.000000    0.000000
  135  2    0.567808    2.000000    0.000000
  137  2    0.687925    2.000000    0.000000
  139  1    0.691377    1.000000    0.000000
  140  1    0.693435    1.000000    0.000000
  141  2    0.712889    2.000000    0.000000
  143  1    0.749965    1.000000    0.000000
  144  1    0.751457    1.000000    0.000000
  145  2    0.814062    2.000000    0.000000
  147  1    0.840684    1.000000    0.000000
  148  1    0.841754    1.000000    0.000000
  149  2    0.846324    2.000000    0.000000
  151  2    0.863447    2.000000    0.000000
  153  2    1.165666    2.000000    0.000000
  155  1    1.211569    1.000000    0.000000
  156  1    1.212627    1.000000    0.000000
  157  2    1.494408    2.000000    0.000000
  159  2    1.512214    2.000000    0.000000
  161  2    1.518943    2.000000    0.000000
  163  2    1.749895    2.000000    0.000000
  165  2    1.861087    2.000000    0.000000
  167  2    1.871470    2.000000    0.000000
  169  2    1.955073    2.000000    0.000000
  171  2    1.961337    2.000000    0.000000
  173  2    1.989481    2.000000    0.000000
  175  2    2.007026    2.000000    0.000000
  177  1    2.286626    1.000000    0.000000
  178  1    2.288723    1.000000    0.000000
  179  1    2.427836    1.000000    0.000000
  180  1    2.429553    1.000000    0.000000
  181  2    2.543071    2.000000    0.000000
  183  2    2.546129    2.000000    0.000000
  185  2    2.548013    2.000000    0.000000
  187  2    2.573278    2.000000    0.000000
  189  2    2.613833    2.000000    0.000000
  191  2    2.615575    2.000000    0.000000
  193  2    2.733956    2.000000    0.000000
  195  2    2.747702    2.000000    0.000000
  197  1    2.798730    1.000000    0.000000
  198  1    2.799780    1.000000    0.000000
  199  2    2.841923    2.000000    0.000000
  201  2    3.047515    2.000000    0.000000
  203  2    3.086938    2.000000    0.000000
  205  2    3.203472    2.000000    0.000000
  207  2    3.212340    2.000000    0.000000
  209  1    3.325569    1.000000    0.000000
  210  1    3.327149    1.000000    0.000000
  211  1    3.389684    1.000000    0.000000
  212  1    3.390701    1.000000    0.000000
  213  2    3.448059    2.000000    0.000000
  215  2    3.452185    2.000000    0.000000
  217  1    3.457135    1.000000    0.000000
  218  1    3.458316    1.000000    0.000000
  219  1    3.548651    1.000000    0.000000
  220  1    3.550070    1.000000    0.000000
  221  1    3.580295    1.000000    0.000000
  222  1    3.581401    1.000000    0.000000
  223  1    3.602350    1.000000    0.000000
  224  1    3.603733    1.000000    0.000000
  225  2    3.756765    2.000000    0.000000
  227  2    3.907352    2.000000    0.000000
  229  2    3.915118    2.000000    0.000000
  231  2    3.938727    2.000000    0.000000
  233  1    4.035219    1.000000    0.000000
  234  1    4.036881    1.000000    0.000000
  235  2    4.171636    2.000000    0.000000
  237  2    4.356525    2.000000    0.000000
  239  2    4.420221    2.000000    0.000000
  241  2    4.735603    2.000000    0.000000
  243  2    4.754266    2.000000    0.000000
  245  1    4.824814    1.000000    0.000000
  246  1    4.825832    1.000000    0.000000
  247  2    4.853201    2.000000    0.000000
  249  2    4.880001    2.000000    0.000000
  251  2    4.901344    2.000000    0.000000
  253  2    5.545704    2.000000    0.000000
  255  2    5.823353    2.000000    0.000000
  257  2    5.905796    2.000000    0.000000
  259  2    5.915077    2.000000    0.000000
  261  2    5.970755    2.000000    0.000000
  263  2    5.974240    2.000000    0.000000
  265  2    5.990677    2.000000    0.000000
  267  2    5.997497    2.000000    0.000000
  269  1   10.361409    1.000000    0.000000
  270  1   10.363761    1.000000    0.000000
  271  1   10.415211    1.000000    0.000000
  272  1   10.416381    1.000000    0.000000
  273  1   10.444124    1.000000    0.000000
  274  1   10.445216    1.000000    0.000000
  275  1   10.448388    1.000000    0.000000
  276  1   10.450770    1.000000    0.000000
  277  1   10.803887    1.000000    0.000000
  278  1   10.805095    1.000000    0.000000
  279  1   10.810309    1.000000    0.000000
  280  1   10.811487    1.000000    0.000000
  281  1   11.066856    1.000000    0.000000
  282  1   11.067864    1.000000    0.000000
  283  1   11.074163    1.000000    0.000000
  284  1   11.075327    1.000000    0.000000
  285  1   11.299842    1.000000    0.000000
  286  1   11.301201    1.000000    0.000000
  287  1   11.317928    1.000000    0.000000
  288  1   11.319217    1.000000    0.000000
  289  1   12.173781    1.000000    0.000000
  290  1   12.174804    1.000000    0.000000
  291  2   12.176197    2.000000    0.000000
  293  2   12.177853    2.000000    0.000000
  295  1   12.181721    1.000000    0.000000
  296  1   12.183339    1.000000    0.000000
  297  1   12.282560    1.000000    0.000000
  298  1   12.283730    1.000000    0.000000
  299  1   12.298176    1.000000    0.000000
  300  1   12.299411    1.000000    0.000000
  301  2   12.523506    2.000000    0.000000
  303  2   12.531272    2.000000    0.000000
  305  2   12.861302    2.000000    0.000000
  307  2   12.863159    2.000000    0.000000
  309  2   12.968799    2.000000    0.000000
  311  2   12.976148    2.000000    0.000000
  313  1   13.235247    1.000000    0.000000
  314  1   13.237995    1.000000    0.000000
  315  1   13.248153    1.000000    0.000000
  316  1   13.250849    1.000000    0.000000
  317  1   13.361648    1.000000    0.000000
  318  1   13.362999    1.000000    0.000000
  319  1   13.379768    1.000000    0.000000
  320  1   13.380974    1.000000    0.000000
  321  2   13.610750    2.000000    0.000000
  323  2   13.623807    2.000000    0.000000
  325  2   13.691660    2.000000    0.000000
  327  2   13.721732    2.000000    0.000000
  329  2   13.941728    2.000000    0.000000
  331  2   13.947788    2.000000    0.000000
  333  2   14.223353    2.000000    0.000000
  335  2   14.226391    2.000000    0.000000
  337  1   14.293332    1.000000    0.000000
  338  1   14.296369    1.000000    0.000000
  339  1   14.307099    1.000000    0.000000
  340  1   14.309779    1.000000    0.000000
  341  1   14.335734    1.000000    0.000000
  342  1   14.337212    1.000000    0.000000
  343  1   14.345976    1.000000    0.000000
  344  1   14.347534    1.000000    0.000000
  345  2   14.415453    2.000000    0.000000
  347  1   14.421491    1.000000    0.000000
  348  1   14.422836    1.000000    0.000000
  349  2   14.496303    2.000000    0.000000
  351  2   14.504247    2.000000    0.000000
  353  2   14.649969    2.000000    0.000000
  355  2   14.666248    2.000000    0.000000
  357  1   14.733256    1.000000    0.000000
  358  1   14.735285    1.000000    0.000000
  359  1   14.737980    1.000000    0.000000
  360  1   14.739009    1.000000    0.000000
  361  2   14.750259    2.000000    0.000000
  363  1   14.767637    1.000000    0.000000
  364  1   14.768803    1.000000    0.000000
  365  2   14.824587    2.000000    0.000000
  367  1   14.831903    1.000000    0.000000
  368  1   14.832987    1.000000    0.000000
  369  2   15.164784    2.000000    0.000000
  371  2   15.166013    2.000000    0.000000
  373  2   15.254499    2.000000    0.000000
  375  2   15.256333    2.000000    0.000000
  377  1   15.577454    1.000000    0.000000
  378  1   15.579236    1.000000    0.000000
  379  1   15.592132    1.000000    0.000000
  380  1   15.594106    1.000000    0.000000
  381  1   16.129176    1.000000    0.000000
  382  1   16.131018    1.000000    0.000000
  383  1   16.136869    1.000000    0.000000
  384  1   16.139011    1.000000    0.000000
  385  2   16.363035    2.000000    0.000000
  387  2   16.370062    2.000000    0.000000
  389  1   16.390324    1.000000    0.000000
  390  2   16.392622    2.000000    0.000000
  392  1   16.395144    1.000000    0.000000
  393  2   16.403335    2.000000    0.000000
  395  2   16.416170    2.000000    0.000000
  397  1   16.583813    1.000000    0.000000
  398  1   16.587274    1.000000    0.000000
  399  1   16.611603    1.000000    0.000000
  400  1   16.615362    1.000000    0.000000
  401  2   16.666196    2.000000    0.000000
  403  2   16.667442    2.000000    0.000000
  405  1   17.076615    1.000000    0.000000
  406  1   17.078176    1.000000    0.000000
  407  1   17.093275    1.000000    0.000000
  408  1   17.094929    1.000000    0.000000
  409  2   17.237695    2.000000    0.000000
  411  2   17.242178    2.000000    0.000000
  413  2   17.416398    2.000000    0.000000
  415  2   17.438460    2.000000    0.000000
  417  1   17.587671    1.000000    0.000000
  418  1   17.589223    1.000000    0.000000
  419  1   17.594878    1.000000    0.000000
  420  1   17.596436    1.000000    0.000000
  421  2   19.077077    2.000000    0.000000
  423  2   19.135279    2.000000    0.000000
  1
    1
    1  2  -61.225360    2.000000    0.000000
    3  2  -61.213994    2.000000    0.000000
    5  2  -61.209751    2.000000    0.000000
    7  2  -61.205834    2.000000    0.000000
    9  2  -61.194643    2.000000    0.000000
   11  2  -61.183183    2.000000    0.000000
   13  1  -60.794559    1.000000    0.000000
   14  1  -60.793405    1.000000    0.000000
   15  1  -60.478811    1.000000    0.000000
   16  1  -60.477139    1.000000    0.000000
   17  2  -59.088926    2.000000    0.000000
   19  2  -59.079192    2.000000    0.000000
   21  2  -59.077226    2.000000    0.000000
   23  2  -59.069502    2.000000    0.000000
   25  2  -59.058108    2.000000    0.000000
   27  2  -59.049139    2.000000    0.000000
   29  2  -59.024018    2.000000    0.000000
   31  2  -59.012973    2.000000    0.000000
   33  2  -59.004357    2.000000    0.000000
   35  2  -59.000110    2.000000    0.000000
   37  2  -58.993411    2.000000    0.000000
   39  2  -58.980701    2.000000    0.000000
   41  2  -58.883540    2.000000    0.000000
   43  1  -58.404074    1.000000    0.000000
   44  1  -58.402198    1.000000    0.000000
   45  1  -58.097441    1.000000    0.000000
   46  1  -58.095256    1.000000    0.000000
   47  1  -57.782254    1.000000    0.000000
   48  1  -57.780205    1.000000    0.000000
   49  1  -37.444708    1.000000    0.000000
   50  1  -37.441773    1.000000    0.000000
   51  1  -37.440557    1.000000    0.000000
   52  1  -37.437653    1.000000    0.000000
   53  1  -37.164054    1.000000    0.000000
   54  1  -37.161126    1.000000    0.000000
   55  1  -37.158678    1.000000    0.000000
   56  1  -37.155760    1.000000    0.000000
   57  1  -37.149917    1.000000    0.000000
   58  2  -37.147089    2.000000    0.000000
   60  1  -37.144148    1.000000    0.000000
   61  1   -9.629446    1.000000    0.000000
   62  1   -9.627683    1.000000    0.000000
   63  1   -9.580911    1.000000    0.000000
   64  1   -9.579189    1.000000    0.000000
   65  1   -8.926587    1.000000    0.000000
   66  1   -8.925163    1.000000    0.000000
   67  1   -8.880034    1.000000    0.000000
   68  1   -8.878721    1.000000    0.000000
   69  2   -8.330776    2.000000    0.000000
   71  2   -8.314212    2.000000    0.000000
   73  2   -7.815768    2.000000    0.000000
   75  2   -7.776691    2.000000    0.000000
   77  2   -7.721243    2.000000    0.000000
   79  1   -7.676051    1.000000    0.000000
   80  1   -7.675041    1.000000    0.000000
   81  2   -7.595039    2.000000    0.000000
   83  1   -7.584194    1.000000    0.000000
   84  1   -7.582997    1.000000    0.000000
   85  1   -7.557432    1.000000    0.000000
   86  1   -7.554707    1.000000    0.000000
   87  1   -7.543991    1.000000    0.000000
   88  1   -7.542803    1.000000    0.000000
   89  2   -7.540671    2.000000    0.000000
   91  2   -7.523682    2.000000    0.000000
   93  1   -1.374496    1.000000    0.000000
   94  1   -1.372981    1.000000    0.000000
   95  1   -1.317104    1.000000    0.000000
   96  1   -1.315614    1.000000    0.000000
   97  1   -0.876715    1.000000    0.000000
   98  1   -0.874882    1.000000    0.000000
   99  1   -0.844030    1.000000    0.000000
  100  1   -0.842156    1.000000    0.000000
  101  1   -0.652656    1.000000    0.000000
  102  1   -0.650926    1.000000    0.000000
  103  1   -0.607870    1.000000    0.000000
  104  1   -0.606285    1.000000    0.000000
  105  2   -0.525124    2.000000    0.000000
  107  2   -0.504298    2.000000    0.000000
  109  2   -0.455380    2.000000    0.000000
  111  2   -0.442331    2.000000    0.000000
  113  2   -0.332351    2.000000    0.000000
  115  2   -0.315089    2.000000    0.000000
  117  1    0.002323    1.000000    0.000000
  118  1    0.003411    1.000000    0.000000
  119  2    0.012662    2.000000    0.000000
  121  2    0.036664    2.000000    0.000000
  123  1    0.082138    1.000000    0.000000
  124  1    0.083483    1.000000    0.000000
  125  1    0.157856    1.000000    0.000000
  126  1    0.159146    1.000000    0.000000
  127  2    0.219856    2.000000    0.000000
  129  2    0.594679    2.000000    0.000000
  131  2    0.601956    2.000000    0.000000
  133  2    0.613282    2.000000    0.000000
  135  2    0.708761    2.000000    0.000000
  137  2    0.740152    2.000000    0.000000
  139  2    0.772607    2.000000    0.000000
  141  1    0.791566    1.000000    0.000000
  142  1    0.792769    1.000000    0.000000
  143  2    0.892753    2.000000    0.000000
  145  1    1.163629    1.000000    0.000000
  146  1    1.164719    1.000000    0.000000
  147  2    1.173285    2.000000    0.000000
  149  1    1.190836    1.000000    0.000000
  150  1    1.191878    1.000000    0.000000
  151  2    1.198110    2.000000    0.000000
  153  2    1.268197    2.000000    0.000000
  155  1    1.390473    1.000000    0.000000
  156  1    1.391618    1.000000    0.000000
  157  2    1.534155    2.000000    0.000000
  159  2    1.573019    2.000000    0.000000
  161  2    1.635979    2.000000    0.000000
  163  2    1.679733    2.000000    0.000000
  165  1    1.693002    1.000000    0.000000
  166  1    1.694061    1.000000    0.000000
  167  2    1.704590    2.000000    0.000000
  169  2    2.188046    2.000000    0.000000
  171  2    2.218004    2.000000    0.000000
  173  2    2.236331    2.000000    0.000000
  175  2    2.268538    2.000000    0.000000
  177  2    2.383246    2.000000    0.000000
  179  2    2.449004    2.000000    0.000000
  181  2    2.493614    2.000000    0.000000
  183  2    2.537563    2.000000    0.000000
  185  2    2.573891    2.000000    0.000000
  187  2    2.630695    2.000000    0.000000
  189  1    2.677353    1.000000    0.000000
  190  1    2.678597    1.000000    0.000000
  191  1    2.707774    1.000000    0.000000
  192  1    2.709082    1.000000    0.000000
  193  1    2.728972    1.000000    0.000000
  194  1    2.730425    1.000000    0.000000
  195  2    2.807641    2.000000    0.000000
  197  2    2.817162    2.000000    0.000000
  199  2    2.878562    2.000000    0.000000
  201  2    2.896349    2.000000    0.000000
  203  2    2.922937    2.000000    0.000000
  205  2    3.107973    2.000000    0.000000
  207  2    3.145208    2.000000    0.000000
  209  1    3.167636    1.000000    0.000000
  210  1    3.169105    1.000000    0.000000
  211  2    3.175498    2.000000    0.000000
  213  2    3.241286    2.000000    0.000000
  215  2    3.250017    2.000000    0.000000
  217  2    3.278411    2.000000    0.000000
  219  1    3.438670    1.000000    0.000000
  220  1    3.440158    1.000000    0.000000
  221  2    3.523734    2.000000    0.000000
  223  2    3.542764    2.000000    0.000000
  225  2    3.596056    2.000000    0.000000
  227  1    3.774460    1.000000    0.000000
  228  1    3.775810    1.000000    0.000000
  229  2    3.900942    2.000000    0.000000
  231  2    3.926291    2.000000    0.000000
  233  2    4.309217    2.000000    0.000000
  235  2    4.380426    2.000000    0.000000
  237  1    4.760976    1.000000    0.000000
  238  1    4.761982    1.000000    0.000000
  239  1    4.919543    1.000000    0.000000
  240  1    4.921649    1.000000    0.000000
  241  2    5.372535    2.000000    0.000000
  243  2    5.394414    2.000000    0.000000
  245  2    5.518942    2.000000    0.000000
  247  2    5.526675    2.000000    0.000000
  249  2    5.537244    2.000000    0.000000
  251  2    5.564401    2.000000    0.000000
  253  2    5.572334    2.000000    0.000000
  255  2    5.607583    2.000000    0.000000
  257  2    5.623366    2.000000    0.000000
  259  2    5.631964    2.000000    0.000000
  261  2    5.641019    2.000000    0.000000
  263  1    5.686661    1.000000    0.000000
  264  1    5.687909    1.000000    0.000000
  265  2    5.846032    2.000000    0.000000
  267  2    6.046982    2.000000    0.000000
  269  1    9.285210    1.000000    0.000000
  270  1    9.287892    1.000000    0.000000
  271  1    9.373438    1.000000    0.000000
  272  1    9.376207    1.000000    0.000000
  273  2   10.421338    2.000000    0.000000
  275  2   10.423357    2.000000    0.000000
  277  2   10.517396    2.000000    0.000000
  279  2   10.529029    2.000000    0.000000
  281  2   10.732295    2.000000    0.000000
  283  2   10.763249    2.000000    0.000000
  285  2   11.430375    2.000000    0.000000
  287  2   11.434108    2.000000    0.000000
  289  2   11.435828    2.000000    0.000000
  291  2   11.461383    2.000000    0.000000
  293  2   11.838771    2.000000    0.000000
  295  2   11.842115    2.000000    0.000000
  297  2   11.947789    2.000000    0.000000
  299  2   11.952479    2.000000    0.000000
  301  2   12.121635    2.000000    0.000000
  303  2   12.134745    2.000000    0.000000
  305  2   12.180751    2.000000    0.000000
  307  1   12.188771    1.000000    0.000000
  308  1   12.189924    1.000000    0.000000
  309  2   12.349673    2.000000    0.000000
  311  2   12.354126    2.000000    0.000000
  313  2   12.380299    2.000000    0.000000
  315  2   12.383451    2.000000    0.000000
  317  1   12.861462    1.000000    0.000000
  318  1   12.862531    1.000000    0.000000
  319  2   12.865526    2.000000    0.000000
  321  2   12.917917    2.000000    0.000000
  323  2   12.929705    2.000000    0.000000
  325  2   13.172247    2.000000    0.000000
  327  2   13.185137    2.000000    0.000000
  329  1   13.568613    1.000000    0.000000
  330  1   13.570165    1.000000    0.000000
  331  1   13.572413    1.000000    0.000000
  332  1   13.573908    1.000000    0.000000
  333  2   13.870528    2.000000    0.000000
  335  2   13.917291    2.000000    0.000000
  337  2   14.264639    2.000000    0.000000
  339  2   14.319424    2.000000    0.000000
  341  1   14.334443    1.000000    0.000000
  342  1   14.336133    1.000000    0.000000
  343  1   14.341246    1.000000    0.000000
  344  1   14.342937    1.000000    0.000000
  345  1   14.596690    1.000000    0.000000
  346  1   14.598099    1.000000    0.000000
  347  1   14.602613    1.000000    0.000000
  348  1   14.604055    1.000000    0.000000
  349  1   14.659338    1.000000    0.000000
  350  1   14.661121    1.000000    0.000000
  351  1   14.676799    1.000000    0.000000
  352  1   14.678576    1.000000    0.000000
  353  2   15.000296    2.000000    0.000000
  355  2   15.002517    2.000000    0.000000
  357  1   15.135928    1.000000    0.000000
  358  1   15.137690    1.000000    0.000000
  359  1   15.172818    1.000000    0.000000
  360  1   15.174593    1.000000    0.000000
  361  1   15.466215    1.000000    0.000000
  362  1   15.467558    1.000000    0.000000
  363  1   15.508414    1.000000    0.000000
  364  1   15.509703    1.000000    0.000000
  365  1   15.697196    1.000000    0.000000
  366  1   15.699723    1.000000    0.000000
  367  1   15.701590    1.000000    0.000000
  368  1   15.704074    1.000000    0.000000
  369  2   15.861952    2.000000    0.000000
  371  2   15.864603    2.000000    0.000000
  373  1   16.081751    1.000000    0.000000
  374  1   16.083337    1.000000    0.000000
  375  1   16.096635    1.000000    0.000000
  376  1   16.098284    1.000000    0.000000
  377  2   16.231410    2.000000    0.000000
  379  2   16.240668    2.000000    0.000000
  381  1   16.462463    1.000000    0.000000
  382  1   16.463923    1.000000    0.000000
  383  1   16.477286    1.000000    0.000000
  384  1   16.478517    1.000000    0.000000
  385  2   16.693796    2.000000    0.000000
  387  2   16.719007    2.000000    0.000000
  389  1   17.019058    1.000000    0.000000
  390  1   17.020397    1.000000    0.000000
  391  1   17.032278    1.000000    0.000000
  392  1   17.033675    1.000000    0.000000
  393  1   17.097394    1.000000    0.000000
  394  1   17.099201    1.000000    0.000000
  395  1   17.163405    1.000000    0.000000
  396  1   17.165222    1.000000    0.000000
  397  1   17.653141    1.000000    0.000000
  398  1   17.654249    1.000000    0.000000
  399  1   17.661039    1.000000    0.000000
  400  1   17.662175    1.000000    0.000000
  401  2   18.161308    2.000000    0.000000
  403  2   18.172473    2.000000    0.000000
  405  1   18.400026    1.000000    0.000000
  406  1   18.401632    1.000000    0.000000
  407  1   18.407413    1.000000    0.000000
  408  1   18.409959    1.000000    0.000000
  409  1   18.729112    1.000000    0.000000
  410  1   18.735214    1.000000    0.000000
  411  1   18.747872    1.000000    0.000000
  412  1   18.750106    1.000000    0.000000
  413  1   18.961589    1.000000    0.000000
  414  1   18.966991    1.000000    0.000000
  415  1   18.976702    1.000000    0.000000
  416  1   18.998362    1.000000    0.000000
  417  1   19.036065    1.000000    0.000000
  418  1   19.051853    1.000000    0.000000
  419  1   19.079324    1.000000    0.000000
  420  1   19.133673    1.000000    0.000000
  421  1   19.325559    1.000000    0.000000
  422  1   19.342619    1.000000    0.000000
  423  1   19.353601    1.000000    0.000000
  424  1   19.393678    1.000000    0.000000
  1
    1
    1  2  -61.225389    2.000000    0.000000
    3  2  -61.214022    2.000000    0.000000
    5  2  -61.209781    2.000000    0.000000
    7  2  -61.205857    2.000000    0.000000
    9  2  -61.194666    2.000000    0.000000
   11  2  -61.183213    2.000000    0.000000
   13  1  -60.794591    1.000000    0.000000
   14  1  -60.793437    1.000000    0.000000
   15  1  -60.478825    1.000000    0.000000
   16  1  -60.477153    1.000000    0.000000
   17  2  -59.088958    2.000000    0.000000
   19  2  -59.079241    2.000000    0.000000
   21  2  -59.077268    2.000000    0.000000
   23  2  -59.069499    2.000000    0.000000
   25  2  -59.058105    2.000000    0.000000
   27  2  -59.049204    2.000000    0.000000
   29  2  -59.024062    2.000000    0.000000
   31  2  -59.013019    2.000000    0.000000
   33  2  -59.004397    2.000000    0.000000
   35  2  -59.000110    2.000000    0.000000
   37  2  -58.993449    2.000000    0.000000
   39  2  -58.980687    2.000000    0.000000
   41  2  -58.883582    2.000000    0.000000
   43  1  -58.404097    1.000000    0.000000
   44  1  -58.402221    1.000000    0.000000
   45  1  -58.097447    1.000000    0.000000
   46  1  -58.095262    1.000000    0.000000
   47  1  -57.782299    1.000000    0.000000
   48  1  -57.780250    1.000000    0.000000
   49  1  -37.444712    1.000000    0.000000
   50  1  -37.441777    1.000000    0.000000
   51  1  -37.440561    1.000000    0.000000
   52  1  -37.437658    1.000000    0.000000
   53  1  -37.164054    1.000000    0.000000
   54  1  -37.161126    1.000000    0.000000
   55  1  -37.158680    1.000000    0.000000
   56  1  -37.155762    1.000000    0.000000
   57  1  -37.149924    1.000000    0.000000
   58  2  -37.147101    2.000000    0.000000
   60  1  -37.144161    1.000000    0.000000
   61  2   -9.694709    2.000000    0.000000
   63  2   -9.686176    2.000000    0.000000
   65  2   -8.821818    2.000000    0.000000
   67  1   -8.803001    1.000000    0.000000
   68  1   -8.801889    1.000000    0.000000
   69  2   -8.099961    2.000000    0.000000
   71  2   -8.053916    2.000000    0.000000
   73  2   -7.923515    2.000000    0.000000
   75  2   -7.874726    2.000000    0.000000
   77  2   -7.846877    2.000000    0.000000
   79  2   -7.823358    2.000000    0.000000
   81  2   -7.670637    2.000000    0.000000
   83  2   -7.629894    2.000000    0.000000
   85  2   -7.558271    2.000000    0.000000
   87  2   -7.526105    2.000000    0.000000
   89  2   -7.488334    2.000000    0.000000
   91  2   -7.473410    2.000000    0.000000
   93  2   -1.427688    2.000000    0.000000
   95  2   -1.418727    2.000000    0.000000
   97  2   -1.081954    2.000000    0.000000
   99  2   -1.068988    2.000000    0.000000
  101  2   -0.792756    2.000000    0.000000
  103  2   -0.773957    2.000000    0.000000
  105  2   -0.467253    2.000000    0.000000
  107  2   -0.440097    2.000000    0.000000
  109  1   -0.423920    1.000000    0.000000
  110  1   -0.422673    1.000000    0.000000
  111  2   -0.396634    2.000000    0.000000
  113  2   -0.338361    2.000000    0.000000
  115  2   -0.264536    2.000000    0.000000
  117  2   -0.041322    2.000000    0.000000
  119  2   -0.003251    2.000000    0.000000
  121  2    0.158705    2.000000    0.000000
  123  2    0.172103    2.000000    0.000000
  125  2    0.184211    2.000000    0.000000
  127  2    0.218423    2.000000    0.000000
  129  2    0.630225    2.000000    0.000000
  131  2    0.641046    2.000000    0.000000
  133  2    0.690129    2.000000    0.000000
  135  2    0.705011    2.000000    0.000000
  137  1    0.719394    1.000000    0.000000
  138  1    0.720547    1.000000    0.000000
  139  1    0.860850    1.000000    0.000000
  140  1    0.862466    1.000000    0.000000
  141  1    0.894536    1.000000    0.000000
  142  1    0.896436    1.000000    0.000000
  143  1    0.997976    1.000000    0.000000
  144  1    0.999197    1.000000    0.000000
  145  2    1.204854    2.000000    0.000000
  147  1    1.295814    1.000000    0.000000
  148  1    1.296957    1.000000    0.000000
  149  2    1.355585    2.000000    0.000000
  151  2    1.359721    2.000000    0.000000
  153  2    1.434533    2.000000    0.000000
  155  2    1.502039    2.000000    0.000000
  157  2    1.517760    2.000000    0.000000
  159  2    1.550955    2.000000    0.000000
  161  2    1.580026    2.000000    0.000000
  163  2    1.599119    2.000000    0.000000
  165  1    1.843668    1.000000    0.000000
  166  1    1.845069    1.000000    0.000000
  167  2    1.956429    2.000000    0.000000
  169  1    2.018810    1.000000    0.000000
  170  1    2.020111    1.000000    0.000000
  171  1    2.050554    1.000000    0.000000
  172  1    2.051616    1.000000    0.000000
  173  2    2.072045    2.000000    0.000000
  175  2    2.112295    2.000000    0.000000
  177  2    2.297119    2.000000    0.000000
  179  2    2.341918    2.000000    0.000000
  181  2    2.482413    2.000000    0.000000
  183  2    2.543181    2.000000    0.000000
  185  2    2.561789    2.000000    0.000000
  187  2    2.647827    2.000000    0.000000
  189  2    2.706561    2.000000    0.000000
  191  2    2.723152    2.000000    0.000000
  193  2    2.747358    2.000000    0.000000
  195  1    2.769013    1.000000    0.000000
  196  1    2.770398    1.000000    0.000000
  197  1    2.775704    1.000000    0.000000
  198  1    2.777272    1.000000    0.000000
  199  2    2.808944    2.000000    0.000000
  201  2    2.909196    2.000000    0.000000
  203  2    2.977964    2.000000    0.000000
  205  2    3.069892    2.000000    0.000000
  207  2    3.080842    2.000000    0.000000
  209  2    3.172989    2.000000    0.000000
  211  2    3.204156    2.000000    0.000000
  213  1    3.265125    1.000000    0.000000
  214  1    3.266255    1.000000    0.000000
  215  2    3.283062    2.000000    0.000000
  217  2    3.383564    2.000000    0.000000
  219  2    3.422346    2.000000    0.000000
  221  2    3.450726    2.000000    0.000000
  223  2    3.562361    2.000000    0.000000
  225  1    3.737364    1.000000    0.000000
  226  1    3.738479    1.000000    0.000000
  227  1    3.815272    1.000000    0.000000
  228  1    3.816663    1.000000    0.000000
  229  2    3.885938    2.000000    0.000000
  231  2    4.026067    2.000000    0.000000
  233  2    4.231189    2.000000    0.000000
  235  2    4.292890    2.000000    0.000000
  237  2    4.785953    2.000000    0.000000
  239  1    4.844637    1.000000    0.000000
  240  1    4.846900    1.000000    0.000000
  241  1    5.372971    1.000000    0.000000
  242  1    5.374010    1.000000    0.000000
  243  2    5.377807    2.000000    0.000000
  245  2    5.493034    2.000000    0.000000
  247  2    5.523696    2.000000    0.000000
  249  1    5.540412    1.000000    0.000000
  250  1    5.542504    1.000000    0.000000
  251  1    5.552016    1.000000    0.000000
  252  1    5.553239    1.000000    0.000000
  253  1    5.555154    1.000000    0.000000
  254  1    5.557432    1.000000    0.000000
  255  1    5.572411    1.000000    0.000000
  256  1    5.574143    1.000000    0.000000
  257  2    5.586985    2.000000    0.000000
  259  2    5.623347    2.000000    0.000000
  261  2    5.666728    2.000000    0.000000
  263  2    5.700317    2.000000    0.000000
  265  2    6.090704    2.000000    0.000000
  267  2    6.105843    2.000000    0.000000
  269  1    9.125721    1.000000    0.000000
  270  1    9.128904    1.000000    0.000000
  271  1    9.165936    1.000000    0.000000
  272  1    9.169157    1.000000    0.000000
  273  2   10.143027    2.000000    0.000000
  275  2   10.149997    2.000000    0.000000
  277  2   10.703767    2.000000    0.000000
  279  2   10.706651    2.000000    0.000000
  281  1   10.807918    1.000000    0.000000
  282  1   10.809200    1.000000    0.000000
  283  1   10.851095    1.000000    0.000000
  284  1   10.852472    1.000000    0.000000
  285  2   11.099931    2.000000    0.000000
  287  2   11.128634    2.000000    0.000000
  289  2   11.417419    2.000000    0.000000
  291  2   11.426304    2.000000    0.000000
  293  1   11.807469    1.000000    0.000000
  294  1   11.808627    1.000000    0.000000
  295  1   11.824263    1.000000    0.000000
  296  1   11.825383    1.000000    0.000000
  297  2   11.860991    2.000000    0.000000
  299  2   11.879667    2.000000    0.000000
  301  2   12.031678    2.000000    0.000000
  303  2   12.051089    2.000000    0.000000
  305  2   12.217752    2.000000    0.000000
  307  2   12.229461    2.000000    0.000000
  309  1   12.250605    1.000000    0.000000
  310  1   12.252440    1.000000    0.000000
  311  1   12.262160    1.000000    0.000000
  312  1   12.263948    1.000000    0.000000
  313  2   12.386946    2.000000    0.000000
  315  2   12.389198    2.000000    0.000000
  317  2   12.552174    2.000000    0.000000
  319  2   12.556596    2.000000    0.000000
  321  1   12.911076    1.000000    0.000000
  322  1   12.913266    1.000000    0.000000
  323  1   12.916763    1.000000    0.000000
  324  1   12.919105    1.000000    0.000000
  325  2   13.279431    2.000000    0.000000
  327  2   13.298908    2.000000    0.000000
  329  2   13.659560    2.000000    0.000000
  331  2   13.713680    2.000000    0.000000
  333  2   13.739702    2.000000    0.000000
  335  2   13.757310    2.000000    0.000000
  337  2   14.252365    2.000000    0.000000
  339  2   14.273620    2.000000    0.000000
  341  2   14.622926    2.000000    0.000000
  343  2   14.638138    2.000000    0.000000
  345  1   14.680424    1.000000    0.000000
  346  1   14.682229    1.000000    0.000000
  347  1   14.733224    1.000000    0.000000
  348  1   14.734984    1.000000    0.000000
  349  1   14.792418    1.000000    0.000000
  350  1   14.793858    1.000000    0.000000
  351  1   14.801139    1.000000    0.000000
  352  1   14.802920    1.000000    0.000000
  353  1   15.024795    1.000000    0.000000
  354  1   15.026156    1.000000    0.000000
  355  1   15.037804    1.000000    0.000000
  356  1   15.038935    1.000000    0.000000
  357  1   15.187567    1.000000    0.000000
  358  1   15.188941    1.000000    0.000000
  359  1   15.201559    1.000000    0.000000
  360  1   15.202902    1.000000    0.000000
  361  2   15.269847    2.000000    0.000000
  363  2   15.283078    2.000000    0.000000
  365  2   15.835740    2.000000    0.000000
  367  2   15.840709    2.000000    0.000000
  369  2   16.100121    2.000000    0.000000
  371  1   16.102431    1.000000    0.000000
  372  1   16.103712    1.000000    0.000000
  373  1   16.105332    1.000000    0.000000
  374  1   16.106790    1.000000    0.000000
  375  1   16.116023    1.000000    0.000000
  376  1   16.118025    1.000000    0.000000
  377  2   16.224882    2.000000    0.000000
  379  2   16.243504    2.000000    0.000000
  381  2   16.523831    2.000000    0.000000
  383  2   16.533664    2.000000    0.000000
  385  1   16.548195    1.000000    0.000000
  386  1   16.549617    1.000000    0.000000
  387  1   16.560042    1.000000    0.000000
  388  1   16.561566    1.000000    0.000000
  389  1   17.179422    1.000000    0.000000
  390  1   17.181202    1.000000    0.000000
  391  1   17.192887    1.000000    0.000000
  392  1   17.194628    1.000000    0.000000
  393  2   17.433041    2.000000    0.000000
  395  2   17.452227    2.000000    0.000000
  397  1   18.079281    1.000000    0.000000
  398  1   18.080525    1.000000    0.000000
  399  1   18.090806    1.000000    0.000000
  400  1   18.092150    1.000000    0.000000
  401  1   18.488312    1.000000    0.000000
  402  1   18.491230    1.000000    0.000000
  403  1   18.501821    1.000000    0.000000
  404  1   18.503820    1.000000    0.000000
  405  1   18.583778    1.000000    0.000000
  406  1   18.585183    1.000000    0.000000
  407  1   18.594325    1.000000    0.000000
  408  1   18.597327    1.000000    0.000000
  409  1   18.682805    1.000000    0.000000
  410  1   18.685099    1.000000    0.000000
  411  1   18.694624    1.000000    0.000000
  412  1   18.700415    1.000000    0.000000
  413  1   18.831990    1.000000    0.000000
  414  1   18.834099    1.000000    0.000000
  415  1   18.841339    1.000000    0.000000
  416  1   18.864607    1.000000    0.000000
  417  1   19.141453    1.000000    0.000000
  418  1   19.158332    1.000000    0.000000
  419  1   19.171156    1.000000    0.000000
  420  1   19.207849    1.000000    0.000000
  421  1   19.320501    1.000000    0.000000
  422  1   19.359444    1.000000    0.000000
  423  1   19.400594    1.000000    0.000000
  424  1   19.431929    1.000000    0.000000
  1
    1
    1  2  -61.225374    2.000000    0.000000
    3  2  -61.214010    2.000000    0.000000
    5  2  -61.209764    2.000000    0.000000
    7  2  -61.205838    2.000000    0.000000
    9  2  -61.194649    2.000000    0.000000
   11  2  -61.183194    2.000000    0.000000
   13  1  -60.794573    1.000000    0.000000
   14  1  -60.793419    1.000000    0.000000
   15  1  -60.478809    1.000000    0.000000
   16  1  -60.477137    1.000000    0.000000
   17  2  -59.088955    2.000000    0.000000
   19  2  -59.079231    2.000000    0.000000
   21  2  -59.077254    2.000000    0.000000
   23  2  -59.069491    2.000000    0.000000
   25  2  -59.058099    2.000000    0.000000
   27  2  -59.049188    2.000000    0.000000
   29  2  -59.024035    2.000000    0.000000
   31  2  -59.012990    2.000000    0.000000
   33  2  -59.004368    2.000000    0.000000
   35  2  -59.000093    2.000000    0.000000
   37  2  -58.993423    2.000000    0.000000
   39  2  -58.980680    2.000000    0.000000
   41  2  -58.883565    2.000000    0.000000
   43  1  -58.404079    1.000000    0.000000
   44  1  -58.402203    1.000000    0.000000
   45  1  -58.097429    1.000000    0.000000
   46  1  -58.095243    1.000000    0.000000
   47  1  -57.782290    1.000000    0.000000
   48  1  -57.780241    1.000000    0.000000
   49  1  -37.444703    1.000000    0.000000
   50  1  -37.441768    1.000000    0.000000
   51  1  -37.440552    1.000000    0.000000
   52  1  -37.437649    1.000000    0.000000
   53  1  -37.164046    1.000000    0.000000
   54  1  -37.161119    1.000000    0.000000
   55  1  -37.158675    1.000000    0.000000
   56  1  -37.155756    1.000000    0.000000
   57  1  -37.149912    1.000000    0.000000
   58  2  -37.147088    2.000000    0.000000
   60  1  -37.144147    1.000000    0.000000
   61  1   -9.838108    1.000000    0.000000
   62  1   -9.837074    1.000000    0.000000
   63  2   -9.804728    2.000000    0.000000
   65  2   -8.668214    2.000000    0.000000
   67  2   -8.639299    2.000000    0.000000
   69  2   -8.021334    2.000000    0.000000
   71  2   -7.972466    2.000000    0.000000
   73  2   -7.954749    2.000000    0.000000
   75  2   -7.944709    2.000000    0.000000
   77  2   -7.790817    2.000000    0.000000
   79  2   -7.777974    2.000000    0.000000
   81  2   -7.684144    2.000000    0.000000
   83  2   -7.676041    2.000000    0.000000
   85  1   -7.582893    1.000000    0.000000
   86  1   -7.581755    1.000000    0.000000
   87  1   -7.508524    1.000000    0.000000
   88  1   -7.507314    1.000000    0.000000
   89  2   -7.458681    2.000000    0.000000
   91  2   -7.447145    2.000000    0.000000
   93  2   -1.689206    2.000000    0.000000
   95  2   -1.631232    2.000000    0.000000
   97  2   -1.127191    2.000000    0.000000
   99  2   -1.121298    2.000000    0.000000
  101  2   -1.109883    2.000000    0.000000
  103  2   -1.088906    2.000000    0.000000
  105  1   -0.886741    1.000000    0.000000
  106  1   -0.885136    1.000000    0.000000
  107  1   -0.854617    1.000000    0.000000
  108  1   -0.853025    1.000000    0.000000
  109  2   -0.465455    2.000000    0.000000
  111  2   -0.450273    2.000000    0.000000
  113  2   -0.366225    2.000000    0.000000
  115  2   -0.334708    2.000000    0.000000
  117  2   -0.064928    2.000000    0.000000
  119  2   -0.037333    2.000000    0.000000
  121  1    0.171963    1.000000    0.000000
  122  1    0.173045    1.000000    0.000000
  123  1    0.241264    1.000000    0.000000
  124  1    0.242359    1.000000    0.000000
  125  1    0.287637    1.000000    0.000000
  126  1    0.289191    1.000000    0.000000
  127  1    0.372411    1.000000    0.000000
  128  1    0.373568    1.000000    0.000000
  129  2    0.697200    2.000000    0.000000
  131  2    0.705320    2.000000    0.000000
  133  2    0.718360    2.000000    0.000000
  135  1    0.805303    1.000000    0.000000
  136  1    0.806507    1.000000    0.000000
  137  2    0.865460    2.000000    0.000000
  139  1    0.932177    1.000000    0.000000
  140  1    0.933341    1.000000    0.000000
  141  1    1.289664    1.000000    0.000000
  142  1    1.290676    1.000000    0.000000
  143  1    1.309584    1.000000    0.000000
  144  1    1.310707    1.000000    0.000000
  145  2    1.326004    2.000000    0.000000
  147  2    1.370360    2.000000    0.000000
  149  1    1.391702    1.000000    0.000000
  150  1    1.393012    1.000000    0.000000
  151  1    1.416251    1.000000    0.000000
  152  1    1.417522    1.000000    0.000000
  153  2    1.423500    2.000000    0.000000
  155  1    1.493737    1.000000    0.000000
  156  1    1.494837    1.000000    0.000000
  157  2    1.548891    2.000000    0.000000
  159  2    1.559678    2.000000    0.000000
  161  2    1.651985    2.000000    0.000000
  163  1    1.672889    1.000000    0.000000
  164  1    1.673923    1.000000    0.000000
  165  2    1.709675    2.000000    0.000000
  167  2    1.845782    2.000000    0.000000
  169  2    2.074750    2.000000    0.000000
  171  2    2.141721    2.000000    0.000000
  173  2    2.281382    2.000000    0.000000
  175  2    2.305410    2.000000    0.000000
  177  2    2.341759    2.000000    0.000000
  179  2    2.463669    2.000000    0.000000
  181  2    2.532324    2.000000    0.000000
  183  2    2.543137    2.000000    0.000000
  185  2    2.624860    2.000000    0.000000
  187  2    2.642582    2.000000    0.000000
  189  2    2.667467    2.000000    0.000000
  191  2    2.705800    2.000000    0.000000
  193  2    2.716595    2.000000    0.000000
  195  2    2.758749    2.000000    0.000000
  197  2    2.820224    2.000000    0.000000
  199  2    2.872021    2.000000    0.000000
  201  1    2.913323    1.000000    0.000000
  202  1    2.914546    1.000000    0.000000
  203  2    2.945468    2.000000    0.000000
  205  1    2.954353    1.000000    0.000000
  206  1    2.955425    1.000000    0.000000
  207  2    2.982986    2.000000    0.000000
  209  2    3.007767    2.000000    0.000000
  211  2    3.033431    2.000000    0.000000
  213  2    3.100887    2.000000    0.000000
  215  2    3.176739    2.000000    0.000000
  217  2    3.222547    2.000000    0.000000
  219  1    3.396375    1.000000    0.000000
  220  1    3.398192    1.000000    0.000000
  221  2    3.466871    2.000000    0.000000
  223  1    3.700689    1.000000    0.000000
  224  1    3.701746    1.000000    0.000000
  225  2    3.756872    2.000000    0.000000
  227  2    3.769871    2.000000    0.000000
  229  2    4.286644    2.000000    0.000000
  231  2    4.310805    2.000000    0.000000
  233  2    4.406350    2.000000    0.000000
  235  2    4.477342    2.000000    0.000000
  237  2    4.700253    2.000000    0.000000
  239  2    5.314327    2.000000    0.000000
  241  2    5.402505    2.000000    0.000000
  243  1    5.429623    1.000000    0.000000
  244  1    5.432369    1.000000    0.000000
  245  1    5.441057    1.000000    0.000000
  246  1    5.444100    1.000000    0.000000
  247  2    5.465897    2.000000    0.000000
  249  2    5.508301    2.000000    0.000000
  251  2    5.512389    2.000000    0.000000
  253  2    5.522530    2.000000    0.000000
  255  1    6.022768    1.000000    0.000000
  256  1    6.023923    1.000000    0.000000
  257  2    6.026449    2.000000    0.000000
  259  2    6.032320    2.000000    0.000000
  261  2    6.036094    2.000000    0.000000
  263  2    6.095645    2.000000    0.000000
  265  2    6.106263    2.000000    0.000000
  267  2    6.120845    2.000000    0.000000
  269  2    8.549453    2.000000    0.000000
  271  2    8.645308    2.000000    0.000000
  273  2    9.933241    2.000000    0.000000
  275  2    9.951826    2.000000    0.000000
  277  2   10.122986    2.000000    0.000000
  279  2   10.127039    2.000000    0.000000
  281  2   10.671876    2.000000    0.000000
  283  2   10.715561    2.000000    0.000000
  285  2   10.934407    2.000000    0.000000
  287  1   10.958593    1.000000    0.000000
  288  1   10.963366    1.000000    0.000000
  289  1   10.968891    1.000000    0.000000
  290  1   10.973607    1.000000    0.000000
  291  1   10.983123    1.000000    0.000000
  292  1   10.984586    1.000000    0.000000
  293  2   11.252392    2.000000    0.000000
  295  2   11.258173    2.000000    0.000000
  297  2   11.594651    2.000000    0.000000
  299  2   11.616672    2.000000    0.000000
  301  1   11.706345    1.000000    0.000000
  302  1   11.707885    1.000000    0.000000
  303  1   11.724343    1.000000    0.000000
  304  1   11.725559    1.000000    0.000000
  305  2   11.863418    2.000000    0.000000
  307  2   11.879379    2.000000    0.000000
  309  2   12.045143    2.000000    0.000000
  311  2   12.081862    2.000000    0.000000
  313  2   12.294946    2.000000    0.000000
  315  2   12.300251    2.000000    0.000000
  317  1   12.778064    1.000000    0.000000
  318  1   12.779804    1.000000    0.000000
  319  1   12.791371    1.000000    0.000000
  320  1   12.793101    1.000000    0.000000
  321  2   12.946711    2.000000    0.000000
  323  2   12.982454    2.000000    0.000000
  325  2   13.173316    2.000000    0.000000
  327  2   13.175819    2.000000    0.000000
  329  1   13.198011    1.000000    0.000000
  330  1   13.200568    1.000000    0.000000
  331  1   13.210291    1.000000    0.000000
  332  1   13.212106    1.000000    0.000000
  333  2   13.387206    2.000000    0.000000
  335  2   13.409352    2.000000    0.000000
  337  2   13.684614    2.000000    0.000000
  339  2   13.700200    2.000000    0.000000
  341  2   13.826314    2.000000    0.000000
  343  2   13.845091    2.000000    0.000000
  345  2   14.122990    2.000000    0.000000
  347  2   14.133433    2.000000    0.000000
  349  1   14.924955    1.000000    0.000000
  350  1   14.926641    1.000000    0.000000
  351  1   14.959509    1.000000    0.000000
  352  1   14.961228    1.000000    0.000000
  353  2   15.065392    2.000000    0.000000
  355  2   15.071116    2.000000    0.000000
  357  2   15.542649    2.000000    0.000000
  359  2   15.585200    2.000000    0.000000
  361  1   16.543722    1.000000    0.000000
  362  1   16.545362    1.000000    0.000000
  363  1   16.575594    1.000000    0.000000
  364  1   16.577118    1.000000    0.000000
  365  1   16.752916    1.000000    0.000000
  366  1   16.754976    1.000000    0.000000
  367  1   16.761256    1.000000    0.000000
  368  1   16.763457    1.000000    0.000000
  369  2   16.832988    2.000000    0.000000
  371  2   16.842834    2.000000    0.000000
  373  2   16.878682    2.000000    0.000000
  375  2   16.893738    2.000000    0.000000
  377  1   17.136169    1.000000    0.000000
  378  2   17.137479    2.000000    0.000000
  380  1   17.139198    1.000000    0.000000
  381  2   17.280050    2.000000    0.000000
  383  2   17.288987    2.000000    0.000000
  385  2   17.362446    2.000000    0.000000
  387  2   17.364611    2.000000    0.000000
  389  2   17.365732    2.000000    0.000000
  391  2   17.402024    2.000000    0.000000
  393  2   17.854907    2.000000    0.000000
  395  2   17.864883    2.000000    0.000000
  397  1   18.300972    1.000000    0.000000
  398  1   18.302536    1.000000    0.000000
  399  1   18.328439    1.000000    0.000000
  400  1   18.330113    1.000000    0.000000
  401  1   18.424535    1.000000    0.000000
  402  1   18.425973    1.000000    0.000000
  403  1   18.433477    1.000000    0.000000
  404  1   18.434566    1.000000    0.000000
  405  2   18.533433    2.000000    0.000000
  407  2   18.550065    2.000000    0.000000
  409  1   18.695746    1.000000    0.000000
  410  1   18.697719    1.000000    0.000000
  411  1   18.714344    1.000000    0.000000
  412  1   18.716877    1.000000    0.000000
  413  1   18.788189    1.000000    0.000000
  414  1   18.790007    1.000000    0.000000
  415  1   18.796793    1.000000    0.000000
  416  1   18.801842    1.000000    0.000000
  417  1   18.994506    1.000000    0.000000
  418  1   18.998673    1.000000    0.000000
  419  1   19.002566    1.000000    0.000000
  420  1   19.028830    1.000000    0.000000
  421  1   19.281774    1.000000    0.000000
  422  1   19.290435    1.000000    0.000000
  423  1   19.298725    1.000000    0.000000
  424  1   19.398025    1.000000    0.000000
