  116  176
  1
  4
  1  0  0  0  1  0  0  0  1    0.000000    0.000000    0.000000    1.000000    0.000000    0.000000    0.000000    0.000000    0.000000    1.000000    0.000000  1
 -1  0  0  0 -1  0  0  0 -1    0.000000    0.000000    0.000000    1.000000    0.000000    0.000000    0.000000    0.000000    0.000000    1.000000    0.000000  1
  0 -1  0 -1  0  0  0  0 -1    0.000000    0.000000    0.000000    0.000000    0.000000    0.000000   -1.000000    0.000000   -1.000000    0.000000    0.000000 -1
  0  1  0  1  0  0  0  0  1    0.000000    0.000000    0.000000    0.000000    0.000000    0.000000   -1.000000    0.000000   -1.000000    0.000000    0.000000 -1
  8
    0.000000    0.000000    0.000000
    0.000000    0.000000    0.500000
    0.000000    0.500000    0.500000
    0.500000    0.000000    0.500000
    0.500000    0.500000    0.500000
    0.000000    0.500000    0.000000
    0.500000    0.000000    0.000000
    0.500000    0.500000    0.000000
  2
    1    2
    1  1  -46.009156    1.000000    0.000000   -1.000000    0.000000
    2  1  -46.007097    1.000000    0.000000   -1.000000    0.000000
    3  2  -45.983557    2.000000    0.000000   -2.000000    0.000000
    5  1  -45.598045    1.000000    0.000000   -1.000000    0.000000
    6  1  -45.593282    1.000000    0.000000   -1.000000    0.000000
    7  2  -45.546889    2.000000    0.000000   -2.000000    0.000000
    9  1  -45.093959    1.000000    0.000000   -1.000000    0.000000
   10  1  -45.091430    1.000000    0.000000   -1.000000    0.000000
   11  2  -45.062374    2.000000    0.000000   -2.000000    0.000000
   13  1  -42.204660    1.000000    0.000000   -1.000000    0.000000
   14  1  -42.203383    1.000000    0.000000   -1.000000    0.000000
   15  2  -42.197648    2.000000    0.000000   -2.000000    0.000000
   17  1  -41.562889    1.000000    0.000000   -1.000000    0.000000
   18  1  -41.556247    1.000000    0.000000   -1.000000    0.000000
   19  2  -41.538111    2.000000    0.000000   -2.000000    0.000000
   21  1  -41.388957    1.000000    0.000000   -1.000000    0.000000
   22  1  -41.384025    1.000000    0.000000   -1.000000    0.000000
   23  2  -41.347595    2.000000    0.000000   -2.000000    0.000000
   25  4  -37.796668    4.000000    0.000000    0.000000    0.000000
   29  4  -37.510010    4.000000    0.000000    0.000000    0.000000
   33  4  -37.508783    4.000000    0.000000    0.000000    0.000000
   37  2   -9.305473    2.000000    0.000000    2.000000    0.000000
   39  2   -8.078007    2.000000    0.000000   -2.000000    0.000000
   41  1   -7.725972    1.000000    0.000000   -1.000000    0.000000
   42  1   -7.714630    1.000000    0.000000   -1.000000    0.000000
   43  1   -7.686412    1.000000    0.000000   -1.000000    0.000000
   44  1   -7.675267    1.000000    0.000000    1.000000    0.000000
   45  1   -7.674066    1.000000    0.000000   -1.000000    0.000000
   46  2   -7.664573    2.000000    0.000000    0.000000    0.000000
   48  1   -7.662652    1.000000    0.000000   -1.000000    0.000000
   49  1   -7.634698    1.000000    0.000000    1.000000    0.000000
   50  1   -7.622326    1.000000    0.000000    1.000000    0.000000
   51  1   -7.487617    1.000000    0.000000    1.000000    0.000000
   52  1   -7.486575    1.000000    0.000000    1.000000    0.000000
   53  2   -1.604255    2.000000    0.000000    2.000000    0.000000
   55  2   -0.994520    2.000000    0.000000    2.000000    0.000000
   57  1   -0.992972    1.000000    0.000000    1.000000    0.000000
   58  1   -0.988465    1.000000    0.000000    1.000000    0.000000
   59  1   -0.950505    1.000000    0.000000    1.000000    0.000000
   60  1   -0.947620    1.000000    0.000000    1.000000    0.000000
   61  1   -0.700968    1.000000    0.000000   -1.000000    0.000000
   62  1   -0.699848    1.000000    0.000000   -1.000000    0.000000
   63  2    0.013088    2.000000    0.000000   -2.000000    0.000000
   65  2    0.103950    2.000000    0.000000   -2.000000    0.000000
   67  1    0.646621    1.000000    0.000000    1.000000    0.000000
   68  1    0.648525    1.000000    0.000000    1.000000    0.000000
   69  1    0.650697    1.000000    0.000000    1.000000    0.000000
   70  1    0.655654    1.000000    0.000000    1.000000    0.000000
   71  1    0.901082    1.000000    0.000000    1.000000    0.000000
   72  1    0.903695    1.000000    0.000000    1.000000    0.000000
   73  1    1.163106    1.000000    0.000000    1.000000    0.000000
   74  1    1.171443    1.000000    0.000000    1.000000    0.000000
   75  1    1.432689    1.000000    0.000000    1.000000    0.000000
   76  1    1.436551    1.000000    0.000000    1.000000    0.000000
   77  1    1.499193    1.000000    0.000000    1.000000    0.000000
   78  1    1.506399    1.000000    0.000000    1.000000    0.000000
   79  1    1.744318    1.000000    0.000000   -1.000000    0.000000
   80  1    1.754083    1.000000    0.000000   -1.000000    0.000000
   81  1    1.773915    1.000000    0.000000   -1.000000    0.000000
   82  1    1.787366    1.000000    0.000000   -1.000000    0.000000
   83  1    1.851965    1.000000    0.000000    1.000000    0.000000
   84  1    1.853295    1.000000    0.000000    1.000000    0.000000
   85  1    2.034569    1.000000    0.000000    1.000000    0.000000
   86  1    2.042364    1.000000    0.000000    1.000000    0.000000
   87  1    2.081888    1.000000    0.000000   -1.000000    0.000000
   88  1    2.084878    1.000000    0.000000   -1.000000    0.000000
   89  1    2.199983    1.000000    0.000000    1.000000    0.000000
   90  1    2.204035    1.000000    0.000000    1.000000    0.000000
   91  1    2.390152    1.000000    0.000000    1.000000    0.000000
   92  1    2.399419    1.000000    0.000000    1.000000    0.000000
   93  1    2.459502    1.000000    0.000000   -1.000000    0.000000
   94  1    2.489483    1.000000    0.000000    1.000000    0.000000
   95  2    2.493567    2.000000    0.000000    0.000000    0.000000
   97  1    2.520585    1.000000    0.000000   -1.000000    0.000000
   98  1    2.552014    1.000000    0.000000   -1.000000    0.000000
   99  1    2.585512    1.000000    0.000000    1.000000    0.000000
  100  1    2.588040    1.000000    0.000000    1.000000    0.000000
  101  1    2.801683    1.000000    0.000000    1.000000    0.000000
  102  1    2.810669    1.000000    0.000000    1.000000    0.000000
  103  2    2.825535    2.000000    0.000000   -2.000000    0.000000
  105  1    2.938120    1.000000    0.000000    1.000000    0.000000
  106  1    2.949623    1.000000    0.000000    1.000000    0.000000
  107  2    3.736714    2.000000    0.000000   -2.000000    0.000000
  109  1    3.864717    1.000000    0.000000   -1.000000    0.000000
  110  1    3.868170    1.000000    0.000000   -1.000000    0.000000
  111  1    3.909180    1.000000    0.000000   -1.000000    0.000000
  112  1    3.913817    1.000000    0.000000   -1.000000    0.000000
  113  1    4.626835    1.000000    0.000000    1.000000    0.000000
  114  1    4.630132    1.000000    0.000000    1.000000    0.000000
  115  1    4.643745    1.000000    0.000000    1.000000    0.000000
  116  1    4.656000    1.000000    0.000000    1.000000    0.000000
  117  1    5.159109    1.000000    0.000000    1.000000    0.000000
  118  1    5.162794    1.000000    0.000000    1.000000    0.000000
  119  1    5.313510    1.000000    0.000000    1.000000    0.000000
  120  1    5.322482    1.000000    0.000000    1.000000    0.000000
  121  1    5.623373    1.000000    0.000000    1.000000    0.000000
  122  1    5.630559    1.000000    0.000000    1.000000    0.000000
  123  1    5.885033    1.000000    0.000000    1.000000    0.000000
  124  1    5.893496    1.000000    0.000000    1.000000    0.000000
  125  1    5.959385    1.000000    0.000000    1.000000    0.000000
  126  1    5.962199    1.000000    0.000000    1.000000    0.000000
  127  1    6.010483    1.000000    0.000000    1.000000    0.000000
  128  1    6.039993    1.000000    0.000000    1.000000    0.000000
  129  1    6.148514    1.000000    0.000000    1.000000    0.000000
  130  1    6.173671    1.000000    0.000000    1.000000    0.000000
  131  1    6.273766    1.000000    0.000000    1.000000    0.000000
  132  1    6.277683    1.000000    0.000000    1.000000    0.000000
  133  1    7.330243    1.000000    0.000000    1.000000    0.000000
  134  1    7.346151    1.000000    0.000000    1.000000    0.000000
  135  1    7.396274    1.000000    0.000000    1.000000    0.000000
  136  1    7.410389    1.000000    0.000000    1.000000    0.000000
  137  1    7.413351    1.000000    0.000000    1.000000    0.000000
  138  1    7.415369    1.000000    0.000000    1.000000    0.000000
  139  1    7.515726    1.000000    0.000000    1.000000    0.000000
  140  1    7.519433    1.000000    0.000000    1.000000    0.000000
  141  1    7.911096    1.000000    0.000000    1.000000    0.000000
  142  1    7.917868    1.000000    0.000000    1.000000    0.000000
  143  2    7.919806    2.000000    0.000000    2.000000    0.000000
  145  1    8.307976    1.000000    0.000000    1.000000    0.000000
  146  1    8.312239    1.000000    0.000000    1.000000    0.000000
  147  2    8.525785    2.000000    0.000000   -2.000000    0.000000
  149  1    8.559931    1.000000    0.000000    1.000000    0.000000
  150  1    8.562300    1.000000    0.000000    1.000000    0.000000
  151  2    9.575513    2.000000    0.000000   -2.000000    0.000000
  153  1    9.644623    1.000000    0.000000   -1.000000    0.000000
  154  1    9.651442    1.000000    0.000000   -1.000000    0.000000
  155  1    9.791467    1.000000    0.000000   -1.000000    0.000000
  156  1    9.796229    1.000000    0.000000   -1.000000    0.000000
  157  1   10.654885    1.000000    0.000000    1.000000    0.000000
  158  1   10.657219    1.000000    0.000000    1.000000    0.000000
  159  1   11.211963    1.000000    0.000000    1.000000    0.000000
  160  1   11.213077    1.000000    0.000000    1.000000    0.000000
  161  1   11.297516    1.000000    0.000000   -1.000000    0.000000
  162  1   11.325006    1.000000    0.000000   -1.000000    0.000000
  163  2   11.424963    2.000000    0.000000    2.000000    0.000000
  165  1   11.478347    1.000000    0.000000   -1.000000    0.000000
  166  1   11.507070    1.000000    0.000000   -1.000000    0.000000
  167  2   11.736356    2.000000    0.000000   -2.000000    0.000000
  169  1   11.959409    1.000000    0.000000   -0.999999    0.000000
  170  1   11.961621    1.000000    0.000000   -0.999999    0.000000
  171  2   12.223547    2.000000    0.000000   -1.999992    0.000000
  173  1   12.512278    1.000000    0.000000   -0.999994    0.000000
  174  1   12.513920    1.000000    0.000000   -0.999984    0.000000
  175  1   12.971410    1.000000    0.000000   -0.999627    0.000000
  176  1   13.008141    1.000000    0.000000   -0.996361    0.000000
  2
    1    2
    1  1  -46.009165    1.000000    0.000000   -1.000000    0.000000
    2  1  -46.007090    1.000000    0.000000   -1.000000    0.000000
    3  2  -45.983385    2.000000    0.000000    0.000000    0.000000
    5  2  -45.595666    2.000000    0.000000    0.000000    0.000000
    7  2  -45.546890    2.000000    0.000000   -2.000000    0.000000
    9  1  -45.093965    1.000000    0.000000   -1.000000    0.000000
   10  1  -45.091425    1.000000    0.000000   -1.000000    0.000000
   11  2  -45.062127    2.000000    0.000000    0.000000    0.000000
   13  1  -42.204674    1.000000    0.000000   -1.000000    0.000000
   14  1  -42.203383    1.000000    0.000000   -1.000000    0.000000
   15  2  -42.197514    2.000000    0.000000    0.000000    0.000000
   17  2  -41.559569    2.000000    0.000000    0.000000    0.000000
   19  2  -41.538107    2.000000    0.000000   -2.000000    0.000000
   21  1  -41.388964    1.000000    0.000000   -1.000000    0.000000
   22  1  -41.384023    1.000000    0.000000   -1.000000    0.000000
   23  2  -41.347211    2.000000    0.000000    0.000000    0.000000
   25  4  -37.796633    4.000000    0.000000    0.000000    0.000000
   29  4  -37.509968    4.000000    0.000000    0.000000    0.000000
   33  4  -37.508754    4.000000    0.000000    0.000000    0.000000
   37  1   -8.944316    1.000000    0.000000    1.000000    0.000000
   38  1   -8.929158    1.000000    0.000000    1.000000    0.000000
   39  1   -8.506056    1.000000    0.000000   -1.000000    0.000000
   40  1   -8.473671    1.000000    0.000000   -1.000000    0.000000
   41  1   -7.855080    1.000000    0.000000   -1.000000    0.000000
   42  1   -7.814901    1.000000    0.000000   -1.000000    0.000000
   43  1   -7.764997    1.000000    0.000000    1.000000    0.000000
   44  1   -7.736213    1.000000    0.000000    1.000000    0.000000
   45  1   -7.716897    1.000000    0.000000    1.000000    0.000000
   46  1   -7.663350    1.000000    0.000000    1.000000    0.000000
   47  1   -7.629326    1.000000    0.000000   -1.000000    0.000000
   48  1   -7.585260    1.000000    0.000000    1.000000    0.000000
   49  1   -7.582518    1.000000    0.000000   -1.000000    0.000000
   50  1   -7.579708    1.000000    0.000000    1.000000    0.000000
   51  1   -7.577469    1.000000    0.000000   -1.000000    0.000000
   52  1   -7.575132    1.000000    0.000000   -1.000000    0.000000
   53  1   -0.932155    1.000000    0.000000    1.000000    0.000000
   54  1   -0.836589    1.000000    0.000000    1.000000    0.000000
   55  1   -0.616194    1.000000    0.000000   -1.000000    0.000000
   56  1   -0.540803    1.000000    0.000000    1.000000    0.000000
   57  1   -0.469539    1.000000    0.000000    1.000000    0.000000
   58  1   -0.468124    1.000000    0.000000    1.000000    0.000000
   59  1   -0.435872    1.000000    0.000000   -1.000000    0.000000
   60  1   -0.355905    1.000000    0.000000    1.000000    0.000000
   61  1   -0.056649    1.000000    0.000000   -1.000000    0.000000
   62  1   -0.023612    1.000000    0.000000   -1.000000    0.000000
   63  1    0.093543    1.000000    0.000000    1.000000    0.000000
   64  1    0.186700    1.000000    0.000000   -1.000000    0.000000
   65  1    0.192901    1.000000    0.000000    1.000000    0.000000
   66  1    0.242458    1.000000    0.000000   -1.000000    0.000000
   67  1    0.351358    1.000000    0.000000    1.000000    0.000000
   68  1    0.452108    1.000000    0.000000    1.000000    0.000000
   69  1    0.512379    1.000000    0.000000    1.000000    0.000000
   70  1    0.662178    1.000000    0.000000   -1.000000    0.000000
   71  1    0.769776    1.000000    0.000000    1.000000    0.000000
   72  1    0.849373    1.000000    0.000000    1.000000    0.000000
   73  1    0.860395    1.000000    0.000000   -1.000000    0.000000
   74  1    0.871838    1.000000    0.000000   -1.000000    0.000000
   75  1    0.937655    1.000000    0.000000    1.000000    0.000000
   76  1    0.944685    1.000000    0.000000   -1.000000    0.000000
   77  1    1.025243    1.000000    0.000000    1.000000    0.000000
   78  1    1.178512    1.000000    0.000000    1.000000    0.000000
   79  1    1.443645    1.000000    0.000000   -1.000000    0.000000
   80  1    1.451756    1.000000    0.000000   -1.000000    0.000000
   81  1    1.479443    1.000000    0.000000    1.000000    0.000000
   82  1    1.527942    1.000000    0.000000    1.000000    0.000000
   83  1    1.581054    1.000000    0.000000    1.000000    0.000000
   84  1    1.582591    1.000000    0.000000   -1.000000    0.000000
   85  1    1.593824    1.000000    0.000000   -1.000000    0.000000
   86  1    1.619982    1.000000    0.000000    1.000000    0.000000
   87  1    1.637469    1.000000    0.000000   -1.000000    0.000000
   88  1    1.726505    1.000000    0.000000   -1.000000    0.000000
   89  1    1.772283    1.000000    0.000000    1.000000    0.000000
   90  1    2.015285    1.000000    0.000000   -1.000000    0.000000
   91  1    2.060917    1.000000    0.000000   -1.000000    0.000000
   92  1    2.184060    1.000000    0.000000    1.000000    0.000000
   93  1    2.358850    1.000000    0.000000    1.000000    0.000000
   94  1    2.475788    1.000000    0.000000    1.000000    0.000000
   95  1    2.502249    1.000000    0.000000    1.000000    0.000000
   96  1    2.514629    1.000000    0.000000    1.000000    0.000000
   97  1    2.583731    1.000000    0.000000   -1.000000    0.000000
   98  1    2.619110    1.000000    0.000000   -1.000000    0.000000
   99  1    2.661631    1.000000    0.000000    1.000000    0.000000
  100  1    2.718391    1.000000    0.000000    1.000000    0.000000
  101  1    2.727751    1.000000    0.000000    1.000000    0.000000
  102  1    2.787072    1.000000    0.000000   -1.000000    0.000000
  103  1    2.802329    1.000000    0.000000    1.000000    0.000000
  104  1    2.926562    1.000000    0.000000   -1.000000    0.000000
  105  1    2.932543    1.000000    0.000000   -1.000000    0.000000
  106  1    2.971870    1.000000    0.000000    1.000000    0.000000
  107  1    3.261364    1.000000    0.000000    1.000000    0.000000
  108  1    3.344369    1.000000    0.000000    1.000000    0.000000
  109  1    3.447854    1.000000    0.000000   -1.000000    0.000000
  110  1    3.488492    1.000000    0.000000   -1.000000    0.000000
  111  1    3.516843    1.000000    0.000000   -1.000000    0.000000
  112  1    3.598673    1.000000    0.000000   -1.000000    0.000000
  113  1    4.350234    1.000000    0.000000    1.000000    0.000000
  114  1    4.396329    1.000000    0.000000    1.000000    0.000000
  115  1    4.883477    1.000000    0.000000    1.000000    0.000000
  116  1    4.917757    1.000000    0.000000   -1.000000    0.000000
  117  1    5.175301    1.000000    0.000000    1.000000    0.000000
  118  1    5.212078    1.000000    0.000000   -1.000000    0.000000
  119  1    5.270772    1.000000    0.000000    1.000000    0.000000
  120  1    5.342691    1.000000    0.000000    1.000000    0.000000
  121  1    5.483352    1.000000    0.000000    1.000000    0.000000
  122  1    5.549040    1.000000    0.000000   -1.000000    0.000000
  123  1    5.690962    1.000000    0.000000    1.000000    0.000000
  124  1    5.725652    1.000000    0.000000    1.000000    0.000000
  125  1    5.807676    1.000000    0.000000   -1.000000    0.000000
  126  1    5.836958    1.000000    0.000000    1.000000    0.000000
  127  1    5.850590    1.000000    0.000000    1.000000    0.000000
  128  1    5.954138    1.000000    0.000000   -1.000000    0.000000
  129  1    5.965645    1.000000    0.000000    1.000000    0.000000
  130  1    6.029545    1.000000    0.000000    1.000000    0.000000
  131  1    6.076017    1.000000    0.000000    1.000000    0.000000
  132  1    6.081034    1.000000    0.000000    1.000000    0.000000
  133  1    6.916370    1.000000    0.000000   -1.000000    0.000000
  134  1    6.959409    1.000000    0.000000    1.000000    0.000000
  135  1    6.972546    1.000000    0.000000   -1.000000    0.000000
  136  1    7.056236    1.000000    0.000000    1.000000    0.000000
  137  1    7.088473    1.000000    0.000000    1.000000    0.000000
  138  1    7.141289    1.000000    0.000000    1.000000    0.000000
  139  1    7.216464    1.000000    0.000000    1.000000    0.000000
  140  1    7.218865    1.000000    0.000000    1.000000    0.000000
  141  1    8.675753    1.000000    0.000000    1.000000    0.000000
  142  1    8.805339    1.000000    0.000000    1.000000    0.000000
  143  1    9.278534    1.000000    0.000000   -1.000000    0.000000
  144  1    9.355010    1.000000    0.000000   -1.000000    0.000000
  145  1    9.373096    1.000000    0.000000   -1.000000    0.000000
  146  1    9.502992    1.000000    0.000000   -1.000000    0.000000
  147  1    9.574454    1.000000    0.000000   -1.000000    0.000000
  148  1    9.675161    1.000000    0.000000   -1.000000    0.000000
  149  1    9.829956    1.000000    0.000000   -1.000000    0.000000
  150  1   10.191063    1.000000    0.000000   -1.000000    0.000000
  151  1   10.202879    1.000000    0.000000    1.000000    0.000000
  152  1   10.220890    1.000000    0.000000    1.000000    0.000000
  153  1   10.237787    1.000000    0.000000    1.000000    0.000000
  154  1   10.641671    1.000000    0.000000    1.000000    0.000000
  155  1   10.951931    1.000000    0.000000    1.000000    0.000000
  156  1   11.152672    1.000000    0.000000    1.000000    0.000000
  157  1   11.162664    1.000000    0.000000   -1.000000    0.000000
  158  1   11.205248    1.000000    0.000000   -1.000000    0.000000
  159  1   11.429500    1.000000    0.000000    1.000000    0.000000
  160  1   11.523585    1.000000    0.000000    1.000000    0.000000
  161  1   11.545288    1.000000    0.000000   -1.000000    0.000000
  162  1   11.630513    1.000000    0.000000   -1.000000    0.000000
  163  1   11.641879    1.000000    0.000000   -1.000000    0.000000
  164  1   11.664084    1.000000    0.000000   -1.000000    0.000000
  165  1   12.252408    1.000000    0.000000    1.000000    0.000000
  166  1   12.293040    1.000000    0.000000    1.000000    0.000000
  167  1   12.327756    1.000000    0.000000   -0.999993    0.000000
  168  1   12.342038    1.000000    0.000000    1.000000    0.000000
  169  1   12.457276    1.000000    0.000000    0.999999    0.000000
  170  1   12.653572    1.000000    0.000000   -0.999775    0.000000
  171  1   12.779796    1.000000    0.000000   -0.999829    0.000000
  172  1   12.889296    1.000000    0.000000   -0.999967    0.000000
  173  1   13.312509    1.000000    0.000000   -0.990965    0.000000
  174  1   13.332341    1.000000    0.000000   -0.984579    0.000000
  175  1   13.524650    1.000000    0.000000    0.996886    0.000000
  176  1   13.687927    1.000000    0.000000    0.993899    0.000000
  2
    1    2
    1  2  -46.008139    2.000000    0.000000    0.000000    0.000000
    3  2  -45.983392    2.000000    0.000000    0.000000    0.000000
    5  2  -45.595667    2.000000    0.000000    0.000000    0.000000
    7  2  -45.546651    2.000000    0.000000    0.000000    0.000000
    9  2  -45.092709    2.000000    0.000000    0.000000    0.000000
   11  2  -45.062131    2.000000    0.000000    0.000000    0.000000
   13  2  -42.204042    2.000000    0.000000    0.000000    0.000000
   15  2  -42.197521    2.000000    0.000000    0.000000    0.000000
   17  2  -41.559570    2.000000    0.000000    0.000000    0.000000
   19  2  -41.537726    2.000000    0.000000    0.000000    0.000000
   21  2  -41.386508    2.000000    0.000000    0.000000    0.000000
   23  2  -41.347212    2.000000    0.000000    0.000000    0.000000
   25  4  -37.796638    4.000000    0.000000    0.000000    0.000000
   29  4  -37.509969    4.000000    0.000000    0.000000    0.000000
   33  4  -37.508761    4.000000    0.000000    0.000000    0.000000
   37  4   -8.676494    4.000000    0.000000    0.000000    0.000000
   41  2   -7.841794    2.000000    0.000000    0.000000    0.000000
   43  2   -7.831876    2.000000    0.000000    0.000000    0.000000
   45  2   -7.791028    2.000000    0.000000    0.000000    0.000000
   47  2   -7.779987    2.000000    0.000000    0.000000    0.000000
   49  2   -7.467970    2.000000    0.000000    0.000000    0.000000
   51  2   -7.466924    2.000000    0.000000    0.000000    0.000000
   53  2   -0.510312    2.000000    0.000000    0.000000    0.000000
   55  2   -0.508977    2.000000    0.000000    0.000000    0.000000
   57  2   -0.107240    2.000000    0.000000    0.000000    0.000000
   59  2   -0.101061    2.000000    0.000000    0.000000    0.000000
   61  2   -0.085062    2.000000    0.000000    0.000000    0.000000
   63  2   -0.081058    2.000000    0.000000    0.000000    0.000000
   65  2    0.520145    2.000000    0.000000    0.000000    0.000000
   67  2    0.522172    2.000000    0.000000    0.000000    0.000000
   69  2    0.595271    2.000000    0.000000    0.000000    0.000000
   71  2    0.607483    2.000000    0.000000    0.000000    0.000000
   73  2    0.965696    2.000000    0.000000    0.000000    0.000000
   75  2    0.973551    2.000000    0.000000    0.000000    0.000000
   77  2    1.103389    2.000000    0.000000    0.000000    0.000000
   79  2    1.112431    2.000000    0.000000    0.000000    0.000000
   81  2    1.241853    2.000000    0.000000    0.000000    0.000000
   83  2    1.258970    2.000000    0.000000    0.000000    0.000000
   85  2    1.484946    2.000000    0.000000    0.000000    0.000000
   87  2    1.487576    2.000000    0.000000    0.000000    0.000000
   89  2    2.061801    2.000000    0.000000    0.000000    0.000000
   91  2    2.068326    2.000000    0.000000    0.000000    0.000000
   93  2    2.375690    2.000000    0.000000    0.000000    0.000000
   95  2    2.386182    2.000000    0.000000    0.000000    0.000000
   97  2    2.547906    2.000000    0.000000    0.000000    0.000000
   99  2    2.554890    2.000000    0.000000    0.000000    0.000000
  101  2    2.853390    2.000000    0.000000    0.000000    0.000000
  103  2    2.857073    2.000000    0.000000    0.000000    0.000000
  105  2    3.203815    2.000000    0.000000    0.000000    0.000000
  107  2    3.210597    2.000000    0.000000    0.000000    0.000000
  109  2    3.350962    2.000000    0.000000    0.000000    0.000000
  111  2    3.354837    2.000000    0.000000    0.000000    0.000000
  113  2    4.120011    2.000000    0.000000    0.000000    0.000000
  115  2    4.127800    2.000000    0.000000    0.000000    0.000000
  117  2    5.480017    2.000000    0.000000    0.000000    0.000000
  119  2    5.486668    2.000000    0.000000    0.000000    0.000000
  121  2    5.675209    2.000000    0.000000    0.000000    0.000000
  123  2    5.683269    2.000000    0.000000    0.000000    0.000000
  125  2    5.914680    2.000000    0.000000    0.000000    0.000000
  127  2    5.920782    2.000000    0.000000    0.000000    0.000000
  129  2    6.100102    2.000000    0.000000    0.000000    0.000000
  131  2    6.115458    2.000000    0.000000    0.000000    0.000000
  133  2    6.373951    2.000000    0.000000    0.000000    0.000000
  135  2    6.384793    2.000000    0.000000    0.000000    0.000000
  137  2    7.320648    2.000000    0.000000    0.000000    0.000000
  139  2    7.323699    2.000000    0.000000    0.000000    0.000000
  141  2    9.883917    2.000000    0.000000    0.000000    0.000000
  143  2    9.889680    2.000000    0.000000    0.000000    0.000000
  145  2   10.377729    2.000000    0.000000    0.000000    0.000000
  147  2   10.384176    2.000000    0.000000    0.000000    0.000000
  149  2   10.571564    2.000000    0.000000    0.000000    0.000000
  151  2   10.573438    2.000000    0.000000    0.000000    0.000000
  153  2   11.220375    2.000000    0.000000    0.000000    0.000000
  155  2   11.221506    2.000000    0.000000    0.000000    0.000000
  157  2   11.651560    2.000000    0.000000   -0.000000    0.000000
  159  2   11.652961    2.000000    0.000000    0.000000    0.000000
  161  2   11.938382    2.000000    0.000000   -0.000004    0.000000
  163  2   11.941677    2.000000    0.000000    0.000002    0.000000
  165  3   12.483343    3.000000    0.000000   -0.776040    0.000000
  168  1   12.484449    1.000000    0.000000    0.775736    0.000000
  169  1   12.942647    1.000000    0.000000    0.207020    0.000000
  170  1   12.947674    1.000000    0.000000   -0.093496    0.000000
  171  1   12.953370    1.000000    0.000000    0.736521    0.000000
  172  1   12.979579    1.000000    0.000000   -0.811159    0.000000
  173  1   13.091670    1.000000    0.000000   -0.711328    0.000000
  174  1   13.096797    1.000000    0.000000    0.532941    0.000000
  175  1   13.123766    1.000000    0.000000    0.753607    0.000000
  176  1   13.200466    1.000000    0.000000   -0.085545    0.000000
  2
    1    2
    1  2  -46.008139    2.000000    0.000000    0.000000    0.000000
    3  2  -45.983392    2.000000    0.000000    0.000000    0.000000
    5  2  -45.595667    2.000000    0.000000    0.000000    0.000000
    7  2  -45.546651    2.000000    0.000000    0.000000    0.000000
    9  2  -45.092709    2.000000    0.000000    0.000000    0.000000
   11  2  -45.062131    2.000000    0.000000    0.000000    0.000000
   13  2  -42.204042    2.000000    0.000000    0.000000    0.000000
   15  2  -42.197521    2.000000    0.000000    0.000000    0.000000
   17  2  -41.559570    2.000000    0.000000    0.000000    0.000000
   19  2  -41.537726    2.000000    0.000000    0.000000    0.000000
   21  2  -41.386508    2.000000    0.000000    0.000000    0.000000
   23  2  -41.347212    2.000000    0.000000    0.000000    0.000000
   25  4  -37.796638    4.000000    0.000000    0.000000    0.000000
   29  4  -37.509969    4.000000    0.000000    0.000000    0.000000
   33  4  -37.508761    4.000000    0.000000    0.000000    0.000000
   37  4   -8.676503    4.000000    0.000000    0.000000    0.000000
   41  2   -7.841793    2.000000    0.000000    0.000000    0.000000
   43  2   -7.831876    2.000000    0.000000    0.000000    0.000000
   45  2   -7.791027    2.000000    0.000000    0.000000    0.000000
   47  2   -7.779988    2.000000    0.000000    0.000000    0.000000
   49  2   -7.467969    2.000000    0.000000    0.000000    0.000000
   51  2   -7.466925    2.000000    0.000000    0.000000    0.000000
   53  2   -0.510283    2.000000    0.000000    0.000000    0.000000
   55  2   -0.508998    2.000000    0.000000    0.000000    0.000000
   57  2   -0.107070    2.000000    0.000000    0.000000    0.000000
   59  2   -0.101082    2.000000    0.000000    0.000000    0.000000
   61  2   -0.084950    2.000000    0.000000    0.000000    0.000000
   63  2   -0.081093    2.000000    0.000000    0.000000    0.000000
   65  2    0.520120    2.000000    0.000000    0.000000    0.000000
   67  2    0.522138    2.000000    0.000000    0.000000    0.000000
   69  2    0.595268    2.000000    0.000000    0.000000    0.000000
   71  2    0.607460    2.000000    0.000000    0.000000    0.000000
   73  2    0.965634    2.000000    0.000000    0.000000    0.000000
   75  2    0.973593    2.000000    0.000000    0.000000    0.000000
   77  2    1.103380    2.000000    0.000000    0.000000    0.000000
   79  2    1.112431    2.000000    0.000000    0.000000    0.000000
   81  2    1.241821    2.000000    0.000000    0.000000    0.000000
   83  2    1.258989    2.000000    0.000000    0.000000    0.000000
   85  2    1.484899    2.000000    0.000000    0.000000    0.000000
   87  2    1.487611    2.000000    0.000000    0.000000    0.000000
   89  2    2.061836    2.000000    0.000000    0.000000    0.000000
   91  2    2.068295    2.000000    0.000000    0.000000    0.000000
   93  2    2.375696    2.000000    0.000000    0.000000    0.000000
   95  2    2.386196    2.000000    0.000000    0.000000    0.000000
   97  2    2.547861    2.000000    0.000000    0.000000    0.000000
   99  2    2.554900    2.000000    0.000000    0.000000    0.000000
  101  2    2.853363    2.000000    0.000000    0.000000    0.000000
  103  2    2.857114    2.000000    0.000000    0.000000    0.000000
  105  2    3.203859    2.000000    0.000000    0.000000    0.000000
  107  2    3.210642    2.000000    0.000000    0.000000    0.000000
  109  2    3.350929    2.000000    0.000000    0.000000    0.000000
  111  2    3.354801    2.000000    0.000000    0.000000    0.000000
  113  2    4.120036    2.000000    0.000000    0.000000    0.000000
  115  2    4.127824    2.000000    0.000000    0.000000    0.000000
  117  2    5.480021    2.000000    0.000000    0.000000    0.000000
  119  2    5.486682    2.000000    0.000000    0.000000    0.000000
  121  2    5.675220    2.000000    0.000000    0.000000    0.000000
  123  2    5.683254    2.000000    0.000000    0.000000    0.000000
  125  2    5.914676    2.000000    0.000000    0.000000    0.000000
  127  2    5.920769    2.000000    0.000000    0.000000    0.000000
  129  2    6.100094    2.000000    0.000000    0.000000    0.000000
  131  2    6.115468    2.000000    0.000000    0.000000    0.000000
  133  2    6.373943    2.000000    0.000000    0.000000    0.000000
  135  2    6.384794    2.000000    0.000000    0.000000    0.000000
  137  2    7.320659    2.000000    0.000000    0.000000    0.000000
  139  2    7.323696    2.000000    0.000000    0.000000    0.000000
  141  2    9.883875    2.000000    0.000000    0.000000    0.000000
  143  2    9.889646    2.000000    0.000000    0.000000    0.000000
  145  2   10.377759    2.000000    0.000000    0.000000    0.000000
  147  2   10.384243    2.000000    0.000000    0.000000    0.000000
  149  2   10.571608    2.000000    0.000000    0.000000    0.000000
  151  2   10.573455    2.000000    0.000000    0.000000    0.000000
  153  3   11.220602    3.000000    0.000000    1.000000    0.000000
  156  1   11.221841    1.000000    0.000000   -1.000000    0.000000
  157  2   11.651651    2.000000    0.000000    0.000000    0.000000
  159  2   11.653060    2.000000    0.000000   -0.000000    0.000000
  161  2   11.938380    2.000000    0.000000   -0.000000    0.000000
  163  2   11.941636    2.000000    0.000000   -0.000007    0.000000
  165  4   12.483517    4.000000    0.000000   -0.000091    0.000000
  169  1   12.943699    1.000000    0.000000    0.139113    0.000000
  170  1   12.947770    1.000000    0.000000   -0.681856    0.000000
  171  1   12.956947    1.000000    0.000000   -0.225245    0.000000
  172  1   12.987320    1.000000    0.000000    0.562389    0.000000
  173  1   13.091268    1.000000    0.000000    0.221886    0.000000
  174  1   13.107217    1.000000    0.000000    0.511416    0.000000
  175  1   13.132066    1.000000    0.000000   -0.316548    0.000000
  176  1   13.298509    1.000000    0.000000   -0.302929    0.000000
  2
    1    2
    1  1  -46.009165    1.000000    0.000000    1.000000    0.000000
    2  1  -46.007090    1.000000    0.000000    1.000000    0.000000
    3  2  -45.983387    2.000000    0.000000    0.000000    0.000000
    5  2  -45.595666    2.000000    0.000000    0.000000    0.000000
    7  2  -45.546890    2.000000    0.000000    2.000000    0.000000
    9  1  -45.093965    1.000000    0.000000    1.000000    0.000000
   10  1  -45.091425    1.000000    0.000000    1.000000    0.000000
   11  2  -45.062129    2.000000    0.000000    0.000000    0.000000
   13  1  -42.204674    1.000000    0.000000    1.000000    0.000000
   14  1  -42.203383    1.000000    0.000000    1.000000    0.000000
   15  2  -42.197513    2.000000    0.000000    0.000000    0.000000
   17  2  -41.559566    2.000000    0.000000    0.000000    0.000000
   19  2  -41.538107    2.000000    0.000000    2.000000    0.000000
   21  1  -41.388964    1.000000    0.000000    1.000000    0.000000
   22  1  -41.384023    1.000000    0.000000    1.000000    0.000000
   23  2  -41.347210    2.000000    0.000000    0.000000    0.000000
   25  4  -37.796633    4.000000    0.000000    0.000000    0.000000
   29  4  -37.509968    4.000000    0.000000    0.000000    0.000000
   33  4  -37.508752    4.000000    0.000000    0.000000    0.000000
   37  1   -8.944326    1.000000    0.000000   -1.000000    0.000000
   38  1   -8.929147    1.000000    0.000000   -1.000000    0.000000
   39  1   -8.506061    1.000000    0.000000    1.000000    0.000000
   40  1   -8.473668    1.000000    0.000000    1.000000    0.000000
   41  1   -7.855010    1.000000    0.000000    1.000000    0.000000
   42  1   -7.814979    1.000000    0.000000    1.000000    0.000000
   43  1   -7.765001    1.000000    0.000000   -1.000000    0.000000
   44  1   -7.736208    1.000000    0.000000   -1.000000    0.000000
   45  1   -7.716959    1.000000    0.000000   -1.000000    0.000000
   46  1   -7.663272    1.000000    0.000000   -1.000000    0.000000
   47  1   -7.629321    1.000000    0.000000    1.000000    0.000000
   48  1   -7.585212    1.000000    0.000000   -1.000000    0.000000
   49  1   -7.582473    1.000000    0.000000    1.000000    0.000000
   50  1   -7.579767    1.000000    0.000000   -1.000000    0.000000
   51  1   -7.577465    1.000000    0.000000    1.000000    0.000000
   52  1   -7.575182    1.000000    0.000000    1.000000    0.000000
   53  1   -0.932144    1.000000    0.000000   -1.000000    0.000000
   54  1   -0.836598    1.000000    0.000000   -1.000000    0.000000
   55  1   -0.616210    1.000000    0.000000    1.000000    0.000000
   56  1   -0.540989    1.000000    0.000000   -1.000000    0.000000
   57  1   -0.469412    1.000000    0.000000   -1.000000    0.000000
   58  1   -0.468020    1.000000    0.000000   -1.000000    0.000000
   59  1   -0.435867    1.000000    0.000000    1.000000    0.000000
   60  1   -0.355936    1.000000    0.000000   -1.000000    0.000000
   61  1   -0.056661    1.000000    0.000000    1.000000    0.000000
   62  1   -0.023595    1.000000    0.000000    1.000000    0.000000
   63  1    0.093730    1.000000    0.000000   -1.000000    0.000000
   64  1    0.186696    1.000000    0.000000    1.000000    0.000000
   65  1    0.192787    1.000000    0.000000   -1.000000    0.000000
   66  1    0.242402    1.000000    0.000000    1.000000    0.000000
   67  1    0.351329    1.000000    0.000000   -1.000000    0.000000
   68  1    0.452037    1.000000    0.000000   -1.000000    0.000000
   69  1    0.512442    1.000000    0.000000   -1.000000    0.000000
   70  1    0.662046    1.000000    0.000000    1.000000    0.000000
   71  1    0.769859    1.000000    0.000000   -1.000000    0.000000
   72  1    0.849422    1.000000    0.000000   -1.000000    0.000000
   73  1    0.860537    1.000000    0.000000    1.000000    0.000000
   74  1    0.871733    1.000000    0.000000    1.000000    0.000000
   75  1    0.937743    1.000000    0.000000   -1.000000    0.000000
   76  1    0.944697    1.000000    0.000000    1.000000    0.000000
   77  1    1.025211    1.000000    0.000000   -1.000000    0.000000
   78  1    1.178434    1.000000    0.000000   -1.000000    0.000000
   79  1    1.443405    1.000000    0.000000    1.000000    0.000000
   80  1    1.452070    1.000000    0.000000    1.000000    0.000000
   81  1    1.479577    1.000000    0.000000   -1.000000    0.000000
   82  1    1.527961    1.000000    0.000000   -1.000000    0.000000
   83  1    1.580874    1.000000    0.000000   -1.000000    0.000000
   84  1    1.582567    1.000000    0.000000    1.000000    0.000000
   85  1    1.593881    1.000000    0.000000    1.000000    0.000000
   86  1    1.620010    1.000000    0.000000   -1.000000    0.000000
   87  1    1.637380    1.000000    0.000000    1.000000    0.000000
   88  1    1.726656    1.000000    0.000000    1.000000    0.000000
   89  1    1.772188    1.000000    0.000000   -1.000000    0.000000
   90  1    2.015134    1.000000    0.000000    1.000000    0.000000
   91  1    2.061047    1.000000    0.000000    1.000000    0.000000
   92  1    2.183948    1.000000    0.000000   -1.000000    0.000000
   93  1    2.358810    1.000000    0.000000   -1.000000    0.000000
   94  1    2.475792    1.000000    0.000000   -1.000000    0.000000
   95  1    2.502226    1.000000    0.000000   -1.000000    0.000000
   96  1    2.514613    1.000000    0.000000   -1.000000    0.000000
   97  1    2.583752    1.000000    0.000000    1.000000    0.000000
   98  1    2.619104    1.000000    0.000000    1.000000    0.000000
   99  1    2.661604    1.000000    0.000000   -1.000000    0.000000
  100  1    2.718383    1.000000    0.000000   -1.000000    0.000000
  101  1    2.727740    1.000000    0.000000   -1.000000    0.000000
  102  1    2.787161    1.000000    0.000000    1.000000    0.000000
  103  1    2.802282    1.000000    0.000000   -1.000000    0.000000
  104  1    2.926254    1.000000    0.000000    1.000000    0.000000
  105  1    2.932854    1.000000    0.000000    1.000000    0.000000
  106  1    2.972001    1.000000    0.000000   -1.000000    0.000000
  107  1    3.261310    1.000000    0.000000   -1.000000    0.000000
  108  1    3.344414    1.000000    0.000000   -1.000000    0.000000
  109  1    3.447746    1.000000    0.000000    1.000000    0.000000
  110  1    3.488508    1.000000    0.000000    1.000000    0.000000
  111  1    3.516923    1.000000    0.000000    1.000000    0.000000
  112  1    3.598671    1.000000    0.000000    1.000000    0.000000
  113  1    4.350235    1.000000    0.000000   -1.000000    0.000000
  114  1    4.396356    1.000000    0.000000   -1.000000    0.000000
  115  1    4.883408    1.000000    0.000000   -1.000000    0.000000
  116  1    4.917743    1.000000    0.000000    1.000000    0.000000
  117  1    5.175340    1.000000    0.000000   -1.000000    0.000000
  118  1    5.211972    1.000000    0.000000    1.000000    0.000000
  119  1    5.270763    1.000000    0.000000   -1.000000    0.000000
  120  1    5.342709    1.000000    0.000000   -1.000000    0.000000
  121  1    5.483348    1.000000    0.000000   -1.000000    0.000000
  122  1    5.549085    1.000000    0.000000    1.000000    0.000000
  123  1    5.690961    1.000000    0.000000   -1.000000    0.000000
  124  1    5.725688    1.000000    0.000000   -1.000000    0.000000
  125  1    5.807674    1.000000    0.000000    1.000000    0.000000
  126  1    5.837000    1.000000    0.000000   -1.000000    0.000000
  127  1    5.850527    1.000000    0.000000   -1.000000    0.000000
  128  1    5.954124    1.000000    0.000000    1.000000    0.000000
  129  1    5.965653    1.000000    0.000000   -1.000000    0.000000
  130  1    6.029548    1.000000    0.000000   -1.000000    0.000000
  131  1    6.076018    1.000000    0.000000   -1.000000    0.000000
  132  1    6.081054    1.000000    0.000000   -1.000000    0.000000
  133  1    6.916417    1.000000    0.000000    1.000000    0.000000
  134  1    6.959395    1.000000    0.000000   -1.000000    0.000000
  135  1    6.972558    1.000000    0.000000    1.000000    0.000000
  136  1    7.056221    1.000000    0.000000   -1.000000    0.000000
  137  1    7.088532    1.000000    0.000000   -1.000000    0.000000
  138  1    7.141267    1.000000    0.000000   -1.000000    0.000000
  139  1    7.216499    1.000000    0.000000   -1.000000    0.000000
  140  1    7.218819    1.000000    0.000000   -1.000000    0.000000
  141  1    8.675709    1.000000    0.000000   -1.000000    0.000000
  142  1    8.805383    1.000000    0.000000   -1.000000    0.000000
  143  1    9.278628    1.000000    0.000000    1.000000    0.000000
  144  1    9.355013    1.000000    0.000000    1.000000    0.000000
  145  1    9.373107    1.000000    0.000000    1.000000    0.000000
  146  1    9.502976    1.000000    0.000000    1.000000    0.000000
  147  1    9.574323    1.000000    0.000000    1.000000    0.000000
  148  1    9.675200    1.000000    0.000000    1.000000    0.000000
  149  1    9.829975    1.000000    0.000000    1.000000    0.000000
  150  1   10.191050    1.000000    0.000000    1.000000    0.000000
  151  1   10.202943    1.000000    0.000000   -1.000000    0.000000
  152  1   10.220892    1.000000    0.000000   -1.000000    0.000000
  153  1   10.237898    1.000000    0.000000   -1.000000    0.000000
  154  1   10.641615    1.000000    0.000000   -1.000000    0.000000
  155  1   10.951777    1.000000    0.000000   -1.000000    0.000000
  156  1   11.152670    1.000000    0.000000   -1.000000    0.000000
  157  1   11.162633    1.000000    0.000000    1.000000    0.000000
  158  1   11.205277    1.000000    0.000000    1.000000    0.000000
  159  1   11.429595    1.000000    0.000000   -1.000000    0.000000
  160  1   11.523482    1.000000    0.000000   -1.000000    0.000000
  161  1   11.545452    1.000000    0.000000    1.000000    0.000000
  162  1   11.630487    1.000000    0.000000    1.000000    0.000000
  163  1   11.641924    1.000000    0.000000    1.000000    0.000000
  164  1   11.663919    1.000000    0.000000    1.000000    0.000000
  165  1   12.252338    1.000000    0.000000   -1.000000    0.000000
  166  1   12.293162    1.000000    0.000000   -1.000000    0.000000
  167  1   12.327835    1.000000    0.000000    0.999994    0.000000
  168  1   12.342086    1.000000    0.000000   -1.000000    0.000000
  169  1   12.457243    1.000000    0.000000   -0.999997    0.000000
  170  1   12.653295    1.000000    0.000000    0.999965    0.000000
  171  1   12.779710    1.000000    0.000000    0.999940    0.000000
  172  1   12.890280    1.000000    0.000000    0.998409    0.000000
  173  1   13.323467    1.000000    0.000000    0.931114    0.000000
  174  1   13.329886    1.000000    0.000000    0.970235    0.000000
  175  1   13.570894    1.000000    0.000000   -0.983293    0.000000
  176  1   13.747928    1.000000    0.000000   -0.988246    0.000000
  2
    1    2
    1  2  -46.008132    2.000000    0.000000    0.000000    0.000000
    3  2  -45.983552    2.000000    0.000000    2.000000    0.000000
    5  1  -45.598054    1.000000    0.000000    1.000000    0.000000
    6  1  -45.593278    1.000000    0.000000    1.000000    0.000000
    7  2  -45.546650    2.000000    0.000000    0.000000    0.000000
    9  2  -45.092703    2.000000    0.000000    0.000000    0.000000
   11  2  -45.062371    2.000000    0.000000    2.000000    0.000000
   13  2  -42.204034    2.000000    0.000000    0.000000    0.000000
   15  2  -42.197648    2.000000    0.000000    2.000000    0.000000
   17  1  -41.562892    1.000000    0.000000    1.000000    0.000000
   18  1  -41.556243    1.000000    0.000000    1.000000    0.000000
   19  2  -41.537727    2.000000    0.000000    0.000000    0.000000
   21  2  -41.386505    2.000000    0.000000    0.000000    0.000000
   23  2  -41.347593    2.000000    0.000000    2.000000    0.000000
   25  4  -37.796633    4.000000    0.000000    0.000000    0.000000
   29  4  -37.509968    4.000000    0.000000    0.000000    0.000000
   33  4  -37.508752    4.000000    0.000000    0.000000    0.000000
   37  1   -8.943951    1.000000    0.000000   -1.000000    0.000000
   38  1   -8.928060    1.000000    0.000000   -1.000000    0.000000
   39  1   -8.508510    1.000000    0.000000    1.000000    0.000000
   40  1   -8.476576    1.000000    0.000000    1.000000    0.000000
   41  1   -7.844017    1.000000    0.000000    1.000000    0.000000
   42  1   -7.802708    1.000000    0.000000    1.000000    0.000000
   43  1   -7.776210    1.000000    0.000000   -1.000000    0.000000
   44  1   -7.748318    1.000000    0.000000   -1.000000    0.000000
   45  1   -7.706388    1.000000    0.000000   -1.000000    0.000000
   46  1   -7.652089    1.000000    0.000000   -1.000000    0.000000
   47  1   -7.640735    1.000000    0.000000    1.000000    0.000000
   48  1   -7.589398    1.000000    0.000000    1.000000    0.000000
   49  1   -7.586393    1.000000    0.000000   -1.000000    0.000000
   50  2   -7.578349    2.000000    0.000000    0.000000    0.000000
   52  1   -7.574083    1.000000    0.000000    1.000000    0.000000
   53  1   -0.934914    1.000000    0.000000   -1.000000    0.000000
   54  1   -0.838170    1.000000    0.000000   -1.000000    0.000000
   55  1   -0.617195    1.000000    0.000000    1.000000    0.000000
   56  1   -0.542522    1.000000    0.000000   -1.000000    0.000000
   57  1   -0.468552    1.000000    0.000000   -1.000000    0.000000
   58  1   -0.465510    1.000000    0.000000   -1.000000    0.000000
   59  1   -0.439027    1.000000    0.000000    1.000000    0.000000
   60  1   -0.353393    1.000000    0.000000   -1.000000    0.000000
   61  1   -0.055797    1.000000    0.000000    1.000000    0.000000
   62  1   -0.025344    1.000000    0.000000    1.000000    0.000000
   63  1    0.098644    1.000000    0.000000   -1.000000    0.000000
   64  1    0.188957    1.000000    0.000000    1.000000    0.000000
   65  1    0.196494    1.000000    0.000000   -1.000000    0.000000
   66  1    0.239344    1.000000    0.000000    1.000000    0.000000
   67  1    0.350054    1.000000    0.000000   -1.000000    0.000000
   68  1    0.451088    1.000000    0.000000   -1.000000    0.000000
   69  1    0.506580    1.000000    0.000000   -1.000000    0.000000
   70  1    0.665913    1.000000    0.000000    1.000000    0.000000
   71  1    0.770369    1.000000    0.000000   -1.000000    0.000000
   72  1    0.850662    1.000000    0.000000   -1.000000    0.000000
   73  1    0.860618    1.000000    0.000000    1.000000    0.000000
   74  1    0.872638    1.000000    0.000000    1.000000    0.000000
   75  1    0.937997    1.000000    0.000000    1.000000    0.000000
   76  1    0.940923    1.000000    0.000000   -1.000000    0.000000
   77  1    1.028087    1.000000    0.000000   -1.000000    0.000000
   78  1    1.174727    1.000000    0.000000   -1.000000    0.000000
   79  1    1.450793    1.000000    0.000000    1.000000    0.000000
   80  1    1.459217    1.000000    0.000000    1.000000    0.000000
   81  1    1.479207    1.000000    0.000000   -1.000000    0.000000
   82  1    1.533315    1.000000    0.000000   -1.000000    0.000000
   83  1    1.578200    1.000000    0.000000    1.000000    0.000000
   84  1    1.580360    1.000000    0.000000   -1.000000    0.000000
   85  1    1.588087    1.000000    0.000000    1.000000    0.000000
   86  1    1.615136    1.000000    0.000000   -1.000000    0.000000
   87  1    1.638244    1.000000    0.000000    1.000000    0.000000
   88  1    1.731305    1.000000    0.000000    1.000000    0.000000
   89  1    1.773501    1.000000    0.000000   -1.000000    0.000000
   90  1    2.021248    1.000000    0.000000    1.000000    0.000000
   91  1    2.052603    1.000000    0.000000    1.000000    0.000000
   92  1    2.184016    1.000000    0.000000   -1.000000    0.000000
   93  1    2.362177    1.000000    0.000000   -1.000000    0.000000
   94  1    2.489278    1.000000    0.000000   -1.000000    0.000000
   95  1    2.495720    1.000000    0.000000   -1.000000    0.000000
   96  1    2.509970    1.000000    0.000000   -1.000000    0.000000
   97  1    2.581823    1.000000    0.000000    1.000000    0.000000
   98  1    2.614261    1.000000    0.000000    1.000000    0.000000
   99  1    2.664333    1.000000    0.000000   -1.000000    0.000000
  100  1    2.716892    1.000000    0.000000   -1.000000    0.000000
  101  1    2.723231    1.000000    0.000000   -1.000000    0.000000
  102  1    2.789725    1.000000    0.000000    1.000000    0.000000
  103  1    2.804865    1.000000    0.000000   -1.000000    0.000000
  104  1    2.923845    1.000000    0.000000    1.000000    0.000000
  105  1    2.929982    1.000000    0.000000    1.000000    0.000000
  106  1    2.977864    1.000000    0.000000   -1.000000    0.000000
  107  1    3.258050    1.000000    0.000000   -1.000000    0.000000
  108  1    3.335740    1.000000    0.000000   -1.000000    0.000000
  109  1    3.459269    1.000000    0.000000    1.000000    0.000000
  110  1    3.468645    1.000000    0.000000    1.000000    0.000000
  111  1    3.525578    1.000000    0.000000    1.000000    0.000000
  112  1    3.602652    1.000000    0.000000    1.000000    0.000000
  113  1    4.354046    1.000000    0.000000   -1.000000    0.000000
  114  1    4.392772    1.000000    0.000000   -1.000000    0.000000
  115  1    4.886013    1.000000    0.000000   -1.000000    0.000000
  116  1    4.911395    1.000000    0.000000    1.000000    0.000000
  117  1    5.178041    1.000000    0.000000   -1.000000    0.000000
  118  1    5.213879    1.000000    0.000000    1.000000    0.000000
  119  1    5.270066    1.000000    0.000000   -1.000000    0.000000
  120  1    5.343394    1.000000    0.000000   -1.000000    0.000000
  121  1    5.492878    1.000000    0.000000   -1.000000    0.000000
  122  1    5.540886    1.000000    0.000000    1.000000    0.000000
  123  1    5.693426    1.000000    0.000000   -1.000000    0.000000
  124  1    5.731636    1.000000    0.000000   -1.000000    0.000000
  125  1    5.808516    1.000000    0.000000    1.000000    0.000000
  126  1    5.838158    1.000000    0.000000   -1.000000    0.000000
  127  1    5.845756    1.000000    0.000000   -1.000000    0.000000
  128  1    5.942019    1.000000    0.000000    1.000000    0.000000
  129  1    5.957101    1.000000    0.000000   -1.000000    0.000000
  130  1    6.037999    1.000000    0.000000   -1.000000    0.000000
  131  1    6.076943    1.000000    0.000000   -1.000000    0.000000
  132  1    6.081947    1.000000    0.000000   -1.000000    0.000000
  133  1    6.918604    1.000000    0.000000    1.000000    0.000000
  134  1    6.955207    1.000000    0.000000    1.000000    0.000000
  135  1    6.973729    1.000000    0.000000   -1.000000    0.000000
  136  1    7.039518    1.000000    0.000000   -1.000000    0.000000
  137  1    7.091907    1.000000    0.000000   -1.000000    0.000000
  138  1    7.144089    1.000000    0.000000   -1.000000    0.000000
  139  1    7.217925    1.000000    0.000000   -1.000000    0.000000
  140  1    7.231357    1.000000    0.000000   -1.000000    0.000000
  141  1    8.672367    1.000000    0.000000   -1.000000    0.000000
  142  1    8.801910    1.000000    0.000000   -1.000000    0.000000
  143  1    9.274871    1.000000    0.000000    1.000000    0.000000
  144  1    9.356229    1.000000    0.000000    1.000000    0.000000
  145  1    9.375804    1.000000    0.000000    1.000000    0.000000
  146  1    9.505440    1.000000    0.000000    1.000000    0.000000
  147  1    9.575713    1.000000    0.000000    1.000000    0.000000
  148  1    9.672263    1.000000    0.000000    1.000000    0.000000
  149  1    9.829412    1.000000    0.000000    1.000000    0.000000
  150  1   10.188493    1.000000    0.000000    1.000000    0.000000
  151  1   10.204299    1.000000    0.000000   -1.000000    0.000000
  152  1   10.219546    1.000000    0.000000   -1.000000    0.000000
  153  1   10.236717    1.000000    0.000000   -1.000000    0.000000
  154  1   10.644429    1.000000    0.000000   -1.000000    0.000000
  155  1   10.950104    1.000000    0.000000   -1.000000    0.000000
  156  1   11.156970    1.000000    0.000000   -1.000000    0.000000
  157  1   11.165488    1.000000    0.000000    1.000000    0.000000
  158  1   11.209127    1.000000    0.000000    1.000000    0.000000
  159  1   11.431332    1.000000    0.000000   -1.000000    0.000000
  160  1   11.525528    1.000000    0.000000   -1.000000    0.000000
  161  1   11.544417    1.000000    0.000000    1.000000    0.000000
  162  1   11.632477    1.000000    0.000000    1.000000    0.000000
  163  1   11.643086    1.000000    0.000000    1.000000    0.000000
  164  1   11.662331    1.000000    0.000000    1.000000    0.000000
  165  1   12.252661    1.000000    0.000000   -1.000000    0.000000
  166  1   12.292667    1.000000    0.000000   -1.000000    0.000000
  167  1   12.327762    1.000000    0.000000    0.999984    0.000000
  168  1   12.341351    1.000000    0.000000   -0.999995    0.000000
  169  1   12.456356    1.000000    0.000000   -0.999993    0.000000
  170  1   12.652007    1.000000    0.000000    0.999971    0.000000
  171  1   12.780901    1.000000    0.000000    0.999970    0.000000
  172  1   12.891052    1.000000    0.000000    0.999747    0.000000
  173  1   13.314941    1.000000    0.000000    0.992620    0.000000
  174  1   13.347045    1.000000    0.000000    0.897193    0.000000
  175  1   13.533693    1.000000    0.000000   -0.991078    0.000000
  176  1   13.807812    1.000000    0.000000   -0.977432    0.000000
  2
    1    2
    1  2  -46.008134    2.000000    0.000000    0.000000    0.000000
    3  2  -45.983552    2.000000    0.000000    2.000000    0.000000
    5  1  -45.598054    1.000000    0.000000    1.000000    0.000000
    6  1  -45.593278    1.000000    0.000000    1.000000    0.000000
    7  2  -45.546652    2.000000    0.000000    0.000000    0.000000
    9  2  -45.092706    2.000000    0.000000    0.000000    0.000000
   11  2  -45.062371    2.000000    0.000000    2.000000    0.000000
   13  2  -42.204030    2.000000    0.000000    0.000000    0.000000
   15  2  -42.197648    2.000000    0.000000    2.000000    0.000000
   17  1  -41.562892    1.000000    0.000000    1.000000    0.000000
   18  1  -41.556243    1.000000    0.000000    1.000000    0.000000
   19  2  -41.537725    2.000000    0.000000    0.000000    0.000000
   21  2  -41.386501    2.000000    0.000000    0.000000    0.000000
   23  2  -41.347593    2.000000    0.000000    2.000000    0.000000
   25  4  -37.796633    4.000000    0.000000    0.000000    0.000000
   29  4  -37.509968    4.000000    0.000000    0.000000    0.000000
   33  4  -37.508752    4.000000    0.000000    0.000000    0.000000
   37  1   -8.943951    1.000000    0.000000   -1.000000    0.000000
   38  1   -8.928061    1.000000    0.000000   -1.000000    0.000000
   39  1   -8.508509    1.000000    0.000000    1.000000    0.000000
   40  1   -8.476576    1.000000    0.000000    1.000000    0.000000
   41  1   -7.844018    1.000000    0.000000    1.000000    0.000000
   42  1   -7.802709    1.000000    0.000000    1.000000    0.000000
   43  1   -7.776210    1.000000    0.000000   -1.000000    0.000000
   44  1   -7.748319    1.000000    0.000000   -1.000000    0.000000
   45  1   -7.706387    1.000000    0.000000   -1.000000    0.000000
   46  1   -7.652089    1.000000    0.000000   -1.000000    0.000000
   47  1   -7.640735    1.000000    0.000000    1.000000    0.000000
   48  1   -7.589394    1.000000    0.000000    1.000000    0.000000
   49  1   -7.586394    1.000000    0.000000   -1.000000    0.000000
   50  2   -7.578352    2.000000    0.000000    0.000000    0.000000
   52  1   -7.574083    1.000000    0.000000    1.000000    0.000000
   53  1   -0.934914    1.000000    0.000000   -1.000000    0.000000
   54  1   -0.838170    1.000000    0.000000   -1.000000    0.000000
   55  1   -0.617194    1.000000    0.000000    1.000000    0.000000
   56  1   -0.542524    1.000000    0.000000   -1.000000    0.000000
   57  1   -0.468642    1.000000    0.000000   -1.000000    0.000000
   58  1   -0.465419    1.000000    0.000000   -1.000000    0.000000
   59  1   -0.439026    1.000000    0.000000    1.000000    0.000000
   60  1   -0.353395    1.000000    0.000000   -1.000000    0.000000
   61  1   -0.055789    1.000000    0.000000    1.000000    0.000000
   62  1   -0.025351    1.000000    0.000000    1.000000    0.000000
   63  1    0.098648    1.000000    0.000000   -1.000000    0.000000
   64  1    0.188968    1.000000    0.000000    1.000000    0.000000
   65  1    0.196488    1.000000    0.000000   -1.000000    0.000000
   66  1    0.239334    1.000000    0.000000    1.000000    0.000000
   67  1    0.350053    1.000000    0.000000   -1.000000    0.000000
   68  1    0.451085    1.000000    0.000000   -1.000000    0.000000
   69  1    0.506578    1.000000    0.000000   -1.000000    0.000000
   70  1    0.665918    1.000000    0.000000    1.000000    0.000000
   71  1    0.770372    1.000000    0.000000   -1.000000    0.000000
   72  1    0.850655    1.000000    0.000000   -1.000000    0.000000
   73  1    0.860623    1.000000    0.000000    1.000000    0.000000
   74  1    0.872640    1.000000    0.000000    1.000000    0.000000
   75  1    0.938001    1.000000    0.000000    1.000000    0.000000
   76  1    0.940921    1.000000    0.000000   -1.000000    0.000000
   77  1    1.028090    1.000000    0.000000   -1.000000    0.000000
   78  1    1.174724    1.000000    0.000000   -1.000000    0.000000
   79  1    1.450789    1.000000    0.000000    1.000000    0.000000
   80  1    1.459222    1.000000    0.000000    1.000000    0.000000
   81  1    1.479212    1.000000    0.000000   -1.000000    0.000000
   82  1    1.533291    1.000000    0.000000   -1.000000    0.000000
   83  1    1.578196    1.000000    0.000000    1.000000    0.000000
   84  1    1.580355    1.000000    0.000000   -1.000000    0.000000
   85  1    1.588103    1.000000    0.000000    1.000000    0.000000
   86  1    1.615153    1.000000    0.000000   -1.000000    0.000000
   87  1    1.638227    1.000000    0.000000    1.000000    0.000000
   88  1    1.731319    1.000000    0.000000    1.000000    0.000000
   89  1    1.773498    1.000000    0.000000   -1.000000    0.000000
   90  1    2.021255    1.000000    0.000000    1.000000    0.000000
   91  1    2.052591    1.000000    0.000000    1.000000    0.000000
   92  1    2.184013    1.000000    0.000000   -1.000000    0.000000
   93  1    2.362175    1.000000    0.000000   -1.000000    0.000000
   94  1    2.489246    1.000000    0.000000   -1.000000    0.000000
   95  1    2.495729    1.000000    0.000000   -1.000000    0.000000
   96  1    2.510003    1.000000    0.000000   -1.000000    0.000000
   97  1    2.581833    1.000000    0.000000    1.000000    0.000000
   98  1    2.614272    1.000000    0.000000    1.000000    0.000000
   99  1    2.664325    1.000000    0.000000   -1.000000    0.000000
  100  1    2.716889    1.000000    0.000000   -1.000000    0.000000
  101  1    2.723224    1.000000    0.000000   -1.000000    0.000000
  102  1    2.789726    1.000000    0.000000    1.000000    0.000000
  103  1    2.804861    1.000000    0.000000   -1.000000    0.000000
  104  1    2.923853    1.000000    0.000000    1.000000    0.000000
  105  1    2.929977    1.000000    0.000000    1.000000    0.000000
  106  1    2.977860    1.000000    0.000000   -1.000000    0.000000
  107  1    3.258047    1.000000    0.000000   -1.000000    0.000000
  108  1    3.335740    1.000000    0.000000   -1.000000    0.000000
  109  1    3.459240    1.000000    0.000000    1.000000    0.000000
  110  1    3.468703    1.000000    0.000000    1.000000    0.000000
  111  1    3.525524    1.000000    0.000000    1.000000    0.000000
  112  1    3.602680    1.000000    0.000000    1.000000    0.000000
  113  1    4.354052    1.000000    0.000000   -1.000000    0.000000
  114  1    4.392757    1.000000    0.000000   -1.000000    0.000000
  115  1    4.886008    1.000000    0.000000   -1.000000    0.000000
  116  1    4.911401    1.000000    0.000000    1.000000    0.000000
  117  1    5.178043    1.000000    0.000000   -1.000000    0.000000
  118  1    5.213889    1.000000    0.000000    1.000000    0.000000
  119  1    5.270067    1.000000    0.000000   -1.000000    0.000000
  120  1    5.343393    1.000000    0.000000   -1.000000    0.000000
  121  1    5.492873    1.000000    0.000000   -1.000000    0.000000
  122  1    5.540892    1.000000    0.000000    1.000000    0.000000
  123  1    5.693429    1.000000    0.000000   -1.000000    0.000000
  124  1    5.731633    1.000000    0.000000   -1.000000    0.000000
  125  1    5.808522    1.000000    0.000000    1.000000    0.000000
  126  1    5.838153    1.000000    0.000000   -1.000000    0.000000
  127  1    5.845758    1.000000    0.000000   -1.000000    0.000000
  128  1    5.942027    1.000000    0.000000    1.000000    0.000000
  129  1    5.957102    1.000000    0.000000   -1.000000    0.000000
  130  1    6.037997    1.000000    0.000000   -1.000000    0.000000
  131  1    6.076939    1.000000    0.000000   -1.000000    0.000000
  132  1    6.081939    1.000000    0.000000   -1.000000    0.000000
  133  1    6.918612    1.000000    0.000000    1.000000    0.000000
  134  1    6.955217    1.000000    0.000000    1.000000    0.000000
  135  1    6.973729    1.000000    0.000000   -1.000000    0.000000
  136  1    7.039507    1.000000    0.000000   -1.000000    0.000000
  137  1    7.091908    1.000000    0.000000   -1.000000    0.000000
  138  1    7.144080    1.000000    0.000000   -1.000000    0.000000
  139  1    7.217925    1.000000    0.000000   -1.000000    0.000000
  140  1    7.231357    1.000000    0.000000   -1.000000    0.000000
  141  1    8.672367    1.000000    0.000000   -1.000000    0.000000
  142  1    8.801910    1.000000    0.000000   -1.000000    0.000000
  143  1    9.274871    1.000000    0.000000    1.000000    0.000000
  144  1    9.356228    1.000000    0.000000    1.000000    0.000000
  145  1    9.375805    1.000000    0.000000    1.000000    0.000000
  146  1    9.505443    1.000000    0.000000    1.000000    0.000000
  147  1    9.575711    1.000000    0.000000    1.000000    0.000000
  148  1    9.672263    1.000000    0.000000    1.000000    0.000000
  149  1    9.829413    1.000000    0.000000    1.000000    0.000000
  150  1   10.188496    1.000000    0.000000    1.000000    0.000000
  151  1   10.204314    1.000000    0.000000   -1.000000    0.000000
  152  1   10.219542    1.000000    0.000000   -1.000000    0.000000
  153  1   10.236698    1.000000    0.000000   -1.000000    0.000000
  154  1   10.644436    1.000000    0.000000   -1.000000    0.000000
  155  1   10.950103    1.000000    0.000000   -1.000000    0.000000
  156  1   11.156968    1.000000    0.000000   -1.000000    0.000000
  157  1   11.165478    1.000000    0.000000    1.000000    0.000000
  158  1   11.209139    1.000000    0.000000    1.000000    0.000000
  159  1   11.431329    1.000000    0.000000   -1.000000    0.000000
  160  1   11.525531    1.000000    0.000000   -1.000000    0.000000
  161  1   11.544419    1.000000    0.000000    1.000000    0.000000
  162  1   11.632449    1.000000    0.000000    1.000000    0.000000
  163  1   11.643100    1.000000    0.000000    1.000000    0.000000
  164  1   11.662343    1.000000    0.000000    1.000000    0.000000
  165  1   12.252677    1.000000    0.000000   -0.999999    0.000000
  166  1   12.292655    1.000000    0.000000   -0.999999    0.000000
  167  1   12.327773    1.000000    0.000000    0.999978    0.000000
  168  1   12.341337    1.000000    0.000000   -0.999998    0.000000
  169  1   12.456343    1.000000    0.000000   -0.999999    0.000000
  170  1   12.652178    1.000000    0.000000    0.999820    0.000000
  171  1   12.780942    1.000000    0.000000    0.999911    0.000000
  172  1   12.890972    1.000000    0.000000    0.999818    0.000000
  173  1   13.324577    1.000000    0.000000    0.983463    0.000000
  174  1   13.335162    1.000000    0.000000    0.925787    0.000000
  175  1   13.558062    1.000000    0.000000   -0.980087    0.000000
  176  1   13.803248    1.000000    0.000000   -0.961775    0.000000
  2
    1    2
    1  1  -46.009173    1.000000    0.000000    1.000000    0.000000
    2  1  -46.007095    1.000000    0.000000    1.000000    0.000000
    3  2  -45.983558    2.000000    0.000000   -2.000000    0.000000
    5  1  -45.598057    1.000000    0.000000   -1.000000    0.000000
    6  1  -45.593283    1.000000    0.000000   -1.000000    0.000000
    7  2  -45.546893    2.000000    0.000000    2.000000    0.000000
    9  1  -45.093970    1.000000    0.000000    1.000000    0.000000
   10  1  -45.091429    1.000000    0.000000    1.000000    0.000000
   11  2  -45.062375    2.000000    0.000000   -2.000000    0.000000
   13  1  -42.204685    1.000000    0.000000    1.000000    0.000000
   14  1  -42.203385    1.000000    0.000000    1.000000    0.000000
   15  2  -42.197653    2.000000    0.000000   -2.000000    0.000000
   17  1  -41.562899    1.000000    0.000000   -1.000000    0.000000
   18  1  -41.556241    1.000000    0.000000   -1.000000    0.000000
   19  2  -41.538116    2.000000    0.000000    2.000000    0.000000
   21  1  -41.388972    1.000000    0.000000    1.000000    0.000000
   22  1  -41.384024    1.000000    0.000000    1.000000    0.000000
   23  2  -41.347601    2.000000    0.000000   -2.000000    0.000000
   25  4  -37.796615    4.000000    0.000000    0.000000    0.000000
   29  4  -37.509955    4.000000    0.000000    0.000000    0.000000
   33  4  -37.508727    4.000000    0.000000    0.000000    0.000000
   37  1   -8.659624    1.000000    0.000000   -1.000000    0.000000
   38  1   -8.655058    1.000000    0.000000    1.000000    0.000000
   39  1   -8.608321    1.000000    0.000000   -1.000000    0.000000
   40  1   -8.603080    1.000000    0.000000    1.000000    0.000000
   41  1   -7.888838    1.000000    0.000000    1.000000    0.000000
   42  1   -7.877841    1.000000    0.000000   -1.000000    0.000000
   43  1   -7.871725    1.000000    0.000000    1.000000    0.000000
   44  1   -7.859796    1.000000    0.000000   -1.000000    0.000000
   45  1   -7.793425    1.000000    0.000000    1.000000    0.000000
   46  1   -7.791865    1.000000    0.000000    1.000000    0.000000
   47  1   -7.789298    1.000000    0.000000   -1.000000    0.000000
   48  1   -7.785545    1.000000    0.000000   -1.000000    0.000000
   49  1   -7.532304    1.000000    0.000000   -1.000000    0.000000
   50  1   -7.520735    1.000000    0.000000    1.000000    0.000000
   51  1   -7.466539    1.000000    0.000000   -1.000000    0.000000
   52  1   -7.453860    1.000000    0.000000    1.000000    0.000000
   53  1   -0.550812    1.000000    0.000000   -1.000000    0.000000
   54  1   -0.546556    1.000000    0.000000    1.000000    0.000000
   55  1   -0.214627    1.000000    0.000000    1.000000    0.000000
   56  1   -0.210993    1.000000    0.000000   -1.000000    0.000000
   57  1   -0.182563    1.000000    0.000000   -1.000000    0.000000
   58  1   -0.177350    1.000000    0.000000    1.000000    0.000000
   59  1   -0.064965    1.000000    0.000000   -1.000000    0.000000
   60  1   -0.058920    1.000000    0.000000    1.000000    0.000000
   61  1    0.182769    1.000000    0.000000   -1.000000    0.000000
   62  1    0.183892    1.000000    0.000000    1.000000    0.000000
   63  1    0.300289    1.000000    0.000000   -1.000000    0.000000
   64  1    0.306658    1.000000    0.000000    1.000000    0.000000
   65  1    0.383025    1.000000    0.000000    1.000000    0.000000
   66  1    0.384942    1.000000    0.000000   -1.000000    0.000000
   67  1    0.446402    1.000000    0.000000    1.000000    0.000000
   68  1    0.453193    1.000000    0.000000   -1.000000    0.000000
   69  1    0.483957    1.000000    0.000000    1.000000    0.000000
   70  1    0.490770    1.000000    0.000000   -1.000000    0.000000
   71  1    0.638767    1.000000    0.000000   -1.000000    0.000000
   72  1    0.641954    1.000000    0.000000    1.000000    0.000000
   73  1    0.774947    1.000000    0.000000    1.000000    0.000000
   74  1    0.781606    1.000000    0.000000   -1.000000    0.000000
   75  1    0.818328    1.000000    0.000000    1.000000    0.000000
   76  1    0.825226    1.000000    0.000000   -1.000000    0.000000
   77  1    1.056842    1.000000    0.000000   -1.000000    0.000000
   78  1    1.059652    1.000000    0.000000    1.000000    0.000000
   79  1    1.117411    1.000000    0.000000    1.000000    0.000000
   80  1    1.124129    1.000000    0.000000   -1.000000    0.000000
   81  1    1.210159    1.000000    0.000000   -1.000000    0.000000
   82  1    1.215638    1.000000    0.000000    1.000000    0.000000
   83  1    1.271804    1.000000    0.000000   -1.000000    0.000000
   84  1    1.278607    1.000000    0.000000    1.000000    0.000000
   85  1    1.493796    1.000000    0.000000   -1.000000    0.000000
   86  1    1.494904    1.000000    0.000000    1.000000    0.000000
   87  1    1.629427    1.000000    0.000000    1.000000    0.000000
   88  1    1.636345    1.000000    0.000000   -1.000000    0.000000
   89  1    1.743210    1.000000    0.000000   -1.000000    0.000000
   90  1    1.748344    1.000000    0.000000    1.000000    0.000000
   91  1    2.211817    1.000000    0.000000   -1.000000    0.000000
   92  1    2.221749    1.000000    0.000000    1.000000    0.000000
   93  1    2.276435    1.000000    0.000000   -1.000000    0.000000
   94  1    2.289949    1.000000    0.000000    1.000000    0.000000
   95  1    2.336166    1.000000    0.000000   -1.000000    0.000000
   96  1    2.343138    1.000000    0.000000    1.000000    0.000000
   97  1    2.496870    1.000000    0.000000   -1.000000    0.000000
   98  1    2.504968    1.000000    0.000000    1.000000    0.000000
   99  1    2.583921    1.000000    0.000000    1.000000    0.000000
  100  1    2.591865    1.000000    0.000000   -1.000000    0.000000
  101  1    2.760548    1.000000    0.000000   -1.000000    0.000000
  102  2    2.765254    2.000000    0.000000    2.000000    0.000000
  104  1    2.769726    1.000000    0.000000   -1.000000    0.000000
  105  1    3.054933    1.000000    0.000000   -1.000000    0.000000
  106  1    3.056205    1.000000    0.000000    1.000000    0.000000
  107  1    3.094010    1.000000    0.000000    1.000000    0.000000
  108  1    3.101920    1.000000    0.000000   -1.000000    0.000000
  109  1    3.413973    1.000000    0.000000    1.000000    0.000000
  110  1    3.424278    1.000000    0.000000   -1.000000    0.000000
  111  1    3.576228    1.000000    0.000000    1.000000    0.000000
  112  1    3.581860    1.000000    0.000000   -1.000000    0.000000
  113  1    4.342265    1.000000    0.000000    1.000000    0.000000
  114  1    4.344158    1.000000    0.000000   -1.000000    0.000000
  115  2    4.470817    2.000000    0.000000    0.000000    0.000000
  117  1    5.165031    1.000000    0.000000   -1.000000    0.000000
  118  1    5.171909    1.000000    0.000000    1.000000    0.000000
  119  1    5.344838    1.000000    0.000000   -1.000000    0.000000
  120  1    5.356911    1.000000    0.000000    1.000000    0.000000
  121  1    5.415196    1.000000    0.000000   -1.000000    0.000000
  122  1    5.424987    1.000000    0.000000    1.000000    0.000000
  123  2    5.721875    2.000000    0.000000    0.000000    0.000000
  125  1    5.817230    1.000000    0.000000   -1.000000    0.000000
  126  1    5.831478    1.000000    0.000000    1.000000    0.000000
  127  1    5.859070    1.000000    0.000000   -1.000000    0.000000
  128  1    5.887412    1.000000    0.000000    1.000000    0.000000
  129  1    5.890115    1.000000    0.000000    1.000000    0.000000
  130  1    5.915828    1.000000    0.000000   -1.000000    0.000000
  131  1    6.130120    1.000000    0.000000    1.000000    0.000000
  132  1    6.132232    1.000000    0.000000   -1.000000    0.000000
  133  2    6.299916    2.000000    0.000000    0.000000    0.000000
  135  1    6.469146    1.000000    0.000000   -1.000000    0.000000
  136  1    6.477633    1.000000    0.000000    1.000000    0.000000
  137  1    7.215898    1.000000    0.000000   -1.000000    0.000000
  138  1    7.232130    1.000000    0.000000    1.000000    0.000000
  139  1    7.333737    1.000000    0.000000   -1.000000    0.000000
  140  1    7.352514    1.000000    0.000000    1.000000    0.000000
  141  1   10.049196    1.000000    0.000000   -1.000000    0.000000
  142  1   10.050766    1.000000    0.000000    1.000000    0.000000
  143  1   10.157685    1.000000    0.000000    1.000000    0.000000
  144  1   10.162504    1.000000    0.000000   -1.000000    0.000000
  145  1   10.346077    1.000000    0.000000    1.000000    0.000000
  146  1   10.348988    1.000000    0.000000   -1.000000    0.000000
  147  2   10.604491    2.000000    0.000000    0.000000    0.000000
  149  1   10.628396    1.000000    0.000000   -1.000000    0.000000
  150  1   10.630498    1.000000    0.000000    1.000000    0.000000
  151  1   10.886319    1.000000    0.000000    1.000000    0.000000
  152  1   10.888755    1.000000    0.000000   -1.000000    0.000000
  153  2   11.098319    2.000000    0.000000    0.000000    0.000000
  155  1   11.106903    1.000000    0.000000    1.000000    0.000000
  156  1   11.110934    1.000000    0.000000   -1.000000    0.000000
  157  1   11.356526    1.000000    0.000000   -1.000000    0.000000
  158  1   11.358524    1.000000    0.000000    1.000000    0.000000
  159  2   11.870606    2.000000    0.000000    0.000001    0.000000
  161  1   11.927942    1.000000    0.000000   -0.999992    0.000000
  162  1   11.932939    1.000000    0.000000    0.999997    0.000000
  163  1   12.043690    1.000000    0.000000   -0.999992    0.000000
  164  1   12.047718    1.000000    0.000000    0.999981    0.000000
  165  1   12.664067    1.000000    0.000000   -0.209765    0.000000
  166  1   12.666310    1.000000    0.000000    0.208683    0.000000
  167  1   12.715066    1.000000    0.000000    0.800500    0.000000
  168  1   12.717054    1.000000    0.000000   -0.799372    0.000000
  169  1   12.863635    1.000000    0.000000   -0.230157    0.000000
  170  1   12.878271    1.000000    0.000000    0.219101    0.000000
  171  1   12.996297    1.000000    0.000000    0.912002    0.000000
  172  1   13.010171    1.000000    0.000000   -0.877198    0.000000
  173  1   13.174458    1.000000    0.000000    0.523188    0.000000
  174  1   13.193503    1.000000    0.000000   -0.247269    0.000000
  175  1   13.258374    1.000000    0.000000   -0.448669    0.000000
  176  1   13.361582    1.000000    0.000000    0.103145    0.000000
