  106  168
  1
  4
  1  0  0  0  1  0  0  0  1    0.000000    0.000000    0.000000    1.000000    0.000000    0.000000    0.000000    0.000000    0.000000    1.000000    0.000000  1
 -1  0  0  0 -1  0  0  0 -1    0.000000    0.000000    0.000000    1.000000    0.000000    0.000000    0.000000    0.000000    0.000000    1.000000    0.000000  1
  0 -1  0 -1  0  0  0  0 -1    0.000000    0.000000    0.000000    0.000000   -0.707107    0.707107    0.000000   -0.707107    0.000000    0.000000    0.707107 -1
  0  1  0  1  0  0  0  0  1    0.000000    0.000000    0.000000    0.000000   -0.707107    0.707107    0.000000   -0.707107    0.000000    0.000000    0.707107 -1
  8
    0.000000    0.000000    0.000000
    0.000000    0.000000    0.500000
    0.000000    0.500000    0.500000
    0.500000    0.000000    0.500000
    0.500000    0.500000    0.500000
    0.000000    0.500000    0.000000
    0.500000    0.000000    0.000000
    0.500000    0.500000    0.000000
  2
    1    2
    1  1  -45.244767    1.000000    0.000000   -1.000000    0.000000
    2  1  -45.239534    1.000000    0.000000   -1.000000    0.000000
    3  1  -45.160860    1.000000    0.000000   -1.000000    0.000000
    4  1  -45.159191    1.000000    0.000000   -1.000000    0.000000
    5  1  -44.859839    1.000000    0.000000   -1.000000    0.000000
    6  1  -44.851265    1.000000    0.000000   -1.000000    0.000000
    7  2  -44.685361    2.000000    0.000000   -2.000000    0.000000
    9  1  -44.250763    1.000000    0.000000   -1.000000    0.000000
   10  1  -44.246043    1.000000    0.000000   -1.000000    0.000000
   11  1  -44.150754    1.000000    0.000000   -1.000000    0.000000
   12  1  -44.149566    1.000000    0.000000   -1.000000    0.000000
   13  1  -42.261750    1.000000    0.000000   -1.000000    0.000000
   14  1  -42.259113    1.000000    0.000000   -1.000000    0.000000
   15  1  -42.253498    1.000000    0.000000   -1.000000    0.000000
   16  1  -42.250659    1.000000    0.000000   -1.000000    0.000000
   17  1  -41.898986    1.000000    0.000000   -1.000000    0.000000
   18  1  -41.886418    1.000000    0.000000   -1.000000    0.000000
   19  1  -41.861583    1.000000    0.000000   -1.000000    0.000000
   20  1  -41.860344    1.000000    0.000000   -1.000000    0.000000
   21  1  -41.581625    1.000000    0.000000   -1.000000    0.000000
   22  1  -41.576319    1.000000    0.000000   -1.000000    0.000000
   23  2  -41.560219    2.000000    0.000000   -2.000000    0.000000
   25  2  -40.011583    2.000000    0.000000    0.000000    0.000000
   27  2  -40.000905    2.000000    0.000000    0.000000    0.000000
   29  1   -9.266454    1.000000    0.000000    1.000000    0.000000
   30  1   -9.233371    1.000000    0.000000    1.000000    0.000000
   31  1   -7.756041    1.000000    0.000000   -1.000000    0.000000
   32  1   -7.741412    1.000000    0.000000   -1.000000    0.000000
   33  3   -7.332670    3.000000    0.000000   -3.000000    0.000000
   36  2   -7.298173    2.000000    0.000000   -2.000000    0.000000
   38  1   -7.297135    1.000000    0.000000   -1.000000    0.000000
   39  3   -7.244244    3.000000    0.000000    3.000000    0.000000
   42  3   -7.232967    3.000000    0.000000    3.000000    0.000000
   45  1   -1.137090    1.000000    0.000000    1.000000    0.000000
   46  1   -0.955353    1.000000    0.000000    1.000000    0.000000
   47  1   -0.953645    1.000000    0.000000    1.000000    0.000000
   48  1   -0.952211    1.000000    0.000000    1.000000    0.000000
   49  1   -0.756539    1.000000    0.000000    1.000000    0.000000
   50  2   -0.693929    2.000000    0.000000    2.000000    0.000000
   52  1   -0.692296    1.000000    0.000000    1.000000    0.000000
   53  2    0.215652    2.000000    0.000000   -2.000000    0.000000
   55  3    0.254605    3.000000    0.000000   -3.000000    0.000000
   58  1    0.334573    1.000000    0.000000   -1.000000    0.000000
   59  2    0.649193    2.000000    0.000000    2.000000    0.000000
   61  1    1.321578    1.000000    0.000000    1.000000    0.000000
   62  1    1.324135    1.000000    0.000000    1.000000    0.000000
   63  1    1.327177    1.000000    0.000000    1.000000    0.000000
   64  2    1.587414    2.000000    0.000000    2.000000    0.000000
   66  1    1.747346    1.000000    0.000000    1.000000    0.000000
   67  1    1.751022    1.000000    0.000000    1.000000    0.000000
   68  1    1.754413    1.000000    0.000000    1.000000    0.000000
   69  1    2.172951    1.000000    0.000000    1.000000    0.000000
   70  1    2.179605    1.000000    0.000000    1.000000    0.000000
   71  1    2.185970    1.000000    0.000000    1.000000    0.000000
   72  1    2.455993    1.000000    0.000000   -1.000000    0.000000
   73  1    2.465202    1.000000    0.000000   -1.000000    0.000000
   74  1    2.476845    1.000000    0.000000   -1.000000    0.000000
   75  1    2.505527    1.000000    0.000000   -1.000000    0.000000
   76  1    2.533872    1.000000    0.000000   -1.000000    0.000000
   77  1    2.545753    1.000000    0.000000   -1.000000    0.000000
   78  1    2.618634    1.000000    0.000000    1.000000    0.000000
   79  1    2.625026    1.000000    0.000000    1.000000    0.000000
   80  1    2.632469    1.000000    0.000000    1.000000    0.000000
   81  2    2.643774    2.000000    0.000000    2.000000    0.000000
   83  1    3.028255    1.000000    0.000000    1.000000    0.000000
   84  1    3.048035    1.000000    0.000000    1.000000    0.000000
   85  2    3.058034    2.000000    0.000000   -2.000000    0.000000
   87  1    3.067009    1.000000    0.000000    1.000000    0.000000
   88  4    3.113706    4.000000    0.000000   -4.000000    0.000000
   92  1    3.219452    1.000000    0.000000    1.000000    0.000000
   93  1    3.220732    1.000000    0.000000    1.000000    0.000000
   94  1    3.227720    1.000000    0.000000    1.000000    0.000000
   95  1    3.382375    1.000000    0.000000    1.000000    0.000000
   96  1    3.497352    1.000000    0.000000    1.000000    0.000000
   97  1    3.509280    1.000000    0.000000    1.000000    0.000000
   98  1    3.522912    1.000000    0.000000    1.000000    0.000000
   99  1    4.583917    1.000000    0.000000   -1.000000    0.000000
  100  1    4.593907    1.000000    0.000000   -1.000000    0.000000
  101  2    4.655945    2.000000    0.000000    2.000000    0.000000
  103  1    4.686227    1.000000    0.000000   -1.000000    0.000000
  104  1    4.699277    1.000000    0.000000   -1.000000    0.000000
  105  1    4.709879    1.000000    0.000000   -1.000000    0.000000
  106  1    4.718720    1.000000    0.000000   -1.000000    0.000000
  107  1    5.365040    1.000000    0.000000    1.000000    0.000000
  108  1    5.391982    1.000000    0.000000    1.000000    0.000000
  109  1    5.398281    1.000000    0.000000    1.000000    0.000000
  110  1    5.402560    1.000000    0.000000    1.000000    0.000000
  111  1    5.896236    1.000000    0.000000    1.000000    0.000000
  112  1    5.898573    1.000000    0.000000    1.000000    0.000000
  113  1    5.902100    1.000000    0.000000    1.000000    0.000000
  114  1    5.948896    1.000000    0.000000    1.000000    0.000000
  115  1    5.957014    1.000000    0.000000    1.000000    0.000000
  116  1    5.964183    1.000000    0.000000    1.000000    0.000000
  117  1    6.707367    1.000000    0.000000    1.000000    0.000000
  118  1    6.711053    1.000000    0.000000    1.000000    0.000000
  119  1    6.714580    1.000000    0.000000    1.000000    0.000000
  120  2    6.925590    2.000000    0.000000    2.000000    0.000000
  122  1    6.972800    1.000000    0.000000    1.000000    0.000000
  123  1    6.978542    1.000000    0.000000    1.000000    0.000000
  124  1    6.984439    1.000000    0.000000    1.000000    0.000000
  125  3    7.996370    3.000000    0.000000    3.000000    0.000000
  128  1    8.024946    1.000000    0.000000    1.000000    0.000000
  129  1    8.027685    1.000000    0.000000    1.000000    0.000000
  130  1    8.030508    1.000000    0.000000    1.000000    0.000000
  131  2    8.034047    2.000000    0.000000    2.000000    0.000000
  133  1    9.231204    1.000000    0.000000    1.000000    0.000000
  134  1    9.232350    1.000000    0.000000    1.000000    0.000000
  135  1    9.233522    1.000000    0.000000    1.000000    0.000000
  136  1    9.556368    1.000000    0.000000    1.000000    0.000000
  137  1    9.558213    1.000000    0.000000    1.000000    0.000000
  138  1    9.559902    1.000000    0.000000    1.000000    0.000000
  139  1   10.695424    1.000000    0.000000   -1.000000    0.000000
  140  1   10.699460    1.000000    0.000000   -1.000000    0.000000
  141  1   10.703740    1.000000    0.000000   -1.000000    0.000000
  142  1   10.816910    1.000000    0.000000   -1.000000    0.000000
  143  1   10.820275    1.000000    0.000000   -1.000000    0.000000
  144  1   10.823462    1.000000    0.000000   -1.000000    0.000000
  145  1   10.916985    1.000000    0.000000    1.000000    0.000000
  146  1   11.119619    1.000000    0.000000    1.000000    0.000000
  147  1   11.374594    1.000000    0.000000   -1.000000    0.000000
  148  1   11.432303    1.000000    0.000000   -1.000000    0.000000
  149  1   11.967979    1.000000    0.000000    1.000000    0.000000
  150  2   12.125482    2.000000    0.000000    2.000000    0.000000
  152  1   12.502321    1.000000    0.000000   -1.000000    0.000000
  153  1   12.514376    1.000000    0.000000   -1.000000    0.000000
  154  1   12.527913    1.000000    0.000000   -1.000000    0.000000
  155  1   12.627957    1.000000    0.000000    0.999999    0.000000
  156  2   12.662521    2.000000    0.000000    2.000000    0.000000
  158  1   12.718012    1.000000    0.000000   -1.000000    0.000000
  159  1   12.728958    1.000000    0.000000   -1.000000    0.000000
  160  1   12.738988    1.000000    0.000000   -1.000000    0.000000
  161  1   13.427021    1.000000    0.000000   -0.999966    0.000000
  162  1   13.428070    1.000000    0.000000   -0.999928    0.000000
  163  1   13.519778    1.000000    0.000000   -0.999977    0.000000
  164  1   13.522142    1.000000    0.000000   -0.999814    0.000000
  165  1   13.655241    1.000000    0.000000   -0.999927    0.000000
  166  1   13.671703    1.000000    0.000000   -0.999695    0.000000
  167  1   13.693283    1.000000    0.000000   -0.999398    0.000000
  168  1   13.849981    1.000000    0.000000   -0.999754    0.000000
  2
    1    2
    1  1  -45.244712    1.000000    0.000000   -1.000000    0.000000
    2  1  -45.239433    1.000000    0.000000   -1.000000    0.000000
    3  2  -45.160151    2.000000    0.000000    0.000000    0.000000
    5  2  -44.855569    2.000000    0.000000    0.000000    0.000000
    7  2  -44.685378    2.000000    0.000000   -2.000000    0.000000
    9  1  -44.250766    1.000000    0.000000   -1.000000    0.000000
   10  1  -44.246034    1.000000    0.000000   -1.000000    0.000000
   11  2  -44.150222    2.000000    0.000000    0.000000    0.000000
   13  1  -42.261661    1.000000    0.000000   -1.000000    0.000000
   14  1  -42.257923    1.000000    0.000000   -1.000000    0.000000
   15  1  -42.253688    1.000000    0.000000    1.000000    0.000000
   16  1  -42.251695    1.000000    0.000000   -1.000000    0.000000
   17  2  -41.892683    2.000000    0.000000    0.000000    0.000000
   19  1  -41.861755    1.000000    0.000000   -1.000000    0.000000
   20  1  -41.860346    1.000000    0.000000   -1.000000    0.000000
   21  1  -41.581648    1.000000    0.000000   -1.000000    0.000000
   22  1  -41.575855    1.000000    0.000000   -1.000000    0.000000
   23  2  -41.560556    2.000000    0.000000    0.000000    0.000000
   25  2  -40.011624    2.000000    0.000000    0.000000    0.000000
   27  2  -40.000945    2.000000    0.000000    0.000000    0.000000
   29  1   -8.885740    1.000000    0.000000    1.000000    0.000000
   30  1   -8.857007    1.000000    0.000000    1.000000    0.000000
   31  1   -8.271459    1.000000    0.000000   -1.000000    0.000000
   32  1   -8.265672    1.000000    0.000000   -1.000000    0.000000
   33  1   -7.480716    1.000000    0.000000   -1.000000    0.000000
   34  1   -7.452429    1.000000    0.000000   -1.000000    0.000000
   35  1   -7.367414    1.000000    0.000000    1.000000    0.000000
   36  1   -7.365520    1.000000    0.000000    1.000000    0.000000
   37  1   -7.363691    1.000000    0.000000    1.000000    0.000000
   38  1   -7.361882    1.000000    0.000000    1.000000    0.000000
   39  1   -7.223246    1.000000    0.000000   -1.000000    0.000000
   40  1   -7.219740    1.000000    0.000000   -1.000000    0.000000
   41  1   -7.200977    1.000000    0.000000   -1.000000    0.000000
   42  1   -7.197534    1.000000    0.000000   -1.000000    0.000000
   43  1   -7.164929    1.000000    0.000000    1.000000    0.000000
   44  1   -7.162919    1.000000    0.000000    1.000000    0.000000
   45  1   -0.594625    1.000000    0.000000    1.000000    0.000000
   46  1   -0.384562    1.000000    0.000000    1.000000    0.000000
   47  1   -0.383467    1.000000    0.000000    1.000000    0.000000
   48  1   -0.224709    1.000000    0.000000    1.000000    0.000000
   49  1   -0.107627    1.000000    0.000000    1.000000    0.000000
   50  1   -0.106058    1.000000    0.000000    1.000000    0.000000
   51  1    0.121948    1.000000    0.000000   -1.000000    0.000000
   52  1    0.173726    1.000000    0.000000   -1.000000    0.000000
   53  1    0.180596    1.000000    0.000000   -1.000000    0.000000
   54  1    0.371150    1.000000    0.000000   -1.000000    0.000000
   55  1    0.415444    1.000000    0.000000   -1.000000    0.000000
   56  1    0.424085    1.000000    0.000000   -1.000000    0.000000
   57  1    0.449539    1.000000    0.000000    1.000000    0.000000
   58  1    0.528447    1.000000    0.000000    1.000000    0.000000
   59  1    0.529782    1.000000    0.000000    1.000000    0.000000
   60  1    0.936833    1.000000    0.000000    1.000000    0.000000
   61  1    1.075799    1.000000    0.000000   -1.000000    0.000000
   62  1    1.193864    1.000000    0.000000    1.000000    0.000000
   63  1    1.201863    1.000000    0.000000    1.000000    0.000000
   64  1    1.226497    1.000000    0.000000    1.000000    0.000000
   65  1    1.279863    1.000000    0.000000   -1.000000    0.000000
   66  1    1.290097    1.000000    0.000000    1.000000    0.000000
   67  1    1.294400    1.000000    0.000000    1.000000    0.000000
   68  1    1.328195    1.000000    0.000000   -1.000000    0.000000
   69  1    1.344855    1.000000    0.000000   -1.000000    0.000000
   70  1    1.817382    1.000000    0.000000    1.000000    0.000000
   71  1    1.824560    1.000000    0.000000   -1.000000    0.000000
   72  1    1.833710    1.000000    0.000000   -1.000000    0.000000
   73  1    2.007222    1.000000    0.000000    1.000000    0.000000
   74  1    2.053332    1.000000    0.000000    1.000000    0.000000
   75  1    2.057361    1.000000    0.000000    1.000000    0.000000
   76  1    2.209100    1.000000    0.000000   -1.000000    0.000000
   77  1    2.227081    1.000000    0.000000   -1.000000    0.000000
   78  1    2.301268    1.000000    0.000000    1.000000    0.000000
   79  2    2.304833    2.000000    0.000000    0.000000    0.000000
   81  1    2.360123    1.000000    0.000000    1.000000    0.000000
   82  1    2.518717    1.000000    0.000000   -1.000000    0.000000
   83  1    2.546065    1.000000    0.000000   -1.000000    0.000000
   84  1    2.555103    1.000000    0.000000   -1.000000    0.000000
   85  1    2.981918    1.000000    0.000000    1.000000    0.000000
   86  1    2.989503    1.000000    0.000000    1.000000    0.000000
   87  1    3.219519    1.000000    0.000000    1.000000    0.000000
   88  1    3.235092    1.000000    0.000000    1.000000    0.000000
   89  1    3.249259    1.000000    0.000000    1.000000    0.000000
   90  1    3.333965    1.000000    0.000000    1.000000    0.000000
   91  1    3.362673    1.000000    0.000000    1.000000    0.000000
   92  1    3.411076    1.000000    0.000000   -1.000000    0.000000
   93  1    3.424275    1.000000    0.000000   -1.000000    0.000000
   94  1    3.567907    1.000000    0.000000   -1.000000    0.000000
   95  1    3.579545    1.000000    0.000000    1.000000    0.000000
   96  1    3.599155    1.000000    0.000000   -1.000000    0.000000
   97  1    3.629833    1.000000    0.000000   -1.000000    0.000000
   98  1    3.987309    1.000000    0.000000    1.000000    0.000000
   99  1    4.046503    1.000000    0.000000    1.000000    0.000000
  100  1    4.062613    1.000000    0.000000    1.000000    0.000000
  101  1    4.150547    1.000000    0.000000   -1.000000    0.000000
  102  1    4.191589    1.000000    0.000000   -1.000000    0.000000
  103  1    4.280284    1.000000    0.000000   -1.000000    0.000000
  104  1    4.318744    1.000000    0.000000   -1.000000    0.000000
  105  1    5.162393    1.000000    0.000000    1.000000    0.000000
  106  1    5.168016    1.000000    0.000000    1.000000    0.000000
  107  1    5.586967    1.000000    0.000000    1.000000    0.000000
  108  1    5.706723    1.000000    0.000000    1.000000    0.000000
  109  1    5.748848    1.000000    0.000000    1.000000    0.000000
  110  1    5.752016    1.000000    0.000000   -1.000000    0.000000
  111  1    5.883615    1.000000    0.000000    1.000000    0.000000
  112  1    5.943805    1.000000    0.000000   -1.000000    0.000000
  113  1    5.968387    1.000000    0.000000    1.000000    0.000000
  114  1    5.969827    1.000000    0.000000   -1.000000    0.000000
  115  1    5.974933    1.000000    0.000000    1.000000    0.000000
  116  1    6.068364    1.000000    0.000000    1.000000    0.000000
  117  1    6.071710    1.000000    0.000000    1.000000    0.000000
  118  1    6.145594    1.000000    0.000000    1.000000    0.000000
  119  1    6.203153    1.000000    0.000000   -1.000000    0.000000
  120  1    6.209862    1.000000    0.000000    1.000000    0.000000
  121  1    6.213873    1.000000    0.000000   -1.000000    0.000000
  122  1    6.482589    1.000000    0.000000    1.000000    0.000000
  123  1    6.829710    1.000000    0.000000    1.000000    0.000000
  124  1    6.845505    1.000000    0.000000    1.000000    0.000000
  125  1    7.313621    1.000000    0.000000   -1.000000    0.000000
  126  1    7.314831    1.000000    0.000000   -1.000000    0.000000
  127  1    7.421529    1.000000    0.000000    1.000000    0.000000
  128  1    7.431279    1.000000    0.000000    1.000000    0.000000
  129  1    7.528392    1.000000    0.000000    1.000000    0.000000
  130  1    7.537806    1.000000    0.000000    1.000000    0.000000
  131  2    7.863747    2.000000    0.000000    2.000000    0.000000
  133  1   10.345975    1.000000    0.000000    1.000000    0.000000
  134  1   10.630407    1.000000    0.000000    1.000000    0.000000
  135  2   10.803427    2.000000    0.000000   -2.000000    0.000000
  137  1   10.859428    1.000000    0.000000   -1.000000    0.000000
  138  1   10.952908    1.000000    0.000000   -1.000000    0.000000
  139  1   10.954717    1.000000    0.000000   -1.000000    0.000000
  140  1   11.093770    1.000000    0.000000   -1.000000    0.000000
  141  1   11.303915    1.000000    0.000000    1.000000    0.000000
  142  1   11.309487    1.000000    0.000000    1.000000    0.000000
  143  1   11.623155    1.000000    0.000000   -1.000000    0.000000
  144  1   11.797263    1.000000    0.000000    1.000000    0.000000
  145  1   11.804439    1.000000    0.000000    1.000000    0.000000
  146  1   11.878210    1.000000    0.000000   -1.000000    0.000000
  147  1   12.216958    1.000000    0.000000    1.000000    0.000000
  148  1   12.651707    1.000000    0.000000    1.000000    0.000000
  149  1   12.661657    1.000000    0.000000   -1.000000    0.000000
  150  1   12.674255    1.000000    0.000000   -1.000000    0.000000
  151  1   12.753299    1.000000    0.000000   -1.000000    0.000000
  152  1   12.763211    1.000000    0.000000   -1.000000    0.000000
  153  1   13.321954    1.000000    0.000000   -0.999998    0.000000
  154  1   13.462165    1.000000    0.000000   -0.999984    0.000000
  155  1   13.485956    1.000000    0.000000    1.000000    0.000000
  156  1   13.488073    1.000000    0.000000    1.000000    0.000000
  157  1   13.750710    1.000000    0.000000    1.000000    0.000000
  158  1   13.752187    1.000000    0.000000    0.999999    0.000000
  159  1   14.020309    1.000000    0.000000    0.998655    0.000000
  160  1   14.029160    1.000000    0.000000   -0.998523    0.000000
  161  1   14.226356    1.000000    0.000000    0.997453    0.000000
  162  1   14.244158    1.000000    0.000000   -0.997090    0.000000
  163  1   14.280828    1.000000    0.000000   -0.999693    0.000000
  164  1   14.299340    1.000000    0.000000   -0.998926    0.000000
  165  1   14.532462    1.000000    0.000000   -0.999412    0.000000
  166  1   14.550287    1.000000    0.000000   -0.999309    0.000000
  167  1   15.035103    1.000000    0.000000    0.991661    0.000000
  168  1   15.048920    1.000000    0.000000    0.989995    0.000000
  2
    1    2
    1  2  -45.242068    2.000000    0.000000    0.000000    0.000000
    3  2  -45.160089    2.000000    0.000000    0.000000    0.000000
    5  2  -44.855568    2.000000    0.000000    0.000000    0.000000
    7  2  -44.684910    2.000000    0.000000    0.000000    0.000000
    9  2  -44.248415    2.000000    0.000000    0.000000    0.000000
   11  2  -44.150193    2.000000    0.000000    0.000000    0.000000
   13  2  -42.259502    2.000000    0.000000    0.000000    0.000000
   15  2  -42.252960    2.000000    0.000000    0.000000    0.000000
   17  2  -41.892626    2.000000    0.000000    0.000000    0.000000
   19  2  -41.861051    2.000000    0.000000    0.000000    0.000000
   21  2  -41.578730    2.000000    0.000000    0.000000    0.000000
   23  2  -41.560322    2.000000    0.000000    0.000000    0.000000
   25  2  -40.011596    2.000000    0.000000   -0.000001    0.000000
   27  2  -40.000917    2.000000    0.000000   -0.000000    0.000000
   29  2   -8.553766    2.000000    0.000000    0.000000    0.000000
   31  2   -8.533407    2.000000    0.000000    0.000000    0.000000
   33  2   -7.510003    2.000000    0.000000    0.000000    0.000000
   35  2   -7.495522    2.000000    0.000000    0.000000    0.000000
   37  2   -7.389114    2.000000    0.000000    0.000000    0.000000
   39  2   -7.371654    2.000000    0.000000    0.000000    0.000000
   41  2   -7.081855    2.000000    0.000000    0.000000    0.000000
   43  2   -7.074808    2.000000    0.000000    0.000000    0.000000
   45  2   -0.218705    2.000000    0.000000    0.000000    0.000000
   47  2    0.102901    2.000000    0.000000    0.000000    0.000000
   49  2    0.160633    2.000000    0.000000    0.000000    0.000000
   51  2    0.175150    2.000000    0.000000    0.000000    0.000000
   53  2    0.383702    2.000000    0.000000    0.000000    0.000000
   55  2    0.588670    2.000000    0.000000    0.000000    0.000000
   57  2    0.633468    2.000000    0.000000    0.000000    0.000000
   59  2    0.905725    2.000000    0.000000    0.000000    0.000000
   61  2    1.013048    2.000000    0.000000    0.000000    0.000000
   63  2    1.064482    2.000000    0.000000    0.000000    0.000000
   65  2    1.142097    2.000000    0.000000    0.000000    0.000000
   67  2    1.233416    2.000000    0.000000    0.000000    0.000000
   69  2    1.457678    2.000000    0.000000    0.000000    0.000000
   71  2    1.572920    2.000000    0.000000    0.000000    0.000000
   73  2    1.653603    2.000000    0.000000    0.000000    0.000000
   75  2    1.914974    2.000000    0.000000    0.000000    0.000000
   77  2    2.185013    2.000000    0.000000    0.000000    0.000000
   79  2    2.362513    2.000000    0.000000    0.000000    0.000000
   81  2    2.443340    2.000000    0.000000    0.000000    0.000000
   83  2    2.612290    2.000000    0.000000    0.000000    0.000000
   85  2    2.723156    2.000000    0.000000    0.000000    0.000000
   87  2    3.160246    2.000000    0.000000    0.000000    0.000000
   89  2    3.261678    2.000000    0.000000    0.000000    0.000000
   91  2    3.321414    2.000000    0.000000    0.000000    0.000000
   93  2    3.459342    2.000000    0.000000    0.000000    0.000000
   95  2    3.607092    2.000000    0.000000    0.000000    0.000000
   97  2    3.751023    2.000000    0.000000    0.000000    0.000000
   99  2    4.018012    2.000000    0.000000    0.000000    0.000000
  101  2    4.273309    2.000000    0.000000    0.000000    0.000000
  103  2    4.355487    2.000000    0.000000    0.000000    0.000000
  105  2    5.229621    2.000000    0.000000    0.000000    0.000000
  107  2    5.502430    2.000000    0.000000    0.000000    0.000000
  109  2    5.515955    2.000000    0.000000    0.000000    0.000000
  111  2    5.739363    2.000000    0.000000    0.000000    0.000000
  113  2    5.807746    2.000000    0.000000    0.000000    0.000000
  115  2    5.975133    2.000000    0.000000    0.000000    0.000000
  117  2    6.096491    2.000000    0.000000    0.000000    0.000000
  119  2    6.376267    2.000000    0.000000    0.000000    0.000000
  121  2    6.614747    2.000000    0.000000    0.000000    0.000000
  123  2    6.750160    2.000000    0.000000    0.000000    0.000000
  125  2    6.762930    2.000000    0.000000    0.000000    0.000000
  127  2    6.854475    2.000000    0.000000    0.000000    0.000000
  129  2    7.753263    2.000000    0.000000    0.000000    0.000000
  131  2    7.806069    2.000000    0.000000    0.000000    0.000000
  133  2   11.628629    2.000000    0.000000    0.000000    0.000000
  135  2   11.717320    2.000000    0.000000    0.000000    0.000000
  137  2   11.772831    2.000000    0.000000    0.000000    0.000000
  139  2   11.945251    2.000000    0.000000    0.000000    0.000000
  141  2   12.057035    2.000000    0.000000    0.000000    0.000000
  143  2   12.095857    2.000000    0.000000    0.000000    0.000000
  145  2   12.307337    2.000000    0.000000    0.000000    0.000000
  147  2   12.529971    2.000000    0.000000    0.000000    0.000000
  149  2   12.872108    2.000000    0.000000    0.000000    0.000000
  151  2   13.133521    2.000000    0.000000    0.000000    0.000000
  153  2   13.814209    2.000000    0.000000   -0.000028    0.000000
  155  2   13.825155    2.000000    0.000000    0.000162    0.000000
  157  1   14.430721    1.000000    0.000000    0.857008    0.000000
  158  1   14.432880    1.000000    0.000000   -0.859757    0.000000
  159  1   14.501589    1.000000    0.000000   -0.010029    0.000000
  160  1   14.510217    1.000000    0.000000   -0.001523    0.000000
  161  1   14.565177    1.000000    0.000000    0.812146    0.000000
  162  1   14.573588    1.000000    0.000000   -0.748830    0.000000
  163  1   14.622650    1.000000    0.000000    0.164527    0.000000
  164  1   14.632114    1.000000    0.000000   -0.215265    0.000000
  165  1   14.660461    1.000000    0.000000    0.280634    0.000000
  166  1   14.686812    1.000000    0.000000   -0.379285    0.000000
  167  1   14.708815    1.000000    0.000000    0.298721    0.000000
  168  1   14.773110    1.000000    0.000000   -0.335776    0.000000
  2
    1    2
    1  2  -45.242068    2.000000    0.000000    0.000000    0.000000
    3  2  -45.160089    2.000000    0.000000    0.000000    0.000000
    5  2  -44.855568    2.000000    0.000000    0.000000    0.000000
    7  2  -44.684910    2.000000    0.000000    0.000000    0.000000
    9  2  -44.248415    2.000000    0.000000    0.000000    0.000000
   11  2  -44.150193    2.000000    0.000000    0.000000    0.000000
   13  2  -42.259502    2.000000    0.000000    0.000000    0.000000
   15  2  -42.252960    2.000000    0.000000    0.000000    0.000000
   17  2  -41.892626    2.000000    0.000000    0.000000    0.000000
   19  2  -41.861051    2.000000    0.000000    0.000000    0.000000
   21  2  -41.578730    2.000000    0.000000    0.000000    0.000000
   23  2  -41.560322    2.000000    0.000000    0.000000    0.000000
   25  2  -40.011596    2.000000    0.000000   -0.000002    0.000000
   27  2  -40.000917    2.000000    0.000000   -0.000001    0.000000
   29  2   -8.553767    2.000000    0.000000    0.000000    0.000000
   31  2   -8.533407    2.000000    0.000000    0.000000    0.000000
   33  2   -7.510003    2.000000    0.000000    0.000000    0.000000
   35  2   -7.495520    2.000000    0.000000    0.000000    0.000000
   37  2   -7.389115    2.000000    0.000000    0.000000    0.000000
   39  2   -7.371653    2.000000    0.000000    0.000000    0.000000
   41  2   -7.081855    2.000000    0.000000    0.000000    0.000000
   43  2   -7.074806    2.000000    0.000000    0.000000    0.000000
   45  2   -0.218708    2.000000    0.000000    0.000000    0.000000
   47  2    0.102907    2.000000    0.000000    0.000000    0.000000
   49  2    0.160633    2.000000    0.000000    0.000000    0.000000
   51  2    0.175150    2.000000    0.000000    0.000000    0.000000
   53  2    0.383702    2.000000    0.000000    0.000000    0.000000
   55  2    0.588664    2.000000    0.000000    0.000000    0.000000
   57  2    0.633456    2.000000    0.000000    0.000000    0.000000
   59  2    0.905724    2.000000    0.000000    0.000000    0.000000
   61  2    1.013060    2.000000    0.000000    0.000000    0.000000
   63  2    1.064478    2.000000    0.000000    0.000000    0.000000
   65  2    1.142098    2.000000    0.000000    0.000000    0.000000
   67  2    1.233424    2.000000    0.000000    0.000000    0.000000
   69  2    1.457682    2.000000    0.000000    0.000000    0.000000
   71  2    1.572927    2.000000    0.000000    0.000000    0.000000
   73  2    1.653591    2.000000    0.000000    0.000000    0.000000
   75  2    1.914971    2.000000    0.000000    0.000000    0.000000
   77  2    2.185005    2.000000    0.000000    0.000000    0.000000
   79  2    2.362523    2.000000    0.000000    0.000000    0.000000
   81  2    2.443339    2.000000    0.000000    0.000000    0.000000
   83  2    2.612290    2.000000    0.000000    0.000000    0.000000
   85  2    2.723154    2.000000    0.000000    0.000000    0.000000
   87  2    3.160237    2.000000    0.000000    0.000000    0.000000
   89  2    3.261687    2.000000    0.000000    0.000000    0.000000
   91  2    3.321412    2.000000    0.000000    0.000000    0.000000
   93  2    3.459341    2.000000    0.000000    0.000000    0.000000
   95  2    3.607090    2.000000    0.000000    0.000000    0.000000
   97  2    3.751022    2.000000    0.000000    0.000000    0.000000
   99  2    4.018011    2.000000    0.000000    0.000000    0.000000
  101  2    4.273310    2.000000    0.000000    0.000000    0.000000
  103  2    4.355487    2.000000    0.000000    0.000000    0.000000
  105  2    5.229621    2.000000    0.000000    0.000000    0.000000
  107  2    5.502429    2.000000    0.000000    0.000000    0.000000
  109  2    5.515956    2.000000    0.000000    0.000000    0.000000
  111  2    5.739361    2.000000    0.000000    0.000000    0.000000
  113  2    5.807747    2.000000    0.000000    0.000000    0.000000
  115  2    5.975137    2.000000    0.000000    0.000000    0.000000
  117  2    6.096489    2.000000    0.000000    0.000000    0.000000
  119  2    6.376266    2.000000    0.000000    0.000000    0.000000
  121  2    6.614742    2.000000    0.000000    0.000000    0.000000
  123  2    6.750162    2.000000    0.000000    0.000000    0.000000
  125  2    6.762933    2.000000    0.000000    0.000000    0.000000
  127  2    6.854474    2.000000    0.000000    0.000000    0.000000
  129  2    7.753261    2.000000    0.000000    0.000000    0.000000
  131  2    7.806069    2.000000    0.000000    0.000000    0.000000
  133  2   11.628630    2.000000    0.000000    0.000000    0.000000
  135  2   11.717324    2.000000    0.000000    0.000000    0.000000
  137  2   11.772830    2.000000    0.000000    0.000000    0.000000
  139  2   11.945251    2.000000    0.000000    0.000000    0.000000
  141  2   12.057034    2.000000    0.000000    0.000000    0.000000
  143  2   12.095869    2.000000    0.000000    0.000000    0.000000
  145  2   12.307348    2.000000    0.000000    0.000000    0.000000
  147  2   12.529972    2.000000    0.000000    0.000000    0.000000
  149  2   12.872111    2.000000    0.000000    0.000000    0.000000
  151  2   13.133524    2.000000    0.000000   -0.000000    0.000000
  153  2   13.814241    2.000000    0.000000    0.000143    0.000000
  155  2   13.825215    2.000000    0.000000   -0.000192    0.000000
  157  1   14.428850    1.000000    0.000000    0.721145    0.000000
  158  1   14.438931    1.000000    0.000000   -0.641895    0.000000
  159  1   14.501810    1.000000    0.000000   -0.916084    0.000000
  160  1   14.512883    1.000000    0.000000    0.800648    0.000000
  161  1   14.560784    1.000000    0.000000   -0.060105    0.000000
  162  1   14.563249    1.000000    0.000000    0.289172    0.000000
  163  1   14.622255    1.000000    0.000000   -0.009631    0.000000
  164  1   14.646723    1.000000    0.000000   -0.462553    0.000000
  165  1   14.659948    1.000000    0.000000    0.551309    0.000000
  166  1   14.673665    1.000000    0.000000   -0.710024    0.000000
  167  1   14.709202    1.000000    0.000000   -0.456821    0.000000
  168  1   14.772591    1.000000    0.000000    0.363288    0.000000
  2
    1    2
    1  1  -45.244712    1.000000    0.000000    1.000000    0.000000
    2  1  -45.239433    1.000000    0.000000    1.000000    0.000000
    3  2  -45.160150    2.000000    0.000000    0.000000    0.000000
    5  2  -44.855568    2.000000    0.000000    0.000000    0.000000
    7  2  -44.685378    2.000000    0.000000    2.000000    0.000000
    9  1  -44.250766    1.000000    0.000000    1.000000    0.000000
   10  1  -44.246034    1.000000    0.000000    1.000000    0.000000
   11  2  -44.150219    2.000000    0.000000    0.000000    0.000000
   13  1  -42.261661    1.000000    0.000000    1.000000    0.000000
   14  1  -42.257923    1.000000    0.000000    1.000000    0.000000
   15  1  -42.253686    1.000000    0.000000   -1.000000    0.000000
   16  1  -42.251696    1.000000    0.000000    1.000000    0.000000
   17  2  -41.892685    2.000000    0.000000    0.000000    0.000000
   19  1  -41.861755    1.000000    0.000000    1.000000    0.000000
   20  1  -41.860346    1.000000    0.000000    1.000000    0.000000
   21  1  -41.581648    1.000000    0.000000    1.000000    0.000000
   22  1  -41.575856    1.000000    0.000000    1.000000    0.000000
   23  2  -41.560554    2.000000    0.000000    0.000000    0.000000
   25  2  -40.011624    2.000000    0.000000    0.000000    0.000000
   27  2  -40.000945    2.000000    0.000000    0.000000    0.000000
   29  1   -8.885638    1.000000    0.000000   -1.000000    0.000000
   30  1   -8.857105    1.000000    0.000000   -1.000000    0.000000
   31  1   -8.271733    1.000000    0.000000    1.000000    0.000000
   32  1   -8.265397    1.000000    0.000000    1.000000    0.000000
   33  1   -7.481119    1.000000    0.000000    1.000000    0.000000
   34  1   -7.452028    1.000000    0.000000    1.000000    0.000000
   35  1   -7.367358    1.000000    0.000000   -1.000000    0.000000
   36  1   -7.365435    1.000000    0.000000   -1.000000    0.000000
   37  1   -7.363781    1.000000    0.000000   -1.000000    0.000000
   38  1   -7.361930    1.000000    0.000000   -1.000000    0.000000
   39  1   -7.223197    1.000000    0.000000    1.000000    0.000000
   40  1   -7.219676    1.000000    0.000000    1.000000    0.000000
   41  1   -7.201044    1.000000    0.000000    1.000000    0.000000
   42  1   -7.197581    1.000000    0.000000    1.000000    0.000000
   43  1   -7.164840    1.000000    0.000000   -1.000000    0.000000
   44  1   -7.163013    1.000000    0.000000   -1.000000    0.000000
   45  1   -0.594853    1.000000    0.000000   -1.000000    0.000000
   46  1   -0.384590    1.000000    0.000000   -1.000000    0.000000
   47  1   -0.383511    1.000000    0.000000   -1.000000    0.000000
   48  1   -0.224369    1.000000    0.000000   -1.000000    0.000000
   49  1   -0.107543    1.000000    0.000000   -1.000000    0.000000
   50  1   -0.105983    1.000000    0.000000   -1.000000    0.000000
   51  1    0.121530    1.000000    0.000000    1.000000    0.000000
   52  1    0.173400    1.000000    0.000000    1.000000    0.000000
   53  1    0.180276    1.000000    0.000000    1.000000    0.000000
   54  1    0.371599    1.000000    0.000000    1.000000    0.000000
   55  1    0.415769    1.000000    0.000000    1.000000    0.000000
   56  1    0.424405    1.000000    0.000000    1.000000    0.000000
   57  1    0.449897    1.000000    0.000000   -1.000000    0.000000
   58  1    0.528586    1.000000    0.000000   -1.000000    0.000000
   59  1    0.529945    1.000000    0.000000   -1.000000    0.000000
   60  1    0.936312    1.000000    0.000000   -1.000000    0.000000
   61  1    1.076126    1.000000    0.000000    1.000000    0.000000
   62  1    1.193616    1.000000    0.000000   -1.000000    0.000000
   63  1    1.201589    1.000000    0.000000   -1.000000    0.000000
   64  1    1.226411    1.000000    0.000000   -1.000000    0.000000
   65  1    1.279411    1.000000    0.000000    1.000000    0.000000
   66  1    1.290087    1.000000    0.000000   -1.000000    0.000000
   67  1    1.294398    1.000000    0.000000   -1.000000    0.000000
   68  1    1.328309    1.000000    0.000000    1.000000    0.000000
   69  1    1.344967    1.000000    0.000000    1.000000    0.000000
   70  1    1.817507    1.000000    0.000000   -1.000000    0.000000
   71  1    1.824329    1.000000    0.000000    1.000000    0.000000
   72  1    1.833466    1.000000    0.000000    1.000000    0.000000
   73  1    2.007341    1.000000    0.000000   -1.000000    0.000000
   74  1    2.053382    1.000000    0.000000   -1.000000    0.000000
   75  1    2.057418    1.000000    0.000000   -1.000000    0.000000
   76  1    2.209254    1.000000    0.000000    1.000000    0.000000
   77  1    2.227192    1.000000    0.000000    1.000000    0.000000
   78  1    2.301119    1.000000    0.000000   -1.000000    0.000000
   79  2    2.305541    2.000000    0.000000    0.000000    0.000000
   81  1    2.359936    1.000000    0.000000   -1.000000    0.000000
   82  1    2.518172    1.000000    0.000000    1.000000    0.000000
   83  1    2.546015    1.000000    0.000000    1.000000    0.000000
   84  1    2.555005    1.000000    0.000000    1.000000    0.000000
   85  1    2.981930    1.000000    0.000000   -1.000000    0.000000
   86  1    2.989514    1.000000    0.000000   -1.000000    0.000000
   87  1    3.219503    1.000000    0.000000   -1.000000    0.000000
   88  1    3.235338    1.000000    0.000000   -1.000000    0.000000
   89  1    3.249509    1.000000    0.000000   -1.000000    0.000000
   90  1    3.333942    1.000000    0.000000   -1.000000    0.000000
   91  1    3.362642    1.000000    0.000000   -1.000000    0.000000
   92  1    3.410910    1.000000    0.000000    1.000000    0.000000
   93  1    3.424462    1.000000    0.000000    1.000000    0.000000
   94  1    3.567968    1.000000    0.000000    1.000000    0.000000
   95  1    3.579596    1.000000    0.000000   -1.000000    0.000000
   96  1    3.599178    1.000000    0.000000    1.000000    0.000000
   97  1    3.629955    1.000000    0.000000    1.000000    0.000000
   98  1    3.987317    1.000000    0.000000   -1.000000    0.000000
   99  1    4.046400    1.000000    0.000000   -1.000000    0.000000
  100  1    4.062510    1.000000    0.000000   -1.000000    0.000000
  101  1    4.150578    1.000000    0.000000    1.000000    0.000000
  102  1    4.191660    1.000000    0.000000    1.000000    0.000000
  103  1    4.280275    1.000000    0.000000    1.000000    0.000000
  104  1    4.318735    1.000000    0.000000    1.000000    0.000000
  105  1    5.162346    1.000000    0.000000   -1.000000    0.000000
  106  1    5.167970    1.000000    0.000000   -1.000000    0.000000
  107  1    5.586919    1.000000    0.000000   -1.000000    0.000000
  108  1    5.706775    1.000000    0.000000   -1.000000    0.000000
  109  1    5.748905    1.000000    0.000000   -1.000000    0.000000
  110  1    5.751972    1.000000    0.000000    1.000000    0.000000
  111  1    5.883638    1.000000    0.000000   -1.000000    0.000000
  112  1    5.943807    1.000000    0.000000    1.000000    0.000000
  113  1    5.968398    1.000000    0.000000   -1.000000    0.000000
  114  1    5.969814    1.000000    0.000000    1.000000    0.000000
  115  1    5.974937    1.000000    0.000000   -1.000000    0.000000
  116  1    6.068349    1.000000    0.000000   -1.000000    0.000000
  117  1    6.071723    1.000000    0.000000   -1.000000    0.000000
  118  1    6.145762    1.000000    0.000000   -1.000000    0.000000
  119  1    6.203053    1.000000    0.000000    1.000000    0.000000
  120  1    6.209846    1.000000    0.000000   -1.000000    0.000000
  121  1    6.213791    1.000000    0.000000    1.000000    0.000000
  122  1    6.482530    1.000000    0.000000   -1.000000    0.000000
  123  1    6.829705    1.000000    0.000000   -1.000000    0.000000
  124  1    6.845506    1.000000    0.000000   -1.000000    0.000000
  125  1    7.313652    1.000000    0.000000    1.000000    0.000000
  126  1    7.314862    1.000000    0.000000    1.000000    0.000000
  127  1    7.421538    1.000000    0.000000   -1.000000    0.000000
  128  1    7.431288    1.000000    0.000000   -1.000000    0.000000
  129  1    7.528365    1.000000    0.000000   -1.000000    0.000000
  130  1    7.537792    1.000000    0.000000   -1.000000    0.000000
  131  2    7.863766    2.000000    0.000000   -2.000000    0.000000
  133  1   10.345479    1.000000    0.000000   -1.000000    0.000000
  134  1   10.630877    1.000000    0.000000   -1.000000    0.000000
  135  2   10.803325    2.000000    0.000000    2.000000    0.000000
  137  1   10.859500    1.000000    0.000000    1.000000    0.000000
  138  1   10.953117    1.000000    0.000000    1.000000    0.000000
  139  1   10.954862    1.000000    0.000000    1.000000    0.000000
  140  1   11.093723    1.000000    0.000000    1.000000    0.000000
  141  1   11.303786    1.000000    0.000000   -1.000000    0.000000
  142  1   11.309356    1.000000    0.000000   -1.000000    0.000000
  143  1   11.623135    1.000000    0.000000    1.000000    0.000000
  144  1   11.797429    1.000000    0.000000   -1.000000    0.000000
  145  1   11.804602    1.000000    0.000000   -1.000000    0.000000
  146  1   11.878215    1.000000    0.000000    1.000000    0.000000
  147  1   12.216732    1.000000    0.000000   -1.000000    0.000000
  148  1   12.651959    1.000000    0.000000   -1.000000    0.000000
  149  1   12.661500    1.000000    0.000000    1.000000    0.000000
  150  1   12.674101    1.000000    0.000000    1.000000    0.000000
  151  1   12.753457    1.000000    0.000000    1.000000    0.000000
  152  1   12.763369    1.000000    0.000000    1.000000    0.000000
  153  1   13.321739    1.000000    0.000000    0.999988    0.000000
  154  1   13.462327    1.000000    0.000000    0.999990    0.000000
  155  1   13.485567    1.000000    0.000000   -1.000000    0.000000
  156  1   13.487674    1.000000    0.000000   -1.000000    0.000000
  157  1   13.751041    1.000000    0.000000   -0.999999    0.000000
  158  1   13.752525    1.000000    0.000000   -0.999999    0.000000
  159  1   14.020493    1.000000    0.000000   -0.996850    0.000000
  160  1   14.029619    1.000000    0.000000    0.996825    0.000000
  161  1   14.225709    1.000000    0.000000   -0.996677    0.000000
  162  1   14.244532    1.000000    0.000000    0.996040    0.000000
  163  1   14.281169    1.000000    0.000000    0.997941    0.000000
  164  1   14.298553    1.000000    0.000000    0.999846    0.000000
  165  1   14.535644    1.000000    0.000000    0.992879    0.000000
  166  1   14.550898    1.000000    0.000000    0.998519    0.000000
  167  1   15.030203    1.000000    0.000000   -0.995313    0.000000
  168  1   15.061062    1.000000    0.000000   -0.990202    0.000000
  2
    1    2
    1  2  -45.242142    2.000000    0.000000    0.000000    0.000000
    3  1  -45.161013    1.000000    0.000000   -1.000000    0.000000
    4  1  -45.159182    1.000000    0.000000   -1.000000    0.000000
    5  1  -44.859849    1.000000    0.000000   -1.000000    0.000000
    6  1  -44.851268    1.000000    0.000000   -1.000000    0.000000
    7  2  -44.684918    2.000000    0.000000    0.000000    0.000000
    9  2  -44.248409    2.000000    0.000000    0.000000    0.000000
   11  1  -44.150805    1.000000    0.000000   -1.000000    0.000000
   12  1  -44.149579    1.000000    0.000000   -1.000000    0.000000
   13  1  -42.260168    1.000000    0.000000   -1.000000    0.000000
   14  1  -42.258742    1.000000    0.000000    1.000000    0.000000
   15  2  -42.253482    2.000000    0.000000   -2.000000    0.000000
   17  1  -41.898982    1.000000    0.000000   -1.000000    0.000000
   18  1  -41.886290    1.000000    0.000000   -1.000000    0.000000
   19  2  -41.861099    2.000000    0.000000    0.000000    0.000000
   21  2  -41.578924    2.000000    0.000000    0.000000    0.000000
   23  1  -41.560824    1.000000    0.000000   -1.000000    0.000000
   24  1  -41.559812    1.000000    0.000000   -1.000000    0.000000
   25  2  -40.011624    2.000000    0.000000    0.000000    0.000000
   27  2  -40.000945    2.000000    0.000000    0.000000    0.000000
   29  1   -8.885739    1.000000    0.000000    1.000000    0.000000
   30  1   -8.856990    1.000000    0.000000    1.000000    0.000000
   31  1   -8.271457    1.000000    0.000000   -1.000000    0.000000
   32  1   -8.265719    1.000000    0.000000   -1.000000    0.000000
   33  1   -7.480615    1.000000    0.000000   -1.000000    0.000000
   34  1   -7.452374    1.000000    0.000000   -1.000000    0.000000
   35  2   -7.366805    2.000000    0.000000    2.000000    0.000000
   37  2   -7.362641    2.000000    0.000000    2.000000    0.000000
   39  2   -7.221745    2.000000    0.000000   -2.000000    0.000000
   41  2   -7.199227    2.000000    0.000000   -2.000000    0.000000
   43  1   -7.164879    1.000000    0.000000    1.000000    0.000000
   44  1   -7.162873    1.000000    0.000000    1.000000    0.000000
   45  1   -0.594643    1.000000    0.000000    1.000000    0.000000
   46  2   -0.384071    2.000000    0.000000    2.000000    0.000000
   48  1   -0.224758    1.000000    0.000000    1.000000    0.000000
   49  2   -0.106896    2.000000    0.000000    2.000000    0.000000
   51  1    0.121916    1.000000    0.000000   -1.000000    0.000000
   52  2    0.177005    2.000000    0.000000   -2.000000    0.000000
   54  1    0.371081    1.000000    0.000000   -1.000000    0.000000
   55  2    0.419721    2.000000    0.000000   -2.000000    0.000000
   57  1    0.449552    1.000000    0.000000    1.000000    0.000000
   58  2    0.529033    2.000000    0.000000    2.000000    0.000000
   60  1    0.936798    1.000000    0.000000    1.000000    0.000000
   61  1    1.075680    1.000000    0.000000   -1.000000    0.000000
   62  2    1.197790    2.000000    0.000000    2.000000    0.000000
   64  1    1.226174    1.000000    0.000000    1.000000    0.000000
   65  1    1.279978    1.000000    0.000000   -1.000000    0.000000
   66  2    1.292210    2.000000    0.000000    2.000000    0.000000
   68  2    1.336096    2.000000    0.000000   -2.000000    0.000000
   70  1    1.817326    1.000000    0.000000    1.000000    0.000000
   71  2    1.828927    2.000000    0.000000   -2.000000    0.000000
   73  1    2.007041    1.000000    0.000000    1.000000    0.000000
   74  2    2.055379    2.000000    0.000000    2.000000    0.000000
   76  1    2.214923    1.000000    0.000000   -1.000000    0.000000
   77  1    2.218672    1.000000    0.000000   -1.000000    0.000000
   78  2    2.303211    2.000000    0.000000    2.000000    0.000000
   80  1    2.308387    1.000000    0.000000   -1.000000    0.000000
   81  1    2.359716    1.000000    0.000000    1.000000    0.000000
   82  1    2.515452    1.000000    0.000000   -1.000000    0.000000
   83  1    2.549867    1.000000    0.000000   -1.000000    0.000000
   84  1    2.553849    1.000000    0.000000   -1.000000    0.000000
   85  2    2.985472    2.000000    0.000000    2.000000    0.000000
   87  1    3.219803    1.000000    0.000000    1.000000    0.000000
   88  2    3.241759    2.000000    0.000000    2.000000    0.000000
   90  1    3.347472    1.000000    0.000000    1.000000    0.000000
   91  1    3.348936    1.000000    0.000000    1.000000    0.000000
   92  1    3.410744    1.000000    0.000000   -1.000000    0.000000
   93  1    3.424512    1.000000    0.000000   -1.000000    0.000000
   94  1    3.580254    1.000000    0.000000    1.000000    0.000000
   95  1    3.582244    1.000000    0.000000   -1.000000    0.000000
   96  1    3.583569    1.000000    0.000000   -1.000000    0.000000
   97  1    3.630627    1.000000    0.000000   -1.000000    0.000000
   98  1    3.985712    1.000000    0.000000    1.000000    0.000000
   99  1    4.053819    1.000000    0.000000    1.000000    0.000000
  100  1    4.057675    1.000000    0.000000    1.000000    0.000000
  101  2    4.166794    2.000000    0.000000   -2.000000    0.000000
  103  2    4.303099    2.000000    0.000000   -2.000000    0.000000
  105  1    5.164164    1.000000    0.000000    1.000000    0.000000
  106  1    5.165232    1.000000    0.000000    1.000000    0.000000
  107  1    5.586254    1.000000    0.000000    1.000000    0.000000
  108  2    5.727528    2.000000    0.000000    2.000000    0.000000
  110  1    5.749914    1.000000    0.000000   -1.000000    0.000000
  111  1    5.883083    1.000000    0.000000    1.000000    0.000000
  112  1    5.956111    1.000000    0.000000   -1.000000    0.000000
  113  1    5.958922    1.000000    0.000000   -1.000000    0.000000
  114  1    5.973056    1.000000    0.000000    1.000000    0.000000
  115  1    5.974846    1.000000    0.000000    1.000000    0.000000
  116  1    6.067590    1.000000    0.000000    1.000000    0.000000
  117  1    6.069554    1.000000    0.000000    1.000000    0.000000
  118  1    6.146654    1.000000    0.000000    1.000000    0.000000
  119  2    6.208365    2.000000    0.000000   -2.000000    0.000000
  121  1    6.209380    1.000000    0.000000    1.000000    0.000000
  122  1    6.482575    1.000000    0.000000    1.000000    0.000000
  123  2    6.837598    2.000000    0.000000    2.000000    0.000000
  125  2    7.314125    2.000000    0.000000   -2.000000    0.000000
  127  2    7.426132    2.000000    0.000000    2.000000    0.000000
  129  1    7.531980    1.000000    0.000000    1.000000    0.000000
  130  1    7.534601    1.000000    0.000000    1.000000    0.000000
  131  2    7.864228    2.000000    0.000000    2.000000    0.000000
  133  1   10.345931    1.000000    0.000000    1.000000    0.000000
  134  1   10.630391    1.000000    0.000000    1.000000    0.000000
  135  2   10.803755    2.000000    0.000000   -2.000000    0.000000
  137  1   10.859472    1.000000    0.000000   -1.000000    0.000000
  138  2   10.953540    2.000000    0.000000   -2.000000    0.000000
  140  1   11.093805    1.000000    0.000000   -1.000000    0.000000
  141  2   11.306678    2.000000    0.000000    2.000000    0.000000
  143  1   11.623119    1.000000    0.000000   -1.000000    0.000000
  144  2   11.800771    2.000000    0.000000    2.000000    0.000000
  146  1   11.878201    1.000000    0.000000   -1.000000    0.000000
  147  1   12.217053    1.000000    0.000000    1.000000    0.000000
  148  1   12.651702    1.000000    0.000000    1.000000    0.000000
  149  2   12.667622    2.000000    0.000000   -2.000000    0.000000
  151  2   12.758571    2.000000    0.000000   -2.000000    0.000000
  153  1   13.321980    1.000000    0.000000   -0.999999    0.000000
  154  1   13.462151    1.000000    0.000000   -0.999990    0.000000
  155  2   13.486952    2.000000    0.000000    2.000000    0.000000
  157  2   13.751377    2.000000    0.000000    1.999999    0.000000
  159  1   14.020428    1.000000    0.000000    0.998649    0.000000
  160  1   14.028810    1.000000    0.000000   -0.998759    0.000000
  161  1   14.225838    1.000000    0.000000    0.999377    0.000000
  162  1   14.244383    1.000000    0.000000   -0.998766    0.000000
  163  2   14.289288    2.000000    0.000000   -1.998807    0.000000
  165  2   14.541795    2.000000    0.000000   -1.996698    0.000000
  167  1   15.033169    1.000000    0.000000    0.994346    0.000000
  168  1   15.074449    1.000000    0.000000    0.993953    0.000000
  2
    1    2
    1  2  -45.242154    2.000000    0.000000    0.000000    0.000000
    3  1  -45.161013    1.000000    0.000000   -1.000000    0.000000
    4  1  -45.159182    1.000000    0.000000   -1.000000    0.000000
    5  1  -44.859849    1.000000    0.000000   -1.000000    0.000000
    6  1  -44.851268    1.000000    0.000000   -1.000000    0.000000
    7  2  -44.684907    2.000000    0.000000    0.000000    0.000000
    9  2  -44.248424    2.000000    0.000000    0.000000    0.000000
   11  1  -44.150805    1.000000    0.000000   -1.000000    0.000000
   12  1  -44.149579    1.000000    0.000000   -1.000000    0.000000
   13  1  -42.260168    1.000000    0.000000   -1.000000    0.000000
   14  1  -42.258741    1.000000    0.000000    1.000000    0.000000
   15  2  -42.253482    2.000000    0.000000   -2.000000    0.000000
   17  1  -41.898982    1.000000    0.000000   -1.000000    0.000000
   18  1  -41.886290    1.000000    0.000000   -1.000000    0.000000
   19  2  -41.861101    2.000000    0.000000    0.000000    0.000000
   21  2  -41.578923    2.000000    0.000000    0.000000    0.000000
   23  1  -41.560824    1.000000    0.000000   -1.000000    0.000000
   24  1  -41.559812    1.000000    0.000000   -1.000000    0.000000
   25  2  -40.011624    2.000000    0.000000    0.000000    0.000000
   27  2  -40.000945    2.000000    0.000000    0.000000    0.000000
   29  1   -8.885740    1.000000    0.000000    1.000000    0.000000
   30  1   -8.856990    1.000000    0.000000    1.000000    0.000000
   31  1   -8.271457    1.000000    0.000000   -1.000000    0.000000
   32  1   -8.265719    1.000000    0.000000   -1.000000    0.000000
   33  1   -7.480614    1.000000    0.000000   -1.000000    0.000000
   34  1   -7.452371    1.000000    0.000000   -1.000000    0.000000
   35  2   -7.366792    2.000000    0.000000    2.000000    0.000000
   37  2   -7.362641    2.000000    0.000000    2.000000    0.000000
   39  2   -7.221747    2.000000    0.000000   -2.000000    0.000000
   41  2   -7.199228    2.000000    0.000000   -2.000000    0.000000
   43  1   -7.164877    1.000000    0.000000    1.000000    0.000000
   44  1   -7.162873    1.000000    0.000000    1.000000    0.000000
   45  1   -0.594644    1.000000    0.000000    1.000000    0.000000
   46  2   -0.384076    2.000000    0.000000    2.000000    0.000000
   48  1   -0.224758    1.000000    0.000000    1.000000    0.000000
   49  2   -0.106896    2.000000    0.000000    2.000000    0.000000
   51  1    0.121918    1.000000    0.000000   -1.000000    0.000000
   52  2    0.177010    2.000000    0.000000   -2.000000    0.000000
   54  1    0.371082    1.000000    0.000000   -1.000000    0.000000
   55  2    0.419718    2.000000    0.000000   -2.000000    0.000000
   57  1    0.449552    1.000000    0.000000    1.000000    0.000000
   58  2    0.529031    2.000000    0.000000    2.000000    0.000000
   60  1    0.936802    1.000000    0.000000    1.000000    0.000000
   61  1    1.075685    1.000000    0.000000   -1.000000    0.000000
   62  2    1.197775    2.000000    0.000000    2.000000    0.000000
   64  1    1.226188    1.000000    0.000000    1.000000    0.000000
   65  1    1.279976    1.000000    0.000000   -1.000000    0.000000
   66  2    1.292201    2.000000    0.000000    2.000000    0.000000
   68  2    1.336103    2.000000    0.000000   -2.000000    0.000000
   70  1    1.817324    1.000000    0.000000    1.000000    0.000000
   71  2    1.828931    2.000000    0.000000   -2.000000    0.000000
   73  1    2.007035    1.000000    0.000000    1.000000    0.000000
   74  2    2.055376    2.000000    0.000000    2.000000    0.000000
   76  1    2.214926    1.000000    0.000000   -1.000000    0.000000
   77  1    2.218670    1.000000    0.000000   -1.000000    0.000000
   78  2    2.303221    2.000000    0.000000    2.000000    0.000000
   80  1    2.308400    1.000000    0.000000   -1.000000    0.000000
   81  1    2.359708    1.000000    0.000000    1.000000    0.000000
   82  1    2.515460    1.000000    0.000000   -1.000000    0.000000
   83  1    2.549859    1.000000    0.000000   -1.000000    0.000000
   84  1    2.553850    1.000000    0.000000   -1.000000    0.000000
   85  2    2.985465    2.000000    0.000000    2.000000    0.000000
   87  1    3.219802    1.000000    0.000000    1.000000    0.000000
   88  2    3.241759    2.000000    0.000000    2.000000    0.000000
   90  1    3.347473    1.000000    0.000000    1.000000    0.000000
   91  1    3.348931    1.000000    0.000000    1.000000    0.000000
   92  1    3.410740    1.000000    0.000000   -1.000000    0.000000
   93  1    3.424498    1.000000    0.000000   -1.000000    0.000000
   94  1    3.580249    1.000000    0.000000    1.000000    0.000000
   95  1    3.582264    1.000000    0.000000   -1.000000    0.000000
   96  1    3.583580    1.000000    0.000000   -1.000000    0.000000
   97  1    3.630637    1.000000    0.000000   -1.000000    0.000000
   98  1    3.985707    1.000000    0.000000    1.000000    0.000000
   99  1    4.053821    1.000000    0.000000    1.000000    0.000000
  100  1    4.057671    1.000000    0.000000    1.000000    0.000000
  101  2    4.166799    2.000000    0.000000   -2.000000    0.000000
  103  2    4.303097    2.000000    0.000000   -2.000000    0.000000
  105  1    5.164164    1.000000    0.000000    1.000000    0.000000
  106  1    5.165231    1.000000    0.000000    1.000000    0.000000
  107  1    5.586254    1.000000    0.000000    1.000000    0.000000
  108  2    5.727528    2.000000    0.000000    2.000000    0.000000
  110  1    5.749914    1.000000    0.000000   -1.000000    0.000000
  111  1    5.883087    1.000000    0.000000    1.000000    0.000000
  112  1    5.956112    1.000000    0.000000   -1.000000    0.000000
  113  1    5.958921    1.000000    0.000000   -1.000000    0.000000
  114  1    5.973053    1.000000    0.000000    1.000000    0.000000
  115  1    5.974835    1.000000    0.000000    1.000000    0.000000
  116  1    6.067598    1.000000    0.000000    1.000000    0.000000
  117  1    6.069556    1.000000    0.000000    1.000000    0.000000
  118  1    6.146648    1.000000    0.000000    1.000000    0.000000
  119  2    6.208371    2.000000    0.000000   -2.000000    0.000000
  121  1    6.209379    1.000000    0.000000    1.000000    0.000000
  122  1    6.482573    1.000000    0.000000    1.000000    0.000000
  123  2    6.837597    2.000000    0.000000    2.000000    0.000000
  125  2    7.314127    2.000000    0.000000   -2.000000    0.000000
  127  2    7.426131    2.000000    0.000000    2.000000    0.000000
  129  1    7.531980    1.000000    0.000000    1.000000    0.000000
  130  1    7.534598    1.000000    0.000000    1.000000    0.000000
  131  2    7.864226    2.000000    0.000000    2.000000    0.000000
  133  1   10.345932    1.000000    0.000000    1.000000    0.000000
  134  1   10.630394    1.000000    0.000000    1.000000    0.000000
  135  2   10.803755    2.000000    0.000000   -2.000000    0.000000
  137  1   10.859465    1.000000    0.000000   -1.000000    0.000000
  138  2   10.953535    2.000000    0.000000   -2.000000    0.000000
  140  1   11.093810    1.000000    0.000000   -1.000000    0.000000
  141  2   11.306675    2.000000    0.000000    2.000000    0.000000
  143  1   11.623122    1.000000    0.000000   -1.000000    0.000000
  144  2   11.800771    2.000000    0.000000    2.000000    0.000000
  146  1   11.878202    1.000000    0.000000   -1.000000    0.000000
  147  1   12.217048    1.000000    0.000000    1.000000    0.000000
  148  1   12.651704    1.000000    0.000000    1.000000    0.000000
  149  2   12.667614    2.000000    0.000000   -2.000000    0.000000
  151  2   12.758568    2.000000    0.000000   -2.000000    0.000000
  153  1   13.321981    1.000000    0.000000   -0.999998    0.000000
  154  1   13.462190    1.000000    0.000000   -0.999972    0.000000
  155  2   13.486955    2.000000    0.000000    2.000000    0.000000
  157  2   13.751376    2.000000    0.000000    1.999998    0.000000
  159  1   14.020711    1.000000    0.000000    0.999758    0.000000
  160  1   14.028830    1.000000    0.000000   -0.999724    0.000000
  161  1   14.225574    1.000000    0.000000    0.996821    0.000000
  162  1   14.245399    1.000000    0.000000   -0.995417    0.000000
  163  2   14.289165    2.000000    0.000000   -1.999747    0.000000
  165  2   14.541539    2.000000    0.000000   -1.997646    0.000000
  167  1   15.025909    1.000000    0.000000    0.994877    0.000000
  168  1   15.051896    1.000000    0.000000    0.993709    0.000000
  2
    1    2
    1  1  -45.244651    1.000000    0.000000    1.000000    0.000000
    2  1  -45.239324    1.000000    0.000000    1.000000    0.000000
    3  1  -45.161159    1.000000    0.000000   -1.000000    0.000000
    4  1  -45.159160    1.000000    0.000000   -1.000000    0.000000
    5  1  -44.859852    1.000000    0.000000   -1.000000    0.000000
    6  1  -44.851257    1.000000    0.000000   -1.000000    0.000000
    7  2  -44.685395    2.000000    0.000000    2.000000    0.000000
    9  1  -44.250764    1.000000    0.000000    1.000000    0.000000
   10  1  -44.246019    1.000000    0.000000    1.000000    0.000000
   11  1  -44.150855    1.000000    0.000000   -1.000000    0.000000
   12  1  -44.149583    1.000000    0.000000   -1.000000    0.000000
   13  1  -42.261592    1.000000    0.000000    1.000000    0.000000
   14  1  -42.255918    1.000000    0.000000    1.000000    0.000000
   15  2  -42.253914    2.000000    0.000000   -2.000000    0.000000
   17  1  -41.898972    1.000000    0.000000   -1.000000    0.000000
   18  1  -41.886154    1.000000    0.000000   -1.000000    0.000000
   19  1  -41.861851    1.000000    0.000000    1.000000    0.000000
   20  1  -41.860339    1.000000    0.000000    1.000000    0.000000
   21  1  -41.581667    1.000000    0.000000    1.000000    0.000000
   22  1  -41.575405    1.000000    0.000000    1.000000    0.000000
   23  1  -41.561271    1.000000    0.000000   -1.000000    0.000000
   24  1  -41.559836    1.000000    0.000000   -1.000000    0.000000
   25  2  -40.011596    2.000000    0.000000   -0.000004    0.000000
   27  2  -40.000917    2.000000    0.000000   -0.000002    0.000000
   29  2   -8.553760    2.000000    0.000000    0.000000    0.000000
   31  2   -8.533439    2.000000    0.000000    0.000000    0.000000
   33  2   -7.510040    2.000000    0.000000    0.000000    0.000000
   35  2   -7.495474    2.000000    0.000000    0.000000    0.000000
   37  2   -7.389158    2.000000    0.000000    0.000000    0.000000
   39  2   -7.371658    2.000000    0.000000    0.000000    0.000000
   41  2   -7.081893    2.000000    0.000000    0.000000    0.000000
   43  2   -7.074765    2.000000    0.000000    0.000000    0.000000
   45  2   -0.218756    2.000000    0.000000    0.000000    0.000000
   47  2    0.102657    2.000000    0.000000    0.000000    0.000000
   49  2    0.160482    2.000000    0.000000    0.000000    0.000000
   51  2    0.175021    2.000000    0.000000    0.000000    0.000000
   53  2    0.383583    2.000000    0.000000    0.000000    0.000000
   55  2    0.587862    2.000000    0.000000    0.000000    0.000000
   57  2    0.634327    2.000000    0.000000    0.000000    0.000000
   59  2    0.905313    2.000000    0.000000    0.000000    0.000000
   61  2    1.013052    2.000000    0.000000    0.000000    0.000000
   63  1    1.064080    1.000000    0.000000   -1.000000    0.000000
   64  1    1.065638    1.000000    0.000000    1.000000    0.000000
   65  1    1.141117    1.000000    0.000000    1.000000    0.000000
   66  1    1.142665    1.000000    0.000000   -1.000000    0.000000
   67  2    1.233084    2.000000    0.000000    0.000000    0.000000
   69  2    1.458111    2.000000    0.000000    0.000000    0.000000
   71  1    1.572029    1.000000    0.000000   -1.000000    0.000000
   72  1    1.573353    1.000000    0.000000    1.000000    0.000000
   73  2    1.653476    2.000000    0.000000    0.000000    0.000000
   75  2    1.915383    2.000000    0.000000    0.000000    0.000000
   77  2    2.184779    2.000000    0.000000    0.000000    0.000000
   79  2    2.362033    2.000000    0.000000    0.000000    0.000000
   81  2    2.443427    2.000000    0.000000    0.000000    0.000000
   83  1    2.611344    1.000000    0.000000    1.000000    0.000000
   84  1    2.612419    1.000000    0.000000   -1.000000    0.000000
   85  1    2.722911    1.000000    0.000000   -1.000000    0.000000
   86  1    2.724045    1.000000    0.000000    1.000000    0.000000
   87  2    3.160275    2.000000    0.000000    0.000000    0.000000
   89  2    3.261464    2.000000    0.000000    0.000000    0.000000
   91  2    3.321026    2.000000    0.000000    0.000000    0.000000
   93  1    3.459079    1.000000    0.000000   -1.000000    0.000000
   94  1    3.460429    1.000000    0.000000    1.000000    0.000000
   95  2    3.607897    2.000000    0.000000    0.000000    0.000000
   97  2    3.749786    2.000000    0.000000    0.000000    0.000000
   99  1    4.016695    1.000000    0.000000    1.000000    0.000000
  100  1    4.018762    1.000000    0.000000   -1.000000    0.000000
  101  2    4.279362    2.000000    0.000000    0.000000    0.000000
  103  1    4.349287    1.000000    0.000000   -1.000000    0.000000
  104  1    4.350725    1.000000    0.000000    1.000000    0.000000
  105  1    5.228651    1.000000    0.000000    1.000000    0.000000
  106  1    5.229826    1.000000    0.000000   -1.000000    0.000000
  107  1    5.501825    1.000000    0.000000   -1.000000    0.000000
  108  1    5.505806    1.000000    0.000000    1.000000    0.000000
  109  1    5.516124    1.000000    0.000000    1.000000    0.000000
  110  1    5.517233    1.000000    0.000000   -1.000000    0.000000
  111  1    5.735497    1.000000    0.000000    1.000000    0.000000
  112  1    5.741406    1.000000    0.000000   -1.000000    0.000000
  113  1    5.804383    1.000000    0.000000   -1.000000    0.000000
  114  1    5.808997    1.000000    0.000000    1.000000    0.000000
  115  1    5.973171    1.000000    0.000000   -1.000000    0.000000
  116  1    5.976739    1.000000    0.000000    1.000000    0.000000
  117  1    6.095299    1.000000    0.000000    1.000000    0.000000
  118  1    6.098572    1.000000    0.000000   -1.000000    0.000000
  119  1    6.374674    1.000000    0.000000    1.000000    0.000000
  120  1    6.376147    1.000000    0.000000   -1.000000    0.000000
  121  2    6.614681    2.000000    0.000000    0.000000    0.000000
  123  2    6.750069    2.000000    0.000000    0.000000    0.000000
  125  2    6.763401    2.000000    0.000000    0.000000    0.000000
  127  2    6.854887    2.000000    0.000000    0.000000    0.000000
  129  2    7.753288    2.000000    0.000000    0.000000    0.000000
  131  2    7.805902    2.000000    0.000000    0.000000    0.000000
  133  2   11.628610    2.000000    0.000000    0.000000    0.000000
  135  2   11.716924    2.000000    0.000000    0.000000    0.000000
  137  1   11.772614    1.000000    0.000000    1.000000    0.000000
  138  1   11.773822    1.000000    0.000000   -1.000000    0.000000
  139  2   11.945179    2.000000    0.000000    0.000000    0.000000
  141  1   12.055943    1.000000    0.000000   -1.000000    0.000000
  142  1   12.057522    1.000000    0.000000    1.000000    0.000000
  143  1   12.095586    1.000000    0.000000    1.000000    0.000000
  144  1   12.096840    1.000000    0.000000   -1.000000    0.000000
  145  2   12.307392    2.000000    0.000000    0.000000    0.000000
  147  2   12.530019    2.000000    0.000000    0.000000    0.000000
  149  2   12.872012    2.000000    0.000000    0.000000    0.000000
  151  2   13.133477    2.000000    0.000000   -0.000000    0.000000
  153  2   13.814182    2.000000    0.000000   -0.000324    0.000000
  155  2   13.825250    2.000000    0.000000    0.000218    0.000000
  157  1   14.429695    1.000000    0.000000    0.619516    0.000000
  158  1   14.440942    1.000000    0.000000   -0.631993    0.000000
  159  1   14.504475    1.000000    0.000000    0.273000    0.000000
  160  1   14.533353    1.000000    0.000000   -0.339445    0.000000
  161  1   14.563165    1.000000    0.000000    0.419865    0.000000
  162  1   14.569603    1.000000    0.000000   -0.129302    0.000000
  163  1   14.613820    1.000000    0.000000   -0.123179    0.000000
  164  1   14.644346    1.000000    0.000000   -0.199580    0.000000
  165  1   14.662544    1.000000    0.000000   -0.160502    0.000000
  166  1   14.678860    1.000000    0.000000    0.265674    0.000000
  167  1   14.736616    1.000000    0.000000    0.089863    0.000000
  168  1   14.753177    1.000000    0.000000   -0.105647    0.000000
