  116  184
  1
  2
  1  0  0  0  1  0  0  0  1    0.000000    0.000000    0.000000    1.000000    0.000000    0.000000    0.000000    0.000000    0.000000    1.000000    0.000000  1
 -1  0  0  0 -1  0  0  0 -1    0.000000    0.000000    0.000000    1.000000    0.000000    0.000000    0.000000    0.000000    0.000000    1.000000    0.000000  1
  8
    0.000000    0.000000    0.000000
    0.500000    0.500000    0.500000
    0.000000    0.500000    0.500000
    0.500000    0.000000    0.500000
    0.500000    0.500000    0.000000
    0.500000    0.000000    0.000000
    0.000000    0.500000    0.000000
    0.000000    0.000000    0.500000
  2
    1    2
    1  1  -39.967958    1.000000    0.000000   -1.000000    0.000000
    2  1  -39.963659    1.000000    0.000000   -1.000000    0.000000
    3  1  -39.620478    1.000000    0.000000   -1.000000    0.000000
    4  1  -39.614063    1.000000    0.000000   -1.000000    0.000000
    5  1  -39.535362    1.000000    0.000000   -1.000000    0.000000
    6  1  -39.525354    1.000000    0.000000   -1.000000    0.000000
    7  1  -39.229696    1.000000    0.000000   -1.000000    0.000000
    8  1  -39.212290    1.000000    0.000000   -1.000000    0.000000
    9  1  -39.210852    1.000000    0.000000   -1.000000    0.000000
   10  1  -39.206884    1.000000    0.000000   -1.000000    0.000000
   11  1  -38.780872    1.000000    0.000000   -1.000000    0.000000
   12  1  -38.771511    1.000000    0.000000   -1.000000    0.000000
   13  1  -36.850274    1.000000    0.000000   -1.000000    0.000000
   14  1  -36.839338    1.000000    0.000000   -1.000000    0.000000
   15  1  -36.512942    1.000000    0.000000   -1.000000    0.000000
   16  1  -36.491015    1.000000    0.000000   -1.000000    0.000000
   17  1  -36.445511    1.000000    0.000000   -1.000000    0.000000
   18  1  -36.428184    1.000000    0.000000   -1.000000    0.000000
   19  1  -36.250427    1.000000    0.000000   -1.000000    0.000000
   20  1  -36.238436    1.000000    0.000000   -1.000000    0.000000
   21  1  -36.144279    1.000000    0.000000   -1.000000    0.000000
   22  1  -36.113799    1.000000    0.000000   -1.000000    0.000000
   23  1  -35.842018    1.000000    0.000000   -1.000000    0.000000
   24  1  -35.826666    1.000000    0.000000   -1.000000    0.000000
   25  1  -35.390813    1.000000    0.000000    1.000000    0.000000
   26  1  -35.388019    1.000000    0.000000    1.000000    0.000000
   27  1  -35.380053    1.000000    0.000000    1.000000    0.000000
   28  1  -35.377209    1.000000    0.000000    1.000000    0.000000
   29  1  -16.759684    1.000000    0.000000   -1.000000    0.000000
   30  1  -16.758283    1.000000    0.000000   -1.000000    0.000000
   31  1  -16.717237    1.000000    0.000000   -1.000000    0.000000
   32  1  -16.714612    1.000000    0.000000   -1.000000    0.000000
   33  1  -16.419477    1.000000    0.000000   -1.000000    0.000000
   34  1  -16.417949    1.000000    0.000000   -1.000000    0.000000
   35  1  -16.366476    1.000000    0.000000   -1.000000    0.000000
   36  1  -16.363299    1.000000    0.000000   -1.000000    0.000000
   37  1  -16.335224    1.000000    0.000000   -1.000000    0.000000
   38  1  -16.331606    1.000000    0.000000   -1.000000    0.000000
   39  1  -16.293564    1.000000    0.000000   -1.000000    0.000000
   40  1  -16.288313    1.000000    0.000000   -1.000000    0.000000
   41  1   -8.961372    1.000000    0.000000    1.000000    0.000000
   42  1   -8.920311    1.000000    0.000000    1.000000    0.000000
   43  1   -7.817501    1.000000    0.000000   -1.000000    0.000000
   44  1   -7.785580    1.000000    0.000000   -1.000000    0.000000
   45  1   -7.618394    1.000000    0.000000    1.000000    0.000000
   46  1   -7.603896    1.000000    0.000000    1.000000    0.000000
   47  1   -7.469732    1.000000    0.000000   -1.000000    0.000000
   48  1   -7.429469    1.000000    0.000000   -1.000000    0.000000
   49  1   -7.261552    1.000000    0.000000    1.000000    0.000000
   50  1   -7.255165    1.000000    0.000000    1.000000    0.000000
   51  1   -7.090244    1.000000    0.000000   -1.000000    0.000000
   52  1   -7.056354    1.000000    0.000000   -1.000000    0.000000
   53  1   -7.043661    1.000000    0.000000    1.000000    0.000000
   54  1   -7.040241    1.000000    0.000000    1.000000    0.000000
   55  1   -6.999711    1.000000    0.000000   -1.000000    0.000000
   56  1   -6.964421    1.000000    0.000000   -1.000000    0.000000
   57  1   -1.015886    1.000000    0.000000    1.000000    0.000000
   58  1   -1.009568    1.000000    0.000000    1.000000    0.000000
   59  1   -0.701717    1.000000    0.000000    1.000000    0.000000
   60  1   -0.687896    1.000000    0.000000    1.000000    0.000000
   61  1   -0.515303    1.000000    0.000000    1.000000    0.000000
   62  1   -0.441259    1.000000    0.000000    1.000000    0.000000
   63  1   -0.163024    1.000000    0.000000    1.000000    0.000000
   64  1   -0.085889    1.000000    0.000000    1.000000    0.000000
   65  1    0.306455    1.000000    0.000000   -1.000000    0.000000
   66  1    0.343343    1.000000    0.000000   -1.000000    0.000000
   67  1    0.428764    1.000000    0.000000   -1.000000    0.000000
   68  1    0.456475    1.000000    0.000000   -1.000000    0.000000
   69  1    0.554249    1.000000    0.000000   -1.000000    0.000000
   70  1    0.642927    1.000000    0.000000   -1.000000    0.000000
   71  1    0.749233    1.000000    0.000000    1.000000    0.000000
   72  1    0.916013    1.000000    0.000000    1.000000    0.000000
   73  1    1.311022    1.000000    0.000000    1.000000    0.000000
   74  1    1.389229    1.000000    0.000000    1.000000    0.000000
   75  1    1.429414    1.000000    0.000000    1.000000    0.000000
   76  1    1.611650    1.000000    0.000000    1.000000    0.000000
   77  1    1.669489    1.000000    0.000000    1.000000    0.000000
   78  1    1.955277    1.000000    0.000000    1.000000    0.000000
   79  1    2.004583    1.000000    0.000000    1.000000    0.000000
   80  1    2.009083    1.000000    0.000000    1.000000    0.000000
   81  1    2.082779    1.000000    0.000000    1.000000    0.000000
   82  1    2.279275    1.000000    0.000000    1.000000    0.000000
   83  1    2.287905    1.000000    0.000000   -1.000000    0.000000
   84  1    2.334342    1.000000    0.000000   -1.000000    0.000000
   85  1    2.449615    1.000000    0.000000    1.000000    0.000000
   86  1    2.594823    1.000000    0.000000   -1.000000    0.000000
   87  1    2.634484    1.000000    0.000000   -1.000000    0.000000
   88  1    2.678703    1.000000    0.000000   -1.000000    0.000000
   89  1    2.693405    1.000000    0.000000    1.000000    0.000000
   90  1    2.725294    1.000000    0.000000   -1.000000    0.000000
   91  1    2.742712    1.000000    0.000000    1.000000    0.000000
   92  1    2.782346    1.000000    0.000000   -1.000000    0.000000
   93  1    2.816570    1.000000    0.000000   -1.000000    0.000000
   94  1    2.843681    1.000000    0.000000   -1.000000    0.000000
   95  1    2.875284    1.000000    0.000000   -1.000000    0.000000
   96  1    2.915343    1.000000    0.000000   -1.000000    0.000000
   97  1    2.947361    1.000000    0.000000   -1.000000    0.000000
   98  1    2.972276    1.000000    0.000000    1.000000    0.000000
   99  1    3.060081    1.000000    0.000000    1.000000    0.000000
  100  1    3.079442    1.000000    0.000000    1.000000    0.000000
  101  1    3.589302    1.000000    0.000000    1.000000    0.000000
  102  1    3.609147    1.000000    0.000000    1.000000    0.000000
  103  1    3.744884    1.000000    0.000000    1.000000    0.000000
  104  1    3.760080    1.000000    0.000000    1.000000    0.000000
  105  1    3.916648    1.000000    0.000000    1.000000    0.000000
  106  1    3.936335    1.000000    0.000000    1.000000    0.000000
  107  1    3.991727    1.000000    0.000000    1.000000    0.000000
  108  1    4.106163    1.000000    0.000000    1.000000    0.000000
  109  1    4.128170    1.000000    0.000000    1.000000    0.000000
  110  1    4.232804    1.000000    0.000000    1.000000    0.000000
  111  1    4.257867    1.000000    0.000000   -1.000000    0.000000
  112  1    4.277924    1.000000    0.000000   -1.000000    0.000000
  113  1    4.347288    1.000000    0.000000   -1.000000    0.000000
  114  1    4.370339    1.000000    0.000000   -1.000000    0.000000
  115  1    4.432802    1.000000    0.000000   -1.000000    0.000000
  116  1    4.471024    1.000000    0.000000   -1.000000    0.000000
  117  1    5.131340    1.000000    0.000000    1.000000    0.000000
  118  1    5.262803    1.000000    0.000000    1.000000    0.000000
  119  1    5.702871    1.000000    0.000000    1.000000    0.000000
  120  1    5.828073    1.000000    0.000000    1.000000    0.000000
  121  1    6.088482    1.000000    0.000000    1.000000    0.000000
  122  1    6.157961    1.000000    0.000000    1.000000    0.000000
  123  1    6.224468    1.000000    0.000000    1.000000    0.000000
  124  1    6.275092    1.000000    0.000000    1.000000    0.000000
  125  1    6.329200    1.000000    0.000000    1.000000    0.000000
  126  1    6.478983    1.000000    0.000000    1.000000    0.000000
  127  1    6.510371    1.000000    0.000000    1.000000    0.000000
  128  1    6.738251    1.000000    0.000000    1.000000    0.000000
  129  1    6.813917    1.000000    0.000000    1.000000    0.000000
  130  1    6.866695    1.000000    0.000000    1.000000    0.000000
  131  1    6.896944    1.000000    0.000000    1.000000    0.000000
  132  1    6.986049    1.000000    0.000000    1.000000    0.000000
  133  1    7.009410    1.000000    0.000000    1.000000    0.000000
  134  1    7.066557    1.000000    0.000000    1.000000    0.000000
  135  1    7.103791    1.000000    0.000000    1.000000    0.000000
  136  1    7.141324    1.000000    0.000000    1.000000    0.000000
  137  1    7.285273    1.000000    0.000000    1.000000    0.000000
  138  1    7.603104    1.000000    0.000000    1.000000    0.000000
  139  1    7.666858    1.000000    0.000000    1.000000    0.000000
  140  1    7.785650    1.000000    0.000000    1.000000    0.000000
  141  1    7.992999    1.000000    0.000000    1.000000    0.000000
  142  1    8.395050    1.000000    0.000000    1.000000    0.000000
  143  1    8.491143    1.000000    0.000000    1.000000    0.000000
  144  1    8.505662    1.000000    0.000000    1.000000    0.000000
  145  1    8.515031    1.000000    0.000000    1.000000    0.000000
  146  1    8.606199    1.000000    0.000000    1.000000    0.000000
  147  1    8.700537    1.000000    0.000000    1.000000    0.000000
  148  1    8.845513    1.000000    0.000000    1.000000    0.000000
  149  1    9.179123    1.000000    0.000000    1.000000    0.000000
  150  1    9.290322    1.000000    0.000000    0.999999    0.000000
  151  1    9.361967    1.000000    0.000000    0.999999    0.000000
  152  1    9.464818    1.000000    0.000000    0.999999    0.000000
  153  1    9.476697    1.000000    0.000000   -0.999999    0.000000
  154  1    9.517995    1.000000    0.000000    1.000000    0.000000
  155  1    9.611326    1.000000    0.000000    1.000000    0.000000
  156  1    9.704847    1.000000    0.000000   -0.999991    0.000000
  157  1    9.808363    1.000000    0.000000   -0.999987    0.000000
  158  1    9.905121    1.000000    0.000000    0.999998    0.000000
  159  1    9.914535    1.000000    0.000000    0.999998    0.000000
  160  1    9.923736    1.000000    0.000000    0.999999    0.000000
  161  1    9.930952    1.000000    0.000000   -1.000000    0.000000
  162  1    9.956576    1.000000    0.000000   -0.999981    0.000000
  163  1   10.028828    1.000000    0.000000    0.999999    0.000000
  164  1   10.126411    1.000000    0.000000    1.000000    0.000000
  165  1   10.188464    1.000000    0.000000   -0.999964    0.000000
  166  1   10.235857    1.000000    0.000000   -0.999994    0.000000
  167  1   10.325259    1.000000    0.000000   -0.999957    0.000000
  168  1   10.359939    1.000000    0.000000    0.999990    0.000000
  169  1   10.413468    1.000000    0.000000    0.999231    0.000000
  170  1   10.425224    1.000000    0.000000    0.998009    0.000000
  171  1   10.541578    1.000000    0.000000    0.999996    0.000000
  172  1   10.712582    1.000000    0.000000    0.999994    0.000000
  173  1   10.840996    1.000000    0.000000    0.999913    0.000000
  174  1   10.866176    1.000000    0.000000    0.988358    0.000000
  175  1   10.870438    1.000000    0.000000    0.999590    0.000000
  176  1   10.931136    1.000000    0.000000    0.999985    0.000000
  177  1   11.176263    1.000000    0.000000    0.999749    0.000000
  178  1   11.378072    1.000000    0.000000    0.999237    0.000000
  179  1   11.598355    1.000000    0.000000    0.997646    0.000000
  180  1   11.612878    1.000000    0.000000    0.997935    0.000000
  181  1   11.675725    1.000000    0.000000    0.998663    0.000000
  182  1   11.738083    1.000000    0.000000    0.998211    0.000000
  183  1   11.770410    1.000000    0.000000    0.983546    0.000000
  184  1   12.083495    1.000000    0.000000    0.711202    0.000000
  2
    1    2
    1  1  -39.967948    1.000000    0.000000    1.000000    0.000000
    2  1  -39.963646    1.000000    0.000000    1.000000    0.000000
    3  1  -39.620438    1.000000    0.000000    1.000000    0.000000
    4  1  -39.613975    1.000000    0.000000    1.000000    0.000000
    5  1  -39.535106    1.000000    0.000000   -1.000000    0.000000
    6  1  -39.525590    1.000000    0.000000    1.000000    0.000000
    7  1  -39.229632    1.000000    0.000000    1.000000    0.000000
    8  1  -39.211925    1.000000    0.000000    1.000000    0.000000
    9  1  -39.210244    1.000000    0.000000   -1.000000    0.000000
   10  1  -39.208017    1.000000    0.000000    1.000000    0.000000
   11  1  -38.780385    1.000000    0.000000   -1.000000    0.000000
   12  1  -38.772057    1.000000    0.000000    1.000000    0.000000
   13  1  -36.850239    1.000000    0.000000    1.000000    0.000000
   14  1  -36.839339    1.000000    0.000000    1.000000    0.000000
   15  1  -36.512792    1.000000    0.000000    1.000000    0.000000
   16  1  -36.490917    1.000000    0.000000    1.000000    0.000000
   17  1  -36.445203    1.000000    0.000000    1.000000    0.000000
   18  1  -36.428451    1.000000    0.000000   -1.000000    0.000000
   19  1  -36.250448    1.000000    0.000000    1.000000    0.000000
   20  1  -36.238434    1.000000    0.000000    1.000000    0.000000
   21  1  -36.144390    1.000000    0.000000   -1.000000    0.000000
   22  1  -36.113918    1.000000    0.000000    1.000000    0.000000
   23  1  -35.841721    1.000000    0.000000    1.000000    0.000000
   24  1  -35.827100    1.000000    0.000000   -1.000000    0.000000
   25  1  -35.390650    1.000000    0.000000    1.000000    0.000000
   26  1  -35.387975    1.000000    0.000000    1.000000    0.000000
   27  1  -35.379967    1.000000    0.000000    1.000000    0.000000
   28  1  -35.377189    1.000000    0.000000    1.000000    0.000000
   29  1  -16.759940    1.000000    0.000000   -1.000000    0.000000
   30  1  -16.758561    1.000000    0.000000   -1.000000    0.000000
   31  1  -16.718231    1.000000    0.000000   -1.000000    0.000000
   32  1  -16.715610    1.000000    0.000000   -1.000000    0.000000
   33  1  -16.420017    1.000000    0.000000   -1.000000    0.000000
   34  1  -16.418486    1.000000    0.000000   -1.000000    0.000000
   35  1  -16.367501    1.000000    0.000000   -1.000000    0.000000
   36  1  -16.364325    1.000000    0.000000   -1.000000    0.000000
   37  1  -16.335328    1.000000    0.000000   -1.000000    0.000000
   38  1  -16.331612    1.000000    0.000000   -1.000000    0.000000
   39  1  -16.293882    1.000000    0.000000   -1.000000    0.000000
   40  1  -16.288606    1.000000    0.000000   -1.000000    0.000000
   41  1   -8.577176    1.000000    0.000000   -1.000000    0.000000
   42  1   -8.543916    1.000000    0.000000   -1.000000    0.000000
   43  1   -8.133138    1.000000    0.000000    1.000000    0.000000
   44  1   -8.131231    1.000000    0.000000    1.000000    0.000000
   45  1   -7.777982    1.000000    0.000000    1.000000    0.000000
   46  1   -7.741348    1.000000    0.000000    1.000000    0.000000
   47  1   -7.477464    1.000000    0.000000   -1.000000    0.000000
   48  1   -7.458869    1.000000    0.000000   -1.000000    0.000000
   49  1   -7.276072    1.000000    0.000000    1.000000    0.000000
   50  1   -7.247800    1.000000    0.000000    1.000000    0.000000
   51  1   -7.120130    1.000000    0.000000   -1.000000    0.000000
   52  1   -7.104995    1.000000    0.000000   -1.000000    0.000000
   53  1   -7.053694    1.000000    0.000000   -1.000000    0.000000
   54  1   -7.046111    1.000000    0.000000   -1.000000    0.000000
   55  1   -7.012180    1.000000    0.000000    1.000000    0.000000
   56  1   -6.982625    1.000000    0.000000    1.000000    0.000000
   57  1   -0.387819    1.000000    0.000000   -1.000000    0.000000
   58  1   -0.221217    1.000000    0.000000   -1.000000    0.000000
   59  1   -0.034789    1.000000    0.000000   -1.000000    0.000000
   60  1    0.097162    1.000000    0.000000   -1.000000    0.000000
   61  1    0.117318    1.000000    0.000000    1.000000    0.000000
   62  1    0.141194    1.000000    0.000000   -1.000000    0.000000
   63  1    0.270435    1.000000    0.000000    1.000000    0.000000
   64  1    0.293676    1.000000    0.000000    1.000000    0.000000
   65  1    0.414704    1.000000    0.000000    1.000000    0.000000
   66  1    0.466135    1.000000    0.000000    1.000000    0.000000
   67  1    0.479041    1.000000    0.000000   -1.000000    0.000000
   68  1    0.585027    1.000000    0.000000    1.000000    0.000000
   69  1    0.647154    1.000000    0.000000   -1.000000    0.000000
   70  1    0.791775    1.000000    0.000000   -1.000000    0.000000
   71  1    0.818083    1.000000    0.000000   -1.000000    0.000000
   72  1    0.906417    1.000000    0.000000    1.000000    0.000000
   73  1    1.088402    1.000000    0.000000   -1.000000    0.000000
   74  1    1.149577    1.000000    0.000000    1.000000    0.000000
   75  1    1.332798    1.000000    0.000000   -1.000000    0.000000
   76  1    1.402538    1.000000    0.000000   -1.000000    0.000000
   77  1    1.440852    1.000000    0.000000    1.000000    0.000000
   78  1    1.493750    1.000000    0.000000   -1.000000    0.000000
   79  1    1.544260    1.000000    0.000000   -1.000000    0.000000
   80  1    1.555658    1.000000    0.000000    1.000000    0.000000
   81  1    1.623859    1.000000    0.000000   -1.000000    0.000000
   82  1    1.708432    1.000000    0.000000    1.000000    0.000000
   83  1    1.827112    1.000000    0.000000    1.000000    0.000000
   84  1    1.976180    1.000000    0.000000    1.000000    0.000000
   85  1    2.088210    1.000000    0.000000    1.000000    0.000000
   86  1    2.132790    1.000000    0.000000   -1.000000    0.000000
   87  1    2.192700    1.000000    0.000000   -1.000000    0.000000
   88  1    2.212925    1.000000    0.000000    1.000000    0.000000
   89  1    2.223339    1.000000    0.000000   -1.000000    0.000000
   90  1    2.231710    1.000000    0.000000   -1.000000    0.000000
   91  1    2.296104    1.000000    0.000000    1.000000    0.000000
   92  1    2.322921    1.000000    0.000000    1.000000    0.000000
   93  1    2.531189    1.000000    0.000000    1.000000    0.000000
   94  1    2.585234    1.000000    0.000000    1.000000    0.000000
   95  1    2.661178    1.000000    0.000000    1.000000    0.000000
   96  1    2.706993    1.000000    0.000000   -1.000000    0.000000
   97  1    2.730071    1.000000    0.000000   -1.000000    0.000000
   98  1    2.819697    1.000000    0.000000   -1.000000    0.000000
   99  1    3.341774    1.000000    0.000000    1.000000    0.000000
  100  1    3.357765    1.000000    0.000000   -1.000000    0.000000
  101  1    3.440285    1.000000    0.000000   -1.000000    0.000000
  102  1    3.489477    1.000000    0.000000    1.000000    0.000000
  103  1    3.505189    1.000000    0.000000   -1.000000    0.000000
  104  1    3.606765    1.000000    0.000000   -1.000000    0.000000
  105  1    3.617488    1.000000    0.000000   -1.000000    0.000000
  106  1    3.869408    1.000000    0.000000    1.000000    0.000000
  107  1    3.913947    1.000000    0.000000   -1.000000    0.000000
  108  1    3.981362    1.000000    0.000000    1.000000    0.000000
  109  1    3.988665    1.000000    0.000000   -1.000000    0.000000
  110  1    4.069658    1.000000    0.000000   -1.000000    0.000000
  111  1    4.225718    1.000000    0.000000    1.000000    0.000000
  112  1    4.251227    1.000000    0.000000   -1.000000    0.000000
  113  1    4.270665    1.000000    0.000000    1.000000    0.000000
  114  1    4.494937    1.000000    0.000000   -1.000000    0.000000
  115  1    4.517907    1.000000    0.000000    1.000000    0.000000
  116  1    4.707242    1.000000    0.000000   -1.000000    0.000000
  117  1    5.837590    1.000000    0.000000   -1.000000    0.000000
  118  1    5.986926    1.000000    0.000000   -1.000000    0.000000
  119  1    6.032558    1.000000    0.000000   -1.000000    0.000000
  120  1    6.311944    1.000000    0.000000   -1.000000    0.000000
  121  1    6.332502    1.000000    0.000000   -1.000000    0.000000
  122  1    6.396432    1.000000    0.000000   -1.000000    0.000000
  123  1    6.400747    1.000000    0.000000   -1.000000    0.000000
  124  1    6.426895    1.000000    0.000000    1.000000    0.000000
  125  2    6.453944    2.000000    0.000000    0.000000    0.000000
  127  1    6.561537    1.000000    0.000000    1.000000    0.000000
  128  1    6.693999    1.000000    0.000000   -1.000000    0.000000
  129  1    6.698311    1.000000    0.000000   -1.000000    0.000000
  130  1    6.753100    1.000000    0.000000    1.000000    0.000000
  131  1    6.776710    1.000000    0.000000   -1.000000    0.000000
  132  1    6.827370    1.000000    0.000000   -1.000000    0.000000
  133  1    6.840867    1.000000    0.000000   -1.000000    0.000000
  134  1    6.905768    1.000000    0.000000   -1.000000    0.000000
  135  1    6.987399    1.000000    0.000000    1.000000    0.000000
  136  1    7.218606    1.000000    0.000000   -1.000000    0.000000
  137  1    7.775009    1.000000    0.000000    1.000000    0.000000
  138  1    7.783516    1.000000    0.000000   -1.000000    0.000000
  139  1    7.814810    1.000000    0.000000   -1.000000    0.000000
  140  1    7.843320    1.000000    0.000000    1.000000    0.000000
  141  1    7.928493    1.000000    0.000000    1.000000    0.000000
  142  1    7.954844    1.000000    0.000000    1.000000    0.000000
  143  1    7.967857    1.000000    0.000000   -1.000000    0.000000
  144  1    8.057788    1.000000    0.000000   -1.000000    0.000000
  145  1    8.253990    1.000000    0.000000   -1.000000    0.000000
  146  1    8.262385    1.000000    0.000000   -1.000000    0.000000
  147  1    8.658889    1.000000    0.000000    1.000000    0.000000
  148  1    8.854171    1.000000    0.000000    1.000000    0.000000
  149  1    8.890839    1.000000    0.000000    1.000000    0.000000
  150  1    9.035803    1.000000    0.000000    1.000000    0.000000
  151  1    9.143365    1.000000    0.000000    1.000000    0.000000
  152  1    9.356931    1.000000    0.000000    1.000000    0.000000
  153  1    9.501222    1.000000    0.000000    0.999999    0.000000
  154  1    9.632587    1.000000    0.000000    0.999998    0.000000
  155  1    9.959142    1.000000    0.000000    1.000000    0.000000
  156  1   10.037225    1.000000    0.000000    1.000000    0.000000
  157  1   10.364416    1.000000    0.000000    0.999885    0.000000
  158  1   10.378054    1.000000    0.000000   -0.999050    0.000000
  159  1   10.400108    1.000000    0.000000   -0.997054    0.000000
  160  1   10.448351    1.000000    0.000000    0.999989    0.000000
  161  1   10.494484    1.000000    0.000000   -0.996324    0.000000
  162  1   10.495855    1.000000    0.000000    0.993211    0.000000
  163  1   10.534883    1.000000    0.000000    0.999704    0.000000
  164  1   10.542191    1.000000    0.000000    0.999775    0.000000
  165  1   10.646780    1.000000    0.000000    0.999869    0.000000
  166  1   10.698153    1.000000    0.000000    0.999954    0.000000
  167  1   10.744469    1.000000    0.000000    0.999849    0.000000
  168  1   10.789086    1.000000    0.000000   -0.998465    0.000000
  169  1   10.821229    1.000000    0.000000   -0.229715    0.000000
  170  1   10.845574    1.000000    0.000000   -0.647675    0.000000
  171  1   10.944651    1.000000    0.000000    0.657929    0.000000
  172  1   10.987525    1.000000    0.000000   -0.125314    0.000000
  173  1   11.020150    1.000000    0.000000   -0.511579    0.000000
  174  1   11.163185    1.000000    0.000000    0.999686    0.000000
  175  1   11.402369    1.000000    0.000000   -0.918718    0.000000
  176  1   11.518641    1.000000    0.000000   -0.998792    0.000000
  177  1   11.578325    1.000000    0.000000    0.992075    0.000000
  178  1   11.750297    1.000000    0.000000   -0.965416    0.000000
  179  1   11.779677    1.000000    0.000000    0.968755    0.000000
  180  1   11.900721    1.000000    0.000000    0.987252    0.000000
  181  1   12.064540    1.000000    0.000000   -0.966850    0.000000
  182  1   12.112732    1.000000    0.000000    0.950836    0.000000
  183  1   12.607706    1.000000    0.000000   -0.452580    0.000000
  184  1   12.707176    1.000000    0.000000   -0.789042    0.000000
  2
    1    2
    1  1  -39.967939    1.000000    0.000000   -1.000000    0.000000
    2  1  -39.963613    1.000000    0.000000   -1.000000    0.000000
    3  1  -39.620435    1.000000    0.000000   -1.000000    0.000000
    4  1  -39.613928    1.000000    0.000000   -1.000000    0.000000
    5  1  -39.535376    1.000000    0.000000    1.000000    0.000000
    6  1  -39.525363    1.000000    0.000000    1.000000    0.000000
    7  1  -39.229501    1.000000    0.000000    1.000000    0.000000
    8  1  -39.212149    1.000000    0.000000   -1.000000    0.000000
    9  1  -39.210177    1.000000    0.000000    1.000000    0.000000
   10  1  -39.208022    1.000000    0.000000   -1.000000    0.000000
   11  1  -38.780893    1.000000    0.000000    1.000000    0.000000
   12  1  -38.771561    1.000000    0.000000    1.000000    0.000000
   13  1  -36.850189    1.000000    0.000000   -1.000000    0.000000
   14  1  -36.839288    1.000000    0.000000   -1.000000    0.000000
   15  1  -36.512679    1.000000    0.000000   -1.000000    0.000000
   16  1  -36.490902    1.000000    0.000000   -1.000000    0.000000
   17  1  -36.445501    1.000000    0.000000    1.000000    0.000000
   18  1  -36.428236    1.000000    0.000000    1.000000    0.000000
   19  1  -36.250485    1.000000    0.000000   -1.000000    0.000000
   20  1  -36.238408    1.000000    0.000000   -1.000000    0.000000
   21  1  -36.144484    1.000000    0.000000    1.000000    0.000000
   22  1  -36.113915    1.000000    0.000000    1.000000    0.000000
   23  1  -35.842108    1.000000    0.000000    1.000000    0.000000
   24  1  -35.826776    1.000000    0.000000    1.000000    0.000000
   25  1  -35.390583    1.000000    0.000000    1.000000    0.000000
   26  1  -35.387963    1.000000    0.000000    1.000000    0.000000
   27  1  -35.379975    1.000000    0.000000    1.000000    0.000000
   28  1  -35.377199    1.000000    0.000000    1.000000    0.000000
   29  1  -16.760046    1.000000    0.000000   -1.000000    0.000000
   30  1  -16.758654    1.000000    0.000000   -1.000000    0.000000
   31  1  -16.718186    1.000000    0.000000   -1.000000    0.000000
   32  1  -16.715543    1.000000    0.000000   -1.000000    0.000000
   33  1  -16.420101    1.000000    0.000000   -1.000000    0.000000
   34  1  -16.418580    1.000000    0.000000   -1.000000    0.000000
   35  1  -16.367287    1.000000    0.000000   -1.000000    0.000000
   36  1  -16.364042    1.000000    0.000000   -1.000000    0.000000
   37  1  -16.335182    1.000000    0.000000   -1.000000    0.000000
   38  1  -16.331374    1.000000    0.000000   -1.000000    0.000000
   39  1  -16.294074    1.000000    0.000000   -1.000000    0.000000
   40  1  -16.288739    1.000000    0.000000   -1.000000    0.000000
   41  1   -8.516055    1.000000    0.000000    1.000000    0.000000
   42  1   -8.499607    1.000000    0.000000    1.000000    0.000000
   43  1   -8.194044    1.000000    0.000000   -1.000000    0.000000
   44  1   -8.178964    1.000000    0.000000   -1.000000    0.000000
   45  1   -7.589968    1.000000    0.000000   -1.000000    0.000000
   46  1   -7.567753    1.000000    0.000000   -1.000000    0.000000
   47  1   -7.511384    1.000000    0.000000    1.000000    0.000000
   48  1   -7.480996    1.000000    0.000000    1.000000    0.000000
   49  1   -7.360145    1.000000    0.000000   -1.000000    0.000000
   50  1   -7.337425    1.000000    0.000000   -1.000000    0.000000
   51  1   -7.243882    1.000000    0.000000    1.000000    0.000000
   52  1   -7.230933    1.000000    0.000000    1.000000    0.000000
   53  1   -7.221502    1.000000    0.000000    1.000000    0.000000
   54  1   -7.198765    1.000000    0.000000    1.000000    0.000000
   55  1   -6.824631    1.000000    0.000000   -1.000000    0.000000
   56  1   -6.801688    1.000000    0.000000   -1.000000    0.000000
   57  1   -0.345405    1.000000    0.000000    1.000000    0.000000
   58  1   -0.294434    1.000000    0.000000    1.000000    0.000000
   59  1   -0.040460    1.000000    0.000000    1.000000    0.000000
   60  1    0.015288    1.000000    0.000000    1.000000    0.000000
   61  1    0.276406    1.000000    0.000000   -1.000000    0.000000
   62  1    0.426095    1.000000    0.000000    1.000000    0.000000
   63  1    0.482665    1.000000    0.000000   -1.000000    0.000000
   64  1    0.540963    1.000000    0.000000   -1.000000    0.000000
   65  1    0.654029    1.000000    0.000000   -1.000000    0.000000
   66  1    0.658068    1.000000    0.000000    1.000000    0.000000
   67  1    0.679933    1.000000    0.000000   -1.000000    0.000000
   68  1    0.786356    1.000000    0.000000    1.000000    0.000000
   69  1    0.824921    1.000000    0.000000   -1.000000    0.000000
   70  1    0.905300    1.000000    0.000000    1.000000    0.000000
   71  1    0.929257    1.000000    0.000000   -1.000000    0.000000
   72  1    0.982305    1.000000    0.000000   -1.000000    0.000000
   73  1    1.079203    1.000000    0.000000   -1.000000    0.000000
   74  1    1.083711    1.000000    0.000000    1.000000    0.000000
   75  1    1.215366    1.000000    0.000000    1.000000    0.000000
   76  1    1.266344    1.000000    0.000000    1.000000    0.000000
   77  1    1.271175    1.000000    0.000000   -1.000000    0.000000
   78  1    1.281719    1.000000    0.000000    1.000000    0.000000
   79  1    1.297839    1.000000    0.000000   -1.000000    0.000000
   80  1    1.494662    1.000000    0.000000    1.000000    0.000000
   81  1    1.530318    1.000000    0.000000   -1.000000    0.000000
   82  1    1.608944    1.000000    0.000000    1.000000    0.000000
   83  1    1.670090    1.000000    0.000000    1.000000    0.000000
   84  1    1.678918    1.000000    0.000000   -1.000000    0.000000
   85  1    1.726985    1.000000    0.000000    1.000000    0.000000
   86  1    1.955261    1.000000    0.000000   -1.000000    0.000000
   87  1    1.963299    1.000000    0.000000    1.000000    0.000000
   88  1    1.988980    1.000000    0.000000   -1.000000    0.000000
   89  1    2.055329    1.000000    0.000000    1.000000    0.000000
   90  1    2.401926    1.000000    0.000000   -1.000000    0.000000
   91  1    2.523930    1.000000    0.000000    1.000000    0.000000
   92  1    2.542259    1.000000    0.000000   -1.000000    0.000000
   93  1    2.672049    1.000000    0.000000   -1.000000    0.000000
   94  1    2.675349    1.000000    0.000000    1.000000    0.000000
   95  1    2.698913    1.000000    0.000000   -1.000000    0.000000
   96  1    2.769952    1.000000    0.000000    1.000000    0.000000
   97  1    2.777476    1.000000    0.000000   -1.000000    0.000000
   98  1    2.795739    1.000000    0.000000   -1.000000    0.000000
   99  1    3.140023    1.000000    0.000000   -1.000000    0.000000
  100  1    3.229377    1.000000    0.000000    1.000000    0.000000
  101  1    3.328384    1.000000    0.000000   -1.000000    0.000000
  102  1    3.511551    1.000000    0.000000    1.000000    0.000000
  103  1    3.585878    1.000000    0.000000    1.000000    0.000000
  104  1    3.608480    1.000000    0.000000    1.000000    0.000000
  105  1    3.616190    1.000000    0.000000   -1.000000    0.000000
  106  1    3.703640    1.000000    0.000000    1.000000    0.000000
  107  1    3.857060    1.000000    0.000000    1.000000    0.000000
  108  1    3.946042    1.000000    0.000000   -1.000000    0.000000
  109  1    4.019215    1.000000    0.000000   -1.000000    0.000000
  110  1    4.212683    1.000000    0.000000   -1.000000    0.000000
  111  1    4.310773    1.000000    0.000000    1.000000    0.000000
  112  1    4.539872    1.000000    0.000000   -1.000000    0.000000
  113  1    4.582664    1.000000    0.000000    1.000000    0.000000
  114  1    4.625289    1.000000    0.000000   -1.000000    0.000000
  115  1    4.667305    1.000000    0.000000    1.000000    0.000000
  116  1    4.714337    1.000000    0.000000   -1.000000    0.000000
  117  1    5.381275    1.000000    0.000000    1.000000    0.000000
  118  1    5.536084    1.000000    0.000000    1.000000    0.000000
  119  1    5.640084    1.000000    0.000000    1.000000    0.000000
  120  1    5.680879    1.000000    0.000000    1.000000    0.000000
  121  1    5.940498    1.000000    0.000000    1.000000    0.000000
  122  1    5.960227    1.000000    0.000000   -1.000000    0.000000
  123  1    6.069248    1.000000    0.000000   -1.000000    0.000000
  124  1    6.394833    1.000000    0.000000    1.000000    0.000000
  125  1    6.400534    1.000000    0.000000   -1.000000    0.000000
  126  1    6.519930    1.000000    0.000000    1.000000    0.000000
  127  1    6.712592    1.000000    0.000000   -1.000000    0.000000
  128  1    6.745652    1.000000    0.000000    1.000000    0.000000
  129  1    6.749849    1.000000    0.000000    1.000000    0.000000
  130  1    6.914055    1.000000    0.000000    1.000000    0.000000
  131  1    6.930502    1.000000    0.000000   -1.000000    0.000000
  132  1    6.973267    1.000000    0.000000   -1.000000    0.000000
  133  2    7.011757    2.000000    0.000000    0.000000    0.000000
  135  1    7.027435    1.000000    0.000000   -1.000000    0.000000
  136  1    7.059371    1.000000    0.000000   -1.000000    0.000000
  137  1    7.090415    1.000000    0.000000    1.000000    0.000000
  138  1    7.288903    1.000000    0.000000   -1.000000    0.000000
  139  1    7.364658    1.000000    0.000000    1.000000    0.000000
  140  1    7.566018    1.000000    0.000000   -1.000000    0.000000
  141  1    7.592428    1.000000    0.000000    1.000000    0.000000
  142  1    7.764668    1.000000    0.000000   -1.000000    0.000000
  143  1    8.005767    1.000000    0.000000    1.000000    0.000000
  144  1    8.357519    1.000000    0.000000   -1.000000    0.000000
  145  1    8.505510    1.000000    0.000000   -1.000000    0.000000
  146  1    8.672342    1.000000    0.000000    1.000000    0.000000
  147  1    8.999840    1.000000    0.000000    1.000000    0.000000
  148  1    9.113281    1.000000    0.000000    1.000000    0.000000
  149  1    9.206074    1.000000    0.000000    1.000000    0.000000
  150  1    9.364046    1.000000    0.000000    1.000000    0.000000
  151  1    9.366114    1.000000    0.000000    1.000000    0.000000
  152  1    9.412743    1.000000    0.000000    1.000000    0.000000
  153  1    9.540354    1.000000    0.000000    1.000000    0.000000
  154  1    9.573912    1.000000    0.000000    1.000000    0.000000
  155  1    9.583346    1.000000    0.000000    1.000000    0.000000
  156  1    9.703229    1.000000    0.000000    1.000000    0.000000
  157  1    9.938946    1.000000    0.000000    1.000000    0.000000
  158  1    9.980315    1.000000    0.000000    1.000000    0.000000
  159  1   10.405829    1.000000    0.000000    0.999908    0.000000
  160  1   10.407981    1.000000    0.000000    0.999590    0.000000
  161  1   10.528640    1.000000    0.000000   -0.999985    0.000000
  162  1   10.678932    1.000000    0.000000    0.999999    0.000000
  163  1   10.714935    1.000000    0.000000    0.999997    0.000000
  164  1   10.815247    1.000000    0.000000   -0.999352    0.000000
  165  1   10.829465    1.000000    0.000000    0.999602    0.000000
  166  1   10.835741    1.000000    0.000000   -0.997978    0.000000
  167  1   10.930035    1.000000    0.000000   -0.999755    0.000000
  168  1   11.011698    1.000000    0.000000   -0.999994    0.000000
  169  1   11.127686    1.000000    0.000000    0.999998    0.000000
  170  1   11.186856    1.000000    0.000000   -0.999999    0.000000
  171  1   11.626550    1.000000    0.000000    0.999985    0.000000
  172  1   11.680170    1.000000    0.000000    0.999987    0.000000
  173  1   11.862641    1.000000    0.000000   -0.999214    0.000000
  174  1   11.964278    1.000000    0.000000    0.999818    0.000000
  175  1   12.254391    1.000000    0.000000   -0.988008    0.000000
  176  1   12.349447    1.000000    0.000000    0.926999    0.000000
  177  1   12.475820    1.000000    0.000000   -0.878811    0.000000
  178  1   12.494568    1.000000    0.000000   -0.801272    0.000000
  179  1   12.519332    1.000000    0.000000    0.820676    0.000000
  180  1   12.744603    1.000000    0.000000    0.657158    0.000000
  181  1   12.903446    1.000000    0.000000   -0.773150    0.000000
  182  1   12.992213    1.000000    0.000000   -0.920996    0.000000
  183  1   13.038298    1.000000    0.000000   -0.836206    0.000000
  184  1   13.087152    1.000000    0.000000   -0.803099    0.000000
  2
    1    2
    1  1  -39.967419    1.000000    0.000000    1.000000    0.000000
    2  1  -39.964139    1.000000    0.000000   -1.000000    0.000000
    3  1  -39.620291    1.000000    0.000000   -1.000000    0.000000
    4  1  -39.614158    1.000000    0.000000    1.000000    0.000000
    5  1  -39.535104    1.000000    0.000000    1.000000    0.000000
    6  1  -39.525614    1.000000    0.000000   -1.000000    0.000000
    7  1  -39.229431    1.000000    0.000000   -1.000000    0.000000
    8  1  -39.211799    1.000000    0.000000    1.000000    0.000000
    9  1  -39.210023    1.000000    0.000000    1.000000    0.000000
   10  1  -39.208522    1.000000    0.000000   -1.000000    0.000000
   11  1  -38.780385    1.000000    0.000000    1.000000    0.000000
   12  1  -38.772076    1.000000    0.000000   -1.000000    0.000000
   13  1  -36.849819    1.000000    0.000000   -1.000000    0.000000
   14  1  -36.839685    1.000000    0.000000    1.000000    0.000000
   15  1  -36.512766    1.000000    0.000000    1.000000    0.000000
   16  1  -36.491001    1.000000    0.000000   -1.000000    0.000000
   17  1  -36.445252    1.000000    0.000000   -1.000000    0.000000
   18  1  -36.428450    1.000000    0.000000    1.000000    0.000000
   19  1  -36.250321    1.000000    0.000000   -1.000000    0.000000
   20  1  -36.238609    1.000000    0.000000    1.000000    0.000000
   21  1  -36.144261    1.000000    0.000000    1.000000    0.000000
   22  1  -36.113928    1.000000    0.000000   -1.000000    0.000000
   23  1  -35.841751    1.000000    0.000000   -1.000000    0.000000
   24  1  -35.827133    1.000000    0.000000    1.000000    0.000000
   25  2  -35.385331    2.000000    0.000000    0.000000    0.000000
   27  2  -35.382611    2.000000    0.000000    0.000000    0.000000
   29  1  -16.734240    1.000000    0.000000    1.000000    0.000000
   30  1  -16.732598    1.000000    0.000000   -1.000000    0.000000
   31  1  -16.730611    1.000000    0.000000   -1.000000    0.000000
   32  1  -16.728848    1.000000    0.000000    1.000000    0.000000
   33  2  -16.388260    2.000000    0.000000    0.000000    0.000000
   35  2  -16.384798    2.000000    0.000000    0.000000    0.000000
   37  2  -16.329054    2.000000    0.000000    0.000000    0.000000
   39  2  -16.323938    2.000000    0.000000    0.000000    0.000000
   41  2   -8.364478    2.000000    0.000000    0.000000    0.000000
   43  2   -8.347495    2.000000    0.000000    0.000000    0.000000
   45  2   -7.645480    2.000000    0.000000    0.000000    0.000000
   47  2   -7.620072    2.000000    0.000000    0.000000    0.000000
   49  2   -7.177364    2.000000    0.000000    0.000000    0.000000
   51  2   -7.155566    2.000000    0.000000    0.000000    0.000000
   53  2   -7.038394    2.000000    0.000000    0.000000    0.000000
   55  2   -7.016918    2.000000    0.000000    0.000000    0.000000
   57  2   -0.168247    2.000000    0.000000    0.000000    0.000000
   59  2    0.132248    2.000000    0.000000    0.000000    0.000000
   61  2    0.256298    2.000000    0.000000    0.000000    0.000000
   63  2    0.405890    2.000000    0.000000    0.000000    0.000000
   65  2    0.619409    2.000000    0.000000    0.000000    0.000000
   67  2    0.667181    2.000000    0.000000    0.000000    0.000000
   69  2    0.747114    2.000000    0.000000    0.000000    0.000000
   71  2    0.757440    2.000000    0.000000    0.000000    0.000000
   73  2    0.982175    2.000000    0.000000    0.000000    0.000000
   75  2    1.083052    2.000000    0.000000    0.000000    0.000000
   77  2    1.283885    2.000000    0.000000    0.000000    0.000000
   79  1    1.555387    1.000000    0.000000   -1.000000    0.000000
   80  1    1.557077    1.000000    0.000000    1.000000    0.000000
   81  1    1.599207    1.000000    0.000000    1.000000    0.000000
   82  1    1.600261    1.000000    0.000000   -1.000000    0.000000
   83  1    1.692720    1.000000    0.000000    1.000000    0.000000
   84  1    1.693957    1.000000    0.000000   -1.000000    0.000000
   85  1    2.027384    1.000000    0.000000   -1.000000    0.000000
   86  1    2.029039    1.000000    0.000000    1.000000    0.000000
   87  1    2.093244    1.000000    0.000000    1.000000    0.000000
   88  1    2.094324    1.000000    0.000000   -1.000000    0.000000
   89  2    2.146614    2.000000    0.000000    0.000000    0.000000
   91  2    2.467635    2.000000    0.000000    0.000000    0.000000
   93  2    2.665907    2.000000    0.000000    0.000000    0.000000
   95  2    2.748826    2.000000    0.000000    0.000000    0.000000
   97  2    2.847637    2.000000    0.000000    0.000000    0.000000
   99  2    3.455230    2.000000    0.000000    0.000000    0.000000
  101  2    3.515917    2.000000    0.000000    0.000000    0.000000
  103  2    3.568174    2.000000    0.000000    0.000000    0.000000
  105  2    3.687312    2.000000    0.000000    0.000000    0.000000
  107  2    3.841890    2.000000    0.000000    0.000000    0.000000
  109  1    3.968470    1.000000    0.000000    1.000000    0.000000
  110  1    3.969746    1.000000    0.000000   -1.000000    0.000000
  111  2    4.354905    2.000000    0.000000    0.000000    0.000000
  113  2    4.620851    2.000000    0.000000    0.000000    0.000000
  115  2    4.755115    2.000000    0.000000    0.000000    0.000000
  117  2    5.450185    2.000000    0.000000    0.000000    0.000000
  119  2    5.902967    2.000000    0.000000    0.000000    0.000000
  121  2    6.023500    2.000000    0.000000    0.000000    0.000000
  123  2    6.071757    2.000000    0.000000    0.000000    0.000000
  125  2    6.485588    2.000000    0.000000    0.000000    0.000000
  127  1    6.660192    1.000000    0.000000    1.000000    0.000000
  128  1    6.668643    1.000000    0.000000   -1.000000    0.000000
  129  1    6.708401    1.000000    0.000000   -1.000000    0.000000
  130  1    6.716506    1.000000    0.000000    1.000000    0.000000
  131  2    6.903273    2.000000    0.000000    0.000000    0.000000
  133  2    7.021350    2.000000    0.000000    0.000000    0.000000
  135  2    7.157174    2.000000    0.000000    0.000000    0.000000
  137  2    7.253908    2.000000    0.000000    0.000000    0.000000
  139  2    7.453964    2.000000    0.000000    0.000000    0.000000
  141  2    7.681301    2.000000    0.000000    0.000000    0.000000
  143  2    8.359458    2.000000    0.000000    0.000000    0.000000
  145  2    9.024460    2.000000    0.000000    0.000000    0.000000
  147  2    9.119266    2.000000    0.000000    0.000000    0.000000
  149  2    9.132512    2.000000    0.000000    0.000000    0.000000
  151  2    9.412236    2.000000    0.000000    0.000000    0.000000
  153  2    9.450582    2.000000    0.000000    0.000000    0.000000
  155  2    9.456628    2.000000    0.000000    0.000000    0.000000
  157  2    9.515035    2.000000    0.000000    0.000000    0.000000
  159  2    9.721128    2.000000    0.000000    0.000000    0.000000
  161  1   10.405871    1.000000    0.000000    0.568471    0.000000
  162  1   10.407249    1.000000    0.000000   -0.567714    0.000000
  163  1   10.821667    1.000000    0.000000   -0.982610    0.000000
  164  1   10.826685    1.000000    0.000000    0.980739    0.000000
  165  2   11.188828    2.000000    0.000000   -0.000151    0.000000
  167  2   11.349385    2.000000    0.000000    0.000028    0.000000
  169  2   11.537459    2.000000    0.000000    0.000030    0.000000
  171  2   11.648176    2.000000    0.000000   -0.000081    0.000000
  173  1   11.707299    1.000000    0.000000   -0.790258    0.000000
  174  1   11.708484    1.000000    0.000000    0.790258    0.000000
  175  2   12.003478    2.000000    0.000000   -0.000095    0.000000
  177  1   12.277837    1.000000    0.000000    0.006385    0.000000
  178  1   12.291039    1.000000    0.000000   -0.006541    0.000000
  179  1   12.578360    1.000000    0.000000   -0.167571    0.000000
  180  1   12.580550    1.000000    0.000000    0.168640    0.000000
  181  1   12.762323    1.000000    0.000000    0.954270    0.000000
  182  1   12.910582    1.000000    0.000000   -0.913551    0.000000
  183  1   13.151799    1.000000    0.000000    0.667635    0.000000
  184  1   13.234864    1.000000    0.000000   -0.437438    0.000000
  2
    1    2
    1  1  -39.967432    1.000000    0.000000    1.000000    0.000000
    2  1  -39.964134    1.000000    0.000000   -1.000000    0.000000
    3  1  -39.620327    1.000000    0.000000   -1.000000    0.000000
    4  1  -39.614126    1.000000    0.000000    1.000000    0.000000
    5  1  -39.535088    1.000000    0.000000   -1.000000    0.000000
    6  1  -39.525571    1.000000    0.000000    1.000000    0.000000
    7  1  -39.229625    1.000000    0.000000    1.000000    0.000000
    8  2  -39.211521    2.000000    0.000000    0.000000    0.000000
   10  1  -39.207245    1.000000    0.000000   -1.000000    0.000000
   11  1  -38.780367    1.000000    0.000000   -1.000000    0.000000
   12  1  -38.772083    1.000000    0.000000    1.000000    0.000000
   13  1  -36.849812    1.000000    0.000000   -1.000000    0.000000
   14  1  -36.839714    1.000000    0.000000    1.000000    0.000000
   15  1  -36.512721    1.000000    0.000000    1.000000    0.000000
   16  1  -36.491072    1.000000    0.000000   -1.000000    0.000000
   17  1  -36.445140    1.000000    0.000000    1.000000    0.000000
   18  1  -36.428452    1.000000    0.000000   -1.000000    0.000000
   19  1  -36.250373    1.000000    0.000000   -1.000000    0.000000
   20  1  -36.238601    1.000000    0.000000    1.000000    0.000000
   21  1  -36.144329    1.000000    0.000000   -1.000000    0.000000
   22  1  -36.113910    1.000000    0.000000    1.000000    0.000000
   23  1  -35.841731    1.000000    0.000000    1.000000    0.000000
   24  1  -35.827118    1.000000    0.000000   -1.000000    0.000000
   25  2  -35.385339    2.000000    0.000000    0.000000    0.000000
   27  2  -35.382610    2.000000    0.000000    0.000000    0.000000
   29  1  -16.734240    1.000000    0.000000    1.000000    0.000000
   30  1  -16.732598    1.000000    0.000000   -1.000000    0.000000
   31  1  -16.730612    1.000000    0.000000   -1.000000    0.000000
   32  1  -16.728847    1.000000    0.000000    1.000000    0.000000
   33  2  -16.388250    2.000000    0.000000    0.000000    0.000000
   35  2  -16.384790    2.000000    0.000000    0.000000    0.000000
   37  2  -16.329043    2.000000    0.000000    0.000000    0.000000
   39  2  -16.323957    2.000000    0.000000    0.000000    0.000000
   41  2   -8.364475    2.000000    0.000000    0.000000    0.000000
   43  2   -8.347497    2.000000    0.000000    0.000000    0.000000
   45  2   -7.645480    2.000000    0.000000    0.000000    0.000000
   47  2   -7.620072    2.000000    0.000000    0.000000    0.000000
   49  2   -7.177361    2.000000    0.000000    0.000000    0.000000
   51  2   -7.155569    2.000000    0.000000    0.000000    0.000000
   53  2   -7.038395    2.000000    0.000000    0.000000    0.000000
   55  2   -7.016916    2.000000    0.000000    0.000000    0.000000
   57  2   -0.168245    2.000000    0.000000    0.000000    0.000000
   59  2    0.132232    2.000000    0.000000    0.000000    0.000000
   61  2    0.256326    2.000000    0.000000    0.000000    0.000000
   63  2    0.405883    2.000000    0.000000    0.000000    0.000000
   65  2    0.619770    2.000000    0.000000    0.000000    0.000000
   67  2    0.667214    2.000000    0.000000    0.000000    0.000000
   69  1    0.746303    1.000000    0.000000   -1.000000    0.000000
   70  1    0.747998    1.000000    0.000000    1.000000    0.000000
   71  2    0.757801    2.000000    0.000000    0.000000    0.000000
   73  2    0.981737    2.000000    0.000000    0.000000    0.000000
   75  2    1.083076    2.000000    0.000000    0.000000    0.000000
   77  2    1.283844    2.000000    0.000000    0.000000    0.000000
   79  2    1.556369    2.000000    0.000000    0.000000    0.000000
   81  2    1.599135    2.000000    0.000000    0.000000    0.000000
   83  2    1.693368    2.000000    0.000000    0.000000    0.000000
   85  2    2.028881    2.000000    0.000000    0.000000    0.000000
   87  2    2.092959    2.000000    0.000000    0.000000    0.000000
   89  2    2.146535    2.000000    0.000000    0.000000    0.000000
   91  2    2.467674    2.000000    0.000000    0.000000    0.000000
   93  2    2.666118    2.000000    0.000000    0.000000    0.000000
   95  2    2.748770    2.000000    0.000000    0.000000    0.000000
   97  2    2.847615    2.000000    0.000000    0.000000    0.000000
   99  2    3.458222    2.000000    0.000000    0.000000    0.000000
  101  1    3.511639    1.000000    0.000000    1.000000    0.000000
  102  1    3.513027    1.000000    0.000000   -1.000000    0.000000
  103  2    3.567831    2.000000    0.000000    0.000000    0.000000
  105  2    3.688586    2.000000    0.000000    0.000000    0.000000
  107  2    3.841859    2.000000    0.000000    0.000000    0.000000
  109  2    3.968787    2.000000    0.000000    0.000000    0.000000
  111  2    4.355066    2.000000    0.000000    0.000000    0.000000
  113  2    4.620038    2.000000    0.000000    0.000000    0.000000
  115  2    4.755995    2.000000    0.000000    0.000000    0.000000
  117  2    5.449973    2.000000    0.000000    0.000000    0.000000
  119  2    5.904106    2.000000    0.000000    0.000000    0.000000
  121  2    6.022665    2.000000    0.000000    0.000000    0.000000
  123  2    6.071511    2.000000    0.000000    0.000000    0.000000
  125  2    6.485252    2.000000    0.000000    0.000000    0.000000
  127  2    6.666391    2.000000    0.000000    0.000000    0.000000
  129  2    6.710942    2.000000    0.000000    0.000000    0.000000
  131  2    6.903011    2.000000    0.000000    0.000000    0.000000
  133  2    7.022231    2.000000    0.000000    0.000000    0.000000
  135  2    7.156942    2.000000    0.000000    0.000000    0.000000
  137  2    7.254174    2.000000    0.000000    0.000000    0.000000
  139  2    7.453793    2.000000    0.000000    0.000000    0.000000
  141  2    7.681200    2.000000    0.000000    0.000000    0.000000
  143  2    8.359586    2.000000    0.000000    0.000000    0.000000
  145  2    9.024457    2.000000    0.000000    0.000000    0.000000
  147  2    9.119305    2.000000    0.000000    0.000000    0.000000
  149  2    9.132743    2.000000    0.000000    0.000000    0.000000
  151  2    9.412450    2.000000    0.000000    0.000000    0.000000
  153  2    9.449588    2.000000    0.000000    0.000000    0.000000
  155  2    9.457453    2.000000    0.000000    0.000000    0.000000
  157  2    9.515052    2.000000    0.000000    0.000000    0.000000
  159  2    9.721153    2.000000    0.000000    0.000000    0.000000
  161  1   10.406682    1.000000    0.000000   -0.799761    0.000000
  162  1   10.410229    1.000000    0.000000    0.800024    0.000000
  163  1   10.824060    1.000000    0.000000    0.032840    0.000000
  164  1   10.829704    1.000000    0.000000   -0.031471    0.000000
  165  1   11.189002    1.000000    0.000000    0.094623    0.000000
  166  1   11.190236    1.000000    0.000000   -0.094362    0.000000
  167  2   11.349405    2.000000    0.000000    0.000797    0.000000
  169  2   11.537415    2.000000    0.000000    0.000361    0.000000
  171  2   11.648141    2.000000    0.000000    0.000290    0.000000
  173  1   11.707419    1.000000    0.000000    0.414702    0.000000
  174  1   11.709530    1.000000    0.000000   -0.413487    0.000000
  175  2   12.003614    2.000000    0.000000    0.001160    0.000000
  177  1   12.283849    1.000000    0.000000   -0.600669    0.000000
  178  1   12.319300    1.000000    0.000000    0.583439    0.000000
  179  1   12.584712    1.000000    0.000000   -0.127802    0.000000
  180  1   12.603388    1.000000    0.000000    0.104592    0.000000
  181  1   12.751479    1.000000    0.000000   -0.428520    0.000000
  182  1   12.912541    1.000000    0.000000    0.215597    0.000000
  183  1   13.156939    1.000000    0.000000   -0.296494    0.000000
  184  1   13.227343    1.000000    0.000000    0.352411    0.000000
  2
    1    2
    1  1  -39.967940    1.000000    0.000000    1.000000    0.000000
    2  1  -39.963631    1.000000    0.000000    1.000000    0.000000
    3  1  -39.620472    1.000000    0.000000    1.000000    0.000000
    4  1  -39.614017    1.000000    0.000000    1.000000    0.000000
    5  1  -39.535087    1.000000    0.000000    1.000000    0.000000
    6  1  -39.525595    1.000000    0.000000   -1.000000    0.000000
    7  1  -39.229430    1.000000    0.000000   -1.000000    0.000000
    8  1  -39.212424    1.000000    0.000000    1.000000    0.000000
    9  1  -39.211007    1.000000    0.000000    1.000000    0.000000
   10  1  -39.206893    1.000000    0.000000    1.000000    0.000000
   11  1  -38.780367    1.000000    0.000000    1.000000    0.000000
   12  1  -38.772102    1.000000    0.000000   -1.000000    0.000000
   13  1  -36.850230    1.000000    0.000000    1.000000    0.000000
   14  1  -36.839301    1.000000    0.000000    1.000000    0.000000
   15  1  -36.512835    1.000000    0.000000    1.000000    0.000000
   16  1  -36.491011    1.000000    0.000000    1.000000    0.000000
   17  1  -36.445184    1.000000    0.000000   -1.000000    0.000000
   18  1  -36.428448    1.000000    0.000000    1.000000    0.000000
   19  1  -36.250490    1.000000    0.000000    1.000000    0.000000
   20  1  -36.238438    1.000000    0.000000    1.000000    0.000000
   21  1  -36.144200    1.000000    0.000000    1.000000    0.000000
   22  1  -36.113920    1.000000    0.000000   -1.000000    0.000000
   23  1  -35.841757    1.000000    0.000000   -1.000000    0.000000
   24  1  -35.827149    1.000000    0.000000    1.000000    0.000000
   25  1  -35.390638    1.000000    0.000000    1.000000    0.000000
   26  1  -35.387975    1.000000    0.000000    1.000000    0.000000
   27  1  -35.379967    1.000000    0.000000    1.000000    0.000000
   28  1  -35.377189    1.000000    0.000000    1.000000    0.000000
   29  1  -16.759952    1.000000    0.000000   -1.000000    0.000000
   30  1  -16.758548    1.000000    0.000000   -1.000000    0.000000
   31  1  -16.718241    1.000000    0.000000   -1.000000    0.000000
   32  1  -16.715601    1.000000    0.000000   -1.000000    0.000000
   33  1  -16.419999    1.000000    0.000000   -1.000000    0.000000
   34  1  -16.418505    1.000000    0.000000   -1.000000    0.000000
   35  1  -16.367520    1.000000    0.000000   -1.000000    0.000000
   36  1  -16.364300    1.000000    0.000000   -1.000000    0.000000
   37  1  -16.335337    1.000000    0.000000   -1.000000    0.000000
   38  1  -16.331609    1.000000    0.000000   -1.000000    0.000000
   39  1  -16.293893    1.000000    0.000000   -1.000000    0.000000
   40  1  -16.288595    1.000000    0.000000   -1.000000    0.000000
   41  1   -8.577298    1.000000    0.000000   -1.000000    0.000000
   42  1   -8.543816    1.000000    0.000000   -1.000000    0.000000
   43  1   -8.133544    1.000000    0.000000    1.000000    0.000000
   44  1   -8.130759    1.000000    0.000000    1.000000    0.000000
   45  1   -7.777477    1.000000    0.000000    1.000000    0.000000
   46  1   -7.741983    1.000000    0.000000    1.000000    0.000000
   47  1   -7.477636    1.000000    0.000000   -1.000000    0.000000
   48  1   -7.458629    1.000000    0.000000   -1.000000    0.000000
   49  1   -7.276176    1.000000    0.000000    1.000000    0.000000
   50  1   -7.247637    1.000000    0.000000    1.000000    0.000000
   51  1   -7.120040    1.000000    0.000000   -1.000000    0.000000
   52  1   -7.105125    1.000000    0.000000   -1.000000    0.000000
   53  1   -7.053701    1.000000    0.000000   -1.000000    0.000000
   54  1   -7.046100    1.000000    0.000000   -1.000000    0.000000
   55  1   -7.012170    1.000000    0.000000    1.000000    0.000000
   56  1   -6.982639    1.000000    0.000000    1.000000    0.000000
   57  1   -0.387875    1.000000    0.000000   -1.000000    0.000000
   58  1   -0.221236    1.000000    0.000000   -1.000000    0.000000
   59  1   -0.034698    1.000000    0.000000   -1.000000    0.000000
   60  1    0.097031    1.000000    0.000000   -1.000000    0.000000
   61  1    0.117445    1.000000    0.000000    1.000000    0.000000
   62  1    0.141105    1.000000    0.000000   -1.000000    0.000000
   63  1    0.270245    1.000000    0.000000    1.000000    0.000000
   64  1    0.294087    1.000000    0.000000    1.000000    0.000000
   65  1    0.414519    1.000000    0.000000    1.000000    0.000000
   66  1    0.465778    1.000000    0.000000    1.000000    0.000000
   67  1    0.479077    1.000000    0.000000   -1.000000    0.000000
   68  1    0.585140    1.000000    0.000000    1.000000    0.000000
   69  1    0.647268    1.000000    0.000000   -1.000000    0.000000
   70  1    0.792060    1.000000    0.000000   -1.000000    0.000000
   71  1    0.818084    1.000000    0.000000   -1.000000    0.000000
   72  1    0.906522    1.000000    0.000000    1.000000    0.000000
   73  1    1.087887    1.000000    0.000000   -1.000000    0.000000
   74  1    1.149472    1.000000    0.000000    1.000000    0.000000
   75  1    1.333187    1.000000    0.000000   -1.000000    0.000000
   76  1    1.402668    1.000000    0.000000   -1.000000    0.000000
   77  1    1.440995    1.000000    0.000000    1.000000    0.000000
   78  1    1.493667    1.000000    0.000000   -1.000000    0.000000
   79  1    1.544254    1.000000    0.000000   -1.000000    0.000000
   80  1    1.555041    1.000000    0.000000    1.000000    0.000000
   81  1    1.623905    1.000000    0.000000   -1.000000    0.000000
   82  1    1.708554    1.000000    0.000000    1.000000    0.000000
   83  1    1.827903    1.000000    0.000000    1.000000    0.000000
   84  1    1.975287    1.000000    0.000000    1.000000    0.000000
   85  1    2.087528    1.000000    0.000000    1.000000    0.000000
   86  1    2.132691    1.000000    0.000000   -1.000000    0.000000
   87  1    2.192675    1.000000    0.000000   -1.000000    0.000000
   88  1    2.213612    1.000000    0.000000    1.000000    0.000000
   89  1    2.222302    1.000000    0.000000   -1.000000    0.000000
   90  1    2.233121    1.000000    0.000000   -1.000000    0.000000
   91  1    2.296418    1.000000    0.000000    1.000000    0.000000
   92  1    2.322264    1.000000    0.000000    1.000000    0.000000
   93  1    2.531350    1.000000    0.000000    1.000000    0.000000
   94  1    2.585340    1.000000    0.000000    1.000000    0.000000
   95  1    2.661112    1.000000    0.000000    1.000000    0.000000
   96  1    2.708811    1.000000    0.000000   -1.000000    0.000000
   97  1    2.728543    1.000000    0.000000   -1.000000    0.000000
   98  1    2.819970    1.000000    0.000000   -1.000000    0.000000
   99  1    3.341651    1.000000    0.000000    1.000000    0.000000
  100  1    3.357743    1.000000    0.000000   -1.000000    0.000000
  101  1    3.440324    1.000000    0.000000   -1.000000    0.000000
  102  1    3.489469    1.000000    0.000000    1.000000    0.000000
  103  1    3.505161    1.000000    0.000000   -1.000000    0.000000
  104  1    3.606313    1.000000    0.000000   -1.000000    0.000000
  105  1    3.617740    1.000000    0.000000   -1.000000    0.000000
  106  1    3.869820    1.000000    0.000000    1.000000    0.000000
  107  1    3.914607    1.000000    0.000000   -1.000000    0.000000
  108  1    3.981110    1.000000    0.000000    1.000000    0.000000
  109  1    3.988418    1.000000    0.000000   -1.000000    0.000000
  110  1    4.070115    1.000000    0.000000   -1.000000    0.000000
  111  1    4.222130    1.000000    0.000000    1.000000    0.000000
  112  1    4.251351    1.000000    0.000000   -1.000000    0.000000
  113  1    4.273354    1.000000    0.000000    1.000000    0.000000
  114  1    4.495184    1.000000    0.000000   -1.000000    0.000000
  115  1    4.517280    1.000000    0.000000    1.000000    0.000000
  116  1    4.707814    1.000000    0.000000   -1.000000    0.000000
  117  1    5.837611    1.000000    0.000000   -1.000000    0.000000
  118  1    5.986846    1.000000    0.000000   -1.000000    0.000000
  119  1    6.032084    1.000000    0.000000   -1.000000    0.000000
  120  1    6.311342    1.000000    0.000000   -1.000000    0.000000
  121  1    6.332011    1.000000    0.000000   -1.000000    0.000000
  122  1    6.396669    1.000000    0.000000   -1.000000    0.000000
  123  1    6.401095    1.000000    0.000000   -1.000000    0.000000
  124  1    6.426920    1.000000    0.000000    1.000000    0.000000
  125  1    6.453475    1.000000    0.000000    1.000000    0.000000
  126  1    6.454526    1.000000    0.000000   -1.000000    0.000000
  127  1    6.560441    1.000000    0.000000    1.000000    0.000000
  128  1    6.693558    1.000000    0.000000   -1.000000    0.000000
  129  1    6.698849    1.000000    0.000000   -1.000000    0.000000
  130  1    6.753577    1.000000    0.000000    1.000000    0.000000
  131  1    6.778157    1.000000    0.000000   -1.000000    0.000000
  132  1    6.827099    1.000000    0.000000   -1.000000    0.000000
  133  1    6.840079    1.000000    0.000000   -1.000000    0.000000
  134  1    6.905987    1.000000    0.000000   -1.000000    0.000000
  135  1    6.987690    1.000000    0.000000    1.000000    0.000000
  136  1    7.218610    1.000000    0.000000   -1.000000    0.000000
  137  1    7.774970    1.000000    0.000000    1.000000    0.000000
  138  1    7.783825    1.000000    0.000000   -1.000000    0.000000
  139  1    7.814529    1.000000    0.000000   -1.000000    0.000000
  140  1    7.843936    1.000000    0.000000    1.000000    0.000000
  141  1    7.927184    1.000000    0.000000    1.000000    0.000000
  142  1    7.955484    1.000000    0.000000    1.000000    0.000000
  143  1    7.967674    1.000000    0.000000   -1.000000    0.000000
  144  1    8.057935    1.000000    0.000000   -1.000000    0.000000
  145  1    8.254433    1.000000    0.000000   -1.000000    0.000000
  146  1    8.262166    1.000000    0.000000   -1.000000    0.000000
  147  1    8.658929    1.000000    0.000000    1.000000    0.000000
  148  1    8.854261    1.000000    0.000000    1.000000    0.000000
  149  1    8.890817    1.000000    0.000000    1.000000    0.000000
  150  1    9.035583    1.000000    0.000000    1.000000    0.000000
  151  1    9.143484    1.000000    0.000000    1.000000    0.000000
  152  1    9.356856    1.000000    0.000000    1.000000    0.000000
  153  1    9.501275    1.000000    0.000000    1.000000    0.000000
  154  1    9.632527    1.000000    0.000000    1.000000    0.000000
  155  1    9.958969    1.000000    0.000000    1.000000    0.000000
  156  1   10.037358    1.000000    0.000000    1.000000    0.000000
  157  1   10.364366    1.000000    0.000000    0.999846    0.000000
  158  1   10.379833    1.000000    0.000000   -0.999387    0.000000
  159  1   10.398196    1.000000    0.000000   -0.999607    0.000000
  160  1   10.448337    1.000000    0.000000    0.999998    0.000000
  161  2   10.495829    2.000000    0.000000   -0.117203    0.000000
  163  1   10.535724    1.000000    0.000000    0.999989    0.000000
  164  1   10.541103    1.000000    0.000000    0.999984    0.000000
  165  1   10.646820    1.000000    0.000000    0.999989    0.000000
  166  1   10.698161    1.000000    0.000000    0.999993    0.000000
  167  1   10.744558    1.000000    0.000000    0.999969    0.000000
  168  1   10.788306    1.000000    0.000000   -0.999928    0.000000
  169  1   10.821622    1.000000    0.000000   -0.701452    0.000000
  170  1   10.841384    1.000000    0.000000    0.426838    0.000000
  171  1   10.859822    1.000000    0.000000   -0.566348    0.000000
  172  1   10.954579    1.000000    0.000000    0.998784    0.000000
  173  1   11.005550    1.000000    0.000000   -0.999643    0.000000
  174  1   11.163114    1.000000    0.000000    0.999992    0.000000
  175  1   11.346942    1.000000    0.000000   -0.998582    0.000000
  176  1   11.518397    1.000000    0.000000   -0.999868    0.000000
  177  1   11.576581    1.000000    0.000000    0.996673    0.000000
  178  1   11.754084    1.000000    0.000000   -0.821738    0.000000
  179  1   11.776867    1.000000    0.000000    0.892784    0.000000
  180  1   11.908511    1.000000    0.000000    0.973354    0.000000
  181  1   12.106370    1.000000    0.000000    0.850515    0.000000
  182  1   12.219790    1.000000    0.000000   -0.705088    0.000000
  183  1   12.579778    1.000000    0.000000   -0.943301    0.000000
  184  1   12.722716    1.000000    0.000000   -0.616968    0.000000
  2
    1    2
    1  1  -39.967419    1.000000    0.000000   -1.000000    0.000000
    2  1  -39.964155    1.000000    0.000000    1.000000    0.000000
    3  1  -39.620330    1.000000    0.000000    1.000000    0.000000
    4  1  -39.614080    1.000000    0.000000   -1.000000    0.000000
    5  1  -39.535363    1.000000    0.000000    1.000000    0.000000
    6  1  -39.525379    1.000000    0.000000    1.000000    0.000000
    7  1  -39.229506    1.000000    0.000000    1.000000    0.000000
    8  2  -39.211656    2.000000    0.000000    0.000000    0.000000
   10  1  -39.207244    1.000000    0.000000    1.000000    0.000000
   11  1  -38.780877    1.000000    0.000000    1.000000    0.000000
   12  1  -38.771526    1.000000    0.000000    1.000000    0.000000
   13  1  -36.849847    1.000000    0.000000    1.000000    0.000000
   14  1  -36.839685    1.000000    0.000000   -1.000000    0.000000
   15  1  -36.512614    1.000000    0.000000   -1.000000    0.000000
   16  1  -36.491071    1.000000    0.000000    1.000000    0.000000
   17  1  -36.445564    1.000000    0.000000    1.000000    0.000000
   18  1  -36.428205    1.000000    0.000000    1.000000    0.000000
   19  1  -36.250299    1.000000    0.000000    1.000000    0.000000
   20  1  -36.238591    1.000000    0.000000   -1.000000    0.000000
   21  1  -36.144423    1.000000    0.000000    1.000000    0.000000
   22  1  -36.113903    1.000000    0.000000    1.000000    0.000000
   23  1  -35.842047    1.000000    0.000000    1.000000    0.000000
   24  1  -35.826699    1.000000    0.000000    1.000000    0.000000
   25  2  -35.385416    2.000000    0.000000    0.000000    0.000000
   27  2  -35.382610    2.000000    0.000000    0.000000    0.000000
   29  1  -16.733754    1.000000    0.000000    1.000000    0.000000
   30  1  -16.732599    1.000000    0.000000   -1.000000    0.000000
   31  1  -16.730613    1.000000    0.000000   -1.000000    0.000000
   32  1  -16.728342    1.000000    0.000000    1.000000    0.000000
   33  2  -16.387528    2.000000    0.000000    0.000000    0.000000
   35  1  -16.384746    1.000000    0.000000   -1.000000    0.000000
   36  1  -16.383331    1.000000    0.000000    1.000000    0.000000
   37  2  -16.329075    2.000000    0.000000    0.000000    0.000000
   39  2  -16.323997    2.000000    0.000000    0.000000    0.000000
   41  1   -8.594206    1.000000    0.000000   -1.000000    0.000000
   42  1   -8.563846    1.000000    0.000000   -1.000000    0.000000
   43  2   -8.225859    2.000000    0.000000    2.000000    0.000000
   45  1   -7.599622    1.000000    0.000000   -1.000000    0.000000
   46  1   -7.581279    1.000000    0.000000   -1.000000    0.000000
   47  1   -7.494342    1.000000    0.000000    1.000000    0.000000
   48  1   -7.459061    1.000000    0.000000    1.000000    0.000000
   49  1   -7.296792    1.000000    0.000000   -1.000000    0.000000
   50  1   -7.284500    1.000000    0.000000   -1.000000    0.000000
   51  1   -7.192427    1.000000    0.000000    1.000000    0.000000
   52  1   -7.160620    1.000000    0.000000    1.000000    0.000000
   53  1   -7.041797    1.000000    0.000000    1.000000    0.000000
   54  1   -7.016813    1.000000    0.000000    1.000000    0.000000
   55  1   -6.957904    1.000000    0.000000   -1.000000    0.000000
   56  1   -6.944156    1.000000    0.000000   -1.000000    0.000000
   57  1   -0.424488    1.000000    0.000000   -1.000000    0.000000
   58  1   -0.221812    1.000000    0.000000   -1.000000    0.000000
   59  1   -0.115922    1.000000    0.000000   -1.000000    0.000000
   60  1   -0.057607    1.000000    0.000000   -1.000000    0.000000
   61  1    0.073103    1.000000    0.000000    1.000000    0.000000
   62  1    0.097857    1.000000    0.000000   -1.000000    0.000000
   63  1    0.292974    1.000000    0.000000    1.000000    0.000000
   64  1    0.300804    1.000000    0.000000   -1.000000    0.000000
   65  1    0.351464    1.000000    0.000000    1.000000    0.000000
   66  1    0.393367    1.000000    0.000000    1.000000    0.000000
   67  1    0.570639    1.000000    0.000000    1.000000    0.000000
   68  1    0.611057    1.000000    0.000000   -1.000000    0.000000
   69  1    0.656637    1.000000    0.000000    1.000000    0.000000
   70  1    0.673115    1.000000    0.000000   -1.000000    0.000000
   71  1    0.720033    1.000000    0.000000    1.000000    0.000000
   72  1    0.970728    1.000000    0.000000    1.000000    0.000000
   73  1    0.976329    1.000000    0.000000   -1.000000    0.000000
   74  1    1.022706    1.000000    0.000000   -1.000000    0.000000
   75  1    1.134152    1.000000    0.000000   -1.000000    0.000000
   76  1    1.364767    1.000000    0.000000    1.000000    0.000000
   77  1    1.456486    1.000000    0.000000    1.000000    0.000000
   78  1    1.488338    1.000000    0.000000   -1.000000    0.000000
   79  1    1.558206    1.000000    0.000000   -1.000000    0.000000
   80  1    1.587880    1.000000    0.000000   -1.000000    0.000000
   81  1    1.765459    1.000000    0.000000    1.000000    0.000000
   82  1    1.860930    1.000000    0.000000   -1.000000    0.000000
   83  1    1.926860    1.000000    0.000000    1.000000    0.000000
   84  1    2.121376    1.000000    0.000000    1.000000    0.000000
   85  1    2.170612    1.000000    0.000000    1.000000    0.000000
   86  1    2.191518    1.000000    0.000000   -1.000000    0.000000
   87  1    2.222400    1.000000    0.000000   -1.000000    0.000000
   88  1    2.232167    1.000000    0.000000   -1.000000    0.000000
   89  1    2.235958    1.000000    0.000000   -1.000000    0.000000
   90  1    2.379013    1.000000    0.000000   -1.000000    0.000000
   91  1    2.406724    1.000000    0.000000    1.000000    0.000000
   92  1    2.436281    1.000000    0.000000    1.000000    0.000000
   93  1    2.553928    1.000000    0.000000   -1.000000    0.000000
   94  1    2.693624    1.000000    0.000000   -1.000000    0.000000
   95  1    2.708510    1.000000    0.000000    1.000000    0.000000
   96  1    2.750662    1.000000    0.000000   -1.000000    0.000000
   97  1    2.863891    1.000000    0.000000    1.000000    0.000000
   98  1    2.908328    1.000000    0.000000    1.000000    0.000000
   99  1    2.953165    1.000000    0.000000   -1.000000    0.000000
  100  1    2.965656    1.000000    0.000000    1.000000    0.000000
  101  1    3.500503    1.000000    0.000000   -1.000000    0.000000
  102  1    3.568964    1.000000    0.000000   -1.000000    0.000000
  103  1    3.646875    1.000000    0.000000    1.000000    0.000000
  104  1    3.787066    1.000000    0.000000    1.000000    0.000000
  105  1    3.877982    1.000000    0.000000   -1.000000    0.000000
  106  1    3.921439    1.000000    0.000000    1.000000    0.000000
  107  1    3.932886    1.000000    0.000000   -1.000000    0.000000
  108  1    4.070931    1.000000    0.000000    1.000000    0.000000
  109  1    4.073629    1.000000    0.000000   -1.000000    0.000000
  110  1    4.154574    1.000000    0.000000   -1.000000    0.000000
  111  1    4.180304    1.000000    0.000000    1.000000    0.000000
  112  1    4.224935    1.000000    0.000000    1.000000    0.000000
  113  1    4.231273    1.000000    0.000000   -1.000000    0.000000
  114  1    4.279908    1.000000    0.000000   -1.000000    0.000000
  115  1    4.331013    1.000000    0.000000    1.000000    0.000000
  116  1    4.494375    1.000000    0.000000   -1.000000    0.000000
  117  1    5.952421    1.000000    0.000000   -1.000000    0.000000
  118  1    5.961159    1.000000    0.000000    1.000000    0.000000
  119  1    5.972926    1.000000    0.000000   -1.000000    0.000000
  120  1    6.106431    1.000000    0.000000   -1.000000    0.000000
  121  1    6.157837    1.000000    0.000000    1.000000    0.000000
  122  1    6.224010    1.000000    0.000000    1.000000    0.000000
  123  1    6.343053    1.000000    0.000000   -1.000000    0.000000
  124  1    6.414145    1.000000    0.000000   -1.000000    0.000000
  125  1    6.590863    1.000000    0.000000   -1.000000    0.000000
  126  1    6.604709    1.000000    0.000000    1.000000    0.000000
  127  1    6.613194    1.000000    0.000000   -1.000000    0.000000
  128  1    6.618873    1.000000    0.000000   -1.000000    0.000000
  129  1    6.648003    1.000000    0.000000   -1.000000    0.000000
  130  1    6.678049    1.000000    0.000000    1.000000    0.000000
  131  1    6.830325    1.000000    0.000000   -1.000000    0.000000
  132  1    6.847220    1.000000    0.000000   -1.000000    0.000000
  133  1    6.871838    1.000000    0.000000   -1.000000    0.000000
  134  1    7.037496    1.000000    0.000000   -1.000000    0.000000
  135  1    7.047749    1.000000    0.000000   -1.000000    0.000000
  136  1    7.120612    1.000000    0.000000   -1.000000    0.000000
  137  1    7.461408    1.000000    0.000000    1.000000    0.000000
  138  1    7.624566    1.000000    0.000000    1.000000    0.000000
  139  1    7.783851    1.000000    0.000000   -1.000000    0.000000
  140  1    8.039431    1.000000    0.000000   -1.000000    0.000000
  141  1    8.147809    1.000000    0.000000   -1.000000    0.000000
  142  1    8.161860    1.000000    0.000000   -1.000000    0.000000
  143  1    8.340060    1.000000    0.000000   -1.000000    0.000000
  144  1    8.370517    1.000000    0.000000   -1.000000    0.000000
  145  1    8.605163    1.000000    0.000000    1.000000    0.000000
  146  1    8.780746    1.000000    0.000000   -1.000000    0.000000
  147  1    8.804264    1.000000    0.000000    1.000000    0.000000
  148  1    8.905711    1.000000    0.000000    1.000000    0.000000
  149  1    9.054702    1.000000    0.000000    1.000000    0.000000
  150  1    9.110488    1.000000    0.000000    1.000000    0.000000
  151  1    9.122976    1.000000    0.000000   -1.000000    0.000000
  152  1    9.144213    1.000000    0.000000   -1.000000    0.000000
  153  1    9.155928    1.000000    0.000000    1.000000    0.000000
  154  1    9.175497    1.000000    0.000000   -1.000000    0.000000
  155  1    9.486554    1.000000    0.000000   -1.000000    0.000000
  156  1    9.522108    1.000000    0.000000   -1.000000    0.000000
  157  1   10.054820    1.000000    0.000000    0.999998    0.000000
  158  1   10.184727    1.000000    0.000000    0.999997    0.000000
  159  1   10.390633    1.000000    0.000000   -0.928661    0.000000
  160  1   10.408977    1.000000    0.000000    0.927204    0.000000
  161  1   10.412021    1.000000    0.000000   -0.982472    0.000000
  162  1   10.443166    1.000000    0.000000    0.999998    0.000000
  163  1   10.504542    1.000000    0.000000   -0.999527    0.000000
  164  1   10.534846    1.000000    0.000000    0.999994    0.000000
  165  1   10.551286    1.000000    0.000000   -0.999998    0.000000
  166  1   10.569980    1.000000    0.000000    0.999479    0.000000
  167  1   10.676768    1.000000    0.000000   -0.999997    0.000000
  168  1   10.840195    1.000000    0.000000   -0.995029    0.000000
  169  1   10.859132    1.000000    0.000000   -0.986672    0.000000
  170  1   10.902084    1.000000    0.000000    0.988067    0.000000
  171  1   10.945337    1.000000    0.000000   -0.969069    0.000000
  172  1   11.074892    1.000000    0.000000   -0.997563    0.000000
  173  1   11.095804    1.000000    0.000000   -0.999705    0.000000
  174  1   11.388204    1.000000    0.000000    0.999411    0.000000
  175  1   11.574999    1.000000    0.000000    0.951230    0.000000
  176  1   11.589654    1.000000    0.000000    0.950532    0.000000
  177  1   11.625693    1.000000    0.000000   -0.829767    0.000000
  178  1   11.775372    1.000000    0.000000   -0.950055    0.000000
  179  1   11.803293    1.000000    0.000000    0.200222    0.000000
  180  1   11.820439    1.000000    0.000000    0.369938    0.000000
  181  1   12.120071    1.000000    0.000000    0.396275    0.000000
  182  1   12.211134    1.000000    0.000000   -0.661441    0.000000
  183  1   12.351034    1.000000    0.000000   -0.740956    0.000000
  184  1   12.398949    1.000000    0.000000    0.908538    0.000000
  2
    1    2
    1  1  -39.967433    1.000000    0.000000   -1.000000    0.000000
    2  1  -39.964118    1.000000    0.000000    1.000000    0.000000
    3  1  -39.620292    1.000000    0.000000    1.000000    0.000000
    4  1  -39.614208    1.000000    0.000000   -1.000000    0.000000
    5  1  -39.535375    1.000000    0.000000   -1.000000    0.000000
    6  1  -39.525340    1.000000    0.000000   -1.000000    0.000000
    7  1  -39.229687    1.000000    0.000000   -1.000000    0.000000
    8  1  -39.211663    1.000000    0.000000   -1.000000    0.000000
    9  1  -39.209884    1.000000    0.000000   -1.000000    0.000000
   10  1  -39.208540    1.000000    0.000000    1.000000    0.000000
   11  1  -38.780888    1.000000    0.000000   -1.000000    0.000000
   12  1  -38.771544    1.000000    0.000000   -1.000000    0.000000
   13  1  -36.849777    1.000000    0.000000    1.000000    0.000000
   14  1  -36.839708    1.000000    0.000000   -1.000000    0.000000
   15  1  -36.512867    1.000000    0.000000   -1.000000    0.000000
   16  1  -36.490992    1.000000    0.000000    1.000000    0.000000
   17  1  -36.445454    1.000000    0.000000   -1.000000    0.000000
   18  1  -36.428220    1.000000    0.000000   -1.000000    0.000000
   19  1  -36.250369    1.000000    0.000000    1.000000    0.000000
   20  1  -36.238592    1.000000    0.000000   -1.000000    0.000000
   21  1  -36.144337    1.000000    0.000000   -1.000000    0.000000
   22  1  -36.113811    1.000000    0.000000   -1.000000    0.000000
   23  1  -35.842081    1.000000    0.000000   -1.000000    0.000000
   24  1  -35.826748    1.000000    0.000000   -1.000000    0.000000
   25  2  -35.385459    2.000000    0.000000    0.000000    0.000000
   27  2  -35.382642    2.000000    0.000000    0.000000    0.000000
   29  1  -16.734242    1.000000    0.000000    1.000000    0.000000
   30  1  -16.732105    1.000000    0.000000   -1.000000    0.000000
   31  1  -16.730113    1.000000    0.000000   -1.000000    0.000000
   32  1  -16.728848    1.000000    0.000000    1.000000    0.000000
   33  1  -16.388233    1.000000    0.000000    1.000000    0.000000
   34  1  -16.386801    1.000000    0.000000   -1.000000    0.000000
   35  2  -16.384039    2.000000    0.000000    0.000000    0.000000
   37  2  -16.329090    2.000000    0.000000    0.000000    0.000000
   39  2  -16.323830    2.000000    0.000000    0.000000    0.000000
   41  1   -8.594209    1.000000    0.000000    1.000000    0.000000
   42  1   -8.563847    1.000000    0.000000    1.000000    0.000000
   43  2   -8.225864    2.000000    0.000000   -2.000000    0.000000
   45  1   -7.599621    1.000000    0.000000    1.000000    0.000000
   46  1   -7.581279    1.000000    0.000000    1.000000    0.000000
   47  1   -7.494343    1.000000    0.000000   -1.000000    0.000000
   48  1   -7.459062    1.000000    0.000000   -1.000000    0.000000
   49  1   -7.296788    1.000000    0.000000    1.000000    0.000000
   50  1   -7.284493    1.000000    0.000000    1.000000    0.000000
   51  1   -7.192439    1.000000    0.000000   -1.000000    0.000000
   52  1   -7.160629    1.000000    0.000000   -1.000000    0.000000
   53  1   -7.041786    1.000000    0.000000   -1.000000    0.000000
   54  1   -7.016803    1.000000    0.000000   -1.000000    0.000000
   55  1   -6.957908    1.000000    0.000000    1.000000    0.000000
   56  1   -6.944160    1.000000    0.000000    1.000000    0.000000
   57  1   -0.424490    1.000000    0.000000    1.000000    0.000000
   58  1   -0.221813    1.000000    0.000000    1.000000    0.000000
   59  1   -0.115949    1.000000    0.000000    1.000000    0.000000
   60  1   -0.057619    1.000000    0.000000    1.000000    0.000000
   61  1    0.073114    1.000000    0.000000   -1.000000    0.000000
   62  1    0.097843    1.000000    0.000000    1.000000    0.000000
   63  1    0.292824    1.000000    0.000000   -1.000000    0.000000
   64  1    0.300828    1.000000    0.000000    1.000000    0.000000
   65  1    0.351449    1.000000    0.000000   -1.000000    0.000000
   66  1    0.393483    1.000000    0.000000   -1.000000    0.000000
   67  1    0.570637    1.000000    0.000000   -1.000000    0.000000
   68  1    0.610916    1.000000    0.000000    1.000000    0.000000
   69  1    0.656746    1.000000    0.000000   -1.000000    0.000000
   70  1    0.673314    1.000000    0.000000    1.000000    0.000000
   71  1    0.719882    1.000000    0.000000   -1.000000    0.000000
   72  1    0.970801    1.000000    0.000000   -1.000000    0.000000
   73  1    0.976289    1.000000    0.000000    1.000000    0.000000
   74  1    1.022605    1.000000    0.000000    1.000000    0.000000
   75  1    1.134274    1.000000    0.000000    1.000000    0.000000
   76  1    1.364907    1.000000    0.000000   -1.000000    0.000000
   77  1    1.456431    1.000000    0.000000   -1.000000    0.000000
   78  1    1.488629    1.000000    0.000000    1.000000    0.000000
   79  1    1.557846    1.000000    0.000000    1.000000    0.000000
   80  1    1.588043    1.000000    0.000000    1.000000    0.000000
   81  1    1.765410    1.000000    0.000000   -1.000000    0.000000
   82  1    1.860734    1.000000    0.000000    1.000000    0.000000
   83  1    1.926738    1.000000    0.000000   -1.000000    0.000000
   84  1    2.121601    1.000000    0.000000   -1.000000    0.000000
   85  1    2.170516    1.000000    0.000000   -1.000000    0.000000
   86  1    2.190597    1.000000    0.000000    1.000000    0.000000
   87  1    2.220153    1.000000    0.000000    1.000000    0.000000
   88  1    2.231624    1.000000    0.000000    1.000000    0.000000
   89  1    2.239850    1.000000    0.000000    1.000000    0.000000
   90  1    2.379047    1.000000    0.000000    1.000000    0.000000
   91  1    2.406743    1.000000    0.000000   -1.000000    0.000000
   92  1    2.436244    1.000000    0.000000   -1.000000    0.000000
   93  1    2.554077    1.000000    0.000000    1.000000    0.000000
   94  1    2.693292    1.000000    0.000000    1.000000    0.000000
   95  1    2.708526    1.000000    0.000000   -1.000000    0.000000
   96  1    2.750989    1.000000    0.000000    1.000000    0.000000
   97  1    2.864445    1.000000    0.000000   -1.000000    0.000000
   98  1    2.907340    1.000000    0.000000   -1.000000    0.000000
   99  1    2.952925    1.000000    0.000000    1.000000    0.000000
  100  1    2.966066    1.000000    0.000000   -1.000000    0.000000
  101  1    3.499498    1.000000    0.000000    1.000000    0.000000
  102  1    3.569446    1.000000    0.000000    1.000000    0.000000
  103  1    3.647428    1.000000    0.000000   -1.000000    0.000000
  104  1    3.786902    1.000000    0.000000   -1.000000    0.000000
  105  1    3.880720    1.000000    0.000000    1.000000    0.000000
  106  1    3.921034    1.000000    0.000000   -1.000000    0.000000
  107  1    3.930848    1.000000    0.000000    1.000000    0.000000
  108  1    4.072007    1.000000    0.000000   -1.000000    0.000000
  109  1    4.074526    1.000000    0.000000    1.000000    0.000000
  110  1    4.152693    1.000000    0.000000    1.000000    0.000000
  111  1    4.175913    1.000000    0.000000   -1.000000    0.000000
  112  2    4.228109    2.000000    0.000000    0.000000    0.000000
  114  1    4.283273    1.000000    0.000000    1.000000    0.000000
  115  1    4.331242    1.000000    0.000000   -1.000000    0.000000
  116  1    4.494623    1.000000    0.000000    1.000000    0.000000
  117  1    5.951160    1.000000    0.000000    1.000000    0.000000
  118  1    5.961365    1.000000    0.000000   -1.000000    0.000000
  119  1    5.974104    1.000000    0.000000    1.000000    0.000000
  120  1    6.105650    1.000000    0.000000    1.000000    0.000000
  121  1    6.157592    1.000000    0.000000   -1.000000    0.000000
  122  1    6.223507    1.000000    0.000000   -1.000000    0.000000
  123  1    6.343928    1.000000    0.000000    1.000000    0.000000
  124  1    6.413959    1.000000    0.000000    1.000000    0.000000
  125  1    6.589977    1.000000    0.000000    1.000000    0.000000
  126  1    6.605815    1.000000    0.000000   -1.000000    0.000000
  127  1    6.613262    1.000000    0.000000    1.000000    0.000000
  128  1    6.617101    1.000000    0.000000    1.000000    0.000000
  129  1    6.650375    1.000000    0.000000    1.000000    0.000000
  130  1    6.677551    1.000000    0.000000   -1.000000    0.000000
  131  1    6.829244    1.000000    0.000000    1.000000    0.000000
  132  1    6.848467    1.000000    0.000000    1.000000    0.000000
  133  1    6.871913    1.000000    0.000000    1.000000    0.000000
  134  1    7.036868    1.000000    0.000000    1.000000    0.000000
  135  1    7.048397    1.000000    0.000000    1.000000    0.000000
  136  1    7.120655    1.000000    0.000000    1.000000    0.000000
  137  1    7.461271    1.000000    0.000000   -1.000000    0.000000
  138  1    7.624574    1.000000    0.000000   -1.000000    0.000000
  139  1    7.783887    1.000000    0.000000    1.000000    0.000000
  140  1    8.039389    1.000000    0.000000    1.000000    0.000000
  141  1    8.148053    1.000000    0.000000    1.000000    0.000000
  142  1    8.161572    1.000000    0.000000    1.000000    0.000000
  143  1    8.340061    1.000000    0.000000    1.000000    0.000000
  144  1    8.370510    1.000000    0.000000    1.000000    0.000000
  145  1    8.605161    1.000000    0.000000   -1.000000    0.000000
  146  1    8.780704    1.000000    0.000000    1.000000    0.000000
  147  1    8.804296    1.000000    0.000000   -1.000000    0.000000
  148  1    8.905729    1.000000    0.000000   -1.000000    0.000000
  149  1    9.054657    1.000000    0.000000   -1.000000    0.000000
  150  1    9.110608    1.000000    0.000000   -1.000000    0.000000
  151  1    9.123021    1.000000    0.000000    1.000000    0.000000
  152  1    9.144099    1.000000    0.000000    1.000000    0.000000
  153  1    9.155893    1.000000    0.000000   -1.000000    0.000000
  154  1    9.175508    1.000000    0.000000    1.000000    0.000000
  155  1    9.486528    1.000000    0.000000    1.000000    0.000000
  156  1    9.522087    1.000000    0.000000    1.000000    0.000000
  157  1   10.054854    1.000000    0.000000   -0.999999    0.000000
  158  1   10.184744    1.000000    0.000000   -0.999994    0.000000
  159  1   10.396382    1.000000    0.000000    0.147658    0.000000
  160  1   10.408445    1.000000    0.000000   -0.206823    0.000000
  161  1   10.412094    1.000000    0.000000    0.963408    0.000000
  162  1   10.443160    1.000000    0.000000   -0.999980    0.000000
  163  1   10.506077    1.000000    0.000000    0.997754    0.000000
  164  1   10.535029    1.000000    0.000000   -0.999883    0.000000
  165  1   10.551593    1.000000    0.000000    0.999988    0.000000
  166  1   10.569717    1.000000    0.000000   -0.999690    0.000000
  167  1   10.676733    1.000000    0.000000    0.999986    0.000000
  168  1   10.818658    1.000000    0.000000    0.997311    0.000000
  169  1   10.896245    1.000000    0.000000    0.981739    0.000000
  170  1   10.902137    1.000000    0.000000   -0.978209    0.000000
  171  1   10.948452    1.000000    0.000000    0.969043    0.000000
  172  1   11.082228    1.000000    0.000000    0.993584    0.000000
  173  1   11.095867    1.000000    0.000000    0.999594    0.000000
  174  1   11.387953    1.000000    0.000000   -0.999939    0.000000
  175  1   11.572890    1.000000    0.000000   -0.970184    0.000000
  176  1   11.589262    1.000000    0.000000   -0.920096    0.000000
  177  1   11.635174    1.000000    0.000000    0.864737    0.000000
  178  1   11.772809    1.000000    0.000000    0.937271    0.000000
  179  1   11.801980    1.000000    0.000000   -0.678811    0.000000
  180  1   11.885084    1.000000    0.000000   -0.158048    0.000000
  181  1   11.958765    1.000000    0.000000   -0.510551    0.000000
  182  1   12.206563    1.000000    0.000000    0.902044    0.000000
  183  1   12.347277    1.000000    0.000000    0.633200    0.000000
  184  1   12.407019    1.000000    0.000000   -0.758204    0.000000
